# obs_wvl flux error
5.292000000000000000e+03 2.061333451207434525e-14 4.969984346860328427e-16
5.296879616879774403e+03 2.017323731890738199e-14 4.166051286697895290e-16
5.301759233759548806e+03 2.054637777559444574e-14 4.013251101913892896e-16
5.306638850639323209e+03 2.040181144555996328e-14 3.909227593249797066e-16
5.311518467519097612e+03 2.042670703914268559e-14 3.805689750024713301e-16
5.316398084398872015e+03 2.120455713424971882e-14 3.864391656915371400e-16
5.321277701278646418e+03 2.100841124573524824e-14 3.844490093957898830e-16
5.326157318158420821e+03 2.089058663604915575e-14 3.179499455637595736e-16
5.331036935038195224e+03 2.076374723471597489e-14 4.609464889894032778e-16
5.335916551917969628e+03 2.179401360055646352e-14 4.016626669469841157e-16
5.340796168797744031e+03 2.093383913417834411e-14 4.013271660859454518e-16
5.345675785677518434e+03 2.173423119129041506e-14 4.164406122082223472e-16
5.350555402557292837e+03 2.226797338313258067e-14 4.258971845922760009e-16
5.355435019437067240e+03 2.216946348288611753e-14 4.308045943476250773e-16
5.360314636316841643e+03 2.300485082362166094e-14 4.420149583949851821e-16
5.365194253196616046e+03 2.401402687998490516e-14 4.477834099555966252e-16
5.370073870076390449e+03 2.238355322739331094e-14 4.848734977790886241e-16
5.374953486956164852e+03 2.322753274478591664e-14 4.466381900366371918e-16
5.379833103835939255e+03 2.305220348999118006e-14 4.451746793263466482e-16
5.384712720715713658e+03 2.398884424291000409e-14 4.530423510522657350e-16
5.389592337595488061e+03 2.359566015112388272e-14 4.445863089871520652e-16
5.394471954475262464e+03 2.312623084237399973e-14 4.388485739100200719e-16
5.399351571355036867e+03 2.371587856223796623e-14 4.408404739959542026e-16
5.404231188234811270e+03 2.314603717197110449e-14 4.335217506328231555e-16
5.409110805114585673e+03 2.294301155889704797e-14 4.910394554501272740e-16
5.413990421994360076e+03 2.337535202209822596e-14 4.680309511720261886e-16
5.418870038874134480e+03 2.354292502042039685e-14 4.203737029656672441e-16
5.423749655753908883e+03 2.297459300994073161e-14 4.086043613741426235e-16
5.428629272633683286e+03 2.263856409159650937e-14 4.001619402561431595e-16
5.433508889513457689e+03 2.210771403119895787e-14 3.929502250390820076e-16
5.438388506393232092e+03 2.155275343806448558e-14 3.837392632203293381e-16
5.443268123273006495e+03 2.131306058109753976e-14 3.782597963044491464e-16
5.448147740152780898e+03 2.074386543995801683e-14 3.708141345005793588e-16
5.453027357032555301e+03 2.088730200771179343e-14 3.935655223071659307e-16
5.457906973912329704e+03 1.945056952116926238e-14 3.552888440428549592e-16
5.462786590792104107e+03 1.971221557606651931e-14 3.493829963040734788e-16
5.467666207671878510e+03 2.007758632669501556e-14 3.504817942728551837e-16
5.472545824551652913e+03 2.072288313017385767e-14 3.582273579418786490e-16
5.477425441431427316e+03 2.004996471034545998e-14 3.408891317949610504e-16
5.482305058311201719e+03 2.015502826549901208e-14 3.431889284422016672e-16
5.487184675190976122e+03 2.101239852968139396e-14 3.450792670894610691e-16
5.492064292070750525e+03 2.139124216479172858e-14 3.444239865719020937e-16
5.496943908950524929e+03 2.108218297476323996e-14 3.396603008668862266e-16
5.501823525830299332e+03 2.125073132633479155e-14 3.400937635525475564e-16
5.506703142710073735e+03 2.197248742008481229e-14 3.465398954932968375e-16
5.511582759589848138e+03 2.230981257234071978e-14 3.481096850292928784e-16
5.516462376469622541e+03 2.301440718254526572e-14 3.513507064806381297e-16
5.521341993349396944e+03 2.301706790076646070e-14 3.526105648961972659e-16
5.526221610229171347e+03 2.295016133121680250e-14 3.809890002619344960e-16
5.531101227108945750e+03 2.383292572995127019e-14 3.890712799409371416e-16
5.535980843988720153e+03 2.517397684303524830e-14 3.609022996386315335e-16
5.540860460868494556e+03 2.510587281416079295e-14 3.615324659268193946e-16
5.545740077748268959e+03 2.506683844609284803e-14 3.658712068992621535e-16
5.550619694628043362e+03 2.543468861333336823e-14 3.644000669295903113e-16
5.555499311507817765e+03 2.583629548370507279e-14 3.723610164902445954e-16
5.560378928387592168e+03 2.585715112967561714e-14 3.630873643226795208e-16
5.565258545267366571e+03 2.546990439408696289e-14 3.596048982247565116e-16
5.570138162147140974e+03 2.467540327739988880e-14 3.532441907348515748e-16
5.575017779026915377e+03 2.446967568788984959e-14 3.600042944453020496e-16
5.579897395906689781e+03 2.487640293256679833e-14 3.541679124164793767e-16
5.584777012786464184e+03 2.476149801322375908e-14 3.892678362006374309e-16
5.589656629666238587e+03 2.569523058924834406e-14 3.587346562631297647e-16
5.594536246546012990e+03 2.604862783064288634e-14 3.741342101186193464e-16
5.599415863425787393e+03 2.615580608133360410e-14 3.610512218122502038e-16
5.604295480305561796e+03 2.587724827768646275e-14 3.548223961978459675e-16
5.609175097185336199e+03 2.673778305700141015e-14 3.602845371711559662e-16
5.614054714065110602e+03 2.615833913663630177e-14 3.585276373242817870e-16
5.618934330944885005e+03 2.645300368206413250e-14 3.561312607070121988e-16
5.623813947824659408e+03 2.642934811366657476e-14 3.548571255613075544e-16
5.628693564704433811e+03 2.604389434304909064e-14 2.790625997712784756e-16
5.633573181584208214e+03 2.549419415810369460e-14 3.869850543428154672e-16
5.638452798463982617e+03 2.572849534846017105e-14 3.508792827973088316e-16
5.643332415343757020e+03 2.575641002909653650e-14 3.536558779874697082e-16
5.648212032223531423e+03 2.624459614083774467e-14 3.623069614686356292e-16
5.653091649103305826e+03 2.576206590758460030e-14 3.454520642802258522e-16
5.657971265983080229e+03 2.606122199229302373e-14 3.446390739317126150e-16
5.662850882862854633e+03 2.581945762847948215e-14 3.431012315176664404e-16
5.667730499742629036e+03 2.608574637298186560e-14 3.453190145747863591e-16
5.672610116622403439e+03 2.589162616088002298e-14 3.426185754249492073e-16
5.677489733502177842e+03 2.634531897702813979e-14 3.435235207153913961e-16
5.682369350381952245e+03 2.554665547892604327e-14 3.399067449582355142e-16
5.687248967261726648e+03 2.622758539002582406e-14 3.424297624836568908e-16
5.692128584141501051e+03 2.582695564537201132e-14 3.484083353991345578e-16
5.697008201021275454e+03 2.587876830740665622e-14 3.401179553369420329e-16
5.701887817901049857e+03 2.611143610895055354e-14 3.385494660489855667e-16
5.706767434780824260e+03 2.662689891864702371e-14 3.419444223380991017e-16
5.711647051660598663e+03 2.617221821565821868e-14 3.385028940998959016e-16
5.716526668540373066e+03 2.629300844027128486e-14 3.391058903128931017e-16
5.721406285420147469e+03 2.591706078699541082e-14 3.362325272284077443e-16
5.726285902299921872e+03 2.592359775743834523e-14 3.366246650086443707e-16
5.731165519179696275e+03 2.645432589742054872e-14 3.476228694695642991e-16
5.736045136059470678e+03 2.573024532058837783e-14 3.341080832393389982e-16
5.740924752939245082e+03 2.605052720769748996e-14 3.372751326041408006e-16
5.745804369819019485e+03 2.567820194777575409e-14 3.342345627943164866e-16
5.750683986698793888e+03 2.549274542948760326e-14 3.317930425716802978e-16
5.755563603578568291e+03 2.498241475398848423e-14 3.292358538120679789e-16
5.760443220458342694e+03 2.524057689037360472e-14 3.298483995448236759e-16
5.765322837338117097e+03 2.461066271510448319e-14 3.531165202503295687e-16
5.770202454217891500e+03 2.468141726422575977e-14 3.242292426305710079e-16
5.775082071097665903e+03 2.387351839576374845e-14 3.239392199194202612e-16
5.779961687977440306e+03 2.393806235138999213e-14 3.186230596822957168e-16
5.784841304857214709e+03 2.399604726122809905e-14 3.180879322971915381e-16
5.789720921736989112e+03 2.403339161164573063e-14 3.253791453465819268e-16
5.794600538616763515e+03 2.431733855575324334e-14 3.204151631254928618e-16
5.799480155496537918e+03 2.464437242783226358e-14 3.231845851197268696e-16
5.804359772376312321e+03 2.433845747466996696e-14 3.182897343082416988e-16
5.809239389256086724e+03 2.451614597604419284e-14 3.347231819321417440e-16
5.814119006135861127e+03 2.353541910946151359e-14 3.149292151553602043e-16
5.818998623015635530e+03 2.497349152804790766e-14 3.252135071877046825e-16
5.823878239895409934e+03 2.461206540554413578e-14 3.178310965414525789e-16
5.828757856775184337e+03 2.411125687403114886e-14 3.163292428876714362e-16
5.833637473654958740e+03 2.424789507621935683e-14 3.151446470649998910e-16
5.838517090534733143e+03 2.418979565911901388e-14 3.245629325703113765e-16
5.843396707414507546e+03 2.506057303194851674e-14 3.229392428467061092e-16
5.848276324294281949e+03 2.450040151864989929e-14 3.157254902615992710e-16
5.853155941174056352e+03 2.427292457788469232e-14 3.131479917712945576e-16
5.858035558053830755e+03 2.353064054885773098e-14 3.120377037414340625e-16
5.862915174933605158e+03 2.423058285257997478e-14 3.112271665116181246e-16
5.867794791813379561e+03 2.426431248102518350e-14 3.151434320081988212e-16
5.872674408693153964e+03 2.392970476421262594e-14 3.191499514589476371e-16
5.877554025572928367e+03 2.379286347400533318e-14 3.083955173912574081e-16
5.882433642452702770e+03 2.314824666932287297e-14 3.056304748829711157e-16
5.887313259332477173e+03 2.363856206582907082e-14 3.095744880582941683e-16
5.892192876212251576e+03 2.286636807543664043e-14 3.047758235961751871e-16
5.897072493092025979e+03 2.403272579133123384e-14 3.159109436309052427e-16
5.901952109971800382e+03 2.400563523092805560e-14 3.280513971408873636e-16
5.906831726851574786e+03 2.396665386882801060e-14 3.086421490501605190e-16
5.911711343731349189e+03 2.333523066361302891e-14 3.066136375520384939e-16
5.916590960611123592e+03 2.324520278988829673e-14 3.069640390993984510e-16
5.921470577490897995e+03 2.434728756171757196e-14 3.118441893100391187e-16
5.926350194370672398e+03 2.443003675098190253e-14 3.162435881271779287e-16
5.931229811250446801e+03 2.505499895522696915e-14 3.168099046830261549e-16
5.936109428130221204e+03 2.500736935935075095e-14 3.155723686118581648e-16
5.940989045009995607e+03 2.416686121714466094e-14 3.124109557508103057e-16
5.945868661889770010e+03 2.522708174704313809e-14 3.200765374196667429e-16
5.950748278769544413e+03 2.481832342620897974e-14 2.559847538042209268e-16
5.955627895649318816e+03 2.403185445510724189e-14 3.620798504738156811e-16
5.960507512529093219e+03 2.454678499117790813e-14 3.132071033216265825e-16
5.965387129408867622e+03 2.365965298588701931e-14 3.278615654382159119e-16
5.970266746288642025e+03 2.450192327907321206e-14 3.319962583078216743e-16
5.975146363168416428e+03 2.433045978778107290e-14 3.120644823096704624e-16
5.980025980048190831e+03 2.440303189163493997e-14 3.124847239631014441e-16
5.984905596927965234e+03 2.498276627742178026e-14 3.163696132539089655e-16
5.989785213807739638e+03 2.408963039554018597e-14 3.134473460709994042e-16
5.994664830687514041e+03 2.401331057335776317e-14 3.090120947716691252e-16
5.999544447567288444e+03 2.361263828533289039e-14 3.098751660037117592e-16
6.004424064447062847e+03 2.392283732383654704e-14 3.073432255422586887e-16
6.009303681326837250e+03 2.396532905451016494e-14 3.070214203526052427e-16
6.014183298206611653e+03 2.444091797492898747e-14 3.101979945055676796e-16
6.019062915086386056e+03 2.375043879888589771e-14 3.061843026525507520e-16
6.023942531966160459e+03 2.456314863957281864e-14 3.160956193179362661e-16
6.028822148845934862e+03 2.465700829929617968e-14 3.086548562575153393e-16
6.033701765725709265e+03 2.354584952339893410e-14 3.013199917352317300e-16
6.038581382605483668e+03 2.369758655352889353e-14 3.015379986905002948e-16
6.043460999485258071e+03 2.304767350762786786e-14 2.984414191390243049e-16
6.048340616365032474e+03 2.288649515239984970e-14 2.963797870838264058e-16
6.053220233244806877e+03 2.279890136368983724e-14 2.952462746450357610e-16
6.058099850124581280e+03 2.282440402461471318e-14 2.960756631573985301e-16
6.062979467004355683e+03 2.153770516708342065e-14 2.951235655697217063e-16
6.067859083884130087e+03 2.179025808781951307e-14 2.891639586386871176e-16
6.072738700763904490e+03 2.102901724941842806e-14 2.829083441957384081e-16
6.077618317643678893e+03 2.048919942525723277e-14 2.808597688938703658e-16
6.082497934523453296e+03 2.023741988267937377e-14 2.769440540515290939e-16
6.087377551403227699e+03 1.983354641257063861e-14 2.743098449500966025e-16
6.092257168283002102e+03 1.809480968066998305e-14 2.634458748263229281e-16
6.097136785162776505e+03 1.797802356925572586e-14 2.630830425539669327e-16
6.102016402042550908e+03 1.709755984544114139e-14 2.645975712572925199e-16
6.106896018922325311e+03 1.607436351083699060e-14 2.508471839833552004e-16
6.111775635802099714e+03 1.558068479336773211e-14 2.472584572890838673e-16
6.116655252681874117e+03 1.469166939548097961e-14 2.432642378068422983e-16
6.121534869561648520e+03 1.439382219639371178e-14 2.426453714185360932e-16
6.126414486441422923e+03 1.320229290298171325e-14 2.322342174810880546e-16
6.131294103321197326e+03 1.270225480168215752e-14 2.295239836037933115e-16
6.136173720200971729e+03 1.294057837596804793e-14 2.344623760289628347e-16
6.141053337080746132e+03 1.259387118342018244e-14 2.311521340831631557e-16
6.145932953960520535e+03 1.189164944421016640e-14 2.283392464057678003e-16
6.150812570840294939e+03 1.168668732806663630e-14 2.256470105590929633e-16
6.155692187720069342e+03 1.106516727371940777e-14 2.202669633534059802e-16
6.160571804599843745e+03 1.150027963479665932e-14 2.197571369444545614e-16
6.165451421479618148e+03 1.142423418952545589e-14 2.186914280947053490e-16
6.170331038359392551e+03 1.167718933339213823e-14 2.200483895406481340e-16
6.175210655239166954e+03 1.191439616318866137e-14 2.269841543869026625e-16
6.180090272118941357e+03 1.239491440098480930e-14 2.251876191091149757e-16
6.184969888998715760e+03 1.199238545391765921e-14 2.211571939018646392e-16
6.189849505878490163e+03 1.286747230023403965e-14 2.378276200617472450e-16
6.194729122758264566e+03 1.270270213170118793e-14 2.369153233856841310e-16
6.199608739638038969e+03 1.458430421852637073e-14 2.724901628976922807e-16
6.204488356517813372e+03 1.446685548998472152e-14 2.387964468620365540e-16
6.209367973397587775e+03 1.479886726252915384e-14 2.391278159595918538e-16
6.214247590277362178e+03 1.582861617267868323e-14 2.557374908323369511e-16
6.219127207157136581e+03 1.589532778096222323e-14 2.449709699387652025e-16
6.224006824036910984e+03 1.637169852744379961e-14 2.470117652018485734e-16
6.228886440916685387e+03 1.637170524720409197e-14 2.457024431205369531e-16
6.233766057796459791e+03 1.691470625303288360e-14 2.491934085509394702e-16
6.238645674676234194e+03 1.693768432753513188e-14 2.507893595045579256e-16
6.243525291556008597e+03 1.723285524025244792e-14 2.516495924316856625e-16
6.248404908435783000e+03 1.763958019310490854e-14 2.522738330083906355e-16
6.253284525315557403e+03 1.773210340183418732e-14 2.550362829680666023e-16
6.258164142195331806e+03 1.831224956159855582e-14 2.552969386604945460e-16
6.263043759075106209e+03 1.854578685286744957e-14 2.570160719445853717e-16
6.267923375954880612e+03 1.906620754590569268e-14 2.581898273791101647e-16
6.272802992834655015e+03 1.906283018028610224e-14 2.577302088039009536e-16
6.277682609714429418e+03 1.938686295661908090e-14 2.594253706721016544e-16
6.282562226594203821e+03 1.969562946301564349e-14 2.640787103937006372e-16
6.287441843473978224e+03 1.908126147831321589e-14 2.564500798401996984e-16
6.292321460353752627e+03 1.971443070415369920e-14 2.604417623699891910e-16
6.297201077233527030e+03 1.970358848314604812e-14 2.594201548309215732e-16
6.302080694113301433e+03 1.974020052181076540e-14 2.601443716110223655e-16
6.306960310993075836e+03 1.957176198046273041e-14 2.585104507459099945e-16
6.311839927872850240e+03 1.958538380501921868e-14 2.574688425405652809e-16
6.316719544752624643e+03 1.979048640872752565e-14 2.618374748431671470e-16
6.321599161632399046e+03 2.012466894959360478e-14 2.606908398402270197e-16
6.326478778512173449e+03 2.006508851897549124e-14 2.595905909685398877e-16
6.331358395391947852e+03 2.033589869440528330e-14 2.615312711801456762e-16
6.336238012271722255e+03 1.960742909680838568e-14 2.562310570065756205e-16
6.341117629151496658e+03 2.009012308845350228e-14 2.595141768866247409e-16
6.345997246031271061e+03 1.985210117722732654e-14 2.554002826865185358e-16
6.350876862911045464e+03 1.952758835324366683e-14 2.549115163623740818e-16
6.355756479790819867e+03 1.975857518998287084e-14 2.539585174671763454e-16
6.360636096670594270e+03 1.966719658472134790e-14 2.529172351815349204e-16
6.365515713550368673e+03 1.945807412730355146e-14 2.522575964154275040e-16
6.370395330430143076e+03 1.911720962688949359e-14 2.492735849697073972e-16
6.375274947309917479e+03 1.902924469502365626e-14 2.492565390276062302e-16
6.380154564189691882e+03 1.954092516744923747e-14 2.517886592811210557e-16
6.385034181069466285e+03 1.928336461775254257e-14 2.476434705807758987e-16
6.389913797949240688e+03 1.950074200997343063e-14 2.507305251967818832e-16
6.394793414829015092e+03 1.929042205374825407e-14 2.501203264610621512e-16
6.399673031708789495e+03 1.841379926259784330e-14 2.435237211439311742e-16
6.404552648588563898e+03 1.830058802308728269e-14 2.418658372128470710e-16
6.409432265468338301e+03 1.872919961372025224e-14 2.520583841095591450e-16
6.414311882348112704e+03 1.866515586660580025e-14 2.438729304421705611e-16
6.419191499227887107e+03 1.844635187551664169e-14 2.424635240213938447e-16
6.424071116107661510e+03 1.826407235405096144e-14 2.406951991525754149e-16
6.428950732987435913e+03 1.815967007641608923e-14 2.405677566395166301e-16
6.433830349867210316e+03 1.840214612132785265e-14 2.398995928453990374e-16
6.438709966746984719e+03 1.836664783934762067e-14 2.409138680846266882e-16
6.443589583626759122e+03 1.804775999614918065e-14 2.398286400636872972e-16
6.448469200506533525e+03 1.766251393688267652e-14 2.365134172289444322e-16
6.453348817386307928e+03 1.786585991988098099e-14 2.368483079242924390e-16
6.458228434266082331e+03 1.749036943962612998e-14 2.347195349931121407e-16
6.463108051145856734e+03 1.707308204580016347e-14 2.323788988856315597e-16
6.467987668025631137e+03 1.717037899772292040e-14 2.363404617361795872e-16
6.472867284905405540e+03 1.748451221254092590e-14 2.352863193960022337e-16
6.477746901785179944e+03 1.737963221891231933e-14 2.344766492932492870e-16
6.482626518664954347e+03 1.760986397150445658e-14 2.366743859139886981e-16
6.487506135544728750e+03 1.713070071913768859e-14 2.333863455044154608e-16
6.492385752424503153e+03 1.681065527392749249e-14 2.339604689122975051e-16
6.497265369304277556e+03 1.679408070986538484e-14 2.427059716345162353e-16
6.502144986184051959e+03 1.730339645896461705e-14 2.331020482914513345e-16
6.507024603063826362e+03 1.659591718972200364e-14 2.281610149522968499e-16
6.511904219943600765e+03 1.657734625482155902e-14 2.290233947511836090e-16
6.516783836823375168e+03 1.677835043581057045e-14 2.338261929963435314e-16
6.521663453703149571e+03 1.633804807562487729e-14 2.388545623612682025e-16
6.526543070582923974e+03 1.655747247700840750e-14 2.286176665818717431e-16
6.531422687462698377e+03 1.617320983504701848e-14 2.573527800917411442e-16
6.536302304342472780e+03 1.607886795885959553e-14 2.279746767959827917e-16
6.541181921222247183e+03 1.620986702256843940e-14 2.269213570731755162e-16
6.546061538102021586e+03 1.590312726306145462e-14 2.329232340845222411e-16
6.550941154981795989e+03 1.588320938917432345e-14 2.266650380637737927e-16
6.555820771861570393e+03 1.589071586718514978e-14 2.637153701470518760e-16
6.560700388741344796e+03 1.598132726519546888e-14 1.953459874553321236e-16
6.565580005621119199e+03 1.615500708738743657e-14 2.629398850140609624e-16
6.570459622500893602e+03 1.615500708738743657e-14 2.629398850140609624e-16
6.575339239380668005e+03 1.551525553405487799e-14 2.236085267668862361e-16
6.580218856260442408e+03 1.577694744692110959e-14 2.245375414583830760e-16
6.585098473140216811e+03 1.536239288774483936e-14 2.214367669884207647e-16
6.589978090019991214e+03 1.552441328090017269e-14 2.247047133280841762e-16
6.594857706899765617e+03 1.532970117615660299e-14 2.241467591564181264e-16
6.599737323779540020e+03 1.520315892445241626e-14 2.211910942615128196e-16
6.604616940659314423e+03 1.585629646932136895e-14 2.259615491522298659e-16
6.609496557539088826e+03 1.543876985452498882e-14 2.225099640605423897e-16
6.614376174418863229e+03 1.497165895248800516e-14 2.192552393338632027e-16
6.619255791298637632e+03 1.473035617800344324e-14 2.186926339336207901e-16
6.624135408178412035e+03 1.441088498674630718e-14 2.176761280269131840e-16
6.629015025058186438e+03 1.439777328304763854e-14 2.334076451178596258e-16
6.633894641937960841e+03 1.457155227578854563e-14 2.178515705662352546e-16
6.638774258817735245e+03 1.446422655791388118e-14 2.176963881768579675e-16
6.643653875697509648e+03 1.449322422911459680e-14 2.180613013996143730e-16
6.648533492577284051e+03 1.469810160439747440e-14 2.173084564529250823e-16
6.653413109457058454e+03 1.477530961295399847e-14 2.167033910992293606e-16
6.658292726336832857e+03 1.420411928073064799e-14 2.176578183577309957e-16
6.663172343216607260e+03 1.404153471369092630e-14 2.137459345606083605e-16
6.668051960096381663e+03 1.453650281406900818e-14 2.156315185591691611e-16
6.672931576976156066e+03 1.415138695854514440e-14 2.120729758661653981e-16
6.677811193855930469e+03 1.424805747764010554e-14 2.164528380135100453e-16
6.682690810735704872e+03 1.414171974380323077e-14 2.136398139378792207e-16
6.687570427615479275e+03 1.388119266622993095e-14 2.164628099872720823e-16
6.692450044495253678e+03 1.354208784199864647e-14 2.098402617013652077e-16
6.697329661375028081e+03 1.347993591014165441e-14 2.166010023682343949e-16
6.702209278254802484e+03 1.373826750260495552e-14 2.122457003431488808e-16
6.707088895134576887e+03 1.383868994435509917e-14 2.091373129608398678e-16
6.711968512014351290e+03 1.308553215671265949e-14 2.039657718609626749e-16
6.716848128894125693e+03 1.327134824601400428e-14 2.052842803826267006e-16
6.721727745773900097e+03 1.304793693513211855e-14 2.109603679401653423e-16
6.726607362653674500e+03 1.350798560316517385e-14 2.098523964229973548e-16
6.731486979533448903e+03 1.303726101973176025e-14 2.063368079867029202e-16
6.736366596413223306e+03 1.314995416512926340e-14 2.061365534320926910e-16
6.741246213292997709e+03 1.352302341974771318e-14 2.082597915409691203e-16
6.746125830172772112e+03 1.331098670459834395e-14 2.054652654131833314e-16
6.751005447052546515e+03 1.266683393710166987e-14 2.008580398552142757e-16
6.755885063932320918e+03 1.285437339978468046e-14 2.022669816500202050e-16
6.760764680812095321e+03 1.267157041614783842e-14 1.995082042394130918e-16
6.765644297691869724e+03 1.280475120129147992e-14 2.007893105066729898e-16
6.770523914571644127e+03 1.292395193893297742e-14 2.016097285532078110e-16
6.775403531451418530e+03 1.256088336249493757e-14 1.986180948004070570e-16
6.780283148331192933e+03 1.258958885664884762e-14 2.012835638085657368e-16
6.785162765210967336e+03 1.241470993230449477e-14 1.991466272626549831e-16
6.790042382090741739e+03 1.251009350161543476e-14 1.994570806126396579e-16
6.794921998970516142e+03 1.224269193651454411e-14 1.977783906936528390e-16
6.799801615850290545e+03 1.195085253938262174e-14 1.945062791127589038e-16
6.804681232730064949e+03 1.267132174727099393e-14 2.002774426565318347e-16
6.809560849609839352e+03 1.258324408086119609e-14 1.978291977146887651e-16
6.814440466489613755e+03 1.204439258878291659e-14 1.942326318643604576e-16
6.819320083369388158e+03 1.193340000321259917e-14 1.953698568342674468e-16
6.824199700249162561e+03 1.186414210780706604e-14 1.988738117928922204e-16
6.829079317128936964e+03 1.175542026986901238e-14 2.023767139643291416e-16
6.833958934008711367e+03 1.246665321104987226e-14 1.997091288475034338e-16
6.838838550888485770e+03 1.172451755749451022e-14 1.982943423960687548e-16
6.843718167768260173e+03 1.149093128729179762e-14 1.920848611334664789e-16
6.848597784648034576e+03 1.186099371252522935e-14 1.933313293054253871e-16
6.853477401527808979e+03 1.180920157942509631e-14 1.929151541771235572e-16
6.858357018407583382e+03 1.171655491716302243e-14 1.926360914622141090e-16
6.863236635287357785e+03 1.152822320218834000e-14 1.910743631002911459e-16
6.868116252167132188e+03 1.177212554246530616e-14 1.932274107106710181e-16
6.872995869046906591e+03 1.144712388285581829e-14 1.902586759847667715e-16
6.877875485926680994e+03 1.174329704910328630e-14 1.920764268353093852e-16
6.882755102806455398e+03 1.133217839261029160e-14 1.898673274796791204e-16
6.887634719686229801e+03 1.129301468016671946e-14 1.910344700237629594e-16
6.892514336566004204e+03 1.134035996192313121e-14 1.935351001149315661e-16
6.897393953445778607e+03 1.124814552353136146e-14 1.889379698421917682e-16
6.902273570325553010e+03 1.146209450307764066e-14 1.897329217811747526e-16
6.907153187205327413e+03 1.118533832351902088e-14 1.872599352268123967e-16
6.912032804085101816e+03 1.107428621445885821e-14 1.899168494403467356e-16
6.916912420964876219e+03 1.117952813872316787e-14 1.901236247462653147e-16
6.921792037844650622e+03 1.114660827721909355e-14 1.921283592399228321e-16
6.926671654724425025e+03 1.131699337778611660e-14 1.965528023622269439e-16
6.931551271604199428e+03 1.091734199093315743e-14 1.866327031409343680e-16
6.936430888483973831e+03 1.097730676246415207e-14 1.860499626788284245e-16
6.941310505363748234e+03 1.121750566146194653e-14 1.870825893811471513e-16
6.946190122243522637e+03 1.100103249275902282e-14 1.865949621337683514e-16
6.951069739123297040e+03 1.099697473227088682e-14 1.859209883571705812e-16
6.955949356003071443e+03 1.059191003113941548e-14 1.861995775617496656e-16
6.960828972882845846e+03 1.102769495328458787e-14 1.857321688553471887e-16
6.965708589762620250e+03 1.099396704389200422e-14 1.847187150513299530e-16
6.970588206642394653e+03 1.078137993981739930e-14 1.856549970538074351e-16
6.975467823522169056e+03 1.079121373034538519e-14 1.842035735132610801e-16
6.980347440401943459e+03 1.088138519458272806e-14 1.873274216071622227e-16
6.985227057281717862e+03 1.073385351717480750e-14 1.863020157149318659e-16
6.990106674161492265e+03 1.102516411554365642e-14 1.922866630856511240e-16
6.994986291041266668e+03 1.083441090435542008e-14 1.828846035818889439e-16
6.999865907921041071e+03 1.086702428826737869e-14 1.862057805068065906e-16
7.004745524800815474e+03 1.053859876489940360e-14 1.943795833411543382e-16
7.009625141680589877e+03 1.068966964647284598e-14 1.841874688758500650e-16
7.014504758560364280e+03 1.078753729229444046e-14 1.833151725400946644e-16
7.019384375440138683e+03 1.122545976807375000e-14 1.846832401950612749e-16
7.024263992319913086e+03 1.077813584620221732e-14 1.852843730585332196e-16
7.029143609199687489e+03 1.038690614689509919e-14 1.792208208368720958e-16
7.034023226079461892e+03 1.106534342405679080e-14 1.841585115856395243e-16
7.038902842959236295e+03 1.069272055053333213e-14 1.804173523923017160e-16
7.043782459839010698e+03 1.057396348703598661e-14 1.793471729174814975e-16
7.048662076718785102e+03 1.076126692436788062e-14 1.801457099075755890e-16
7.053541693598559505e+03 1.052385701695018045e-14 1.793086370863255051e-16
7.058421310478333908e+03 9.999675860066530922e-15 1.796342085955491488e-16
7.063300927358108311e+03 1.054684630456945595e-14 1.800796624569018379e-16
7.068180544237882714e+03 1.070236054200746062e-14 1.802439877186155860e-16
7.073060161117657117e+03 1.011140126095663816e-14 1.787431826020425998e-16
7.077939777997431520e+03 1.046460002414687817e-14 1.792707370513491085e-16
7.082819394877205923e+03 1.040047449345316441e-14 1.775578899433420674e-16
7.087699011756980326e+03 1.072333067844000915e-14 1.803996665582230857e-16
7.092578628636754729e+03 1.042291820617176343e-14 1.787720182706362467e-16
7.097458245516529132e+03 1.034985188030975215e-14 1.766170380815589478e-16
7.102337862396303535e+03 1.055012890010305079e-14 1.784034470790875562e-16
7.107217479276077938e+03 1.056691746295434779e-14 1.788361721004026928e-16
7.112097096155852341e+03 1.045631974515247688e-14 1.780927825936594512e-16
7.116976713035626744e+03 1.028861672983019545e-14 1.780938398684506890e-16
7.121856329915401147e+03 1.020367041107010276e-14 1.778037488106623588e-16
7.126735946795175551e+03 9.985435373572154710e-15 1.760732047112298080e-16
7.131615563674949954e+03 1.014221634804040801e-14 1.781687045759695688e-16
7.136495180554724357e+03 1.026005247610805088e-14 1.782298044770274235e-16
7.141374797434498760e+03 1.030326460322958557e-14 1.791302324259660907e-16
7.146254414314273163e+03 1.043430451166611756e-14 1.784155704419529196e-16
7.151134031194047566e+03 1.017579778108173795e-14 1.787845951883813934e-16
7.156013648073821969e+03 1.041383759373583074e-14 1.796824519169589152e-16
7.160893264953596372e+03 1.011515115683802075e-14 1.765564378738756995e-16
7.165772881833370775e+03 9.787422794172695815e-15 1.756330950487378887e-16
7.170652498713145178e+03 1.019405386962823603e-14 1.785809954967023770e-16
7.175532115592919581e+03 1.007227776138595452e-14 1.769562385502830067e-16
7.180411732472693984e+03 1.011572935261341031e-14 1.802369347969917054e-16
7.185291349352468387e+03 1.021687355266558077e-14 1.773618466518087669e-16
7.190170966232242790e+03 1.061081344013347242e-14 1.852403691513841493e-16
7.195050583112017193e+03 1.052614345883316631e-14 1.845784627837813357e-16
7.199930199991791596e+03 9.906426400767623375e-15 2.224023439963482415e-16
7.204809816871565999e+03 1.013608122227856812e-14 1.787591640838852277e-16
7.209689433751340403e+03 9.680488711515135050e-15 1.737953300392209678e-16
7.214569050631114806e+03 1.004619388957526560e-14 1.776084089787923732e-16
7.219448667510889209e+03 9.935374964867021968e-15 1.757641302147949583e-16
7.224328284390663612e+03 9.650208412308387429e-15 1.779921930864756657e-16
7.229207901270438015e+03 1.016891845210809811e-14 1.807160801420035140e-16
7.234087518150212418e+03 1.001667926420982823e-14 1.771635429946215626e-16
7.238967135029986821e+03 1.059749326008406296e-14 2.136592706116832766e-16
7.243846751909761224e+03 1.009057519597651755e-14 1.821531509696021140e-16
7.248726368789535627e+03 1.007147326745546579e-14 1.787438688652258458e-16
7.253605985669310030e+03 9.852792027642710990e-15 1.783596351425204378e-16
7.258485602549084433e+03 9.812282713179556409e-15 1.777559262306211606e-16
7.263365219428858836e+03 9.805801425491596667e-15 1.772326987368482636e-16
7.268244836308633239e+03 9.562093824344197880e-15 1.858549265152251960e-16
7.273124453188407642e+03 9.637278273795154396e-15 1.788020636813034183e-16
7.278004070068182045e+03 9.569212666993015520e-15 1.769183919019039947e-16
7.282883686947956448e+03 9.702899031646618683e-15 1.776139927543754582e-16
7.287763303827730851e+03 9.772303490995978721e-15 1.787056057094871275e-16
7.292642920707505255e+03 9.693155055599515374e-15 1.794819983925737253e-16
7.297522537587279658e+03 9.615419382165139660e-15 1.805992623816603632e-16
7.302402154467054061e+03 9.649862437645420332e-15 1.796948833142790889e-16
7.307281771346828464e+03 9.211399446709310765e-15 1.836610667273160835e-16
7.312161388226602867e+03 8.844934650650937931e-15 1.759438133478720487e-16
7.317041005106377270e+03 9.291337423722984567e-15 1.773762262862069397e-16
7.321920621986151673e+03 9.185991786525102889e-15 1.799595080383496538e-16
7.326800238865926076e+03 8.815185516964483341e-15 1.769694544829197896e-16
7.331679855745700479e+03 9.126072305509448723e-15 1.772582810532338415e-16
7.336559472625474882e+03 8.908275875403901934e-15 1.773005178857647882e-16
7.341439089505249285e+03 8.559248827518508462e-15 1.754139369386120481e-16
7.346318706385023688e+03 8.817552449740986421e-15 1.833479842128949555e-16
7.351198323264798091e+03 8.817107517198821843e-15 1.776693539847201673e-16
7.356077940144572494e+03 8.388717220025718514e-15 1.752855404606243371e-16
7.360957557024346897e+03 8.104550965013751568e-15 1.876587036137829631e-16
7.365837173904121300e+03 8.403124152446227694e-15 1.788026263150896646e-16
7.370716790783895703e+03 8.464990271684125213e-15 1.765729151928167553e-16
7.375596407663670107e+03 8.336383110358610071e-15 1.743389043797822118e-16
7.380476024543444510e+03 8.360572766771725175e-15 1.733729459561478652e-16
7.385355641423218913e+03 8.437985402068413522e-15 1.746537342880486510e-16
7.390235258302993316e+03 8.105424865483838949e-15 1.763119818579743972e-16
7.395114875182767719e+03 7.961202538849815169e-15 1.726641686620562017e-16
7.399994492062542122e+03 7.886732441470375019e-15 1.747672922416986859e-16
7.404874108942316525e+03 7.700266376824199676e-15 1.756558964755454676e-16
7.409753725822090928e+03 7.774187718902159467e-15 1.734380624417098034e-16
7.414633342701865331e+03 8.362823327353193251e-15 1.759261632934714588e-16
7.419512959581639734e+03 7.950260981506559216e-15 1.791765069013685361e-16
7.424392576461414137e+03 7.827758832710855252e-15 1.866614510973950994e-16
7.429272193341188540e+03 8.259455609645980832e-15 1.770489592929282205e-16
7.434151810220962943e+03 7.976372391308235332e-15 1.726485997862930554e-16
7.439031427100737346e+03 7.808938115333131012e-15 1.867627858043644311e-16
7.443911043980511749e+03 7.690973675118042528e-15 1.740223314431493287e-16
7.448790660860286152e+03 7.508640776413329832e-15 1.712567656365244805e-16
7.453670277740060556e+03 7.573817998263319602e-15 1.708510214272189522e-16
7.458549894619834959e+03 7.438859893845530826e-15 1.727161166792140745e-16
7.463429511499609362e+03 7.558565375478149222e-15 1.740485235401478459e-16
7.468309128379383765e+03 7.721902546815394402e-15 1.713995409358804619e-16
7.473188745259158168e+03 7.393523238981076186e-15 1.701735887325050441e-16
7.478068362138932571e+03 7.275341930161780435e-15 1.687508934163605420e-16
7.482947979018706974e+03 7.260846730267669416e-15 1.710572922036498634e-16
7.487827595898481377e+03 7.287331477554134158e-15 1.706866263716904817e-16
7.492707212778255780e+03 7.245552801432072703e-15 1.711124489606092084e-16
7.497586829658030183e+03 7.177514489751611496e-15 1.680222991028336170e-16
7.502466446537804586e+03 6.687358927235272144e-15 1.690330539190756455e-16
7.507346063417578989e+03 6.224417296482581214e-15 1.700584351197653873e-16
7.512225680297353392e+03 6.223953755919638076e-15 1.662154421375978171e-16
7.517105297177127795e+03 6.533091086785748795e-15 1.649301084350108777e-16
7.521984914056902198e+03 6.832486437522350961e-15 1.655805936970710198e-16
7.526864530936676601e+03 6.632808347372314675e-15 1.647696917462063230e-16
7.531744147816451004e+03 6.962405995054241482e-15 1.751622941290530160e-16
7.536623764696225408e+03 7.151647312696976449e-15 1.698798345808973472e-16
7.541503381575999811e+03 6.597108579415927273e-15 1.630853547793750075e-16
7.546382998455774214e+03 6.551532224698750367e-15 1.650980544420842540e-16
7.551262615335548617e+03 6.872125079408160266e-15 1.664709463344283545e-16
7.556142232215323020e+03 6.801337566714982660e-15 1.658859129011127365e-16
7.561021849095097423e+03 6.589449388308738157e-15 1.647751214620373588e-16
7.565901465974871826e+03 6.785099651707488457e-15 1.737320997273265120e-16
7.570781082854646229e+03 6.854456078080796547e-15 1.679543340123339007e-16
7.575660699734420632e+03 6.493467483393720480e-15 1.636306039234674544e-16
7.580540316614195035e+03 6.873496897704682913e-15 1.681204864620612874e-16
7.585419933493969438e+03 7.251372964777435902e-15 1.690721031431749806e-16
7.590299550373743841e+03 7.176613352578317582e-15 1.729045901351884947e-16
7.595179167253518244e+03 7.003813377636088260e-15 1.724325075319468113e-16
7.600058784133292647e+03 7.026012929864482590e-15 1.689340482862255692e-16
7.604938401013067050e+03 6.869171575927653947e-15 1.674932006744605450e-16
7.609818017892841453e+03 6.656429505424291266e-15 1.733427663835533056e-16
7.614697634772615856e+03 6.976834299263096853e-15 1.709360483291822431e-16
7.619577251652390260e+03 6.873900045813000764e-15 1.680617469545713340e-16
7.624456868532164663e+03 6.774157820656189501e-15 1.674326695527395607e-16
7.629336485411939066e+03 6.984949263941336998e-15 1.694458522845884689e-16
7.634216102291713469e+03 7.384460742132250751e-15 1.723058713893542385e-16
7.639095719171487872e+03 7.469192073843140029e-15 1.738609391338484334e-16
7.643975336051262275e+03 7.129310293231197760e-15 1.707843591826733352e-16
7.648854952931036678e+03 6.910919942955853038e-15 1.719483194274074520e-16
7.653734569810811081e+03 6.645417052426435521e-15 1.792951997730242575e-16
7.658614186690585484e+03 6.910900069031589157e-15 1.737141606850269722e-16
7.663493803570359887e+03 6.945230829824057295e-15 1.813847309658641961e-16
7.668373420450134290e+03 6.964287673121458541e-15 1.730584994698401316e-16
7.673253037329908693e+03 6.800080312942516447e-15 1.722366136230909000e-16
7.678132654209683096e+03 7.176767477190065349e-15 1.741796425379093937e-16
7.683012271089457499e+03 7.476512404784734886e-15 1.917094640845813369e-16
7.687891887969231902e+03 7.874066558553969447e-15 2.462155106381004209e-16
7.692771504849006305e+03 7.489725550203651085e-15 1.773999271240314776e-16
7.697651121728780709e+03 6.816094873200567054e-15 1.756435634245252396e-16
7.702530738608555112e+03 6.869616824067323018e-15 1.760038814579090165e-16
7.707410355488329515e+03 6.864231304566461451e-15 1.738768140726311770e-16
7.712289972368103918e+03 6.915477889995530803e-15 1.776453698378581782e-16
7.717169589247878321e+03 7.413443558954099981e-15 1.786311591937529641e-16
7.722049206127652724e+03 7.888103239810189747e-15 1.851270392682774766e-16
7.726928823007427127e+03 7.974560838569603290e-15 1.837142668984743334e-16
7.731808439887201530e+03 7.622835761020494730e-15 2.082155122216570645e-16
7.736688056766975933e+03 7.369725273050624527e-15 1.981221152414268782e-16
7.741567673646750336e+03 7.517993839301516337e-15 1.923548199252618680e-16
7.746447290526524739e+03 7.391090674862245006e-15 1.843911036891204958e-16
7.751326907406299142e+03 7.613211618176943449e-15 1.833438801481163794e-16
7.756206524286073545e+03 7.530663023089702545e-15 1.821092135914528455e-16
7.761086141165847948e+03 8.154154527075397742e-15 1.903402519680686821e-16
7.765965758045622351e+03 8.225221826325143967e-15 1.898281564452028242e-16
7.770845374925396754e+03 7.944900156489936732e-15 1.876064139433121746e-16
7.775724991805171157e+03 8.069976118966903167e-15 1.879076931829113901e-16
7.780604608684945561e+03 8.332144091165401366e-15 2.013542881298752344e-16
7.785484225564719964e+03 8.450253548286008534e-15 1.997300319609203016e-16
7.790363842444494367e+03 7.945344967141354781e-15 1.959004765442906756e-16
7.795243459324268770e+03 7.797809119952607360e-15 1.896660898275555459e-16
7.800123076204043173e+03 8.315779285839238881e-15 1.926022386924551658e-16
7.805002693083817576e+03 8.338201368487549560e-15 1.922610649758834106e-16
7.809882309963591979e+03 8.164607701413710111e-15 2.061229429765703206e-16
7.814761926843366382e+03 8.537199775400167842e-15 2.002493176572247850e-16
7.819641543723140785e+03 8.999507242849905051e-15 2.000301276978973149e-16
7.824521160602915188e+03 9.159817451001921464e-15 2.003949252042338342e-16
7.829400777482689591e+03 9.114213251216068974e-15 1.998706789647736013e-16
7.834280394362463994e+03 8.963389769281040783e-15 2.045171991461700188e-16
7.839160011242238397e+03 8.683882764857435191e-15 1.996576581340640628e-16
7.844039628122012800e+03 8.701520860188079509e-15 1.999490681550754651e-16
7.848919245001787203e+03 8.467795847872626749e-15 1.980941578068423104e-16
7.853798861881561606e+03 8.344299441799096322e-15 1.981448541662685037e-16
7.858678478761336009e+03 8.419553040561352196e-15 2.027799549726097601e-16
7.863558095641110413e+03 8.577466929124238064e-15 2.040464495538895001e-16
7.868437712520884816e+03 8.572835410985743946e-15 2.022507816838661173e-16
7.873317329400659219e+03 8.302409613321961133e-15 2.086281956758317359e-16
7.878196946280433622e+03 8.878856428291227813e-15 2.077103339906787908e-16
7.883076563160208025e+03 8.896579500354852501e-15 2.074376500099012431e-16
7.887956180039982428e+03 9.036476867673041998e-15 2.075811782704744041e-16
7.892835796919756831e+03 9.020047283859894838e-15 2.075349033321519121e-16
7.897715413799531234e+03 8.964608574393924280e-15 2.117703863805763169e-16
7.902595030679305637e+03 9.130167531218529245e-15 2.098979631306472489e-16
7.907474647559080040e+03 9.439515311023274923e-15 2.118975889517645547e-16
7.912354264438854443e+03 8.636857146272577998e-15 2.083951952053519040e-16
7.917233881318628846e+03 8.214607332276516167e-15 2.067203826777597368e-16
7.922113498198403249e+03 8.514862219946008854e-15 2.087803916795163637e-16
7.926993115078177652e+03 8.662386963769452409e-15 2.086187952962996525e-16
7.931872731957952055e+03 8.761660562230068328e-15 2.127517144281255348e-16
7.936752348837726458e+03 8.662392066227712465e-15 2.104570896241561984e-16
7.941631965717500862e+03 8.399120161666451175e-15 2.084850002575897585e-16
7.946511582597275265e+03 8.714246435092990728e-15 2.154562136042776405e-16
7.951391199477049668e+03 8.878525024438577592e-15 2.151460104975168817e-16
7.956270816356824071e+03 8.358505377127195238e-15 2.107473325855597157e-16
7.961150433236598474e+03 7.927722038701616000e-15 2.169342642525702944e-16
7.966030050116372877e+03 7.809402049477493912e-15 2.141233322519709227e-16
7.970909666996147280e+03 7.748277459153202998e-15 2.247462995699431386e-16
7.975789283875921683e+03 8.173952527432976963e-15 2.182193391065807779e-16
7.980668900755696086e+03 8.304400831639642318e-15 2.136130810945201220e-16
7.985548517635470489e+03 8.696747675380757508e-15 2.167959623969602998e-16
7.990428134515244892e+03 8.549092893284507297e-15 2.170949023738284018e-16
7.995307751395019295e+03 8.353041611513876389e-15 2.146710052021171952e-16
8.000187368274793698e+03 8.393332397266329358e-15 2.147751579125442969e-16
8.005066985154568101e+03 7.956821072247394896e-15 2.148321081736644814e-16
8.009946602034342504e+03 7.375981732304294341e-15 2.128592506288293611e-16
8.014826218914116907e+03 7.710847284425194087e-15 2.139775015651204818e-16
8.019705835793891310e+03 7.403198344833638285e-15 2.102923858532953853e-16
8.024585452673665714e+03 7.486493758401420715e-15 2.131531720800858329e-16
8.029465069553440117e+03 7.312776059224173835e-15 2.123680112552229995e-16
8.034344686433214520e+03 7.814812002572865215e-15 2.240909803549924657e-16
8.039224303312988923e+03 7.959589869071005503e-15 2.187600897996843654e-16
8.044103920192763326e+03 7.874628003732875892e-15 2.176919637410936467e-16
8.048983537072537729e+03 7.867967927257045742e-15 2.186282956943948129e-16
8.053863153952312132e+03 7.747271529250111076e-15 2.186624230737053006e-16
8.058742770832086535e+03 7.831904789191456271e-15 2.200609247735141898e-16
8.063622387711860938e+03 7.732074458117723665e-15 2.222507104231114953e-16
8.068502004591635341e+03 7.519799224389299957e-15 2.193601460567501330e-16
8.073381621471409744e+03 7.423605773103827583e-15 2.205923619682163354e-16
8.078261238351184147e+03 7.574820689617124157e-15 2.213178487689309932e-16
8.083140855230958550e+03 7.567763655766180232e-15 2.230466870665757095e-16
8.088020472110732953e+03 7.335733634096076555e-15 2.203488056238743341e-16
8.092900088990507356e+03 6.903653575460461484e-15 2.186347101646274363e-16
8.097779705870281759e+03 7.038031482043098695e-15 2.225070621133028761e-16
8.102659322750056162e+03 6.971868768498750021e-15 2.204486376288583448e-16
8.107538939629830566e+03 7.626050900513334642e-15 2.255495180824758857e-16
8.112418556509604969e+03 7.566290061511441834e-15 2.265289468181487640e-16
8.117298173389379372e+03 7.647361066800876646e-15 2.286921839792180568e-16
8.122177790269153775e+03 7.630782401086603122e-15 2.271708385428488224e-16
8.127057407148928178e+03 7.866073090228262304e-15 2.296875258979750540e-16
8.131937024028702581e+03 8.211107113287378981e-15 2.326244612419123088e-16
8.136816640908476984e+03 7.946150356782765582e-15 2.304659773627750426e-16
8.141696257788251387e+03 7.689113818846284737e-15 2.333788026076083450e-16
8.146575874668025790e+03 7.894050615913752222e-15 2.385195322438269997e-16
8.151455491547800193e+03 7.905751275891379784e-15 2.343457559368506459e-16
8.156335108427574596e+03 7.894520862349412550e-15 2.323306834031239027e-16
8.161214725307348999e+03 8.120559453780400984e-15 2.349179485329976807e-16
8.166094342187123402e+03 8.016275771394479030e-15 2.370320503940572757e-16
8.170973959066897805e+03 7.746837458101809697e-15 2.338556272870999175e-16
8.175853575946672208e+03 7.595720792946311223e-15 2.357789985427408391e-16
8.180733192826446611e+03 7.816348065665049627e-15 2.385582409123728044e-16
8.185612809706221014e+03 8.046591496507057417e-15 2.384938197561617221e-16
8.190492426585995418e+03 8.035015291229994502e-15 2.376189601420148260e-16
8.195372043465769821e+03 7.703600090797733983e-15 2.353169150003158984e-16
8.200251660345544224e+03 7.487529494282484168e-15 2.361175758531431804e-16
8.205131277225318627e+03 7.139120658920431833e-15 2.374764808666955507e-16
8.210010894105093030e+03 6.780458095408442284e-15 2.314618167383151916e-16
8.214890510984867433e+03 7.010102933979517229e-15 2.352032992241012660e-16
8.219770127864641836e+03 6.767980511300738436e-15 2.313158964846077057e-16
8.224649744744416239e+03 7.064366760047323610e-15 2.339581784310704306e-16
8.229529361624190642e+03 7.338843810501045059e-15 2.375228135397147766e-16
8.234408978503965045e+03 7.331779034106666663e-15 2.385226941274247677e-16
8.239288595383739448e+03 6.918972230227250402e-15 2.335168776694303286e-16
8.244168212263513851e+03 6.565354250941018865e-15 2.333088915512364873e-16
8.249047829143288254e+03 6.095856754743408208e-15 2.280560185274681851e-16
8.253927446023062657e+03 5.966763087519784420e-15 2.280045721257067231e-16
8.258807062902837060e+03 6.281695928221983485e-15 2.301922318278073743e-16
8.263686679782611463e+03 6.322222019446963582e-15 2.336012753290058363e-16
8.268566296662385867e+03 6.419588758970705413e-15 2.341374400371960359e-16
8.273445913542160270e+03 6.438003855289809537e-15 2.359665122749785640e-16
8.278325530421934673e+03 6.675391887145469189e-15 2.363663991445853559e-16
8.283205147301709076e+03 6.277116412790762279e-15 2.335927697444239659e-16
8.288084764181483479e+03 6.478012416479462167e-15 2.375492804231741439e-16
8.292964381061257882e+03 6.637576883657739601e-15 2.360091232120649740e-16
8.297843997941032285e+03 6.227750543605817108e-15 2.331710105710794499e-16
8.302723614820806688e+03 6.243369156940285907e-15 2.340782627859424716e-16
8.307603231700581091e+03 6.319226532758442043e-15 2.348999366324289619e-16
8.312482848580355494e+03 6.347223455414523521e-15 2.366156323277071918e-16
8.317362465460129897e+03 6.447379307789868501e-15 2.373549400709997980e-16
8.322242082339904300e+03 6.478849911511774587e-15 2.379752625335847557e-16
8.327121699219678703e+03 6.784502512914893151e-15 2.436712549734604455e-16
8.332001316099453106e+03 6.964408418142583796e-15 2.451457749733899676e-16
8.336880932979227509e+03 6.688140388236555658e-15 2.430819510046170663e-16
8.341760549859001912e+03 7.088433402346250684e-15 2.478987088411071541e-16
8.346640166738776315e+03 7.221248517250146667e-15 2.444579691733766221e-16
8.351519783618550719e+03 7.357700137152575403e-15 2.466924459361103471e-16
8.356399400498325122e+03 7.884635986938031858e-15 2.907159529769029589e-16
8.361279017378099525e+03 7.011488465356005183e-15 2.590138753618176951e-16
8.366158634257873928e+03 6.410359025277047631e-15 2.399129353173654490e-16
8.371038251137648331e+03 6.205078583991203592e-15 2.378743665837077963e-16
8.375917868017422734e+03 6.091549176051475365e-15 2.380920924289560323e-16
8.380797484897197137e+03 6.466018681583905239e-15 2.404454537730761264e-16
8.385677101776971540e+03 7.121180477939400054e-15 2.458033536978597042e-16
8.390556718656745943e+03 6.906887424804038445e-15 2.469775285034176839e-16
8.395436335536520346e+03 7.361500218462984367e-15 2.510572071472495468e-16
8.400315952416294749e+03 7.655671226877231579e-15 2.684999790081917371e-16
8.405195569296069152e+03 6.805222728279398984e-15 2.470644849130108746e-16
8.410075186175843555e+03 6.534513741671551956e-15 2.468985581479275439e-16
8.414954803055617958e+03 6.755961130283382530e-15 2.467535772211968966e-16
8.419834419935392361e+03 6.956288067624895644e-15 2.457581229872367005e-16
8.424714036815166764e+03 6.782178132708626134e-15 2.438512537031764011e-16
8.429593653694941167e+03 7.151831715342153215e-15 2.480461094264831511e-16
8.434473270574715571e+03 7.764615872345943249e-15 2.518932027416371693e-16
8.439352887454489974e+03 7.877173088360525764e-15 2.532609554900048197e-16
8.444232504334264377e+03 8.156421532797031607e-15 2.552513651544952597e-16
8.449112121214038780e+03 7.809971094858287427e-15 2.506402869487920349e-16
8.453991738093813183e+03 8.220493730390160850e-15 2.560516428930245442e-16
8.458871354973587586e+03 7.686104157242493356e-15 2.530697621576081194e-16
8.463750971853361989e+03 7.621376974299025058e-15 2.530498153777667755e-16
8.468630588733136392e+03 7.715354130292154119e-15 2.522320293771206434e-16
8.473510205612910795e+03 7.765381889425536926e-15 2.526545262959181605e-16
8.478389822492685198e+03 7.585842655643559567e-15 2.520628036302900970e-16
8.483269439372459601e+03 7.410779776188844282e-15 2.686478102189687924e-16
8.488149056252234004e+03 7.211733769345733216e-15 2.542215489854687526e-16
8.493028673132008407e+03 6.982916092307288964e-15 2.484343365337504416e-16
8.497908290011782810e+03 7.178739206707706877e-15 2.506313594169945112e-16
8.502787906891557213e+03 7.320004284556585074e-15 2.514488429626603487e-16
8.507667523771331616e+03 7.238832782595039616e-15 2.580602822905182775e-16
8.512547140651106020e+03 7.292473595324122527e-15 2.539263877588654713e-16
8.517426757530880423e+03 7.729525809356990760e-15 2.579552960524340399e-16
8.522306374410654826e+03 8.147998401931547385e-15 2.594442636100815682e-16
8.527185991290429229e+03 8.689204466657402336e-15 2.623335162347822054e-16
8.532065608170203632e+03 8.709427471718518163e-15 2.883212333424668083e-16
8.536945225049978035e+03 7.977401189987205071e-15 3.424134130346857341e-16
8.541824841929752438e+03 9.034827706367837226e-15 2.895183943711694513e-16
8.546704458809526841e+03 8.731572358330559278e-15 2.670282830983443267e-16
8.551584075689301244e+03 8.345932636754928203e-15 2.615041843017470126e-16
8.556463692569075647e+03 7.780472782522879217e-15 2.555377626384136976e-16
8.561343309448850050e+03 7.820503484566615730e-15 2.565405418469692324e-16
8.566222926328624453e+03 7.425617624387865027e-15 2.529051999544754565e-16
8.571102543208398856e+03 6.765755825239025326e-15 2.536699087458769739e-16
8.575982160088173259e+03 7.480585596575346887e-15 2.611403448493199016e-16
8.580861776967947662e+03 7.837044304415551153e-15 2.573335715305480079e-16
8.585741393847722065e+03 7.767055422134477426e-15 2.551793909934842734e-16
8.590621010727496468e+03 7.826712183178723035e-15 2.555074936502472488e-16
8.595500627607270872e+03 7.178638845697110507e-15 2.508590687444170025e-16
8.600380244487045275e+03 7.535669155031748290e-15 2.609965084175520629e-16
8.605259861366819678e+03 7.874742713235770317e-15 2.578084946372578111e-16
8.610139478246594081e+03 7.661631133209056590e-15 2.576829006471445569e-16
8.615019095126368484e+03 7.988536458023645558e-15 2.613592121249358013e-16
8.619898712006142887e+03 8.081363944680950053e-15 2.636250523590251916e-16
8.624778328885917290e+03 7.884687010359481235e-15 2.584379619491103630e-16
8.629657945765691693e+03 7.733072863586042880e-15 2.612588549856663365e-16
8.634537562645466096e+03 7.965235515128418719e-15 2.609201867372534214e-16
8.639417179525240499e+03 7.786854653235982236e-15 2.581435454914467781e-16
8.644296796405014902e+03 7.374631162300825120e-15 2.540205516092419150e-16
8.649176413284789305e+03 7.115957291575736505e-15 2.569126351438333899e-16
8.654056030164563708e+03 8.036715897157733480e-15 2.762235538837790071e-16
8.658935647044338111e+03 7.953759312322054888e-15 2.616068564498425759e-16
8.663815263924112514e+03 7.231869146946272761e-15 2.548457191079850505e-16
8.668694880803886917e+03 7.711469498712081966e-15 2.635552894539030976e-16
8.673574497683661320e+03 7.734268584818203462e-15 2.601739463982137258e-16
8.678454114563435724e+03 7.876198373692757262e-15 2.654054015319744329e-16
8.683333731443210127e+03 8.381338392811626607e-15 2.668634075643749837e-16
8.688213348322984530e+03 8.602009414324218787e-15 2.672066400254896941e-16
8.693092965202758933e+03 8.100371397059457144e-15 2.735096220458312311e-16
8.697972582082533336e+03 7.476206469562382467e-15 2.621293569373460923e-16
8.702852198962307739e+03 7.264952657209639788e-15 2.577928848872674057e-16
8.707731815842082142e+03 7.632463978389003495e-15 2.665047079746290914e-16
8.712611432721856545e+03 7.465864608921726688e-15 2.623069067934845683e-16
8.717491049601630948e+03 7.341428971005101926e-15 2.615536469650249684e-16
8.722370666481405351e+03 8.117581603440131854e-15 2.656752730823926099e-16
8.727250283361179754e+03 7.999818927722358286e-15 2.681396977233106069e-16
8.732129900240954157e+03 8.041115324938139154e-15 2.674274989386500661e-16
8.737009517120728560e+03 7.968732663950202772e-15 2.644131482168322016e-16
8.741889134000502963e+03 8.282350084341406218e-15 2.714457029025141941e-16
8.746768750880277366e+03 8.430601868482910655e-15 2.734181447430006072e-16
8.751648367760051769e+03 7.837491158240532591e-15 2.696991064960918524e-16
8.756527984639826172e+03 7.606460485212480534e-15 2.718889323178042528e-16
8.761407601519600576e+03 7.546319006584276558e-15 2.648344855432367731e-16
8.766287218399374979e+03 6.823518749283862919e-15 2.585084792250693543e-16
8.771166835279149382e+03 6.939162295441285747e-15 2.803536352791462175e-16
8.776046452158923785e+03 7.300135225980377011e-15 2.689205492763039744e-16
8.780926069038698188e+03 7.308575830747185472e-15 2.629018984854351779e-16
8.785805685918472591e+03 7.433688616316582579e-15 2.627153739465170371e-16
8.790685302798246994e+03 7.344850104142298561e-15 2.695835902535521015e-16
8.795564919678021397e+03 7.426728595073161467e-15 2.694849732965883252e-16
8.800444536557795800e+03 7.703944303239404772e-15 2.682789445908996292e-16
8.805324153437570203e+03 7.755704554113905039e-15 2.725988628872609295e-16
8.810203770317344606e+03 7.709900147329133204e-15 2.718580759799131019e-16
8.815083387197119009e+03 7.958062702082637055e-15 2.695371483875790166e-16
8.819963004076893412e+03 7.351490284024929087e-15 2.712114466459497091e-16
8.824842620956667815e+03 7.350082942975278021e-15 2.710836946052683351e-16
8.829722237836442218e+03 6.999721242155068447e-15 2.704633661109623743e-16
8.834601854716216621e+03 6.599326055124831530e-15 2.679158943452679041e-16
8.839481471595991025e+03 7.406827585917854788e-15 2.681931105135801592e-16
8.844361088475765428e+03 7.426174402005313342e-15 2.969923742570375233e-16
8.849240705355539831e+03 7.514934538803507045e-15 2.721922123211344548e-16
8.854120322235314234e+03 7.109292776847524361e-15 2.635805641342597504e-16
8.858999939115088637e+03 6.804318878435403553e-15 2.655018216137528280e-16
8.863879555994863040e+03 6.091798212606576718e-15 2.695863537020636091e-16
8.868759172874637443e+03 6.436334007488258469e-15 2.798240323274329721e-16
8.873638789754411846e+03 7.581941166384241924e-15 2.726958591018188291e-16
8.878518406634186249e+03 7.174529419382181056e-15 2.657770333050727300e-16
8.883398023513960652e+03 7.253992977141309699e-15 2.824573281206550985e-16
8.888277640393735055e+03 6.484397214684399553e-15 2.988102425998370763e-16
8.893157257273509458e+03 6.404236690960766234e-15 2.657875374752258484e-16
8.898036874153283861e+03 5.896719506669386845e-15 2.868411945033326560e-16
8.902916491033058264e+03 6.135717152404700433e-15 2.635214936609103070e-16
8.907796107912832667e+03 6.012267856336911532e-15 2.748994983592673147e-16
8.912675724792607070e+03 6.155225213035702136e-15 2.720935326354642840e-16
8.917555341672381473e+03 6.309141770828895083e-15 2.639031119282527857e-16
8.922434958552155877e+03 6.718986652304668729e-15 3.235770228483768692e-16
8.927314575431930280e+03 6.537670111512969318e-15 2.714772969694250916e-16
8.932194192311704683e+03 5.943927375677397236e-15 2.609939532329644452e-16
8.937073809191479086e+03 5.529437503244590259e-15 2.691729787617104427e-16
8.941953426071253489e+03 5.452966709912403048e-15 2.603167844308662861e-16
8.946833042951027892e+03 5.422815394045686633e-15 2.573593331480336801e-16
8.951712659830802295e+03 5.590718251430833322e-15 2.602109385438177627e-16
8.956592276710576698e+03 6.179385078279190372e-15 2.674828964648609906e-16
8.961471893590351101e+03 6.839338917048789921e-15 3.131003519619943828e-16
8.966351510470125504e+03 6.641462049889573745e-15 2.716905605200442563e-16
8.971231127349899907e+03 5.785089341719705353e-15 2.650065900224501567e-16
8.976110744229674310e+03 5.852561766272176522e-15 2.652761743780209842e-16
8.980990361109448713e+03 6.481505884046597533e-15 2.754748740344766309e-16
8.985869977989223116e+03 6.657759702782887878e-15 2.739810566781887926e-16
8.990749594868997519e+03 6.601336323998120588e-15 2.743503629463093919e-16
8.995629211748771922e+03 6.423980599174391392e-15 2.733187854871018814e-16
9.000508828628546325e+03 6.583350653590833168e-15 2.956720491436610235e-16
9.005388445508320729e+03 5.900331502144859059e-15 2.683109301226523851e-16
9.010268062388095132e+03 5.631380692786836810e-15 2.659917692303998103e-16
9.015147679267869535e+03 5.926389650650600912e-15 2.688602621539928339e-16
9.020027296147643938e+03 5.890430620349038248e-15 2.693886864244302265e-16
9.024906913027418341e+03 6.592766153048668085e-15 2.796273466341197985e-16
9.029786529907192744e+03 6.176484956444052119e-15 3.353391240933636425e-16
9.034666146786967147e+03 6.856791452017234552e-15 2.842282481154466042e-16
9.039545763666741550e+03 6.063323229094435303e-15 2.799510809340184569e-16
9.044425380546515953e+03 6.432487084420731014e-15 2.804071467881227739e-16
9.049304997426290356e+03 6.649725088541421605e-15 2.791630260661621109e-16
9.054184614306064759e+03 6.769375505703198089e-15 2.799950389042478167e-16
9.059064231185839162e+03 5.652154762770061483e-15 2.759046669968364157e-16
9.063943848065613565e+03 5.761084150050073114e-15 2.806564134330133179e-16
9.068823464945387968e+03 5.519906873996503420e-15 2.791075230370854118e-16
9.073703081825162371e+03 4.897111357511616534e-15 2.728333274321022295e-16
9.078582698704936774e+03 5.252141283100136535e-15 2.763596271544190550e-16
9.083462315584711178e+03 4.670779610148939120e-15 2.698274446492224524e-16
9.088341932464485581e+03 5.416412639162616564e-15 2.726457972508339150e-16
9.093221549344259984e+03 6.209285384145749241e-15 2.801965327565575645e-16
9.098101166224034387e+03 5.848851221406198353e-15 2.788175085305614945e-16
9.102980783103808790e+03 5.484807713393204419e-15 2.855439244237479898e-16
9.107860399983583193e+03 5.352086831090544528e-15 2.749062839589309869e-16
9.112740016863357596e+03 6.070037611977161490e-15 2.986702771581105720e-16
9.117619633743131999e+03 6.119741353565787050e-15 2.858721440380785499e-16
9.122499250622906402e+03 6.117908212382910930e-15 2.921760079229817700e-16
9.127378867502680805e+03 6.338119261965083939e-15 2.850974815461387763e-16
9.132258484382455208e+03 6.328457872227440154e-15 2.881042789577072798e-16
9.137138101262229611e+03 5.879709257851854821e-15 2.796760389052719989e-16
9.142017718142004014e+03 5.797653485938796554e-15 2.834295285521068844e-16
9.146897335021778417e+03 5.634838530330932021e-15 2.835468194947158283e-16
9.151776951901552820e+03 5.488914075841840351e-15 2.901727990794694616e-16
9.156656568781327223e+03 5.415251222397967906e-15 2.795953247729808702e-16
9.161536185661101626e+03 5.116501529361959769e-15 2.847625181593609141e-16
9.166415802540876030e+03 5.171586691841325886e-15 2.816662145743936566e-16
9.171295419420650433e+03 5.385119084934713473e-15 2.810383602842435709e-16
9.176175036300424836e+03 5.764623136648160393e-15 2.859708957041666557e-16
9.181054653180199239e+03 6.177462928066076988e-15 2.975960125936735072e-16
9.185934270059973642e+03 6.355740739079505106e-15 2.898429244056903459e-16
9.190813886939748045e+03 6.506656573709482459e-15 2.912518081092273369e-16
9.195693503819522448e+03 6.805472924430747706e-15 2.970831631735248656e-16
9.200573120699296851e+03 5.678894954609413038e-15 2.856642890183453432e-16
9.205452737579071254e+03 5.627263592375420323e-15 2.983112409985832090e-16
9.210332354458845657e+03 5.215579818129955794e-15 2.855490788469188530e-16
9.215211971338620060e+03 4.930529479045208678e-15 2.806048140628643403e-16
9.220091588218394463e+03 4.545563493002283724e-15 2.789333055441762451e-16
9.259128523256589688e+03 6.339129417611135345e-15 3.098989325497016012e-16
9.264008140136364091e+03 6.573163023018675601e-15 3.052359609209704980e-16
9.268887757016138494e+03 6.485512565453188244e-15 3.105269164434068052e-16
9.273767373895912897e+03 5.504590297120777327e-15 3.023874497758147875e-16
9.278646990775687300e+03 5.894041424211641957e-15 3.074290825379074936e-16
9.283526607655461703e+03 5.259886433255824016e-15 3.022748120387322229e-16
9.288406224535236106e+03 5.151486034825795393e-15 2.970384061902257726e-16
9.293285841415010509e+03 5.266672102722238745e-15 3.006403686858258428e-16
9.298165458294784912e+03 5.092808964698209631e-15 3.013103896607515392e-16
9.303045075174559315e+03 4.719423732455242593e-15 2.973428504202572118e-16
9.307924692054333718e+03 5.066175842361801209e-15 3.024964114906936797e-16
9.312804308934108121e+03 5.241532030383919103e-15 3.097732754204581339e-16
9.317683925813882524e+03 5.141973849216104490e-15 3.250480167747076152e-16
9.322563542693656927e+03 5.006314975610018036e-15 3.075029197365549546e-16
9.327443159573431331e+03 5.137357816656486338e-15 3.168026342167281835e-16
9.332322776453205734e+03 6.270765107635591410e-15 3.475610402141213354e-16
9.337202393332980137e+03 6.008500445676889625e-15 3.204302949810348554e-16
9.342082010212754540e+03 6.205425353203392548e-15 3.317693618961552100e-16
9.346961627092528943e+03 5.785377647099280135e-15 3.280508841416428790e-16
9.351841243972303346e+03 6.204011389094742821e-15 3.304761934186511971e-16
9.356720860852077749e+03 5.499475147887043227e-15 3.249930797779601780e-16
9.361600477731852152e+03 5.789433608870848191e-15 3.232946174380435847e-16
9.366480094611626555e+03 5.872206840132615996e-15 3.380104031947674702e-16
9.371359711491400958e+03 5.762531732176211514e-15 3.261270930121610570e-16
9.376239328371175361e+03 4.946691039832415702e-15 3.187229301236879124e-16
9.381118945250949764e+03 4.520450241189029017e-15 3.210945335864415532e-16
9.385998562130724167e+03 4.179859677222274125e-15 3.158547381755473272e-16
9.390878179010498570e+03 4.438969741170112326e-15 3.265249758920659704e-16
9.395757795890272973e+03 4.698456739427465289e-15 3.251403074929426411e-16
9.400637412770047376e+03 4.944180799825044516e-15 3.274273297598452160e-16
9.405517029649821779e+03 5.251434585206439556e-15 3.361203327989584789e-16
9.410396646529596183e+03 5.805558735558107892e-15 3.394343077216686708e-16
9.415276263409370586e+03 5.559970062336381461e-15 2.602129545446665790e-16
9.420155880289144989e+03 5.198613044763485819e-15 3.704426332318369900e-16
9.425035497168919392e+03 5.639603885870039884e-15 3.426680056112956312e-16
9.429915114048693795e+03 4.219929075071434599e-15 3.319678982418604565e-16
9.434794730928468198e+03 4.416650201174544916e-15 3.354239478106262724e-16
9.439674347808242601e+03 4.312964557691372276e-15 3.456041550958937112e-16
9.444553964688017004e+03 4.641033911543166238e-15 3.504094754776072110e-16
9.449433581567791407e+03 4.297299491309617105e-15 3.394395430025697568e-16
9.454313198447565810e+03 4.720867661850773548e-15 3.465037123014664708e-16
9.459192815327340213e+03 4.232998043387770566e-15 3.495921180663281153e-16
9.464072432207114616e+03 4.130852824920859843e-15 3.796874192528724832e-16
9.468952049086889019e+03 4.416439717671687771e-15 3.591955290646001602e-16
9.473831665966663422e+03 4.318893676164290445e-15 3.495635300913698240e-16
9.478711282846437825e+03 4.283715407068369783e-15 3.510398514530398379e-16
9.483590899726212228e+03 5.299279937778650135e-15 3.637058206680422336e-16
9.488470516605986631e+03 4.760495099177099788e-15 3.642429278117797638e-16
9.493350133485761035e+03 5.660070046084303988e-15 3.768176692525199305e-16
9.498229750365535438e+03 5.094939625531508429e-15 3.670469701071947307e-16
9.503109367245309841e+03 4.877359253380306227e-15 3.717579094417900740e-16
9.507988984125084244e+03 5.247135034549550571e-15 3.775864480631791765e-16
9.512868601004858647e+03 5.113434323285041592e-15 3.983497901569593020e-16
9.517748217884633050e+03 4.810762967468522830e-15 3.777809723894707952e-16
9.522627834764407453e+03 4.838715408165137048e-15 3.750461606724737985e-16
9.527507451644181856e+03 4.502195808857696707e-15 3.763364425091488313e-16
9.532387068523956259e+03 4.944064973544311035e-15 3.825161969086945132e-16
9.537266685403730662e+03 4.664401527400570339e-15 3.803705533424024777e-16
9.542146302283505065e+03 3.902932319691807895e-15 3.752355176923903340e-16
9.547025919163279468e+03 1.089496808933916842e-15 4.437440697234450834e-16
9.551905536043053871e+03 3.662898512358215951e-15 3.731857596800933652e-16
9.556785152922828274e+03 3.439801296827255640e-15 3.766359662923152179e-16
9.561664769802602677e+03 3.068581696360482483e-15 3.693934483846750570e-16
9.566544386682377080e+03 2.871814438547148962e-15 3.775237250185259437e-16
9.571424003562151483e+03 4.133313504480009186e-15 3.944105411443382788e-16
9.576303620441925887e+03 3.162625289014595523e-15 3.704635483110158281e-16
9.581183237321700290e+03 4.025605182460633505e-15 3.881867826460816474e-16
9.586062854201474693e+03 3.937206900351138260e-15 3.821675683908416874e-16
9.590942471081249096e+03 3.974569353084076492e-15 3.920672531278947057e-16
9.595822087961023499e+03 3.695318690988456620e-15 3.940043162093389087e-16
9.600701704840797902e+03 4.663545855160331814e-15 3.897564449601272187e-16
9.605581321720572305e+03 4.154902159817421430e-15 3.913335692337734260e-16
9.610460938600346708e+03 4.609455647011690521e-15 4.067566445580216362e-16
9.615340555480121111e+03 4.604304802300656246e-15 4.059981228878254516e-16
9.620220172359895514e+03 4.750737287289015658e-15 4.172952375186513501e-16
9.625099789239669917e+03 4.287721833569917304e-15 4.392410678939838284e-16
9.629979406119444320e+03 3.708663653362307338e-15 3.954966047852938413e-16
9.634859022999218723e+03 3.943053960041776618e-15 3.921994558106499756e-16
9.639738639878993126e+03 3.897549194424911470e-15 3.917243883314589819e-16
9.644618256758767529e+03 4.211181779409621628e-15 3.965420656859338876e-16
9.649497873638541932e+03 3.624338490743982132e-15 3.929810749800001885e-16
9.654377490518316336e+03 3.525196414659074852e-15 4.025986721348193923e-16
9.659257107398090739e+03 3.473192849297564151e-15 3.934247193411852598e-16
9.664136724277865142e+03 3.481978876753049732e-15 3.965362960915384105e-16
9.669016341157639545e+03 3.026928476189716571e-15 4.067696640631089636e-16
9.673895958037413948e+03 2.800965800147992082e-15 3.972643863117500787e-16
9.678775574917188351e+03 2.835030329155674067e-15 4.220042357936637673e-16
9.683655191796962754e+03 3.829610643494041067e-15 4.133701045469961131e-16
9.688534808676737157e+03 3.486385592075517341e-15 4.046151408567988321e-16
9.693414425556511560e+03 4.329826192692804594e-15 4.136466763227237885e-16
9.698294042436285963e+03 4.664239395090729602e-15 4.295912107248735121e-16
9.703173659316060366e+03 3.869220731292867347e-15 4.346197277422362082e-16
9.708053276195834769e+03 4.614878921919936728e-15 4.344694783856567346e-16
9.712932893075609172e+03 4.218983583029551599e-15 4.227421801708187021e-16
9.717812509955383575e+03 4.016381011045597080e-15 4.225250382498559646e-16
9.722692126835157978e+03 4.717310450585476833e-15 4.339499780974184497e-16
9.727571743714932381e+03 2.814995242856069189e-15 4.244710773654850911e-16
9.732451360594706784e+03 3.265879310981024913e-15 4.220313506051473588e-16
9.737330977474481188e+03 2.495485046615149665e-15 4.238384649302350946e-16
9.742210594354255591e+03 2.478471865225827093e-15 4.220793046164872090e-16
9.747090211234029994e+03 3.035074897729012373e-15 4.384410607533165461e-16
9.751969828113804397e+03 2.680325387583627492e-15 4.222984593635566952e-16
9.756849444993578800e+03 3.463398029964559036e-15 4.322594592235444213e-16
9.761729061873353203e+03 2.342405947154672267e-15 4.241249363465847526e-16
9.766608678753127606e+03 2.815701360415850522e-15 4.314601647062472635e-16
9.771488295632902009e+03 4.136278400895097321e-15 4.449504932823681582e-16
9.776367912512676412e+03 3.907991856906101222e-15 4.461091685189719442e-16
9.781247529392450815e+03 3.855759953491950553e-15 4.478680069860417199e-16
9.786127146272225218e+03 3.606829892668700959e-15 4.518764361074335163e-16
9.791006763151999621e+03 3.357811011721848120e-15 4.502068593910642120e-16
9.795886380031774024e+03 4.697414809437716378e-15 4.605129595200555680e-16
9.800765996911548427e+03 3.947981363038036330e-15 4.585625508274097125e-16
9.805645613791322830e+03 4.091122314103512910e-15 4.607160502524355304e-16
9.810525230671097233e+03 3.847423590432750015e-15 4.646890442408512823e-16
9.815404847550871636e+03 3.052216572959186812e-15 4.574483971670727534e-16
9.820284464430646040e+03 2.857386676816771395e-15 4.569197723991971635e-16
9.825164081310420443e+03 2.719426034401085775e-15 4.719035912397263495e-16
9.830043698190194846e+03 2.717652070231413841e-15 4.639937717217413688e-16
9.834923315069969249e+03 2.782712289637269323e-15 4.722600119502283438e-16
9.839802931949743652e+03 3.405946008205235718e-15 4.744604762743925017e-16
9.844682548829518055e+03 3.070432812149925979e-15 5.715376516817664929e-16
9.849562165709292458e+03 2.967041898505534808e-15 4.426158819284889935e-16
9.854441782589066861e+03 2.994244167556737200e-15 4.834717798309102485e-16
9.859321399468841264e+03 3.501967042301783439e-15 4.847174455481142458e-16
9.864201016348615667e+03 4.126479642862082833e-15 4.930880740437173137e-16
9.869080633228390070e+03 3.345602501886786188e-15 5.053835276774618495e-16
9.873960250108164473e+03 3.376409048915553453e-15 4.972939439905593077e-16
9.878839866987938876e+03 2.541184747532085676e-15 5.158041629236600761e-16
9.883719483867713279e+03 2.739116475281532298e-15 5.033542294800675087e-16
9.888599100747487682e+03 2.326518495966402790e-15 6.214497928303279198e-16
9.893478717627262085e+03 2.517404025058968052e-15 5.861613125969547559e-16
9.898358334507036489e+03 2.329422995379232404e-15 5.021210455810760980e-16
9.903237951386810892e+03 1.748317330777656581e-15 5.102375793302701333e-16
9.908117568266585295e+03 2.624766104251431114e-15 5.057501250470494998e-16
9.912997185146359698e+03 2.914734369559451492e-15 5.164655561534131528e-16
9.917876802026134101e+03 2.204452215984768350e-15 5.232990760347293371e-16
9.922756418905908504e+03 2.780371289800056123e-15 5.322168554949325868e-16
9.927636035785682907e+03 3.405205946810899537e-15 5.395349303579239546e-16
9.932515652665457310e+03 2.800618684259837824e-15 5.288552278022083237e-16
9.937395269545231713e+03 2.692003321725997442e-15 5.316614627571480245e-16
9.942274886425006116e+03 3.071212660454355461e-15 5.411382184436333232e-16
9.947154503304780519e+03 2.909208120404518147e-15 5.397337504637619697e-16
9.952034120184554922e+03 3.524903362709591598e-15 5.587729137991888043e-16
9.956913737064329325e+03 3.611561689063411824e-15 5.756530989737958257e-16
9.961793353944103728e+03 3.829485410030595841e-15 6.620721900185407243e-16
9.966672970823878131e+03 1.892569124488830030e-15 7.699992182289027744e-16
9.971552587703652534e+03 3.499690007200636235e-15 7.302933748249801287e-16
9.976432204583426937e+03 3.556930453424011231e-15 6.811402290810948996e-16
9.981311821463201341e+03 2.308410330072909201e-15 5.919194571098277803e-16
9.986191438342975744e+03 1.752101181918910066e-15 5.828176163096931120e-16
9.991071055222750147e+03 2.061590186932842934e-15 5.805555272853987995e-16
9.995950672102524550e+03 2.027820549334242992e-15 5.844243854050662085e-16
1.000083028898229895e+04 2.782847433030531359e-15 5.993707481267302464e-16
1.000570990586207336e+04 3.064790311886576823e-15 6.010927911387067754e-16
1.001058952274184776e+04 2.910832001911961825e-15 6.069832341740477066e-16
1.001546913962162216e+04 2.226264523045410131e-15 6.088098677233704526e-16
1.002034875650139656e+04 3.118557116605658591e-15 6.326951977273143946e-16
1.002522837338117097e+04 2.417850900097814284e-15 6.291812463170597566e-16
1.003010799026094537e+04 1.770209076366259947e-15 6.245638874440095384e-16
1.003498760714071977e+04 1.215860736304751745e-15 6.342810953252643356e-16
1.003986722402049418e+04 1.570813588829599343e-15 6.450355346624446839e-16
1.004474684090026858e+04 2.330020843464637446e-15 6.491279175744980903e-16
1.004962645778004298e+04 1.637412799736297018e-15 6.521653608918650889e-16
1.005450607465981739e+04 2.739839724389230770e-15 6.770147245472122481e-16
1.005938569153959179e+04 2.961848827826442487e-15 6.753445222336995099e-16
1.006426530841936619e+04 2.527424925071979078e-15 6.834396094789664336e-16
1.006914492529914060e+04 1.927777787789754077e-15 6.976364179714083738e-16
1.007402454217891500e+04 2.745242369679740993e-15 7.343485888694525219e-16
1.007890415905868940e+04 3.524721949473200122e-15 7.124969456304347574e-16
1.008378377593846380e+04 3.431622911829989870e-15 7.358730687486646596e-16
1.008866339281823821e+04 3.617864861159810020e-15 8.051588729848605935e-16
1.009354300969801261e+04 3.888203567788560686e-15 8.633672025697166436e-16
1.009842262657778701e+04 2.708440005378087115e-15 8.186095738634509003e-16
1.010330224345756142e+04 2.673249604385775420e-15 7.829218040413901119e-16
1.010818186033733582e+04 1.638603315606022311e-15 7.685325793197519446e-16
1.011306147721711022e+04 1.792889447451892433e-15 7.955463552427185429e-16
1.011794109409688463e+04 2.006119073976332393e-15 8.644821967208124980e-16
1.012282071097665903e+04 2.907599607485833464e-15 9.063267701442762175e-16
1.012770032785643343e+04 2.081968401282329766e-15 8.292828303327804018e-16
1.013257994473620784e+04 1.731374681696138031e-15 8.494248898450666459e-16
1.013745956161598224e+04 2.436591576240038196e-15 8.516765352928267451e-16
1.014233917849575664e+04 1.801156558460023303e-15 8.796548695010734982e-16
1.014721879537553104e+04 2.663588514330852514e-15 9.051989912628183791e-16
1.015209841225530545e+04 3.219482837335805591e-15 9.229998099647466390e-16
1.015697802913507985e+04 3.087385259736308972e-15 9.702937114556964253e-16
1.016185764601485425e+04 3.372965734905275593e-15 9.775133685801029944e-16
1.016673726289462866e+04 1.621907751025515402e-15 9.598265418315023973e-16
1.017161687977440306e+04 1.299289848561440239e-15 9.869308837011396161e-16
1.017649649665417746e+04 1.474046221198924264e-15 1.018950306797815448e-15
1.018137611353395187e+04 1.012791423531752337e-15 1.007416755758699698e-15
1.018625573041372627e+04 1.524508920766636912e-15 1.031770428436679557e-15
1.019113534729350067e+04 2.824970131119237634e-15 1.063396866355556744e-15
1.019601496417327508e+04 4.064289132195056527e-15 1.095770434941831739e-15
1.020089458105304948e+04 4.537572173829532064e-15 1.123892444064374442e-15
1.020577419793282388e+04 3.883281921648894333e-15 1.150494446627058032e-15
1.021065381481259828e+04 4.735933247251322083e-15 1.198855401592892158e-15
1.021553343169237269e+04 3.799585416120034097e-15 1.234976600861157664e-15
1.022041304857214709e+04 1.787261180184877403e-15 1.268835176977514156e-15
1.022529266545192149e+04 1.347068938251539511e-15 1.294046572177698275e-15
