# SN1993J-STIS o5i230020 G140L MAMA z=0.000113 a2center=386.6 extrsize=11 exptime=3400.0 mode=fixed flags=none
# rest_wvl obs_wvl flux error net dq mask
1118.9932 1119.1196 0.000000e+00 0.000000e+00 5.218400e-04 2564 0
1119.5769 1119.7034 0.000000e+00 0.000000e+00 8.181558e-04 2564 0
1120.1605 1120.2871 0.000000e+00 0.000000e+00 -7.073606e-05 2564 0
1120.7442 1120.8709 0.000000e+00 0.000000e+00 5.218392e-04 2564 0
1121.3279 1121.4546 0.000000e+00 0.000000e+00 -3.265347e-04 2560 0
1121.9116 1122.0383 0.000000e+00 0.000000e+00 -4.467889e-06 512 0
1122.4952 1122.6221 0.000000e+00 0.000000e+00 2.876909e-04 512 0
1123.0789 1123.2058 0.000000e+00 0.000000e+00 -7.290946e-07 512 0
1123.6626 1123.7895 0.000000e+00 0.000000e+00 7.600174e-07 512 0
1124.2462 1124.3733 0.000000e+00 0.000000e+00 -1.782950e-05 512 0
1124.8299 1124.9570 0.000000e+00 0.000000e+00 1.562004e-04 512 0
1125.4136 1125.5407 0.000000e+00 0.000000e+00 -5.007757e-04 512 0
1125.9972 1126.1245 0.000000e+00 0.000000e+00 -4.481685e-04 512 0
1126.5809 1126.7082 0.000000e+00 0.000000e+00 -5.101627e-04 512 0
1127.1646 1127.2919 0.000000e+00 0.000000e+00 -5.084103e-04 512 0
1127.7482 1127.8756 0.000000e+00 0.000000e+00 7.837816e-05 512 0
1128.3319 1128.4594 0.000000e+00 0.000000e+00 -5.157699e-04 512 0
1128.9155 1129.0431 0.000000e+00 0.000000e+00 -2.222255e-04 512 0
1129.4992 1129.6268 0.000000e+00 0.000000e+00 -5.232941e-04 512 0
1130.0828 1130.2105 0.000000e+00 0.000000e+00 -5.256826e-04 512 0
1130.6665 1130.7942 0.000000e+00 0.000000e+00 -2.342054e-04 512 0
1131.2501 1131.3780 0.000000e+00 0.000000e+00 7.060776e-05 512 0
1131.8338 1131.9617 0.000000e+00 0.000000e+00 -1.992660e-04 512 0
1132.4174 1132.5454 0.000000e+00 0.000000e+00 -5.366018e-04 512 0
1133.0011 1133.1291 0.000000e+00 0.000000e+00 -2.511734e-04 512 0
1133.5847 1133.7128 0.000000e+00 0.000000e+00 6.099427e-04 512 0
1134.1684 1134.2965 0.000000e+00 0.000000e+00 -5.429154e-04 512 0
1134.7520 1134.8802 0.000000e+00 0.000000e+00 -2.587773e-04 512 0
1135.3356 1135.4639 0.000000e+00 0.000000e+00 -5.493817e-04 512 0
1135.9193 1136.0476 0.000000e+00 0.000000e+00 -5.516532e-04 512 0
1136.5029 1136.6313 0.000000e+00 0.000000e+00 3.738192e-05 512 0
1137.0865 1137.2150 0.000000e+00 0.000000e+00 -5.562822e-04 512 0
1137.6702 1137.7987 0.000000e+00 0.000000e+00 -5.586018e-04 512 0
1138.2538 1138.3824 -1.793693e-14 3.680820e-18 -5.632520e-04 0 0
1138.8374 1138.9661 -6.096908e-15 1.259042e-18 -5.663696e-04 0 0
1139.4211 1139.5498 -1.678651e-15 1.986316e-15 -2.593205e-04 0 0
1140.0047 1140.1335 -2.646981e-15 5.512686e-19 -5.724491e-04 0 0
1140.5883 1140.7172 -1.029741e-15 1.017011e-15 -2.867290e-04 0 0
1141.1719 1141.3009 -7.650540e-16 8.807267e-16 -2.688881e-04 0 0
1141.7556 1141.8846 -6.428237e-16 6.513543e-16 -2.862551e-04 0 0
1142.3392 1142.4683 -4.942482e-16 5.576896e-16 -2.727713e-04 0 0
1142.9228 1143.0519 -8.546952e-16 1.736859e-19 -5.844430e-04 0 0
1143.5064 1143.6356 -7.065211e-16 1.382344e-19 -5.848915e-04 0 0
1144.0900 1144.2193 -5.877835e-16 1.117806e-19 -5.858694e-04 0 0
1144.6736 1144.8030 3.183696e-17 3.791364e-16 3.735215e-05 0 0
1145.2573 1145.3867 -4.325488e-16 8.190799e-20 -5.906108e-04 0 0
1145.8409 1145.9703 -1.867278e-16 1.935082e-16 -2.914116e-04 0 0
1146.4245 1146.5540 -1.609116e-16 1.783587e-16 -2.834636e-04 0 0
1147.0081 1147.1377 -1.506247e-16 1.552609e-16 -2.957844e-04 0 0
1147.5917 1147.7214 1.160679e-17 2.051036e-16 2.515520e-05 0 0
1148.1753 1148.3050 -2.538182e-16 4.732667e-20 -6.022108e-04 0 0
1148.7589 1148.8887 -2.339125e-16 4.295003e-20 -6.037208e-04 0 0
1149.3425 1149.4724 -1.110548e-16 1.070695e-16 -3.103412e-04 0 0
1149.9261 1150.0560 -2.008679e-16 3.564124e-20 -6.065809e-04 0 0
1150.5097 1150.6397 9.705202e-17 1.650450e-16 3.156384e-04 0 0
1151.0933 1151.2234 -9.525697e-17 7.928188e-17 -3.336068e-04 0 0
1151.6769 1151.8070 -1.640243e-16 3.061768e-20 -6.162488e-04 0 0
1152.2605 1152.3907 -7.390396e-18 1.032797e-16 -2.973765e-05 0 0
1152.8441 1152.9744 -7.789905e-17 6.694341e-17 -3.343386e-04 0 0
1153.4277 1153.5580 -7.139236e-17 6.458096e-17 -3.256768e-04 0 0
1154.0113 1154.1417 1.756191e-16 1.363874e-16 8.479282e-04 0 0
1154.5949 1154.7253 -6.560047e-17 5.760771e-17 -3.333720e-04 0 0
1155.1785 1155.3090 -7.487934e-18 7.795876e-17 -3.989879e-05 0 0
1155.7620 1155.8926 -5.911166e-17 5.432874e-17 -3.280660e-04 0 0
1156.3456 1156.4763 -5.752328e-17 5.219053e-17 -3.316322e-04 0 0
1156.9292 1157.0599 -1.063137e-16 1.889486e-20 -6.333220e-04 0 0
1157.5128 1157.6436 4.185756e-17 8.404993e-17 2.572209e-04 0 0
1158.0964 1158.2272 -7.682690e-18 6.623503e-17 -4.853471e-05 0 0
1158.6799 1158.8109 -1.052473e-17 6.205032e-17 -6.829482e-05 0 0
1159.2635 1159.3945 -9.622368e-17 1.676033e-20 -6.404638e-04 0 0
1159.8471 1159.9782 -4.922583e-17 4.497297e-17 -3.359817e-04 0 0
1160.4307 1160.5618 -9.195372e-17 1.586658e-20 -6.438199e-04 0 0
1161.0142 1161.1454 -8.886731e-18 5.758500e-17 -6.380532e-05 0 0
1161.5978 1161.7291 4.213634e-17 7.524953e-17 3.102946e-04 0 0
1162.1814 1162.3127 -4.944666e-17 3.649886e-17 -3.732653e-04 0 0
1162.7650 1162.8964 7.307715e-17 7.885112e-17 5.651362e-04 0 0
1163.3485 1163.4800 -4.702289e-17 3.520130e-17 -3.722773e-04 0 0
1163.9321 1164.0636 2.763433e-17 6.290499e-17 2.236377e-04 0 0
1164.5157 1164.6472 2.694814e-17 6.137140e-17 2.227523e-04 0 0
1165.0992 1165.2309 -5.093828e-18 5.159048e-17 -4.290818e-05 0 0
1165.6828 1165.8145 1.027149e-16 8.128832e-17 8.811913e-04 0 0
1166.2663 1166.3981 -1.017833e-17 4.648800e-17 -8.875941e-05 0 0
1166.8499 1166.9817 -4.073079e-17 3.279453e-17 -3.609342e-04 0 0
1167.4335 1167.5654 -4.175822e-17 3.216244e-17 -3.757231e-04 0 0
1168.0170 1168.1490 -4.153796e-17 3.146472e-17 -3.794569e-04 0 0
1168.6006 1168.7326 -1.069536e-17 4.322410e-17 -9.923876e-05 0 0
1169.1841 1169.3162 -7.111486e-17 1.204877e-20 -6.702938e-04 0 0
1169.7677 1169.8998 -6.045578e-18 4.525370e-17 -5.797931e-05 0 0
1170.3512 1170.4835 -3.899014e-17 2.990777e-17 -3.805050e-04 0 0
1170.9348 1171.0671 -7.334943e-18 4.201189e-17 -7.297861e-05 0 0
1171.5183 1171.6507 7.639293e-17 6.398423e-17 7.747972e-04 0 0
1172.1018 1172.2343 -3.740862e-17 2.812912e-17 -3.870881e-04 0 0
1172.6854 1172.8179 -9.584533e-18 3.860432e-17 -1.011521e-04 0 0
1173.2689 1173.4015 1.263548e-16 7.177156e-17 1.359608e-03 0 0
1173.8525 1173.9851 -3.346015e-17 2.871642e-17 -3.669245e-04 0 0
1174.4360 1174.5687 -7.688362e-18 3.784399e-17 -8.578680e-05 0 0
1175.0195 1175.1523 4.528354e-17 5.235642e-17 5.139670e-04 0 0
1175.6031 1175.7359 1.752069e-17 4.451715e-17 2.018507e-04 0 0
1176.1866 1176.3195 -7.400821e-18 3.646269e-17 -8.651876e-05 0 0
1176.7702 1176.9031 3.907055e-17 4.865889e-17 4.626396e-04 0 0
1177.3537 1177.4867 9.108553e-17 6.049559e-17 1.092265e-03 0 0
1177.9372 1178.0703 1.593549e-16 7.214180e-17 1.933264e-03 0 0
1178.5207 1178.6539 2.118961e-16 8.098869e-17 2.600505e-03 0 0
1179.1043 1179.2375 6.015043e-17 5.190552e-17 7.466350e-04 0 0
1179.6878 1179.8211 1.551336e-16 7.041834e-17 1.947577e-03 0 0
1180.2713 1180.4047 2.837624e-16 8.741174e-17 3.605022e-03 0 0
1180.8548 1180.9883 3.996932e-16 1.042289e-16 5.138319e-03 0 0
1181.4384 1181.5719 4.250200e-16 1.023199e-16 5.531900e-03 0 0
1182.0219 1182.1554 4.227140e-16 1.039055e-16 5.569887e-03 0 0
1182.6054 1182.7390 5.974207e-16 1.187179e-16 7.970836e-03 0 0
1183.1889 1183.3226 3.513520e-16 9.254071e-17 4.746208e-03 0 0
1183.7724 1183.9062 6.095149e-16 1.186485e-16 8.335143e-03 0 0
1184.3559 1184.4898 4.610778e-16 1.046716e-16 6.382382e-03 0 0
1184.9395 1185.0733 3.516836e-16 8.991380e-17 4.925412e-03 0 0
1185.5230 1185.6569 6.496748e-16 1.218398e-16 9.205121e-03 0 0
1186.1065 1186.2405 5.439982e-16 1.083399e-16 7.794364e-03 0 0
1186.6900 1186.8241 3.497370e-16 9.137124e-17 5.066892e-03 0 0
1187.2735 1187.4076 4.010913e-16 9.385291e-17 5.874665e-03 0 0
1187.8570 1187.9912 5.984601e-16 1.127591e-16 8.861026e-03 0 0
1188.4405 1188.5748 4.830884e-16 1.004782e-16 7.231522e-03 0 0
1189.0240 1189.1584 2.826037e-16 7.983812e-17 4.276657e-03 0 0
1189.6075 1189.7419 2.501039e-16 7.418391e-17 3.827686e-03 0 0
1190.1910 1190.3255 1.647385e-16 6.382628e-17 2.549581e-03 0 0
1190.7745 1190.9090 2.076207e-16 6.773590e-17 3.250688e-03 0 0
1191.3580 1191.4926 2.904436e-16 7.929277e-17 4.600079e-03 0 0
1191.9415 1192.0762 2.250201e-16 6.967840e-17 3.605269e-03 0 0
1192.5250 1192.6597 2.328705e-16 7.161781e-17 3.774059e-03 0 0
1193.1085 1193.2433 1.710939e-16 6.207710e-17 2.803803e-03 0 0
1193.6919 1193.8268 4.048782e-16 9.000045e-17 6.708392e-03 0 0
1194.2754 1194.4104 3.901406e-16 8.666160e-17 6.530784e-03 0 0
1194.8589 1194.9939 4.734115e-16 9.426375e-17 8.005551e-03 0 0
1195.4424 1195.5775 8.259677e-16 1.204692e-16 1.409581e-02 0 0
1196.0259 1196.1610 5.307745e-16 9.985258e-17 9.140438e-03 0 0
1196.6094 1196.7446 5.625740e-16 9.942314e-17 9.768907e-03 0 0
1197.1929 1197.3281 4.836586e-16 9.445786e-17 8.467942e-03 0 0
1197.7763 1197.9117 6.593771e-16 1.095083e-16 1.163525e-02 0 0
1198.3598 1198.4952 5.624161e-16 9.779543e-17 1.000176e-02 0 0
1198.9433 1199.0788 5.092129e-16 9.460800e-17 9.125939e-03 0 0
1199.5268 1199.6623 2.821743e-16 7.200345e-17 5.096142e-03 0 0
1200.1102 1200.2458 4.437224e-16 8.673066e-17 8.077757e-03 0 0
1200.6937 1200.8294 4.963102e-16 9.202672e-17 9.107086e-03 16 0
1201.2772 1201.4129 4.275449e-16 8.667944e-17 7.909858e-03 0 0
1201.8606 1201.9965 4.288140e-16 8.426773e-17 7.998613e-03 0 0
1202.4441 1202.5800 4.984936e-16 9.209855e-17 9.376099e-03 0 0
1203.0276 1203.1635 4.909180e-16 8.935435e-17 9.310659e-03 0 0
1203.6110 1203.7470 4.785863e-16 8.845950e-17 9.152558e-03 0 0
1204.1945 1204.3306 5.714417e-16 9.632058e-17 1.101920e-02 0 0
1204.7780 1204.9141 4.944706e-16 8.767541e-17 9.613157e-03 0 0
1205.3614 1205.4976 2.520876e-16 6.647434e-17 4.940867e-03 0 0
1205.9449 1206.0811 4.533102e-16 8.551209e-17 8.955863e-03 0 0
1206.5283 1206.6647 3.612561e-16 7.559260e-17 7.193891e-03 0 0
1207.1118 1207.2482 3.361241e-16 7.460209e-17 6.745773e-03 0 0
1207.6952 1207.8317 4.572886e-16 8.356517e-17 9.248782e-03 0 0
1208.2787 1208.4152 3.371370e-16 7.308884e-17 6.871081e-03 0 0
1208.8621 1208.9987 2.214231e-16 8.137692e-17 4.547235e-03 0 0
1209.4456 1209.5823 1.977693e-16 8.451772e-17 4.092266e-03 0 0
1210.0290 1210.1658 6.529407e-17 7.601123e-17 1.361265e-03 0 0
1210.6125 1210.7493 1.200444e-16 8.292744e-17 2.521496e-03 0 0
1211.1959 1211.3328 1.396613e-16 9.688287e-17 2.955463e-03 0 0
1211.7794 1211.9163 9.227606e-17 1.180247e-16 1.967210e-03 0 0
1212.3628 1212.4998 -1.744764e-16 1.482733e-16 -3.747106e-03 0 0
1212.9463 1213.0833 4.879984e-16 2.714310e-16 1.055728e-02 0 0
1213.5297 1213.6668 -4.969158e-16 4.000512e-16 -1.082867e-02 0 0
1214.1131 1214.2503 1.069727e-15 4.456537e-16 2.347985e-02 0 0
1214.6966 1214.8338 2.033682e-16 4.538406e-16 4.495919e-03 0 0
1215.2800 1215.4173 1.069876e-15 4.481921e-16 2.382061e-02 0 0
1215.8634 1216.0008 6.567875e-16 4.576442e-16 1.472691e-02 0 0
1216.4469 1216.5843 -1.906524e-16 4.241992e-16 -4.305005e-03 0 0
1217.0303 1217.1678 -1.729923e-16 4.160873e-16 -3.933579e-03 0 0
1217.6137 1217.7513 -8.967274e-16 3.641970e-16 -2.053234e-02 0 0
1218.1971 1218.3348 2.367121e-16 2.142313e-16 5.457617e-03 0 0
1218.7806 1218.9183 1.101920e-16 1.397606e-16 2.558198e-03 0 0
1219.3640 1219.5018 2.851314e-16 1.106605e-16 6.665327e-03 0 0
1219.9474 1220.0853 3.679901e-16 1.030175e-16 8.661799e-03 16 0
1220.5308 1220.6688 3.592457e-16 9.366687e-17 8.514360e-03 0 0
1221.1143 1221.2522 3.922758e-16 9.328202e-17 9.361115e-03 0 0
1221.6977 1221.8357 4.981825e-16 9.762456e-17 1.196983e-02 0 0
1222.2811 1222.4192 3.501532e-16 7.764607e-17 8.469961e-03 0 0
1222.8645 1223.0027 6.001100e-16 9.671337e-17 1.461357e-02 0 0
1223.4479 1223.5862 6.830985e-16 9.678172e-17 1.674347e-02 0 0
1224.0313 1224.1696 7.699938e-16 1.057333e-16 1.899570e-02 0 0
1224.6147 1224.7531 8.829990e-16 1.007586e-16 2.192025e-02 0 0
1225.1982 1225.3366 7.236999e-16 9.550989e-17 1.807190e-02 0 0
1225.7816 1225.9201 6.583700e-16 8.740519e-17 1.653376e-02 0 0
1226.3650 1226.5035 8.317391e-16 1.002769e-16 2.100475e-02 0 0
1226.9484 1227.0870 5.740414e-16 8.305946e-17 1.457932e-02 0 0
1227.5318 1227.6705 6.377122e-16 8.689078e-17 1.628890e-02 16 0
1228.1152 1228.2540 5.084009e-16 7.713455e-17 1.306386e-02 0 0
1228.6986 1228.8374 5.511047e-16 8.109833e-17 1.424776e-02 0 0
1229.2820 1229.4209 3.745853e-16 6.629199e-17 9.748188e-03 0 0
1229.8654 1230.0043 3.842504e-16 6.769297e-17 1.006790e-02 0 0
1230.4488 1230.5878 4.362223e-16 7.118847e-17 1.151401e-02 0 0
1231.0322 1231.1713 4.019188e-16 6.836396e-17 1.068951e-02 0 0
1231.6155 1231.7547 5.668294e-16 8.094029e-17 1.519590e-02 0 0
1232.1989 1232.3382 4.271388e-16 6.978427e-17 1.154419e-02 0 0
1232.7823 1232.9216 4.072903e-16 6.792147e-17 1.109872e-02 0 0
1233.3657 1233.5051 3.879553e-16 6.671930e-17 1.065963e-02 0 0
1233.9491 1234.0885 3.893706e-16 6.537176e-17 1.078623e-02 0 0
1234.5325 1234.6720 5.172911e-16 7.578715e-17 1.444619e-02 16 0
1235.1159 1235.2554 4.844214e-16 7.156161e-17 1.363402e-02 0 0
1235.6993 1235.8389 3.613617e-16 6.313564e-17 1.024811e-02 0 0
1236.2826 1236.4223 3.808387e-16 6.359981e-17 1.087893e-02 0 0
1236.8660 1237.0058 3.206655e-16 5.924714e-17 9.224471e-03 0 0
1237.4494 1237.5892 4.484861e-16 7.020178e-17 1.298706e-02 0 0
1238.0328 1238.1727 3.467471e-16 5.962043e-17 1.010503e-02 0 0
1238.6161 1238.7561 3.049872e-16 5.755464e-17 8.941003e-03 0 0
1239.1995 1239.3395 4.412301e-16 6.716926e-17 1.300857e-02 0 0
1239.7829 1239.9230 1.917717e-16 4.597611e-17 5.683505e-03 0 0
1240.3663 1240.5064 2.699512e-16 5.389764e-17 8.039977e-03 0 0
1240.9496 1241.0899 1.586739e-16 4.249961e-17 4.747379e-03 0 0
1241.5330 1241.6733 2.622916e-16 5.215943e-17 7.881344e-03 0 0
1242.1164 1242.2567 1.093723e-16 3.618077e-17 3.299774e-03 0 0
1242.6997 1242.8401 2.893600e-16 5.388471e-17 8.763921e-03 0 0
1243.2831 1243.4236 2.805441e-16 5.335357e-17 8.528850e-03 0 0
1243.8664 1244.0070 1.842325e-16 4.444597e-17 5.621396e-03 0 0
1244.4498 1244.5904 2.109146e-16 4.637067e-17 6.459065e-03 0 0
1245.0332 1245.1738 2.656511e-16 5.294207e-17 8.165006e-03 0 0
1245.6165 1245.7573 1.743451e-16 4.329787e-17 5.378413e-03 0 0
1246.1999 1246.3407 2.532998e-16 5.030313e-17 7.843180e-03 0 0
1246.7832 1246.9241 1.778480e-16 4.368395e-17 5.527473e-03 0 0
1247.3666 1247.5075 1.975925e-16 4.424132e-17 6.164167e-03 0 0
1247.9499 1248.0909 1.960713e-16 4.482830e-17 6.139600e-03 0 0
1248.5333 1248.6744 1.433967e-16 3.933071e-17 4.506952e-03 0 0
1249.1166 1249.2578 1.085688e-16 3.443851e-17 3.424917e-03 0 0
1249.7000 1249.8412 2.100036e-16 4.545046e-17 6.649026e-03 0 0
1250.2833 1250.4246 9.008563e-17 3.271113e-17 2.862488e-03 0 0
1250.8667 1251.0080 6.126115e-17 2.757567e-17 1.953451e-03 0 0
1251.4500 1251.5914 8.207733e-17 3.077246e-17 2.626172e-03 0 0
1252.0333 1252.1748 1.249123e-16 3.621962e-17 4.009979e-03 0 0
1252.6167 1252.7582 5.264394e-17 2.608208e-17 1.695342e-03 0 0
1253.2000 1253.3416 6.695398e-17 2.834800e-17 2.162679e-03 0 0
1253.7834 1253.9250 1.043865e-16 3.350211e-17 3.381303e-03 0 0
1254.3667 1254.5084 8.314833e-17 3.050508e-17 2.700421e-03 0 0
1254.9500 1255.0918 1.002824e-16 3.280740e-17 3.264750e-03 0 0
1255.5333 1255.6752 1.053231e-16 3.415097e-17 3.436355e-03 0 0
1256.1167 1256.2586 1.074157e-16 3.350164e-17 3.511841e-03 0 0
1256.7000 1256.8420 6.928099e-17 2.898330e-17 2.269399e-03 0 0
1257.2833 1257.4254 5.800431e-17 2.615419e-17 1.903612e-03 0 0
1257.8667 1258.0088 5.971212e-17 2.669748e-17 1.963325e-03 0 0
1258.4500 1258.5922 4.125325e-17 2.362696e-17 1.359053e-03 0 0
1259.0333 1259.1756 3.243004e-17 2.224981e-17 1.070579e-03 0 0
1259.6166 1259.7590 3.266398e-17 2.123898e-17 1.080712e-03 0 0
1260.1999 1260.3423 2.415870e-17 2.064846e-17 8.012740e-04 0 0
1260.7833 1260.9257 1.245382e-17 1.711401e-17 4.141332e-04 0 0
1261.3666 1261.5091 3.298684e-17 2.238154e-17 1.099999e-03 0 0
1261.9499 1262.0925 2.836952e-17 2.041306e-17 9.487104e-04 0 0
1262.5332 1262.6759 4.172802e-17 2.395787e-17 1.399466e-03 0 0
1263.1165 1263.2593 2.859692e-17 2.046692e-17 9.617881e-04 0 0
1263.6998 1263.8426 5.198593e-17 2.509960e-17 1.753207e-03 0 0
1264.2831 1264.4260 1.895223e-17 1.798121e-17 6.408020e-04 0 0
1264.8664 1265.0094 4.450772e-17 2.395928e-17 1.508381e-03 0 0
1265.4498 1265.5927 5.697230e-17 2.528624e-17 1.934946e-03 0 0
1266.0331 1266.1761 2.136707e-17 1.901480e-17 7.270300e-04 0 0
1266.6164 1266.7595 2.937039e-17 2.058940e-17 1.001061e-03 0 0
1267.1997 1267.3429 2.842887e-17 2.016127e-17 9.704220e-04 0 0
1267.7830 1267.9262 3.815019e-17 2.236685e-17 1.304114e-03 0 0
1268.3663 1268.5096 7.264943e-17 2.823395e-17 2.486655e-03 0 0
1268.9496 1269.0929 1.132655e-17 1.605716e-17 3.881844e-04 0 0
1269.5328 1269.6763 3.929452e-17 2.273212e-17 1.348394e-03 0 0
1270.1161 1270.2597 6.733560e-17 2.720251e-17 2.313576e-03 0 0
1270.6994 1270.8430 7.005318e-17 2.803941e-17 2.410125e-03 0 0
1271.2827 1271.4264 3.165131e-17 2.048731e-17 1.090398e-03 0 0
1271.8660 1272.0097 2.965729e-17 2.051600e-17 1.023113e-03 0 0
1272.4493 1272.5931 2.970162e-17 2.049986e-17 1.026068e-03 0 0
1273.0326 1273.1764 2.933572e-17 2.034617e-17 1.014860e-03 0 0
1273.6159 1273.7598 6.285602e-17 2.633635e-17 2.177562e-03 0 0
1274.1992 1274.3431 2.910178e-17 2.018847e-17 1.009624e-03 0 0
1274.7824 1274.9265 7.260209e-17 2.743045e-17 2.522337e-03 0 0
1275.3657 1275.5098 5.853809e-17 2.631898e-17 2.036633e-03 0 0
1275.9490 1276.0932 2.680214e-17 2.000968e-17 9.338089e-04 0 0
1276.5323 1276.6765 2.218168e-17 1.896457e-17 7.738978e-04 0 0
1277.1156 1277.2599 4.856166e-18 1.446016e-17 1.696578e-04 0 0
1277.6988 1277.8432 1.273502e-17 1.637600e-17 4.455007e-04 0 0
1278.2821 1278.4265 4.533328e-17 2.308867e-17 1.587897e-03 0 0
1278.8654 1279.0099 -2.903551e-18 1.205466e-17 -1.018266e-04 0 0
1279.4486 1279.5932 4.475186e-17 2.284305e-17 1.571282e-03 0 0
1280.0319 1280.1766 1.396153e-17 1.693467e-17 4.907361e-04 0 0
1280.6152 1280.7599 -1.119107e-17 9.619353e-18 -3.937701e-04 16 0
1281.1984 1281.3432 1.211384e-17 1.591546e-17 4.266440e-04 0 0
1281.7817 1281.9265 5.409515e-17 2.463439e-17 1.906950e-03 0 0
1282.3650 1282.5099 5.911436e-17 2.490160e-17 2.085577e-03 0 0
1282.9482 1283.0932 2.233341e-17 1.879113e-17 7.885424e-04 0 0
1283.5315 1283.6765 1.593870e-17 1.689931e-17 5.631364e-04 0 0
1284.1147 1284.2599 7.400596e-17 2.745523e-17 2.616392e-03 0 0
1284.6980 1284.8432 1.632356e-17 1.710071e-17 5.774033e-04 0 0
1285.2813 1285.4265 4.750076e-17 2.483658e-17 1.681042e-03 16 0
1285.8645 1286.0098 3.253446e-17 2.055891e-17 1.151828e-03 0 0
1286.4478 1286.5931 3.065466e-17 2.044037e-17 1.085656e-03 0 0
1287.0310 1287.1765 1.570381e-17 2.046196e-17 5.562919e-04 16 0
1287.6143 1287.7598 3.881728e-17 2.199349e-17 1.375343e-03 0 0
1288.1975 1288.3431 6.466209e-17 2.656256e-17 2.291254e-03 0 0
1288.7808 1288.9264 2.961413e-17 1.994749e-17 1.049413e-03 0 0
1289.3640 1289.5097 3.040665e-17 2.025108e-17 1.077426e-03 0 0
1289.9472 1290.0930 6.312446e-17 2.557685e-17 2.236536e-03 0 0
1290.5305 1290.6763 1.365529e-17 1.639086e-17 4.837135e-04 0 0
1291.1137 1291.2596 2.104277e-17 1.796937e-17 7.452295e-04 0 0
1291.6970 1291.8429 3.214871e-17 2.032970e-17 1.138176e-03 0 0
1292.2802 1292.4262 2.224914e-17 1.849263e-17 7.874292e-04 0 0
1292.8634 1293.0095 3.183365e-17 2.036441e-17 1.126183e-03 0 0
1293.4467 1293.5928 1.520108e-17 1.577002e-17 5.375477e-04 0 0
1294.0299 1294.1761 3.076983e-17 2.025594e-17 1.087603e-03 0 0
1294.6131 1294.7594 2.841335e-17 2.126402e-17 1.003850e-03 0 0
1295.1964 1295.3427 2.481206e-17 1.940930e-17 8.762060e-04 0 0
1295.7796 1295.9260 5.007510e-18 1.606203e-17 1.767515e-04 0 0
1296.3628 1296.5093 3.515676e-17 2.194283e-17 1.240386e-03 0 0
1296.9460 1297.0926 1.445104e-17 1.910621e-17 5.096318e-04 0 0
1297.5293 1297.6759 6.124327e-17 2.757257e-17 2.158973e-03 0 0
1298.1125 1298.2592 6.141991e-17 2.628395e-17 2.164381e-03 0 0
1298.6957 1298.8425 2.450866e-17 2.759977e-17 8.634056e-04 0 0
1299.2789 1299.4258 7.360673e-17 4.420998e-17 2.592324e-03 16 0
1299.8622 1300.0090 1.022823e-16 6.720369e-17 3.601611e-03 0 0
1300.4454 1300.5923 2.472755e-16 7.684054e-17 8.705590e-03 0 0
1301.0286 1301.1756 8.149833e-17 7.760911e-17 2.869043e-03 0 0
1301.6118 1301.7589 5.589240e-17 7.733445e-17 1.967505e-03 0 0
1302.1950 1302.3422 4.098680e-17 8.820792e-17 1.442835e-03 0 0
1302.7782 1302.9254 -1.827628e-16 9.822699e-17 -6.433859e-03 0 0
1303.3614 1303.5087 -1.971761e-17 1.126049e-16 -6.941780e-04 0 0
1303.9446 1304.0920 1.539765e-16 1.183773e-16 5.421314e-03 0 0
1304.5278 1304.6753 -1.104967e-16 1.052510e-16 -3.890831e-03 0 0
1305.1110 1305.2585 -8.972977e-17 9.970077e-17 -3.159892e-03 0 0
1305.6943 1305.8418 9.996071e-17 1.039350e-16 3.520466e-03 0 0
1306.2775 1306.4251 -2.461852e-17 9.642570e-17 -8.670948e-04 0 0
1306.8607 1307.0083 3.578127e-16 1.001120e-16 1.260303e-02 0 0
1307.4439 1307.5916 1.036931e-16 7.158682e-17 3.652431e-03 0 0
1308.0270 1308.1749 5.768367e-17 6.295864e-17 2.031717e-03 0 0
1308.6102 1308.7581 8.070866e-17 2.826132e-17 2.842541e-03 0 0
1309.1934 1309.3414 1.466073e-16 3.704650e-17 5.162616e-03 0 0
1309.7766 1309.9246 3.949148e-17 2.142521e-17 1.390410e-03 0 0
1310.3598 1310.5079 8.062540e-17 2.823077e-17 2.837765e-03 0 0
1310.9430 1311.0911 1.024064e-16 3.107825e-17 3.603258e-03 0 0
1311.5262 1311.6744 7.342804e-17 2.730228e-17 2.582476e-03 0 0
1312.1094 1312.2577 3.811451e-17 2.148575e-17 1.339893e-03 0 0
1312.6926 1312.8409 9.528580e-17 3.025888e-17 3.347823e-03 0 0
1313.2758 1313.4242 5.924360e-17 2.544418e-17 2.080317e-03 0 0
1313.8589 1314.0074 6.112179e-17 2.519429e-17 2.144843e-03 0 0
1314.4421 1314.5906 3.924788e-17 2.155227e-17 1.376340e-03 0 0
1315.0253 1315.1739 3.090983e-17 2.019071e-17 1.083130e-03 0 0
1315.6085 1315.7571 7.572993e-17 2.716852e-17 2.651703e-03 0 0
1316.1916 1316.3404 5.980867e-17 2.587630e-17 2.092506e-03 0 0
1316.7748 1316.9236 5.879756e-17 2.550270e-17 2.055441e-03 0 0
1317.3580 1317.5069 3.891531e-17 2.163241e-17 1.359220e-03 0 0
1317.9412 1318.0901 7.081886e-17 2.685805e-17 2.471381e-03 0 0
1318.5243 1318.6733 3.930242e-17 2.151131e-17 1.370308e-03 0 0
1319.1075 1319.2566 5.486129e-17 2.518883e-17 1.911047e-03 16 0
1319.6907 1319.8398 4.967824e-17 2.377926e-17 1.728910e-03 0 0
1320.2738 1320.4230 3.382989e-17 2.096822e-17 1.176267e-03 0 0
1320.8570 1321.0063 4.854405e-17 2.315111e-17 1.686307e-03 0 0
1321.4402 1321.5895 8.208042e-17 2.975963e-17 2.848617e-03 0 0
1322.0233 1322.1727 3.808370e-17 2.096007e-17 1.320449e-03 0 0
1322.6065 1322.7559 -1.022733e-18 1.161319e-17 -3.542675e-05 0 0
1323.1896 1323.3392 4.281989e-17 2.257394e-17 1.481811e-03 0 0
1323.7728 1323.9224 9.324671e-17 2.954822e-17 3.223720e-03 0 0
1324.3560 1324.5056 2.607042e-17 1.942426e-17 9.004014e-04 0 0
1324.9391 1325.0888 6.792647e-17 2.699192e-17 2.343607e-03 0 0
1325.5223 1325.6720 1.530479e-17 1.626866e-17 5.274816e-04 0 0
1326.1054 1326.2553 5.905868e-17 2.561268e-17 2.033271e-03 0 0
1326.6886 1326.8385 6.611451e-17 2.635661e-17 2.273645e-03 0 0
1327.2717 1327.4217 3.203133e-17 2.007702e-17 1.100301e-03 0 0
1327.8549 1328.0049 4.433361e-17 2.328262e-17 1.521115e-03 0 0
1328.4380 1328.5881 7.191313e-18 1.423429e-17 2.464483e-04 0 0
1329.0211 1329.1713 4.097756e-17 2.181311e-17 1.402594e-03 0 0
1329.6043 1329.7545 4.302829e-17 2.274529e-17 1.470969e-03 0 0
1330.1874 1330.3377 3.768773e-19 1.232318e-17 1.286739e-05 0 0
1330.7706 1330.9209 1.631221e-17 1.666765e-17 5.562101e-04 0 0
1331.3537 1331.5041 2.561533e-17 1.917906e-17 8.722510e-04 0 0
1331.9368 1332.0873 4.253518e-17 2.250986e-17 1.446439e-03 0 0
1332.5200 1332.6705 2.373485e-17 1.817570e-17 8.059957e-04 0 0
1333.1031 1333.2537 1.680361e-17 1.687696e-17 5.698209e-04 0 0
1333.6862 1333.8369 9.751174e-18 1.544375e-17 3.301937e-04 0 0
1334.2694 1334.4201 1.607797e-17 1.652139e-17 5.436441e-04 0 0
1334.8525 1335.0033 2.669371e-17 1.958576e-17 9.012677e-04 0 0
1335.4356 1335.5865 1.724961e-17 1.701545e-17 5.815425e-04 0 0
1336.0188 1336.1697 3.508022e-17 2.115942e-17 1.180906e-03 0 0
1336.6019 1336.7529 5.862715e-17 2.510727e-17 1.970605e-03 0 0
1337.1850 1337.3361 3.724012e-17 2.212968e-17 1.249845e-03 0 0
1337.7681 1337.9193 2.478347e-17 2.069053e-17 8.305173e-04 16 0
1338.3512 1338.5025 9.477735e-17 3.277857e-17 3.171257e-03 16 0
1338.9344 1339.0857 6.558191e-17 2.600517e-17 2.191036e-03 0 0
1339.5175 1339.6688 4.633687e-17 2.385920e-17 1.545728e-03 0 0
1340.1006 1340.2520 1.861220e-17 1.759374e-17 6.199322e-04 0 0
1340.6837 1340.8352 3.512950e-17 2.112746e-17 1.168321e-03 0 0
1341.2668 1341.4184 3.711501e-17 2.193053e-17 1.232489e-03 0 0
1341.8499 1342.0016 6.260325e-17 2.639051e-17 2.075773e-03 0 0
1342.4330 1342.5847 8.661770e-17 2.977904e-17 2.867740e-03 0 0
1343.0161 1343.1679 5.420952e-17 2.499956e-17 1.792112e-03 0 0
1343.5992 1343.7511 4.277694e-17 2.241578e-17 1.412070e-03 0 0
1344.1824 1344.3342 1.969310e-17 1.807818e-17 6.491193e-04 0 0
1344.7655 1344.9174 5.344250e-17 2.467369e-17 1.758985e-03 0 0
1345.3486 1345.5006 4.645612e-17 2.383346e-17 1.526834e-03 0 0
1345.9317 1346.0837 2.824773e-17 1.983491e-17 9.270608e-04 0 0
1346.5148 1346.6669 6.356199e-17 2.662075e-17 2.083082e-03 0 0
1347.0979 1347.2501 5.263740e-17 2.444772e-17 1.722621e-03 0 0
1347.6809 1347.8332 2.677549e-17 2.126276e-17 8.750436e-04 16 0
1348.2640 1348.4164 4.428459e-17 2.284401e-17 1.445257e-03 0 0
1348.8471 1348.9996 4.492731e-17 2.308440e-17 1.464244e-03 0 0
1349.4302 1349.5827 6.406198e-17 2.662530e-17 2.085055e-03 0 0
1350.0133 1350.1659 5.282966e-17 2.436213e-17 1.717198e-03 0 0
1350.5964 1350.7490 5.484274e-17 2.494752e-17 1.780293e-03 0 0
1351.1795 1351.3322 4.002502e-17 2.328811e-17 1.297602e-03 16 0
1351.7626 1351.9153 1.156033e-18 1.209421e-17 3.743006e-05 0 0
1352.3457 1352.4985 3.906021e-17 2.248226e-17 1.263077e-03 0 0
1352.9287 1353.0816 1.787457e-17 1.709085e-17 5.772678e-04 0 0
1353.5118 1353.6648 2.031589e-17 1.812345e-17 6.552741e-04 0 0
1354.0949 1354.2479 4.749413e-17 2.373720e-17 1.529928e-03 0 0
1354.6780 1354.8311 8.510692e-17 3.061859e-17 2.738017e-03 0 0
1355.2611 1355.4142 3.630507e-17 2.123828e-17 1.166476e-03 0 0
1355.8441 1355.9973 4.826912e-17 2.423066e-17 1.548844e-03 0 0
1356.4272 1356.5805 4.179773e-17 2.352097e-17 1.339416e-03 0 0
1357.0103 1357.1636 5.429757e-17 2.471991e-17 1.737625e-03 0 0
1357.5933 1357.7468 8.366328e-17 2.995928e-17 2.673715e-03 0 0
1358.1764 1358.3299 2.954337e-17 2.019894e-17 9.428229e-04 0 0
1358.7595 1358.9130 3.386152e-17 2.184709e-17 1.079087e-03 16 0
1359.3425 1359.4962 3.118901e-17 2.092511e-17 9.924611e-04 0 0
1359.9256 1360.0793 4.980685e-17 2.473508e-17 1.582523e-03 0 0
1360.5087 1360.6624 3.901453e-17 2.223728e-17 1.237704e-03 0 0
1361.0917 1361.2455 3.091279e-17 2.074785e-17 9.791376e-04 0 0
1361.6748 1361.8287 4.881249e-17 2.396501e-17 1.543599e-03 0 0
1362.2579 1362.4118 2.312257e-17 2.062656e-17 7.300030e-04 16 0
1362.8409 1362.9949 2.137726e-17 1.834241e-17 6.737681e-04 0 0
1363.4240 1363.5780 2.043628e-17 1.784072e-17 6.430104e-04 0 0
1364.0070 1364.1612 3.481723e-17 2.203890e-17 1.093591e-03 0 0
1364.5901 1364.7443 5.067999e-17 2.491566e-17 1.589023e-03 0 0
1365.1731 1365.3274 2.939091e-17 1.991465e-17 9.198753e-04 0 0
1365.7562 1365.9105 3.164530e-17 2.095237e-17 9.886400e-04 0 0
1366.3392 1366.4936 4.804594e-17 2.384391e-17 1.498269e-03 0 0
1366.9223 1367.0767 1.250432e-17 1.595223e-17 3.892142e-04 0 0
1367.5053 1367.6598 5.890776e-17 2.615496e-17 1.830162e-03 0 0
1368.0884 1368.2430 7.856092e-17 2.960228e-17 2.436156e-03 0 0
1368.6714 1368.8261 3.043620e-17 2.077400e-17 9.420309e-04 0 0
1369.2544 1369.4092 1.038994e-16 3.297000e-17 3.209658e-03 0 0
1369.8375 1369.9923 4.108824e-17 2.285269e-17 1.266865e-03 0 0
1370.4205 1370.5754 6.259913e-17 2.743354e-17 1.926391e-03 0 0
1371.0036 1371.1585 9.113570e-17 3.198285e-17 2.799141e-03 0 0
1371.5866 1371.7416 5.202028e-17 2.527275e-17 1.594652e-03 0 0
1372.1696 1372.3247 6.216768e-17 2.724443e-17 1.902009e-03 0 0
1372.7527 1372.9078 8.810900e-17 3.102481e-17 2.690422e-03 0 0
1373.3357 1373.4909 6.231307e-17 2.725645e-17 1.899021e-03 0 0
1373.9187 1374.0740 4.868373e-17 2.391456e-17 1.480755e-03 0 0
1374.5017 1374.6571 8.574689e-17 3.178800e-17 2.602944e-03 0 0
1375.0848 1375.2401 1.035753e-16 3.277459e-17 3.137721e-03 0 0
1375.6678 1375.8232 6.230076e-17 2.718189e-17 1.883368e-03 0 0
1376.2508 1376.4063 6.835561e-17 2.760647e-17 2.062049e-03 0 0
1376.8338 1376.9894 9.589472e-17 3.332355e-17 2.886702e-03 0 0
1377.4169 1377.5725 1.007330e-16 3.319540e-17 3.025950e-03 16 0
1377.9999 1378.1556 7.221189e-17 2.889572e-17 2.164615e-03 0 0
1378.5829 1378.7387 3.231293e-17 2.085276e-17 9.665642e-04 0 0
1379.1659 1379.3217 9.928487e-17 3.372069e-17 2.963605e-03 0 0
1379.7489 1379.9048 8.617822e-17 3.133608e-17 2.566963e-03 0 0
1380.3319 1380.4879 8.403962e-17 3.111300e-17 2.497994e-03 0 0
1380.9149 1381.0710 1.178988e-16 3.576151e-17 3.497069e-03 0 0
1381.4979 1381.6541 1.576942e-16 4.130419e-17 4.667657e-03 0 0
1382.0810 1382.2371 -4.088607e-18 1.003348e-17 -1.207675e-04 0 0
1382.6640 1382.8202 3.545977e-17 2.222516e-17 1.045211e-03 0 0
1383.2470 1383.4033 7.145829e-17 2.853556e-17 2.101927e-03 0 0
1383.8300 1383.9863 7.551408e-17 2.988674e-17 2.216625e-03 0 0
1384.4130 1384.5694 8.501873e-17 3.135466e-17 2.490480e-03 0 0
1384.9960 1385.1525 6.710128e-17 2.872751e-17 1.961582e-03 0 0
1385.5790 1385.7355 2.618269e-17 2.008258e-17 7.638431e-04 0 0
1386.1620 1386.3186 3.579690e-17 2.223014e-17 1.042203e-03 0 0
1386.7450 1386.9017 7.995055e-17 3.124779e-17 2.323017e-03 16 0
1387.3280 1387.4847 9.673274e-17 3.335983e-17 2.804994e-03 0 0
1387.9110 1388.0678 3.610784e-17 2.232492e-17 1.044953e-03 0 0
1388.4939 1388.6508 6.930743e-17 2.869765e-17 2.001775e-03 0 0
1389.0769 1389.2339 4.669764e-17 2.469680e-17 1.346109e-03 0 0
1389.6599 1389.8170 5.763100e-17 2.697811e-17 1.658042e-03 0 0
1390.2429 1390.4000 1.260422e-16 3.735768e-17 3.619261e-03 0 0
1390.8259 1390.9831 1.857832e-17 1.862999e-17 5.324485e-04 0 0
1391.4089 1391.5661 7.459799e-17 2.938373e-17 2.133902e-03 0 0
1391.9919 1392.1492 2.782896e-17 2.071786e-17 7.945512e-04 0 0
1392.5748 1392.7322 4.562564e-17 2.410287e-17 1.300221e-03 0 0
1393.1578 1393.3152 4.209822e-17 2.384549e-17 1.197445e-03 0 0
1393.7408 1393.8983 1.704289e-17 1.755401e-17 4.838627e-04 0 0
1394.3238 1394.4813 7.761269e-18 1.494042e-17 2.199362e-04 0 0
1394.9068 1395.0644 7.340876e-17 2.960049e-17 2.076326e-03 0 0
1395.4897 1395.6474 2.834761e-17 2.081733e-17 8.002855e-04 0 0
1396.0727 1396.2305 8.036642e-17 3.121548e-17 2.264546e-03 0 0
1396.6557 1396.8135 2.654537e-17 1.978819e-17 7.465669e-04 0 0
1397.2386 1397.3965 7.134006e-18 1.429284e-17 2.002530e-04 0 0
1397.8216 1397.9796 9.221935e-17 3.373032e-17 2.583615e-03 16 0
1398.4046 1398.5626 3.250092e-17 2.134766e-17 9.087633e-04 0 0
1398.9875 1399.1456 3.842422e-17 2.297713e-17 1.072268e-03 0 0
1399.5705 1399.7286 2.894712e-17 2.097392e-17 8.061811e-04 0 0
1400.1535 1400.3117 3.684494e-17 2.220319e-17 1.024049e-03 0 0
1400.7364 1400.8947 6.207313e-17 2.833837e-17 1.721650e-03 0 0
1401.3194 1401.4777 2.257900e-17 1.881183e-17 6.249410e-04 0 0
1401.9023 1402.0608 2.985985e-17 2.132453e-17 8.247137e-04 0 0
1402.4853 1402.6438 -2.771303e-18 9.893847e-18 -7.637954e-05 0 0
1403.0682 1403.2268 2.823627e-17 2.041368e-17 7.765529e-04 0 0
1403.6512 1403.8098 1.977382e-17 1.871949e-17 5.426536e-04 0 0
1404.2341 1404.3928 4.181844e-17 2.435266e-17 1.145164e-03 0 0
1404.8171 1404.9758 2.896137e-17 2.073245e-17 7.913795e-04 0 0
1405.4000 1405.5589 1.515389e-17 1.743128e-17 4.131990e-04 0 0
1405.9830 1406.1419 3.476889e-17 2.218719e-17 9.460087e-04 0 0
1406.5659 1406.7249 4.223257e-17 2.442811e-17 1.146651e-03 0 0
1407.1489 1407.3079 4.049302e-17 2.360284e-17 1.097093e-03 0 0
1407.7318 1407.8909 6.650856e-17 2.984793e-17 1.798187e-03 0 0
1408.3148 1408.4739 2.143815e-17 1.949069e-17 5.784156e-04 0 0
1408.8977 1409.0569 5.058980e-17 2.560519e-17 1.362169e-03 0 0
1409.4806 1409.6399 2.112967e-17 1.924442e-17 5.677776e-04 0 0
1410.0636 1410.2229 3.185758e-17 2.197557e-17 8.543610e-04 0 0
1410.6465 1410.8059 6.525123e-17 2.922823e-17 1.746471e-03 0 0
1411.2294 1411.3889 8.580755e-17 3.262273e-17 2.292246e-03 0 0
1411.8124 1411.9719 3.280086e-17 2.241352e-17 8.745460e-04 0 0
1412.3953 1412.5549 2.995092e-17 2.088813e-17 7.970337e-04 0 0
1412.9782 1413.1379 7.701692e-17 3.144477e-17 2.045592e-03 0 0
1413.5612 1413.7209 9.828668e-18 1.524945e-17 2.605485e-04 0 0
1414.1441 1414.3039 2.188930e-17 1.945474e-17 5.791386e-04 0 0
1414.7270 1414.8869 5.577556e-17 2.755798e-17 1.472770e-03 0 0
1415.3099 1415.4699 1.028044e-17 1.546880e-17 2.709177e-04 0 0
1415.8929 1416.0529 1.004343e-17 1.524831e-17 2.641262e-04 0 0
1416.4758 1416.6358 5.383714e-17 2.668157e-17 1.412891e-03 0 0
1417.0587 1417.2188 7.811336e-17 3.168526e-17 2.045528e-03 0 0
1417.6416 1417.8018 5.526125e-17 2.724311e-17 1.443933e-03 0 0
1418.2245 1418.3848 6.447359e-17 2.864057e-17 1.680732e-03 0 0
1418.8074 1418.9678 3.066189e-17 2.292584e-17 7.974396e-04 0 0
1419.3904 1419.5508 2.102329e-17 1.857932e-17 5.453945e-04 0 0
1419.9733 1420.1337 7.018283e-17 3.081536e-17 1.816119e-03 0 0
1420.5562 1420.7167 2.192139e-17 1.906480e-17 5.657323e-04 0 0
1421.1391 1421.2997 7.897915e-17 3.185844e-17 2.032723e-03 0 0
1421.7220 1421.8826 7.945461e-17 3.200711e-17 2.039167e-03 0 0
1422.3049 1422.4656 9.238234e-17 3.448482e-17 2.364203e-03 0 0
1422.8878 1423.0486 4.192395e-17 2.452046e-17 1.069763e-03 0 0
1423.4707 1423.6316 3.979471e-17 2.434089e-17 1.012454e-03 0 0
1424.0536 1424.2145 5.052700e-19 1.135727e-17 1.281708e-05 0 0
1424.6365 1424.7975 4.578181e-17 2.531102e-17 1.157895e-03 0 0
1425.2194 1425.3805 4.603208e-17 2.544820e-17 1.160776e-03 0 0
1425.8023 1425.9634 3.094308e-19 1.095561e-17 7.779556e-06 0 0
1426.3852 1426.5464 2.397337e-17 2.003534e-17 6.009836e-04 0 0
1426.9681 1427.1293 5.476323e-17 2.748131e-17 1.368864e-03 0 0
1427.5510 1427.7123 7.942580e-17 3.181414e-17 1.979848e-03 0 0
1428.1339 1428.2952 7.277020e-17 3.151318e-17 1.808920e-03 0 0
1428.7168 1428.8782 2.278787e-17 1.917340e-17 5.650017e-04 0 0
1429.2996 1429.4612 1.441453e-17 1.763215e-17 3.564716e-04 0 0
1429.8825 1430.0441 3.560956e-17 2.296520e-17 8.785650e-04 0 0
1430.4654 1430.6271 2.412671e-17 1.991980e-17 5.938666e-04 0 0
1431.0483 1431.2100 4.581969e-17 2.505361e-17 1.125447e-03 0 0
1431.6312 1431.7930 4.902505e-17 2.652141e-17 1.201642e-03 0 0
1432.2141 1432.3759 4.959757e-17 2.673725e-17 1.213332e-03 0 0
1432.7969 1432.9588 1.327505e-17 1.652881e-17 3.241306e-04 0 0
1433.3798 1433.5418 1.279942e-17 1.616657e-17 3.119576e-04 0 0
1433.9627 1434.1247 4.737691e-17 2.645632e-17 1.152646e-03 0 0
1434.5456 1434.7077 3.880835e-17 2.438014e-17 9.425700e-04 0 0
1435.1284 1435.2906 2.716955e-17 2.145830e-17 6.587663e-04 0 0
1435.7113 1435.8735 1.475248e-17 1.739792e-17 3.571000e-04 0 0
1436.2942 1436.4565 2.548964e-17 2.028832e-17 6.159772e-04 0 0
1436.8770 1437.0394 4.192149e-17 2.499717e-17 1.011369e-03 0 0
1437.4599 1437.6223 5.225942e-17 2.772161e-17 1.258656e-03 0 0
1438.0428 1438.2053 2.824784e-18 1.230939e-17 6.791633e-05 0 0
1438.6256 1438.7882 4.057226e-17 2.508514e-17 9.737781e-04 0 0
1439.2085 1439.3711 2.940025e-18 1.235264e-17 7.043398e-05 0 0
1439.7914 1439.9541 2.785946e-17 2.147455e-17 6.661876e-04 0 0
1440.3742 1440.5370 3.980360e-17 2.457767e-17 9.499165e-04 0 0
1440.9571 1441.1199 7.345926e-17 3.122001e-17 1.749597e-03 0 0
1441.5399 1441.7028 1.870790e-17 1.867101e-17 4.446268e-04 0 0
1442.1228 1442.2857 5.225122e-17 2.741787e-17 1.239182e-03 0 0
1442.7056 1442.8687 8.449358e-17 3.355047e-17 1.999347e-03 0 0
1443.2885 1443.4516 1.406463e-17 1.744335e-17 3.320535e-04 0 0
1443.8713 1444.0345 2.889695e-17 2.184511e-17 6.806324e-04 0 0
1444.4542 1444.6174 6.325395e-17 2.940203e-17 1.486345e-03 0 0
1445.0370 1445.2003 3.820369e-18 1.277905e-17 8.955302e-05 0 0
1445.6199 1445.7832 1.643812e-17 1.780936e-17 3.843803e-04 0 0
1446.2027 1446.3661 6.284793e-17 2.917842e-17 1.465927e-03 0 0
1446.7856 1446.9491 1.653278e-17 1.785295e-17 3.846548e-04 0 0
1447.3684 1447.5320 3.053350e-17 2.260590e-17 7.085853e-04 0 0
1447.9513 1448.1149 1.945554e-17 1.882899e-17 4.503420e-04 0 0
1448.5341 1448.6978 6.876749e-17 3.097899e-17 1.587654e-03 0 0
1449.1169 1449.2807 9.238745e-17 3.615549e-17 2.127423e-03 0 0
1449.6998 1449.8636 2.871536e-17 2.135578e-17 6.595091e-04 0 0
1450.2826 1450.4465 9.158658e-17 3.530339e-17 2.097977e-03 0 0
1450.8654 1451.0294 -8.239946e-18 5.207238e-21 -1.882596e-04 0 0
1451.4483 1451.6123 8.216548e-17 3.415898e-17 1.872337e-03 0 0
1452.0311 1452.1952 1.293285e-16 4.145070e-17 2.939391e-03 0 0
1452.6139 1452.7781 4.225205e-17 2.516065e-17 9.578101e-04 0 0
1453.1967 1453.3610 7.015615e-17 3.191560e-17 1.586261e-03 0 0
1453.7796 1453.9438 5.656585e-17 2.943780e-17 1.275678e-03 0 0
1454.3624 1454.5267 3.008688e-17 2.189615e-17 6.767927e-04 0 0
1454.9452 1455.1096 1.076487e-16 3.891233e-17 2.415359e-03 0 0
1455.5280 1455.6925 9.583533e-17 3.660011e-17 2.144912e-03 0 0
1456.1109 1456.2754 1.838620e-17 1.846609e-17 4.104792e-04 0 0
1456.6937 1456.8583 3.252644e-17 2.314428e-17 7.243881e-04 0 0
1457.2765 1457.4412 1.162653e-16 4.131998e-17 2.583013e-03 0 0
1457.8593 1458.0240 9.283099e-17 3.544076e-17 2.057479e-03 0 0
1458.4421 1458.6069 3.357851e-17 2.370732e-17 7.424688e-04 0 0
1459.0249 1459.1898 3.169745e-17 2.253251e-17 6.992657e-04 0 0
1459.6077 1459.7727 1.892910e-17 1.854732e-17 4.166385e-04 0 0
1460.1905 1460.3555 5.734735e-17 2.887055e-17 1.259451e-03 0 0
1460.7733 1460.9384 6.771773e-17 3.052747e-17 1.483953e-03 0 0
1461.3562 1461.5213 3.085066e-17 2.186522e-17 6.746111e-04 0 0
1461.9390 1462.1042 8.549571e-17 3.493244e-17 1.865581e-03 0 0
1462.5218 1462.6870 5.975292e-17 2.983052e-17 1.301135e-03 0 0
1463.1046 1463.2699 8.555965e-17 3.535047e-17 1.859222e-03 0 0
1463.6874 1463.8528 3.413600e-17 2.365758e-17 7.402512e-04 0 0
1464.2702 1464.4356 1.403515e-17 1.902240e-17 3.037310e-04 16 0
1464.8530 1465.0185 8.894436e-17 3.614260e-17 1.920852e-03 0 0
1465.4357 1465.6013 9.965848e-17 3.756401e-17 2.147784e-03 0 0
1466.0185 1466.1842 8.397980e-17 3.496487e-17 1.806104e-03 0 0
1466.6013 1466.7671 9.193528e-17 3.722957e-17 1.973034e-03 0 0
1467.1841 1467.3499 4.630937e-17 2.632854e-17 9.917211e-04 0 0
1467.7669 1467.9328 1.223031e-16 4.297207e-17 2.613453e-03 0 0
1468.3497 1468.5156 4.095904e-17 2.769136e-17 8.732941e-04 16 0
1468.9325 1469.0985 6.466306e-17 3.178258e-17 1.375575e-03 0 0
1469.5153 1469.6813 1.154970e-16 4.056934e-17 2.451242e-03 0 0
1470.0981 1470.2642 4.816684e-17 2.763424e-17 1.019833e-03 0 0
1470.6808 1470.8470 8.872413e-17 3.579695e-17 1.873958e-03 0 0
1471.2636 1471.4299 2.182075e-17 1.963807e-17 4.597305e-04 0 0
1471.8464 1472.0127 9.373150e-17 3.768719e-17 1.969766e-03 0 0
1472.4292 1472.5956 6.450673e-17 3.194044e-17 1.352113e-03 0 0
1473.0119 1473.1784 1.036077e-16 3.835912e-17 2.166036e-03 0 0
1473.5947 1473.7612 5.458251e-17 3.019504e-17 1.138102e-03 0 0
1474.1775 1474.3441 7.965403e-17 3.481822e-17 1.656469e-03 0 0
1474.7603 1474.9269 3.790148e-17 2.514474e-17 7.860925e-04 0 0
1475.3430 1475.5098 5.326478e-17 2.941682e-17 1.101804e-03 0 0
1475.9258 1476.0926 9.160344e-17 3.665154e-17 1.889836e-03 0 0
1476.5086 1476.6754 1.048453e-16 3.899504e-17 2.157331e-03 0 0
1477.0913 1477.2582 6.545677e-17 3.166066e-17 1.343335e-03 0 0
1477.6741 1477.8411 1.066067e-16 3.919045e-17 2.182184e-03 0 0
1478.2569 1478.4239 5.096945e-17 2.804874e-17 1.040657e-03 0 0
1478.8396 1479.0067 5.227777e-17 2.871305e-17 1.064695e-03 0 0
1479.4224 1479.5896 1.098629e-16 4.066391e-17 2.231976e-03 0 0
1480.0051 1480.1724 1.007916e-16 4.009967e-17 2.042756e-03 0 0
1480.5879 1480.7552 3.746026e-17 2.438807e-17 7.574296e-04 0 0
1481.1707 1481.3380 6.801124e-17 3.255735e-17 1.371979e-03 0 0
1481.7534 1481.9208 1.108005e-16 4.082880e-17 2.230087e-03 0 0
1482.3362 1482.5037 9.774717e-17 3.871192e-17 1.962924e-03 0 0
1482.9189 1483.0865 1.159446e-16 4.266485e-17 2.323144e-03 0 0
1483.5017 1483.6693 3.851554e-17 2.486580e-17 7.699892e-04 0 0
1484.0844 1484.2521 4.009562e-17 2.571633e-17 7.997699e-04 0 0
1484.6672 1484.8349 9.478079e-17 3.745561e-17 1.886234e-03 0 0
1485.2499 1485.4177 5.447200e-17 2.940543e-17 1.081535e-03 0 0
1485.8326 1486.0005 3.772214e-17 2.413828e-17 7.471970e-04 0 0
1486.4154 1486.5833 1.015253e-16 3.998380e-17 2.006126e-03 0 0
1486.9981 1487.1662 9.471352e-17 3.738781e-17 1.866860e-03 0 0
1487.5809 1487.7490 8.393502e-17 3.590114e-17 1.650134e-03 0 0
1488.1636 1488.3318 5.583871e-17 2.942626e-17 1.094842e-03 0 0
1488.7463 1488.9146 1.056696e-17 1.455142e-17 2.066115e-04 0 0
1489.3291 1489.4974 6.931999e-17 3.267762e-17 1.351474e-03 0 0
1489.9118 1490.0802 7.007650e-17 3.263744e-17 1.362075e-03 0 0
1490.4945 1490.6630 1.015952e-16 3.980731e-17 1.968520e-03 0 0
1491.0773 1491.2458 8.591205e-17 3.652378e-17 1.659184e-03 0 0
1491.6600 1491.8285 8.729507e-17 3.709407e-17 1.680245e-03 0 0
1492.2427 1492.4113 4.228834e-17 2.642490e-17 8.111419e-04 0 0
1492.8254 1492.9941 4.132246e-17 2.579905e-17 7.898318e-04 0 0
1493.4082 1493.5769 3.381720e-17 2.634849e-17 6.440592e-04 16 0
1493.9909 1494.1597 5.681475e-17 3.005313e-17 1.078147e-03 0 0
1494.5736 1494.7425 9.057182e-17 3.830945e-17 1.712474e-03 0 0
1495.1563 1495.3253 5.678009e-17 2.990078e-17 1.069644e-03 0 0
1495.7390 1495.9081 7.435531e-17 3.501274e-17 1.395633e-03 0 0
1496.3218 1496.4908 1.507182e-16 4.860352e-17 2.818693e-03 0 0
1496.9045 1497.0736 1.083939e-16 4.210096e-17 2.019907e-03 0 0
1497.4872 1497.6564 4.159203e-17 2.560315e-17 7.723173e-04 0 0
1498.0699 1498.2392 6.336953e-17 3.268405e-17 1.172645e-03 0 0
1498.6526 1498.8220 7.804288e-17 3.613836e-17 1.439269e-03 0 0
1499.2353 1499.4047 2.879787e-17 2.227305e-17 5.293615e-04 0 0
1499.8180 1499.9875 1.469093e-16 4.985856e-17 2.691854e-03 0 0
1500.4007 1500.5703 7.819736e-17 3.609117e-17 1.428477e-03 0 0
1500.9834 1501.1530 4.707157e-17 2.864723e-17 8.573171e-04 0 0
1501.5661 1501.7358 1.445258e-16 4.898951e-17 2.624802e-03 0 0
1502.1488 1502.3186 2.955514e-17 2.246650e-17 5.352632e-04 0 0
1502.7315 1502.9013 4.794644e-17 2.904474e-17 8.660078e-04 0 0
1503.3142 1503.4841 4.603593e-17 2.777575e-17 8.292796e-04 0 0
1503.8969 1504.0669 4.896951e-17 2.955072e-17 8.798299e-04 0 0
1504.4796 1504.6496 4.696760e-17 2.825496e-17 8.416690e-04 0 0
1505.0623 1505.2324 9.476981e-17 3.988081e-17 1.693928e-03 0 0
1505.6450 1505.8152 6.438004e-17 3.314125e-17 1.147765e-03 0 0
1506.2277 1506.3979 6.688000e-17 3.438812e-17 1.189232e-03 0 0
1506.8104 1506.9807 9.569498e-17 3.977129e-17 1.697140e-03 0 0
1507.3931 1507.5634 3.066520e-17 2.362422e-17 5.423806e-04 0 0
1507.9758 1508.1462 9.379415e-17 3.893833e-17 1.654430e-03 0 0
1508.5585 1508.7289 1.741096e-17 1.795154e-17 3.062403e-04 0 0
1509.1411 1509.3117 4.799286e-17 2.853157e-17 8.417103e-04 0 0
1509.7238 1509.8944 8.468837e-17 3.809892e-17 1.480768e-03 0 0
1510.3065 1510.4772 3.054574e-17 2.247136e-17 5.324379e-04 0 0
1510.8892 1511.0599 1.636117e-17 1.761542e-17 2.842561e-04 0 0
1511.4719 1511.6427 4.852028e-17 2.869962e-17 8.401883e-04 0 0
1512.0545 1512.2254 4.978458e-17 2.942374e-17 8.590849e-04 0 0
1512.6372 1512.8081 3.311757e-17 2.344144e-17 5.694690e-04 0 0
1513.2199 1513.3909 6.788735e-17 3.449360e-17 1.163077e-03 0 0
1513.8026 1513.9736 3.137423e-17 2.272777e-17 5.355318e-04 0 0
1514.3852 1514.5564 1.577654e-17 1.668300e-17 2.682641e-04 0 0
1514.9679 1515.1391 9.188138e-17 4.155076e-17 1.556337e-03 0 0
1515.5506 1515.7218 8.514623e-17 3.835601e-17 1.436554e-03 0 0
1516.1332 1516.3045 6.759674e-17 3.413757e-17 1.135928e-03 0 0
1516.7159 1516.8873 8.488832e-17 3.827041e-17 1.420712e-03 0 0
1517.2986 1517.4700 1.158901e-16 4.394839e-17 1.931642e-03 0 0
1517.8812 1518.0527 1.879711e-16 5.964656e-17 3.120084e-03 0 0
1518.4639 1518.6355 1.376039e-16 4.879097e-17 2.274528e-03 0 0
1519.0465 1519.2182 1.209598e-16 4.579517e-17 1.990997e-03 0 0
1519.6292 1519.8009 2.590482e-16 6.936558e-17 4.245904e-03 0 0
1520.2118 1520.3836 1.947388e-16 5.879091e-17 3.178293e-03 0 0
1520.7945 1520.9663 1.964218e-16 5.960347e-17 3.192086e-03 0 0
1521.3772 1521.5491 2.377582e-16 6.599841e-17 3.847368e-03 0 0
1521.9598 1522.1318 1.702424e-16 5.376064e-17 2.743032e-03 0 0
1522.5425 1522.7145 3.083274e-16 7.711114e-17 4.946691e-03 0 0
1523.1251 1523.2972 3.093563e-16 7.499945e-17 4.941891e-03 0 0
1523.7077 1523.8799 2.402669e-16 6.688659e-17 3.821836e-03 0 0
1524.2904 1524.4626 2.193900e-16 6.323998e-17 3.474807e-03 0 0
1524.8730 1525.0453 9.190821e-17 4.086513e-17 1.449573e-03 0 0
1525.4557 1525.6281 9.325158e-17 4.098662e-17 1.464743e-03 0 0
1526.0383 1526.2108 1.150989e-16 4.677819e-17 1.800615e-03 0 0
1526.6210 1526.7935 1.510046e-16 5.321810e-17 2.352754e-03 0 0
1527.2036 1527.3762 9.229114e-17 4.092255e-17 1.432231e-03 0 0
1527.7862 1527.9589 1.682705e-16 5.583691e-17 2.600877e-03 0 0
1528.3689 1528.5416 2.107653e-16 6.332683e-17 3.244950e-03 0 0
1528.9515 1529.1243 1.144228e-16 4.679122e-17 1.754729e-03 0 0
1529.5341 1529.7070 1.128545e-16 4.612011e-17 1.724050e-03 0 0
1530.1168 1530.2897 2.715630e-16 7.232211e-17 4.132632e-03 0 0
1530.6994 1530.8724 9.442829e-17 4.168044e-17 1.431614e-03 0 0
1531.2820 1531.4550 1.535222e-16 5.383619e-17 2.318757e-03 0 0
1531.8646 1532.0377 2.259360e-16 6.487668e-17 3.399851e-03 0 0
1532.4473 1532.6204 1.906979e-16 5.986853e-17 2.858933e-03 0 0
1533.0299 1533.2031 1.570481e-16 5.504313e-17 2.345805e-03 0 0
1533.6125 1533.7858 1.788529e-16 5.911103e-17 2.661640e-03 0 0
1534.1951 1534.3685 1.006554e-16 4.380663e-17 1.492406e-03 0 0
1534.7777 1534.9512 9.761470e-17 4.290228e-17 1.441966e-03 0 0
1535.3604 1535.5339 7.775002e-17 3.853100e-17 1.144255e-03 0 0
1535.9430 1536.1165 1.174820e-16 4.720939e-17 1.722537e-03 0 0
1536.5256 1536.6992 6.171130e-17 3.454855e-17 9.013978e-04 0 0
1537.1082 1537.2819 8.455029e-17 4.074754e-17 1.230304e-03 0 0
1537.6908 1537.8646 1.206933e-16 4.848705e-17 1.749418e-03 0 0
1538.2734 1538.4472 1.995982e-16 6.248547e-17 2.881837e-03 0 0
1538.8560 1539.0299 1.295842e-16 5.209824e-17 1.863481e-03 0 0
1539.4386 1539.6126 1.057557e-16 4.634110e-17 1.514691e-03 0 0
1540.0212 1540.1953 8.545341e-17 4.103557e-17 1.218836e-03 0 0
1540.6038 1540.7779 8.227394e-17 3.993084e-17 1.168582e-03 0 0
1541.1864 1541.3606 1.084936e-16 4.753460e-17 1.534404e-03 0 0
1541.7690 1541.9433 1.208318e-16 4.825647e-17 1.701537e-03 0 0
1542.3516 1542.5259 1.293899e-16 5.186558e-17 1.814087e-03 0 0
1542.9342 1543.1086 1.068561e-16 4.662973e-17 1.491564e-03 0 0
1543.5168 1543.6913 1.706685e-16 5.940540e-17 2.371752e-03 0 0
1544.0994 1544.2739 1.305632e-16 5.220050e-17 1.806338e-03 0 0
1544.6820 1544.8566 6.527829e-17 3.602035e-17 8.991111e-04 0 0
1545.2646 1545.4392 1.469638e-16 5.443799e-17 2.015178e-03 0 0
1545.8472 1546.0219 1.998568e-16 6.530467e-17 2.728337e-03 0 0
1546.4298 1546.6045 6.694344e-17 3.687661e-17 9.098267e-04 0 0
1547.0124 1547.1872 7.081861e-17 3.918520e-17 9.583011e-04 0 0
1547.5950 1547.7698 1.274534e-16 5.069951e-17 1.717154e-03 0 0
1548.1776 1548.3525 6.945521e-17 3.823559e-17 9.317737e-04 0 0
1548.7601 1548.9351 8.857196e-17 4.265860e-17 1.183186e-03 0 0
1549.3427 1549.5178 9.253649e-17 4.466407e-17 1.231057e-03 0 0
1549.9253 1550.1004 6.949747e-17 3.813119e-17 9.207678e-04 0 0
1550.5079 1550.6831 9.293494e-17 4.482955e-17 1.226415e-03 0 0
1551.0904 1551.2657 2.493692e-17 2.137955e-17 3.277848e-04 0 0
1551.6730 1551.8484 7.005680e-17 3.843180e-17 9.173352e-04 0 0
1552.2556 1552.4310 9.244677e-17 4.440026e-17 1.205892e-03 0 0
1552.8382 1553.0136 1.397327e-16 5.562383e-17 1.815858e-03 0 0
1553.4207 1553.5963 1.417238e-16 5.638715e-17 1.834835e-03 0 0
1554.0033 1554.1789 1.887017e-16 6.572477e-17 2.433946e-03 0 0
1554.5859 1554.7615 1.851873e-16 6.445707e-17 2.379718e-03 0 0
1555.1684 1555.3442 2.112426e-16 6.912658e-17 2.704401e-03 0 0
1555.7510 1555.9268 7.118480e-17 3.872148e-17 9.079162e-04 0 0
1556.3336 1556.5094 1.151392e-16 4.963242e-17 1.462954e-03 0 0
1556.9161 1557.0921 7.349749e-17 4.006461e-17 9.302857e-04 0 0
1557.4987 1557.6747 1.499662e-16 5.965391e-17 1.890776e-03 0 0
1558.0813 1558.2573 9.650806e-17 4.615018e-17 1.211977e-03 0 0
1558.6638 1558.8399 1.202104e-16 5.184907e-17 1.503517e-03 0 0
1559.2464 1559.4226 9.828496e-17 4.701597e-17 1.224228e-03 0 0
1559.8289 1560.0052 5.151977e-17 3.337700e-17 6.389966e-04 0 0
1560.4115 1560.5878 7.289133e-17 3.948427e-17 9.001549e-04 0 0
1560.9940 1561.1704 1.240360e-16 5.347534e-17 1.524929e-03 0 0
1561.5766 1561.7530 2.623471e-17 2.139180e-17 3.210743e-04 0 0
1562.1591 1562.3356 8.144012e-17 4.449488e-17 9.920865e-04 0 0
1562.7417 1562.9183 7.798112e-17 4.238849e-17 9.454821e-04 0 0
1563.3242 1563.5009 1.513120e-16 5.984560e-17 1.825807e-03 0 0
1563.9068 1564.0835 8.138756e-17 4.426136e-17 9.773111e-04 0 0
1564.4893 1564.6661 8.287337e-17 4.498981e-17 9.902797e-04 0 0
1565.0718 1565.2487 1.227097e-16 5.264146e-17 1.459050e-03 0 0
1565.6544 1565.8313 4.966950e-18 1.053392e-20 5.876435e-05 0 0
1566.2369 1566.4139 2.889640e-17 2.392209e-17 3.401624e-04 0 0
1566.8195 1566.9965 5.423398e-17 3.464026e-17 6.352232e-04 0 0
1567.4020 1567.5791 1.043909e-16 4.960632e-17 1.216524e-03 0 0
1567.9845 1568.1617 1.045399e-16 4.968547e-17 1.212121e-03 0 0
1568.5671 1568.7443 8.106201e-17 4.376732e-17 9.351568e-04 0 0
1569.1496 1569.3269 1.077767e-16 5.131921e-17 1.237103e-03 0 0
1569.7321 1569.9095 8.023945e-17 4.320506e-17 9.164033e-04 0 0
1570.3146 1570.4921 1.278265e-16 5.467608e-17 1.452625e-03 0 0
1570.8972 1571.0747 8.043971e-17 4.324122e-17 9.095886e-04 0 0
1571.4797 1571.6573 3.130619e-17 2.586033e-17 3.522587e-04 0 0
1572.0622 1572.2399 8.255834e-17 4.441881e-17 9.243960e-04 0 0
1572.6447 1572.8224 6.024867e-17 3.861597e-17 6.713108e-04 0 0
1573.2273 1573.4050 8.493145e-17 4.581641e-17 9.417430e-04 0 0
1573.8098 1573.9876 5.783873e-17 3.682190e-17 6.382357e-04 0 0
1574.3923 1574.5702 3.185040e-17 2.620139e-17 3.497704e-04 0 0
1574.9748 1575.1528 8.495222e-17 4.569446e-17 9.284325e-04 0 0
1575.5573 1575.7354 5.881310e-17 3.740818e-17 6.396664e-04 0 0
1576.1398 1576.3179 5.872352e-17 3.742944e-17 6.356285e-04 0 0
1576.7223 1576.9005 8.344366e-17 4.461983e-17 8.988827e-04 0 0
1577.3049 1577.4831 3.501563e-17 2.929589e-17 3.754020e-04 0 0
1577.8874 1578.0657 5.813601e-17 3.669436e-17 6.203132e-04 0 0
1578.4699 1578.6482 5.900477e-18 1.200233e-20 6.265978e-05 0 0
1579.0524 1579.2308 3.371227e-17 2.750898e-17 3.563124e-04 0 0
1579.6349 1579.8134 6.063221e-17 3.844769e-17 6.378089e-04 0 0
1580.2174 1580.3959 8.534677e-17 4.561539e-17 8.935584e-04 0 0
1580.7999 1580.9785 6.288774e-17 4.011280e-17 6.553176e-04 0 0
1581.3824 1581.5611 6.027649e-17 3.806769e-17 6.251542e-04 0 0
1581.9649 1582.1436 6.173310e-17 3.920587e-17 6.372483e-04 0 0
1582.5474 1582.7262 8.979863e-17 4.819347e-17 9.225965e-04 0 0
1583.1299 1583.3088 6.455461e-18 1.173603e-20 6.601105e-05 0 0
1583.7124 1583.8913 2.146469e-17 2.757068e-17 2.184534e-04 16 0
1584.2949 1584.4739 6.345160e-18 1.228626e-20 6.427107e-05 0 0
1584.8773 1585.0564 9.086911e-17 4.869743e-17 9.160583e-04 0 0
1585.4598 1585.6390 1.071557e-17 2.920917e-17 1.075095e-04 16 0
1586.0423 1586.2215 3.497454e-17 2.845377e-17 3.492209e-04 0 0
1586.6248 1586.8041 3.523710e-17 2.885271e-17 3.501498e-04 0 0
1587.2073 1587.3866 3.668720e-17 3.008255e-17 3.627967e-04 0 0
1587.7898 1587.9692 6.449036e-18 1.270568e-20 6.346369e-05 0 0
1588.3723 1588.5517 6.437607e-17 4.072836e-17 6.304096e-04 0 0
1588.9547 1589.1343 3.628093e-17 2.974642e-17 3.535328e-04 0 0
1589.5372 1589.7168 3.839832e-17 3.159269e-17 3.723063e-04 0 0
1590.1197 1590.2994 6.638448e-17 4.229186e-17 6.404356e-04 0 0
1590.7022 1590.8819 3.602262e-17 2.938519e-17 3.457693e-04 0 0
1591.2846 1591.4645 6.701939e-17 4.276328e-17 6.400301e-04 0 0
1591.8671 1592.0470 6.671265e-17 4.231967e-17 6.338455e-04 0 0
1592.4496 1592.6295 3.692430e-17 3.051852e-17 3.490215e-04 0 0
1593.0321 1593.2121 6.939824e-18 1.240821e-20 6.525969e-05 0 0
1593.6145 1593.7946 6.749026e-18 1.296923e-20 6.313731e-05 0 0
1594.1970 1594.3771 1.379753e-16 6.583407e-17 1.284081e-03 0 0
1594.7795 1594.9597 3.653569e-17 2.976161e-17 3.382582e-04 0 0
1595.3619 1595.5422 1.296791e-16 6.144134e-17 1.194385e-03 0 0
1595.9444 1596.1247 7.168428e-17 4.603656e-17 6.568071e-04 0 0
1596.5268 1596.7073 6.782174e-18 1.329483e-20 6.182027e-05 0 0
1597.1093 1597.2898 1.048697e-16 5.683893e-17 9.509517e-04 0 0
1597.6918 1597.8723 1.026558e-16 5.542188e-17 9.260912e-04 0 0
1598.2742 1598.4548 7.107058e-17 4.551902e-17 6.378553e-04 0 0
1598.8567 1599.0373 1.359860e-16 6.478614e-17 1.214256e-03 0 0
1599.4391 1599.6199 7.217118e-17 4.561239e-17 6.411585e-04 0 0
1600.0216 1600.2024 1.379335e-16 6.569465e-17 1.219226e-03 0 0
1600.6040 1600.7849 4.282467e-17 5.693975e-17 3.766382e-04 16 0
1601.1865 1601.3674 6.930623e-18 1.333702e-20 6.065289e-05 0 0
1601.7689 1601.9499 7.383936e-17 4.770631e-17 6.430128e-04 0 0
1602.3514 1602.5324 7.287944e-17 4.698448e-17 6.315768e-04 0 0
1602.9338 1603.1149 1.380637e-16 6.570875e-17 1.190677e-03 0 0
1603.5163 1603.6975 4.285745e-17 3.654779e-17 3.678542e-04 0 0
1604.0987 1604.2800 6.611305e-18 1.419553e-20 5.647763e-05 0 0
1604.6811 1604.8625 7.410120e-17 4.781329e-17 6.300878e-04 0 0
1605.2636 1605.4450 6.295202e-18 1.496625e-20 5.328162e-05 0 0
1605.8460 1606.0275 1.074604e-16 5.878143e-17 9.054389e-04 0 0
1606.4284 1606.6100 6.303538e-18 1.487798e-20 5.287416e-05 0 0
1607.0109 1607.1925 1.430399e-16 6.835930e-17 1.194591e-03 0 0
1607.5933 1607.7750 7.486849e-17 4.847113e-17 6.225441e-04 0 0
1608.1757 1608.3575 7.795400e-17 5.082163e-17 6.454751e-04 0 0
1608.7582 1608.9400 6.293537e-18 1.472213e-20 5.189337e-05 0 0
1609.3406 1609.5225 7.679014e-17 5.003852e-17 6.306147e-04 0 0
1609.9230 1610.1050 7.394619e-17 4.782373e-17 6.048136e-04 0 0
1610.5055 1610.6874 4.103344e-17 3.508223e-17 3.343167e-04 0 0
1611.0879 1611.2699 1.458234e-16 6.989604e-17 1.183493e-03 0 0
1611.6703 1611.8524 1.510182e-16 7.266819e-17 1.221088e-03 0 0
1612.2527 1612.4349 1.856754e-16 8.045748e-17 1.495732e-03 0 0
1612.8351 1613.0174 1.161960e-16 6.383972e-17 9.326642e-04 0 0
1613.4176 1613.5999 7.659256e-17 5.018989e-17 6.125697e-04 0 0
1614.0000 1614.1824 1.112626e-16 6.099608e-17 8.867470e-04 0 0
1614.5824 1614.7648 7.933073e-17 5.229068e-17 6.300458e-04 0 0
1615.1648 1615.3473 4.275941e-17 3.719576e-17 3.384383e-04 0 0
1615.7472 1615.9298 4.282441e-17 3.772409e-17 3.377953e-04 0 0
1616.3296 1616.5123 2.228918e-16 8.883663e-17 1.752266e-03 0 0
1616.9120 1617.0947 4.292285e-17 3.810889e-17 3.363057e-04 0 0
1617.4944 1617.6772 5.231363e-18 1.550097e-20 4.085270e-05 0 0
1618.0768 1618.2597 1.173525e-16 6.507528e-17 9.133851e-04 0 0
1618.6593 1618.8422 1.126531e-16 6.223245e-17 8.739204e-04 0 0
1619.2417 1619.4246 4.756960e-18 1.613578e-20 3.678072e-05 0 0
1619.8241 1620.0071 7.636794e-17 5.057925e-17 5.885280e-04 0 0
1620.4065 1620.5896 2.004044e-16 8.776098e-17 1.539298e-03 0 0
1620.9889 1621.1720 1.150493e-16 6.384788e-17 8.807647e-04 0 0
1621.5712 1621.7545 8.213193e-17 5.515235e-17 6.266758e-04 0 0
1622.1536 1622.3369 4.091185e-17 3.671207e-17 3.111277e-04 0 0
1622.7360 1622.9194 7.865406e-17 5.263106e-17 5.961607e-04 0 0
1623.3184 1623.5019 1.255536e-16 7.045479e-17 9.484880e-04 0 0
1623.9008 1624.0843 1.142264e-16 6.371427e-17 8.600494e-04 0 0
1624.4832 1624.6668 1.561619e-16 7.620614e-17 1.171916e-03 0 0
1625.0656 1625.2492 3.573397e-18 1.675930e-20 2.673433e-05 0 0
1625.6480 1625.8317 1.492618e-16 7.282916e-17 1.113501e-03 0 0
1626.2304 1626.4141 4.214087e-17 3.901549e-17 3.134680e-04 0 0
1626.8128 1626.9966 -3.403834e-17 3.869666e-17 -2.524767e-04 16 0
1627.3951 1627.5790 1.533062e-16 7.508925e-17 1.133887e-03 0 0
1627.9775 1628.1615 1.169979e-16 6.603099e-17 8.629096e-04 0 0
1628.5599 1628.7439 2.719991e-18 1.704055e-20 2.000445e-05 0 0
1629.1423 1629.3264 2.775957e-18 1.659885e-20 2.035948e-05 0 0
1629.7247 1629.9088 4.515545e-17 4.296244e-17 3.302587e-04 0 0
1630.3070 1630.4912 1.137795e-16 6.419132e-17 8.298896e-04 0 0
1630.8894 1631.0737 2.323528e-18 1.664144e-20 1.690100e-05 0 0
1631.4718 1631.6561 4.370700e-17 4.160011e-17 3.170615e-04 0 0
1632.0541 1632.2386 1.462511e-18 1.809058e-20 1.058073e-05 0 0
1632.6365 1632.8210 4.046869e-17 3.847884e-17 2.919944e-04 0 0
1633.2189 1633.4034 1.171255e-18 1.804671e-20 8.428331e-06 0 0
1633.8012 1633.9859 4.057756e-17 3.938877e-17 2.912188e-04 0 0
1634.3836 1634.5683 1.219893e-16 6.980487e-17 8.731619e-04 0 0
1634.9660 1635.1507 7.785418e-17 5.421699e-17 5.557739e-04 0 0
1635.5483 1635.7331 1.659511e-16 8.282237e-17 1.181504e-03 0 0
1636.1307 1636.3156 2.781744e-16 1.050347e-16 1.975198e-03 0 0
1636.7130 1636.8980 1.236605e-16 7.144722e-17 8.757061e-04 0 0
1637.2954 1637.4804 4.105132e-17 4.111386e-17 2.899232e-04 0 0
1637.8778 1638.0628 8.125624e-17 5.741838e-17 5.723156e-04 0 0
1638.4601 1638.6453 8.650348e-17 6.160412e-17 6.076113e-04 0 0
1639.0425 1639.2277 1.176672e-16 6.813315e-17 8.242417e-04 0 0
1639.6248 1639.8101 8.060075e-17 5.756251e-17 5.630307e-04 0 0
1640.2072 1640.3925 1.618074e-16 8.130191e-17 1.127140e-03 0 0
1640.7895 1640.9749 1.600442e-16 8.050329e-17 1.111723e-03 0 0
1641.3719 1641.5573 8.795712e-17 6.348000e-17 6.092545e-04 0 0
1641.9542 1642.1397 -1.620704e-18 1.809017e-20 -1.119454e-05 0 0
1642.5365 1642.7222 1.224750e-16 7.181556e-17 8.435703e-04 0 0
1643.1189 1643.3046 8.277185e-17 5.998298e-17 5.685156e-04 0 0
1643.7012 1643.8870 1.220051e-16 7.181044e-17 8.356462e-04 0 0
1644.2836 1644.4694 1.163440e-16 6.851968e-17 7.946960e-04 0 0
1644.8659 1645.0518 8.288493e-17 6.058974e-17 5.646091e-04 0 0
1645.4482 1645.6342 -3.128271e-18 1.855944e-20 -2.125352e-05 0 0
1646.0306 1646.2166 3.847409e-17 4.154654e-17 2.607091e-04 0 0
1646.6129 1646.7990 1.652561e-16 8.443632e-17 1.117007e-03 0 0
1647.1952 1647.3814 2.071313e-16 9.436152e-17 1.396581e-03 0 0
1647.7776 1647.9638 1.258435e-16 7.519074e-17 8.465122e-04 0 0
1648.3599 1648.5462 1.592175e-16 8.191672e-17 1.068542e-03 0 0
1648.9422 1649.1286 1.772166e-16 9.126096e-17 1.186786e-03 0 0
1649.5246 1649.7110 3.246116e-16 1.164234e-16 2.169303e-03 0 0
1650.1069 1650.2933 1.247903e-16 7.517351e-17 8.323396e-04 0 0
1650.6892 1650.8757 8.052446e-17 6.089625e-17 5.360892e-04 0 0
1651.2715 1651.4581 3.924035e-17 4.504925e-17 2.607865e-04 0 0
1651.8538 1652.0405 1.222766e-16 7.473293e-17 8.112563e-04 0 0
1652.4362 1652.6229 1.642534e-16 8.532960e-17 1.087983e-03 0 0
1653.0185 1653.2053 3.634437e-17 4.305825e-17 2.403529e-04 0 0
1653.6008 1653.7877 1.228313e-16 7.489400e-17 8.110213e-04 0 0
1654.1831 1654.3700 7.955826e-17 6.151230e-17 5.244702e-04 0 0
1654.7654 1654.9524 -7.590265e-18 1.905800e-20 -4.995603e-05 0 0
1655.3477 1655.5348 1.285682e-16 7.883567e-17 8.447933e-04 0 0
1655.9300 1656.1172 1.959817e-16 9.121667e-17 1.285526e-03 0 0
1656.5123 1656.6995 1.333540e-16 8.221724e-17 8.731725e-04 0 0
1657.0947 1657.2819 1.657907e-16 8.735563e-17 1.083485e-03 0 0
1657.6770 1657.8643 -9.240856e-18 1.933432e-20 -6.027125e-05 0 0
1658.2593 1658.4466 -9.802595e-18 1.997765e-20 -6.379632e-05 0 0
1658.8416 1659.0290 3.489874e-17 4.482107e-17 2.266076e-04 0 0
1659.4239 1659.6114 7.536283e-17 6.041870e-17 4.881293e-04 0 0
1660.0062 1660.1937 -1.058181e-17 1.940858e-20 -6.835815e-05 0 0
1660.5885 1660.7761 8.265938e-17 6.612809e-17 5.324520e-04 0 0
1661.1708 1661.3585 -1.158717e-17 2.024926e-20 -7.441511e-05 0 0
1661.7531 1661.9408 7.628981e-17 6.205963e-17 4.884040e-04 0 0
1662.3353 1662.5232 7.938857e-17 6.479613e-17 5.065845e-04 0 0
1662.9176 1663.1055 1.176007e-16 7.499618e-17 7.479005e-04 0 0
1663.4999 1663.6879 3.278883e-17 4.557239e-17 2.078111e-04 0 0
1664.0822 1664.2703 3.192910e-17 4.487781e-17 2.016611e-04 0 0
1664.6645 1664.8526 7.745705e-17 6.432272e-17 4.875009e-04 0 0
1665.2468 1665.4350 -1.395598e-17 1.970766e-20 -8.753121e-05 0 0
1665.8291 1666.0173 -1.475485e-17 2.076219e-20 -9.222137e-05 0 0
1666.4114 1666.5997 1.109170e-16 7.497044e-17 6.909069e-04 0 0
1666.9936 1667.1820 3.226016e-17 4.772672e-17 2.002799e-04 0 0
1667.5759 1667.7644 7.419572e-17 6.334069e-17 4.591480e-04 0 0
1668.1582 1668.3467 7.437614e-17 6.388682e-17 4.588353e-04 0 0
1668.7405 1668.9290 -1.643464e-17 1.986023e-20 -1.010897e-04 0 0
1669.3227 1669.5114 7.667383e-17 6.644231e-17 4.703115e-04 0 0
1669.9050 1670.0937 -1.712368e-17 1.945126e-20 -1.047649e-04 0 0
1670.4873 1670.6761 1.567791e-17 3.920584e-17 9.569155e-05 0 0
1671.0696 1671.2584 -1.787765e-17 1.919165e-20 -1.088776e-04 0 0
1671.6518 1671.8407 7.756511e-17 6.844227e-17 4.714281e-04 0 0
1672.2341 1672.4231 -1.878414e-17 1.927908e-20 -1.139510e-04 0 0
1672.8164 1673.0054 7.707646e-17 6.879637e-17 4.667536e-04 0 0
1673.3986 1673.5877 -2.011829e-17 2.043828e-20 -1.216278e-04 0 0
1673.9809 1674.1701 -2.037871e-17 1.996470e-20 -1.230090e-04 0 0
1674.5632 1674.7524 7.231631e-17 6.597123e-17 4.358462e-04 0 0
1675.1454 1675.3347 -5.447367e-18 2.781057e-17 -3.277421e-05 0 0
1675.7277 1675.9170 -5.937512e-18 2.630360e-17 -3.565860e-05 0 0
1676.3099 1676.4994 -2.281059e-17 2.151150e-20 -1.367457e-04 0 0
1676.8922 1677.0817 -2.300115e-17 2.077957e-20 -1.376353e-04 0 0
1677.4744 1677.6640 5.088869e-17 5.852002e-17 3.039387e-04 0 0
1678.0567 1678.2463 1.199370e-16 8.329479e-17 7.149449e-04 0 0
1678.6389 1678.8286 6.749715e-17 6.497308e-17 4.015311e-04 0 0
1679.2212 1679.4109 1.369995e-16 8.770713e-17 8.132483e-04 0 0
1679.8034 1679.9933 7.014142e-17 6.779187e-17 4.154182e-04 0 0
1680.3857 1680.5756 -2.574481e-17 2.017170e-20 -1.521104e-04 0 0
1680.9679 1681.1579 -2.718474e-17 2.258785e-20 -1.602056e-04 0 0
1681.5502 1681.7402 1.278390e-16 8.965676e-17 7.513750e-04 0 0
1682.1324 1682.3225 -2.764229e-17 2.096445e-20 -1.620090e-04 0 0
1682.7147 1682.9048 1.637299e-16 9.609576e-17 9.568160e-04 0 0
1683.2969 1683.4871 -2.907315e-17 2.189181e-20 -1.693818e-04 0 0
1683.8791 1684.0694 1.855203e-17 4.800685e-17 1.077481e-04 0 0
1684.4614 1684.6517 1.950970e-17 4.958852e-17 1.129431e-04 0 0
1685.0436 1685.2340 1.975498e-17 5.080224e-17 1.139858e-04 0 0
1685.6258 1685.8163 1.708782e-17 4.836220e-17 9.826115e-05 0 0
1686.2081 1686.3986 -3.219367e-17 2.232408e-20 -1.844873e-04 0 0
1686.7903 1686.9809 -3.249011e-17 2.145899e-20 -1.855291e-04 0 0
1687.3725 1687.5632 -3.350561e-17 2.250853e-20 -1.906459e-04 0 0
1687.9548 1688.1455 1.332613e-17 4.733634e-17 7.555049e-05 0 0
1688.5370 1688.7278 6.338813e-17 6.925325e-17 3.580573e-04 0 0
1689.1192 1689.3101 1.517152e-17 5.030857e-17 8.538229e-05 0 0
1689.7014 1689.8924 6.508804e-17 7.138842e-17 3.649440e-04 0 0
1690.2837 1690.4747 7.381972e-17 7.840933e-17 4.123593e-04 0 0
1690.8659 1691.0570 1.092042e-17 4.811638e-17 6.077359e-05 0 0
1691.4481 1691.6392 1.253173e-17 5.070152e-17 6.947908e-05 0 0
1692.0303 1692.2215 1.155496e-16 8.921593e-17 6.382227e-04 0 0
1692.6125 1692.8038 1.587196e-17 5.584848e-17 8.733544e-05 0 0
1693.1948 1693.3861 6.216330e-17 7.246225e-17 3.407565e-04 0 0
1693.7770 1693.9684 1.339793e-17 5.457305e-17 7.316362e-05 0 0
1694.3592 1694.5506 9.653615e-18 5.151048e-17 5.251559e-05 0 0
1694.9414 1695.1329 9.702675e-18 5.223967e-17 5.258092e-05 0 0
1695.5236 1695.7152 -4.315157e-17 2.254760e-20 -2.329515e-04 0 0
1696.1058 1696.2975 1.125750e-16 9.068152e-17 6.053989e-04 0 0
1696.6880 1696.8797 5.860489e-18 5.057621e-17 3.139483e-05 0 0
1697.2702 1697.4620 5.786443e-17 7.326811e-17 3.087875e-04 0 0
1697.8524 1698.0443 6.372288e-17 7.820951e-17 3.387358e-04 0 0
1698.4346 1698.6265 -4.723447e-17 2.308485e-20 -2.501171e-04 0 0
1699.0168 1699.2088 -4.810336e-17 2.326346e-20 -2.537305e-04 0 0
1699.5990 1699.7911 8.526875e-18 5.787815e-17 4.480270e-05 0 0
1700.1812 1700.3733 8.108622e-19 5.059282e-17 4.243790e-06 0 0
1700.7634 1700.9556 -5.123376e-17 2.500038e-20 -2.670910e-04 0 0
1701.3456 1701.5379 3.289062e-18 5.528940e-17 1.707910e-05 0 0
1701.9278 1702.1201 -5.271042e-17 2.441287e-20 -2.726354e-04 0 0
1702.5100 1702.7024 -5.411167e-17 2.583119e-20 -2.787811e-04 0 0
1703.0922 1703.2846 5.814093e-17 7.967105e-17 2.983636e-04 0 0
1703.6744 1703.8669 -5.544161e-17 2.465520e-20 -2.833902e-04 0 0
1704.2565 1704.4491 1.068463e-16 9.416489e-17 5.440009e-04 0 0
1704.8387 1705.0314 1.060143e-16 9.417510e-17 5.376367e-04 0 0
1705.4209 1705.6136 -1.877160e-18 5.623855e-17 -9.482363e-06 0 0
1706.0031 1706.1959 6.098410e-17 8.531936e-17 3.068427e-04 0 0
1706.5853 1706.7781 4.719904e-17 7.595812e-17 2.365509e-04 0 0
1707.1675 1707.3604 -6.422536e-18 5.487892e-17 -3.206145e-05 0 0
1707.7496 1707.9426 -6.234127e-17 2.588313e-20 -3.099886e-04 0 0
1708.3318 1708.5248 -9.628818e-18 5.354447e-17 -4.769026e-05 0 0
1708.9140 1709.1071 1.699942e-16 1.174900e-16 8.386633e-04 0 0
1709.4962 1709.6893 -6.532785e-17 2.573489e-20 -3.210271e-04 0 0
1710.0783 1710.2716 -8.264490e-18 5.847591e-17 -4.045386e-05 0 0
1710.6605 1710.8538 1.214305e-19 2.535162e-20 5.920592e-07 0 0
1711.2427 1711.4360 9.390986e-20 2.755414e-20 4.560934e-07 0 0
1711.8248 1712.0183 5.595234e-17 5.570954e-17 2.706817e-04 0 0
1712.4070 1712.6005 1.245333e-16 8.911771e-17 6.001212e-04 0 0
1712.9892 1713.1827 5.122904e-17 5.152970e-17 2.459092e-04 2560 0
1713.5713 1713.7650 4.480721e-17 5.887343e-17 2.142518e-04 2564 0
1714.1535 1714.3472 1.633147e-16 1.024426e-16 7.778790e-04 2564 0
1714.7356 1714.9294 1.045997e-16 8.398691e-17 4.962981e-04 2564 0
1715.3178 1715.5116 -1.423078e-17 1.154446e-20 -6.726032e-05 2564 0
