# SNNGC4414 oc3201060 G230L MAMA z=0.002388 a2center=755.3 extrsize=11 exptime=818.0 mode=fixed flags=low_detect,center_mismatch(755vs553)
# rest_wvl obs_wvl flux error net dq mask
1559.3638 1563.0876 0.000000e+00 0.000000e+00 -4.181019e-03 2580 0
1560.9050 1564.6325 0.000000e+00 0.000000e+00 -2.627775e-03 2564 0
1562.4463 1566.1774 0.000000e+00 0.000000e+00 -7.413639e-04 2564 0
1563.9875 1567.7223 0.000000e+00 0.000000e+00 -4.551537e-03 2564 0
1565.5287 1569.2672 0.000000e+00 0.000000e+00 -4.461310e-03 2560 0
1567.0700 1570.8122 0.000000e+00 0.000000e+00 9.832997e-05 512 0
1568.6112 1572.3571 0.000000e+00 0.000000e+00 2.404673e-03 512 0
1570.1525 1573.9020 0.000000e+00 0.000000e+00 -4.839266e-03 512 0
1571.6938 1575.4470 0.000000e+00 0.000000e+00 1.085818e-02 512 0
1573.2351 1576.9920 0.000000e+00 0.000000e+00 6.185162e-04 512 0
1574.7764 1578.5369 0.000000e+00 0.000000e+00 9.496409e-03 512 0
1576.3177 1580.0819 -5.563014e-14 1.644315e-13 -1.766153e-03 0 0
1577.8590 1581.6269 1.267302e-14 5.433587e-14 1.305777e-03 0 0
1579.4003 1583.1719 -4.490889e-14 2.587084e-14 -7.837037e-03 0 0
1580.9416 1584.7169 -1.480595e-14 2.054772e-14 -3.644773e-03 0 0
1582.4830 1586.2619 -3.009052e-15 1.675167e-14 -9.569245e-04 0 0
1584.0243 1587.8070 -4.695595e-15 1.313882e-14 -1.831505e-03 0 0
1585.5657 1589.3520 -1.566424e-14 9.777259e-15 -7.241046e-03 0 0
1587.1071 1590.8971 7.346811e-16 1.038540e-14 3.928359e-04 0 0
1588.6484 1592.4421 1.079633e-14 9.967439e-15 6.557175e-03 0 0
1590.1898 1593.9872 1.301609e-14 9.197589e-15 8.995421e-03 0 0
1591.7312 1595.5323 -2.237580e-15 6.785198e-15 -1.747828e-03 0 0
1593.2726 1597.0773 -5.820921e-15 5.419370e-15 -5.134805e-03 0 0
1594.8140 1598.6224 -1.092583e-15 5.325769e-15 -1.081649e-03 0 0
1596.3554 1600.1675 -1.297201e-15 4.723417e-15 -1.436772e-03 0 0
1597.8969 1601.7126 1.538898e-15 4.470414e-15 1.895765e-03 0 0
1599.4383 1603.2578 -1.842322e-16 4.005831e-15 -2.514890e-04 0 0
1600.9798 1604.8029 -5.147885e-16 3.492809e-15 -7.747213e-04 0 0
1602.5212 1606.3480 -1.953985e-15 2.999513e-15 -3.230575e-03 0 0
1604.0627 1607.8932 3.439225e-16 2.944353e-15 6.220792e-04 0 0
1605.6042 1609.4383 -5.192931e-16 2.647775e-15 -1.024357e-03 0 0
1607.1456 1610.9835 2.647951e-15 2.802855e-15 5.677171e-03 0 0
1608.6871 1612.5287 2.360283e-15 2.596430e-15 5.483428e-03 0 0
1610.2286 1614.0739 -1.578721e-15 1.897549e-15 -3.962840e-03 0 0
1611.7701 1615.6191 -1.206692e-15 1.918316e-15 -3.262767e-03 0 0
1613.3117 1617.1643 -3.507594e-16 1.830447e-15 -1.018928e-03 0 0
1614.8532 1618.7095 9.898352e-16 1.837951e-15 3.079915e-03 0 0
1616.3947 1620.2547 -1.375997e-15 1.417608e-15 -4.574766e-03 0 0
1617.9363 1621.7999 2.364659e-15 1.771647e-15 8.376054e-03 0 0
1619.4778 1623.3451 2.960126e-15 1.752568e-15 1.114531e-02 0 0
1621.0194 1624.8904 1.345134e-15 1.536065e-15 5.368707e-03 0 0
1622.5610 1626.4357 1.940467e-16 1.327334e-15 8.191544e-04 0 0
1624.1026 1627.9809 -2.255589e-15 9.005445e-16 -1.004568e-02 0 0
1625.6442 1629.5262 -1.293717e-15 9.669260e-16 -6.065948e-03 0 0
1627.1858 1631.0715 1.610788e-15 1.270315e-15 7.933166e-03 0 0
1628.7274 1632.6168 3.910239e-16 1.085333e-15 2.018777e-03 0 0
1630.2690 1634.1621 -2.369958e-15 6.666388e-16 -1.280026e-02 0 0
1631.8106 1635.7074 9.894444e-16 1.054734e-15 5.580094e-03 0 0
1633.3522 1637.2527 2.019468e-16 9.320991e-16 1.187078e-03 0 0
1634.8939 1638.7980 1.501272e-15 1.027146e-15 9.181713e-03 0 0
1636.4356 1640.3434 1.292994e-15 9.610078e-16 8.214943e-03 0 0
1637.9772 1641.8887 -3.118315e-16 7.700904e-16 -2.054757e-03 0 0
1639.5189 1643.4341 9.985886e-17 7.906191e-16 6.815157e-04 0 0
1641.0606 1644.9794 -7.961420e-16 6.589195e-16 -5.619273e-03 0 0
1642.6023 1646.5248 -2.460444e-16 6.983817e-16 -1.793936e-03 0 0
1644.1440 1648.0702 8.712178e-16 7.954716e-16 6.553135e-03 0 0
1645.6857 1649.6156 6.261942e-16 7.504195e-16 4.854450e-03 0 0
1647.2274 1651.1610 4.874355e-16 7.006978e-16 3.889470e-03 0 0
1648.7691 1652.7064 4.057899e-16 6.737896e-16 3.329954e-03 0 0
1650.3109 1654.2518 4.777383e-16 6.839272e-16 4.027444e-03 0 0
1651.8526 1655.7972 1.112340e-15 7.420344e-16 9.626253e-03 0 0
1653.3944 1657.3427 -4.361109e-16 5.464493e-16 -3.870402e-03 0 0
1654.9361 1658.8881 1.556478e-15 7.398961e-16 1.415664e-02 0 0
1656.4779 1660.4336 2.445781e-16 6.029108e-16 2.277600e-03 0 0
1658.0197 1661.9790 4.014459e-16 6.005295e-16 3.825477e-03 0 0
1659.5615 1663.5245 4.585426e-17 5.402371e-16 4.467333e-04 0 0
1661.1033 1665.0700 7.832677e-16 6.086097e-16 7.797909e-03 0 0
1662.6451 1666.6155 1.851221e-15 7.012767e-16 1.881788e-02 0 0
1664.1869 1668.1610 3.078917e-16 5.351970e-16 3.194279e-03 0 0
1665.7287 1669.7065 1.822832e-16 5.169651e-16 1.928702e-03 0 0
1667.2706 1671.2520 6.575122e-16 5.595194e-16 7.092654e-03 0 0
1668.8124 1672.7975 4.304415e-16 5.079716e-16 4.730729e-03 0 0
1670.3543 1674.3431 6.111589e-16 5.414479e-16 6.841325e-03 0 0
1671.8961 1675.8886 -8.840396e-17 4.427424e-16 -1.007379e-03 0 0
1673.4380 1677.4342 8.078380e-16 5.483226e-16 9.368259e-03 0 0
1674.9799 1678.9797 8.386930e-16 5.396756e-16 9.893083e-03 0 0
1676.5218 1680.5253 1.149188e-15 5.562289e-16 1.378496e-02 0 0
1678.0637 1682.0709 4.554215e-17 4.281211e-16 5.552639e-04 0 0
1679.6056 1683.6165 -5.429867e-16 3.617037e-16 -6.727417e-03 0 0
1681.1475 1685.1621 -9.481805e-17 4.050596e-16 -1.193223e-03 0 0
1682.6894 1686.7077 1.301142e-16 4.269115e-16 1.662781e-03 0 0
1684.2313 1688.2533 4.243697e-16 4.557531e-16 5.504838e-03 0 0
1685.7733 1689.7989 8.691594e-16 4.900454e-16 1.144203e-02 0 0
1687.3152 1691.3446 1.186027e-15 5.126961e-16 1.583892e-02 0 0
1688.8572 1692.8902 -2.385469e-16 3.573553e-16 -3.231102e-03 0 0
1690.3992 1694.4359 2.020950e-16 3.986953e-16 2.775340e-03 0 0
1691.9412 1695.9815 5.524673e-17 3.852270e-16 7.690834e-04 0 0
1693.4832 1697.5272 1.058155e-15 4.755790e-16 1.492708e-02 0 0
1695.0251 1699.0729 9.154092e-16 4.589029e-16 1.308357e-02 0 0
1696.5672 1700.6186 9.122131e-16 4.538464e-16 1.320530e-02 0 0
1698.1092 1702.1643 1.038242e-15 4.618446e-16 1.521925e-02 0 0
1699.6512 1703.7100 7.706143e-16 4.336243e-16 1.143565e-02 0 0
1701.1932 1705.2557 2.676016e-16 3.789301e-16 4.019540e-03 0 0
1702.7353 1706.8014 5.702856e-16 3.998219e-16 8.668493e-03 0 0
1704.2773 1708.3471 3.823346e-16 3.834815e-16 5.880265e-03 0 0
1705.8194 1709.8929 8.640101e-16 4.257238e-16 1.344276e-02 0 0
1707.3615 1711.4386 7.722341e-16 4.117758e-16 1.215284e-02 0 0
1708.9035 1712.9844 3.060313e-16 3.585928e-16 4.870621e-03 0 0
1710.4456 1714.5302 1.168931e-15 4.422888e-16 1.881243e-02 0 0
1711.9877 1716.0760 5.154345e-16 3.701932e-16 8.387084e-03 0 0
1713.5298 1717.6217 1.837418e-16 3.321511e-16 3.022596e-03 0 0
1715.0720 1719.1675 9.236417e-16 4.026287e-16 1.535924e-02 0 0
1716.6141 1720.7134 1.128511e-15 4.314801e-16 1.896815e-02 0 0
1718.1562 1722.2592 6.417181e-16 3.709336e-16 1.090157e-02 0 0
1719.6984 1723.8050 6.041204e-16 3.631652e-16 1.037191e-02 0 0
1721.2405 1725.3508 1.050514e-15 3.985157e-16 1.822689e-02 0 0
1722.7827 1726.8967 7.627327e-16 3.735264e-16 1.337304e-02 0 0
1724.3248 1728.4425 6.138695e-16 3.555251e-16 1.087586e-02 0 0
1725.8670 1729.9884 5.225405e-16 3.428990e-16 9.354247e-03 0 0
1727.4092 1731.5343 6.243200e-16 3.588472e-16 1.129210e-02 0 0
1728.9514 1733.0801 6.442621e-16 3.439734e-16 1.177278e-02 0 0
1730.4936 1734.6260 5.793430e-16 3.374134e-16 1.069479e-02 0 0
1732.0358 1736.1719 7.011633e-16 3.522135e-16 1.307505e-02 0 0
1733.5781 1737.7178 6.114754e-16 3.419136e-16 1.151746e-02 0 0
1735.1203 1739.2638 7.171330e-16 3.442197e-16 1.364259e-02 0 0
1736.6625 1740.8097 6.733697e-16 3.355937e-16 1.293687e-02 0 0
1738.2048 1742.3556 8.188225e-16 3.453621e-16 1.588566e-02 0 0
1739.7470 1743.9016 1.344167e-15 3.934286e-16 2.633088e-02 0 0
1741.2893 1745.4475 9.132371e-16 3.539273e-16 1.806141e-02 0 0
1742.8316 1746.9935 7.520143e-16 3.314923e-16 1.501415e-02 0 0
1744.3739 1748.5394 5.969084e-16 3.198206e-16 1.202937e-02 0 0
1745.9162 1750.0854 1.348213e-15 3.833324e-16 2.742360e-02 0 0
1747.4585 1751.6314 8.823897e-16 3.360973e-16 1.811890e-02 0 0
1749.0008 1753.1774 1.007677e-15 3.552765e-16 2.088566e-02 0 0
1750.5431 1754.7234 8.883632e-16 3.369878e-16 1.858334e-02 0 0
1752.0854 1756.2694 1.204334e-15 3.607845e-16 2.542374e-02 0 0
1753.6278 1757.8155 7.470760e-16 3.205391e-16 1.591360e-02 0 0
1755.1701 1759.3615 9.982851e-16 3.370722e-16 2.145484e-02 0 0
1756.7125 1760.9075 6.773310e-16 3.111280e-16 1.468558e-02 0 0
1758.2549 1762.4536 8.714946e-16 3.249966e-16 1.906047e-02 0 0
1759.7973 1763.9996 4.170688e-16 2.756687e-16 9.200471e-03 0 0
1761.3396 1765.5457 1.273466e-15 3.546601e-16 2.833256e-02 0 0
1762.8820 1767.0918 4.079452e-16 2.715136e-16 9.152768e-03 0 0
1764.4244 1768.6379 9.088646e-16 3.176801e-16 2.056210e-02 0 0
1765.9669 1770.1840 7.709199e-16 3.058970e-16 1.758545e-02 0 0
1767.5093 1771.7301 1.417043e-15 3.487934e-16 3.258902e-02 0 0
1769.0517 1773.2762 1.144208e-15 3.337797e-16 2.652758e-02 0 0
1770.5942 1774.8223 7.195470e-16 2.869167e-16 1.681617e-02 0 0
1772.1366 1776.3685 9.546720e-16 3.122654e-16 2.248848e-02 0 0
1773.6791 1777.9146 6.802445e-16 2.866168e-16 1.615042e-02 0 0
1775.2215 1779.4608 7.798496e-16 2.903634e-16 1.865995e-02 0 0
1776.7640 1781.0069 5.145374e-16 2.642558e-16 1.240729e-02 0 0
1778.3065 1782.5531 7.107230e-16 2.815956e-16 1.727019e-02 0 0
1779.8490 1784.0993 7.186700e-16 2.800144e-16 1.759729e-02 0 0
1781.3915 1785.6455 5.589781e-16 2.647069e-16 1.379158e-02 0 0
1782.9340 1787.1917 7.810528e-16 2.851090e-16 1.941730e-02 0 0
1784.4765 1788.7379 5.782382e-16 2.681356e-16 1.448429e-02 0 0
1786.0191 1790.2841 7.337315e-16 2.768462e-16 1.851818e-02 0 0
1787.5616 1791.8303 5.770837e-16 2.585206e-16 1.467479e-02 0 0
1789.1042 1793.3765 8.381906e-16 2.856858e-16 2.147526e-02 0 0
1790.6467 1794.9228 1.128854e-15 2.985789e-16 2.914124e-02 0 0
1792.1893 1796.4690 8.460138e-16 2.800330e-16 2.200463e-02 0 0
1793.7319 1798.0153 1.257754e-15 3.087557e-16 3.296261e-02 0 0
1795.2744 1799.5616 1.398440e-15 3.167714e-16 3.692760e-02 0 0
1796.8170 1801.1078 1.357588e-15 3.144656e-16 3.612326e-02 0 0
1798.3596 1802.6541 6.702071e-16 2.568814e-16 1.796921e-02 0 0
1799.9023 1804.2004 6.229785e-16 2.548596e-16 1.683127e-02 0 0
1801.4449 1805.7467 5.624627e-16 2.461099e-16 1.531254e-02 0 0
1802.9875 1807.2930 8.566563e-16 2.653610e-16 2.350059e-02 0 0
1804.5302 1808.8394 1.152156e-15 2.909025e-16 3.184823e-02 0 0
1806.0728 1810.3857 9.481811e-16 2.750451e-16 2.640950e-02 0 0
1807.6155 1811.9320 1.181020e-15 2.846521e-16 3.314386e-02 0 0
1809.1581 1813.4784 9.110997e-16 2.724801e-16 2.576111e-02 0 0
1810.7008 1815.0248 1.076639e-15 2.767962e-16 3.066924e-02 0 0
1812.2435 1816.5711 9.191085e-16 2.642774e-16 2.637502e-02 0 0
1813.7862 1818.1175 1.205635e-15 2.835802e-16 3.485116e-02 0 0
1815.3289 1819.6639 1.319975e-15 2.948262e-16 3.843087e-02 0 0
1816.8716 1821.2103 1.074424e-15 2.719771e-16 3.150556e-02 0 0
1818.4143 1822.7567 1.442685e-15 2.998713e-16 4.259899e-02 0 0
1819.9571 1824.3031 9.172576e-16 2.566970e-16 2.727227e-02 0 0
1821.4998 1825.8495 1.254683e-15 2.825336e-16 3.755513e-02 0 0
1823.0425 1827.3960 9.063989e-16 2.553228e-16 2.731155e-02 0 0
1824.5853 1828.9424 9.326259e-16 2.549283e-16 2.828369e-02 0 0
1826.1281 1830.4889 4.846057e-16 2.134711e-16 1.479123e-02 0 0
1827.6708 1832.0353 9.473839e-16 2.552149e-16 2.909755e-02 0 0
1829.2136 1833.5818 5.802349e-16 2.251533e-16 1.793224e-02 0 0
1830.7564 1835.1283 1.078030e-15 2.632377e-16 3.352007e-02 0 0
1832.2992 1836.6748 7.899233e-16 2.398301e-16 2.471088e-02 0 0
1833.8420 1838.2213 9.609914e-16 2.478939e-16 3.024206e-02 0 0
1835.3849 1839.7678 9.460819e-16 2.479807e-16 2.994996e-02 0 0
1836.9277 1841.3143 6.946818e-16 2.301240e-16 2.212088e-02 0 0
1838.4705 1842.8608 9.738564e-16 2.510116e-16 3.119239e-02 0 0
1840.0134 1844.4073 9.829614e-16 2.529765e-16 3.166758e-02 0 0
1841.5562 1845.9539 1.048125e-15 2.513141e-16 3.396304e-02 0 0
1843.0991 1847.5004 8.449504e-16 2.361642e-16 2.753858e-02 0 0
1844.6420 1849.0470 8.834280e-16 2.392826e-16 2.895952e-02 0 0
1846.1849 1850.5936 8.512268e-16 2.315277e-16 2.805957e-02 0 0
1847.7278 1852.1401 8.964119e-16 2.385047e-16 2.970567e-02 0 0
1849.2707 1853.6867 5.189964e-16 2.045905e-16 1.729041e-02 0 0
1850.8136 1855.2333 8.819426e-16 2.341721e-16 2.953835e-02 0 0
1852.3565 1856.7799 6.572266e-16 2.164634e-16 2.212959e-02 0 0
1853.8994 1858.3265 8.365421e-16 2.245382e-16 2.831742e-02 0 0
1855.4424 1859.8732 7.159236e-16 2.191434e-16 2.436374e-02 0 0
1856.9853 1861.4198 8.652463e-16 2.263425e-16 2.960216e-02 0 0
1858.5283 1862.9664 7.528906e-16 2.154947e-16 2.589525e-02 0 0
1860.0712 1864.5131 1.213034e-15 2.595451e-16 4.194297e-02 0 0
1861.6142 1866.0597 1.031013e-15 2.374032e-16 3.583780e-02 0 0
1863.1572 1867.6064 1.239153e-15 2.549975e-16 4.329973e-02 0 0
1864.7002 1869.1531 8.017675e-16 2.193530e-16 2.816319e-02 0 0
1866.2432 1870.6998 9.942948e-16 2.338124e-16 3.510851e-02 0 0
1867.7862 1872.2465 1.137756e-15 2.435415e-16 4.038276e-02 0 0
1869.3292 1873.7932 6.665970e-16 2.051440e-16 2.378202e-02 0 0
1870.8722 1875.3399 8.021281e-16 2.179596e-16 2.876404e-02 0 0
1872.4153 1876.8866 1.188564e-15 2.449602e-16 4.283869e-02 0 0
1873.9583 1878.4333 1.083586e-15 2.386963e-16 3.925273e-02 0 0
1875.5014 1879.9801 9.041966e-16 2.242616e-16 3.291926e-02 0 0
1877.0445 1881.5268 7.622264e-16 2.099838e-16 2.788948e-02 0 0
1878.5875 1883.0736 9.433232e-16 2.224983e-16 3.468775e-02 0 0
1880.1306 1884.6204 1.301084e-15 2.461685e-16 4.808083e-02 0 0
1881.6737 1886.1671 1.216677e-15 2.401408e-16 4.518399e-02 0 0
1883.2168 1887.7139 7.898899e-16 2.120310e-16 2.947911e-02 0 0
1884.7599 1889.2607 8.490869e-16 2.112235e-16 3.184445e-02 0 0
1886.3030 1890.8075 9.834929e-16 2.227223e-16 3.706681e-02 0 0
1887.8462 1892.3543 1.183565e-15 2.329390e-16 4.482662e-02 0 0
1889.3893 1893.9012 9.942435e-16 2.242605e-16 3.784147e-02 0 0
1890.9325 1895.4480 6.610805e-16 1.991648e-16 2.528496e-02 0 0
1892.4756 1896.9948 9.411226e-16 2.160174e-16 3.617347e-02 0 0
1894.0188 1898.5417 1.158396e-15 2.347225e-16 4.474457e-02 0 0
1895.5620 1900.0886 8.944807e-16 2.099122e-16 3.472158e-02 0 0
1897.1051 1901.6354 1.180586e-15 2.346220e-16 4.605517e-02 0 0
1898.6483 1903.1823 5.855667e-16 1.880003e-16 2.295685e-02 0 0
1900.1915 1904.7292 9.556603e-16 2.139437e-16 3.765298e-02 0 0
1901.7347 1906.2761 9.586072e-16 2.124406e-16 3.795718e-02 0 0
1903.2780 1907.8230 1.081034e-15 2.220949e-16 4.301790e-02 0 0
1904.8212 1909.3699 9.158324e-16 2.114166e-16 3.662490e-02 0 0
1906.3644 1910.9168 9.528356e-16 2.132373e-16 3.829340e-02 0 0
1907.9077 1912.4638 8.316407e-16 2.037788e-16 3.358740e-02 0 0
1909.4509 1914.0107 1.548966e-15 2.482668e-16 6.286447e-02 0 0
1910.9942 1915.5576 5.591029e-16 1.790252e-16 2.280158e-02 0 0
1912.5375 1917.1046 1.013875e-15 2.128639e-16 4.154811e-02 0 0
1914.0808 1918.6516 1.399546e-15 2.425132e-16 5.762766e-02 0 0
1915.6240 1920.1986 7.640799e-16 1.946773e-16 3.161081e-02 0 0
1917.1673 1921.7455 1.387758e-15 2.366189e-16 5.768254e-02 0 0
1918.7107 1923.2925 6.166647e-16 1.835344e-16 2.575032e-02 0 0
1920.2540 1924.8395 8.953047e-16 2.008070e-16 3.755667e-02 0 0
1921.7973 1926.3866 8.100772e-16 1.958424e-16 3.413415e-02 0 0
1923.3406 1927.9336 7.680253e-16 1.905503e-16 3.250614e-02 0 0
1924.8840 1929.4806 8.002163e-16 1.932377e-16 3.401638e-02 0 0
1926.4273 1931.0276 1.221499e-15 2.241201e-16 5.214926e-02 0 0
1927.9707 1932.5747 7.018707e-16 1.843896e-16 3.009219e-02 0 0
1929.5141 1934.1218 9.878698e-16 2.058000e-16 4.253279e-02 0 0
1931.0575 1935.6688 7.725501e-16 1.871488e-16 3.340013e-02 0 0
1932.6009 1937.2159 7.321547e-16 1.862741e-16 3.178409e-02 0 0
1934.1443 1938.7630 1.268754e-15 2.238320e-16 5.530241e-02 0 0
1935.6877 1940.3101 7.592873e-16 1.857487e-16 3.322940e-02 0 0
1937.2311 1941.8572 8.355230e-16 1.935712e-16 3.671157e-02 0 0
1938.7745 1943.4043 8.928419e-16 1.928963e-16 3.938576e-02 0 0
1940.3179 1944.9514 1.033684e-15 2.015302e-16 4.577779e-02 0 0
1941.8614 1946.4986 7.626702e-16 1.881556e-16 3.390779e-02 0 0
1943.4048 1948.0457 7.217922e-16 1.785232e-16 3.221492e-02 0 0
1944.9483 1949.5928 8.095416e-16 1.867888e-16 3.627110e-02 0 0
1946.4918 1951.1400 1.214584e-15 2.148130e-16 5.463668e-02 0 0
1948.0353 1952.6872 9.453322e-16 1.971189e-16 4.269581e-02 0 0
1949.5788 1954.2344 6.440668e-16 1.718958e-16 2.920626e-02 0 0
1951.1223 1955.7815 1.116528e-15 2.069185e-16 5.083420e-02 0 0
1952.6658 1957.3287 8.955175e-16 1.895536e-16 4.093675e-02 0 0
1954.2093 1958.8759 8.374776e-16 1.850151e-16 3.843822e-02 0 0
1955.7528 1960.4232 5.012547e-16 1.612564e-16 2.310058e-02 0 0
1957.2964 1961.9704 1.073555e-15 1.977571e-16 4.967766e-02 0 0
1958.8399 1963.5176 7.202854e-16 1.751915e-16 3.346939e-02 0 0
1960.3835 1965.0648 1.154840e-15 2.059630e-16 5.388517e-02 0 0
1961.9270 1966.6121 1.152976e-15 2.035423e-16 5.402796e-02 0 0
1963.4706 1968.1594 8.133447e-16 1.827648e-16 3.827543e-02 0 0
1965.0142 1969.7066 9.258296e-16 1.851125e-16 4.376054e-02 0 0
1966.5578 1971.2539 8.118775e-16 1.790217e-16 3.854281e-02 0 0
1968.1014 1972.8012 9.840587e-16 1.912695e-16 4.692978e-02 0 0
1969.6450 1974.3485 6.443358e-16 1.639781e-16 3.086797e-02 0 0
1971.1886 1975.8958 9.927389e-16 1.920969e-16 4.778388e-02 0 0
1972.7322 1977.4431 8.544232e-16 1.787652e-16 4.132036e-02 0 0
1974.2759 1978.9904 7.623460e-16 1.721789e-16 3.704792e-02 0 0
1975.8195 1980.5378 8.585863e-16 1.813974e-16 4.192871e-02 0 0
1977.3632 1982.0851 8.359073e-16 1.760827e-16 4.102658e-02 0 0
1978.9068 1983.6324 7.916897e-16 1.741341e-16 3.905151e-02 0 0
1980.4505 1985.1798 8.878980e-16 1.819347e-16 4.402234e-02 0 0
1981.9942 1986.7272 1.210801e-15 1.991777e-16 6.034013e-02 0 0
1983.5379 1988.2746 1.018465e-15 1.889916e-16 5.102045e-02 0 0
1985.0816 1989.8219 7.885801e-16 1.700525e-16 3.971050e-02 0 0
1986.6253 1991.3693 9.564983e-16 1.817082e-16 4.842105e-02 0 0
1988.1690 1992.9167 5.309272e-16 1.513702e-16 2.701912e-02 0 0
1989.7127 1994.4642 9.560713e-16 1.802455e-16 4.891372e-02 0 0
1991.2565 1996.0116 9.784849e-16 1.837117e-16 5.032617e-02 0 0
1992.8002 1997.5590 8.835446e-16 1.753404e-16 4.568528e-02 0 0
1994.3440 1999.1064 1.094679e-15 1.893442e-16 5.690324e-02 0 0
1995.8877 2000.6539 7.835480e-16 1.678969e-16 4.094476e-02 0 0
1997.4315 2002.2014 7.540893e-16 1.641622e-16 3.961201e-02 0 0
1998.9753 2003.7488 1.103842e-15 1.890520e-16 5.828722e-02 0 0
2000.5191 2005.2963 9.901867e-16 1.758759e-16 5.255777e-02 0 0
2002.0629 2006.8438 9.525097e-16 1.768393e-16 5.081984e-02 0 0
2003.6067 2008.3913 1.162276e-15 1.892213e-16 6.233161e-02 0 0
2005.1505 2009.9388 7.619700e-16 1.620989e-16 4.107348e-02 0 0
2006.6943 2011.4863 6.364789e-16 1.548516e-16 3.448442e-02 0 0
2008.2381 2013.0338 9.404047e-16 1.713627e-16 5.121002e-02 0 0
2009.7820 2014.5814 1.167213e-15 1.875304e-16 6.388245e-02 0 0
2011.3258 2016.1289 8.821185e-16 1.698028e-16 4.852132e-02 0 0
2012.8697 2017.6764 9.242153e-16 1.696670e-16 5.109068e-02 0 0
2014.4136 2019.2240 8.263332e-16 1.641578e-16 4.590575e-02 0 0
2015.9575 2020.7716 9.524829e-16 1.698477e-16 5.317409e-02 0 0
2017.5014 2022.3191 1.013241e-15 1.734714e-16 5.684154e-02 0 0
2019.0453 2023.8667 8.346838e-16 1.626963e-16 4.705139e-02 0 0
2020.5892 2025.4143 9.593273e-16 1.694207e-16 5.433637e-02 0 0
2022.1331 2026.9619 9.836561e-16 1.719570e-16 5.597902e-02 0 0
2023.6770 2028.5095 1.181573e-15 1.831560e-16 6.755859e-02 0 0
2025.2209 2030.0572 1.002263e-15 1.698560e-16 5.757388e-02 0 0
2026.7649 2031.6048 1.110489e-15 1.787825e-16 6.408607e-02 0 0
2028.3088 2033.1524 8.245868e-16 1.585130e-16 4.780553e-02 0 0
2029.8528 2034.7001 1.136386e-15 1.778043e-16 6.618281e-02 0 0
2031.3968 2036.2477 1.227199e-15 1.813249e-16 7.179593e-02 0 0
2032.9408 2037.7954 9.695995e-16 1.685142e-16 5.698114e-02 0 0
2034.4847 2039.3431 7.931681e-16 1.539732e-16 4.682180e-02 0 0
2036.0287 2040.8908 1.204491e-15 1.780993e-16 7.142024e-02 0 0
2037.5727 2042.4385 8.967440e-16 1.631104e-16 5.340883e-02 0 0
2039.1168 2043.9862 1.055470e-15 1.684842e-16 6.314084e-02 0 0
2040.6608 2045.5339 1.195481e-15 1.773352e-16 7.183239e-02 0 0
2042.2048 2047.0816 1.046101e-15 1.701245e-16 6.313350e-02 0 0
2043.7489 2048.6293 1.018104e-15 1.629236e-16 6.171388e-02 0 0
2045.2929 2050.1771 9.110188e-16 1.583300e-16 5.546757e-02 0 0
2046.8370 2051.7248 1.127868e-15 1.739850e-16 6.898491e-02 0 0
2048.3811 2053.2726 1.407698e-15 1.852706e-16 8.649491e-02 0 0
2049.9251 2054.8204 1.265881e-15 1.814939e-16 7.813774e-02 0 0
2051.4692 2056.3681 1.082725e-15 1.664612e-16 6.713937e-02 0 0
2053.0133 2057.9159 1.107495e-15 1.686212e-16 6.899185e-02 0 0
2054.5574 2059.4637 8.594772e-16 1.529107e-16 5.378922e-02 0 0
2056.1016 2061.0115 9.565214e-16 1.567153e-16 6.014106e-02 0 0
2057.6457 2062.5593 1.233787e-15 1.767530e-16 7.793676e-02 0 0
2059.1898 2064.1072 8.485646e-16 1.507113e-16 5.385521e-02 0 0
2060.7340 2065.6550 9.750625e-16 1.611096e-16 6.217684e-02 0 0
2062.2781 2067.2028 7.499930e-16 1.438654e-16 4.805376e-02 0 0
2063.8223 2068.7507 9.340777e-16 1.544091e-16 6.013701e-02 0 0
2065.3664 2070.2985 1.115887e-15 1.651791e-16 7.219281e-02 0 0
2066.9106 2071.8464 1.325586e-15 1.747625e-16 8.618119e-02 0 0
2068.4548 2073.3943 1.111658e-15 1.641338e-16 7.263374e-02 0 0
2069.9990 2074.9422 8.365815e-16 1.481765e-16 5.493576e-02 0 0
2071.5432 2076.4901 9.301636e-16 1.525064e-16 6.139352e-02 0 0
2073.0874 2078.0380 9.615270e-16 1.556697e-16 6.378999e-02 0 0
2074.6317 2079.5859 9.488775e-16 1.516443e-16 6.327900e-02 0 0
2076.1759 2081.1338 9.747966e-16 1.552900e-16 6.534714e-02 0 0
2077.7201 2082.6817 1.146094e-15 1.620013e-16 7.723529e-02 0 0
2079.2644 2084.2297 9.492352e-16 1.512994e-16 6.430589e-02 0 0
2080.8087 2085.7776 1.079153e-15 1.596935e-16 7.349359e-02 0 0
2082.3529 2087.3256 1.121763e-15 1.590903e-16 7.679811e-02 0 0
2083.8972 2088.8736 1.036597e-15 1.565773e-16 7.134081e-02 0 0
2085.4415 2090.4215 1.324998e-15 1.688269e-16 9.166642e-02 0 0
2086.9858 2091.9695 1.165435e-15 1.608136e-16 8.104640e-02 0 0
2088.5301 2093.5175 1.209364e-15 1.652153e-16 8.453529e-02 0 0
2090.0744 2095.0655 1.146002e-15 1.585397e-16 8.051409e-02 0 0
2091.6187 2096.6135 1.439973e-15 1.748913e-16 1.016782e-01 0 0
2093.1631 2098.1616 1.056273e-15 1.533402e-16 7.495336e-02 0 0
2094.7074 2099.7096 1.020739e-15 1.505727e-16 7.278652e-02 0 0
2096.2518 2101.2576 9.524172e-16 1.482213e-16 6.823802e-02 0 0
2097.7961 2102.8057 1.073445e-15 1.528811e-16 7.727227e-02 0 0
2099.3405 2104.3537 9.370706e-16 1.452190e-16 6.776406e-02 0 0
2100.8849 2105.9018 1.238055e-15 1.615476e-16 8.993621e-02 0 0
2102.4293 2107.4499 9.768882e-16 1.458393e-16 7.127678e-02 0 0
2103.9737 2108.9980 9.810032e-16 1.489134e-16 7.188997e-02 0 0
2105.5181 2110.5461 1.179586e-15 1.563143e-16 8.680871e-02 0 0
2107.0625 2112.0942 9.972649e-16 1.459953e-16 7.370021e-02 0 0
2108.6069 2113.6423 1.155915e-15 1.531355e-16 8.577363e-02 0 0
2110.1514 2115.1904 1.088846e-15 1.522005e-16 8.112494e-02 0 0
2111.6958 2116.7385 1.003744e-15 1.472430e-16 7.507869e-02 0 0
2113.2403 2118.2867 1.014328e-15 1.442619e-16 7.616759e-02 0 0
2114.7847 2119.8348 1.096905e-15 1.514919e-16 8.268137e-02 0 0
2116.3292 2121.3830 1.254955e-15 1.586701e-16 9.495268e-02 0 0
2117.8737 2122.9312 1.122342e-15 1.509172e-16 8.523100e-02 0 0
2119.4182 2124.4793 1.240997e-15 1.582625e-16 9.458686e-02 0 0
2120.9627 2126.0275 1.123160e-15 1.494320e-16 8.591016e-02 0 0
2122.5072 2127.5757 1.007041e-15 1.431712e-16 7.730176e-02 0 0
2124.0517 2129.1239 1.204144e-15 1.546385e-16 9.275275e-02 0 0
2125.5962 2130.6721 1.111857e-15 1.501343e-16 8.594101e-02 0 0
2127.1407 2132.2204 9.382286e-16 1.383082e-16 7.276861e-02 0 0
2128.6853 2133.7686 8.914414e-16 1.362906e-16 6.937603e-02 0 0
2130.2298 2135.3168 9.960525e-16 1.414129e-16 7.778161e-02 0 0
2131.7744 2136.8651 1.149426e-15 1.496805e-16 9.006395e-02 0 0
2133.3190 2138.4133 1.048606e-15 1.451022e-16 8.244573e-02 0 0
2134.8635 2139.9616 9.845536e-16 1.398544e-16 7.767449e-02 0 0
2136.4081 2141.5099 1.002014e-15 1.424679e-16 7.932692e-02 0 0
2137.9527 2143.0582 7.320369e-16 1.241419e-16 5.815481e-02 0 0
2139.4973 2144.6065 1.195612e-15 1.498235e-16 9.532098e-02 0 0
2141.0420 2146.1548 1.310039e-15 1.550335e-16 1.048162e-01 0 0
2142.5866 2147.7031 1.293351e-15 1.535476e-16 1.038622e-01 0 0
2144.1312 2149.2514 1.040420e-15 1.422000e-16 8.385876e-02 0 0
2145.6759 2150.7997 8.902733e-16 1.332113e-16 7.203811e-02 0 0
2147.2205 2152.3481 8.594564e-16 1.327954e-16 6.982154e-02 0 0
2148.7652 2153.8964 9.448696e-16 1.351240e-16 7.707420e-02 0 0
2150.3098 2155.4448 1.317458e-15 1.512952e-16 1.079067e-01 0 0
2151.8545 2156.9932 1.178381e-15 1.487935e-16 9.691570e-02 0 0
2153.3992 2158.5415 1.363633e-15 1.550198e-16 1.126166e-01 0 0
2154.9439 2160.0899 9.299470e-16 1.337655e-16 7.711836e-02 0 0
2156.4886 2161.6383 1.387537e-15 1.589299e-16 1.155407e-01 0 0
2158.0333 2163.1867 1.208171e-15 1.460697e-16 1.010152e-01 0 0
2159.5781 2164.7351 9.981079e-16 1.361945e-16 8.379073e-02 0 0
2161.1228 2166.2836 9.147520e-16 1.316756e-16 7.709711e-02 0 0
2162.6675 2167.8320 1.149694e-15 1.417834e-16 9.727909e-02 0 0
2164.2123 2169.3804 1.135235e-15 1.418073e-16 9.641876e-02 0 0
2165.7570 2170.9289 1.191503e-15 1.450166e-16 1.015755e-01 0 0
2167.3018 2172.4773 9.880319e-16 1.321426e-16 8.452802e-02 0 0
2168.8466 2174.0258 1.033070e-15 1.368322e-16 8.868852e-02 0 0
2170.3914 2175.5743 1.128100e-15 1.398671e-16 9.716241e-02 0 0
2171.9362 2177.1228 1.257024e-15 1.456747e-16 1.086107e-01 0 0
2173.4810 2178.6713 1.244740e-15 1.470306e-16 1.078708e-01 0 0
2175.0258 2180.2198 1.217746e-15 1.438243e-16 1.058391e-01 0 0
2176.5706 2181.7683 9.628418e-16 1.307013e-16 8.391702e-02 0 0
2178.1155 2183.3168 1.102544e-15 1.390224e-16 9.635432e-02 0 0
2179.6603 2184.8653 1.056537e-15 1.342299e-16 9.257711e-02 0 0
2181.2052 2186.4139 1.123053e-15 1.378885e-16 9.866095e-02 0 0
2182.7500 2187.9624 1.490903e-15 1.557221e-16 1.313120e-01 0 0
2184.2949 2189.5110 1.082460e-15 1.353448e-16 9.558032e-02 0 0
2185.8398 2191.0596 7.918917e-16 1.198962e-16 7.010158e-02 0 0
2187.3847 2192.6081 1.308537e-15 1.467460e-16 1.161327e-01 0 0
2188.9296 2194.1567 1.381320e-15 1.511714e-16 1.229115e-01 0 0
2190.4745 2195.7053 1.232958e-15 1.414558e-16 1.099992e-01 0 0
2192.0194 2197.2539 1.100983e-15 1.367037e-16 9.849297e-02 0 0
2193.5643 2198.8025 1.228412e-15 1.411659e-16 1.101988e-01 0 0
2195.1092 2200.3512 1.129650e-15 1.372800e-16 1.016337e-01 0 0
2196.6542 2201.8998 1.280229e-15 1.415637e-16 1.155255e-01 0 0
2198.1991 2203.4484 9.869244e-16 1.285482e-16 8.933406e-02 0 0
2199.7441 2204.9971 1.114114e-15 1.356193e-16 1.011672e-01 0 0
2201.2891 2206.5457 1.224215e-15 1.398822e-16 1.115261e-01 0 0
2202.8340 2208.0944 9.399924e-16 1.264990e-16 8.591661e-02 0 0
2204.3790 2209.6431 1.224048e-15 1.417886e-16 1.122548e-01 0 0
2205.9240 2211.1918 1.273098e-15 1.407097e-16 1.171489e-01 0 0
2207.4690 2212.7405 1.315052e-15 1.425809e-16 1.214217e-01 0 0
2209.0141 2214.2892 1.131344e-15 1.364859e-16 1.048169e-01 0 0
2210.5591 2215.8379 1.390130e-15 1.445903e-16 1.292323e-01 0 0
2212.1041 2217.3866 1.261011e-15 1.404891e-16 1.176278e-01 0 0
2213.6492 2218.9354 1.289443e-15 1.397042e-16 1.206850e-01 0 0
2215.1942 2220.4841 1.157395e-15 1.358096e-16 1.086868e-01 0 0
2216.7393 2222.0328 1.271214e-15 1.390216e-16 1.197660e-01 0 0
2218.2843 2223.5816 1.047371e-15 1.283852e-16 9.899362e-02 0 0
2219.8294 2225.1304 1.425892e-15 1.480551e-16 1.351927e-01 0 0
2221.3745 2226.6791 1.281244e-15 1.402188e-16 1.218482e-01 0 0
2222.9196 2228.2279 1.265458e-15 1.379030e-16 1.207046e-01 0 0
2224.4647 2229.7767 1.328188e-15 1.416560e-16 1.270519e-01 0 0
2226.0098 2231.3255 1.307795e-15 1.398510e-16 1.254519e-01 0 0
2227.5550 2232.8744 1.126684e-15 1.304758e-16 1.083712e-01 0 0
2229.1001 2234.4232 1.014760e-15 1.262045e-16 9.786370e-02 0 0
2230.6452 2235.9720 1.032774e-15 1.273447e-16 9.985454e-02 0 0
2232.1904 2237.5209 1.220934e-15 1.345801e-16 1.183408e-01 0 0
2233.7355 2239.0697 1.501725e-15 1.495890e-16 1.459053e-01 0 0
2235.2807 2240.6186 1.228773e-15 1.351830e-16 1.196651e-01 0 0
2236.8259 2242.1674 1.210966e-15 1.342982e-16 1.181959e-01 0 0
2238.3711 2243.7163 1.026860e-15 1.260111e-16 1.004468e-01 0 0
2239.9163 2245.2652 1.134699e-15 1.302924e-16 1.112293e-01 0 0
2241.4615 2246.8141 1.231009e-15 1.343257e-16 1.209191e-01 0 0
2243.0067 2248.3630 1.311955e-15 1.395495e-16 1.291241e-01 0 0
2244.5519 2249.9119 1.372133e-15 1.406266e-16 1.353066e-01 0 0
2246.0972 2251.4608 1.469711e-15 1.454791e-16 1.451732e-01 0 0
2247.6424 2253.0098 1.399717e-15 1.422827e-16 1.384888e-01 0 0
2249.1877 2254.5587 1.062570e-15 1.253722e-16 1.052981e-01 0 0
2250.7329 2256.1077 1.204899e-15 1.332977e-16 1.195903e-01 0 0
2252.2782 2257.6566 9.943821e-16 1.236590e-16 9.884634e-02 0 0
2253.8235 2259.2056 1.570285e-15 1.459640e-16 1.563307e-01 0 0
2255.3688 2260.7546 1.288734e-15 1.365638e-16 1.284923e-01 0 0
2256.9140 2262.3036 1.350593e-15 1.401788e-16 1.348609e-01 0 0
2258.4594 2263.8526 1.215793e-15 1.327642e-16 1.215821e-01 0 0
2260.0047 2265.4016 1.186902e-15 1.335782e-16 1.188712e-01 0 0
2261.5500 2266.9506 1.452030e-15 1.431865e-16 1.456470e-01 0 0
2263.0953 2268.4996 1.237298e-15 1.326185e-16 1.242997e-01 0 0
2264.6407 2270.0486 1.358066e-15 1.398443e-16 1.366504e-01 0 0
2266.1860 2271.5977 1.264790e-15 1.327788e-16 1.274705e-01 0 0
2267.7314 2273.1467 1.224410e-15 1.352951e-16 1.236107e-01 0 0
2269.2768 2274.6958 1.271955e-15 1.345623e-16 1.286313e-01 0 0
2270.8221 2276.2449 1.170768e-15 1.312493e-16 1.186150e-01 0 0
2272.3675 2277.7939 1.773032e-15 1.552846e-16 1.799641e-01 0 0
2273.9129 2279.3430 1.255395e-15 1.330493e-16 1.276710e-01 0 0
2275.4583 2280.8921 1.220530e-15 1.319786e-16 1.243673e-01 0 0
2277.0037 2282.4412 1.398602e-15 1.397460e-16 1.428000e-01 0 0
2278.5492 2283.9903 1.278661e-15 1.350074e-16 1.308180e-01 0 0
2280.0946 2285.5395 1.357669e-15 1.381582e-16 1.391886e-01 0 0
2281.6400 2287.0886 1.253045e-15 1.330219e-16 1.287284e-01 0 0
2283.1855 2288.6377 1.348596e-15 1.385926e-16 1.388341e-01 0 0
2284.7310 2290.1869 1.380222e-15 1.364810e-16 1.423864e-01 0 0
2286.2764 2291.7361 1.504936e-15 1.450990e-16 1.555747e-01 0 0
2287.8219 2293.2852 1.341961e-15 1.356215e-16 1.390146e-01 0 0
2289.3674 2294.8344 1.569490e-15 1.455718e-16 1.629151e-01 0 0
2290.9129 2296.3836 1.568614e-15 1.471039e-16 1.631547e-01 0 0
2292.4584 2297.9328 1.169679e-15 1.263839e-16 1.218989e-01 0 0
2294.0039 2299.4820 1.098069e-15 1.267510e-16 1.146598e-01 0 0
2295.5494 2301.0312 1.355212e-15 1.344063e-16 1.417736e-01 0 0
2297.0950 2302.5804 1.323896e-15 1.349931e-16 1.387547e-01 0 0
2298.6405 2304.1297 1.345235e-15 1.361938e-16 1.412397e-01 0 0
2300.1861 2305.6789 1.665231e-15 1.468132e-16 1.751446e-01 0 0
2301.7316 2307.2282 1.391822e-15 1.378871e-16 1.466349e-01 0 0
2303.2772 2308.7774 1.280536e-15 1.329141e-16 1.351373e-01 0 0
2304.8228 2310.3267 1.236359e-15 1.287136e-16 1.306867e-01 0 0
2306.3684 2311.8760 1.532735e-15 1.424292e-16 1.622765e-01 0 0
2307.9140 2313.4253 1.131778e-15 1.254746e-16 1.200138e-01 0 0
2309.4596 2314.9746 1.446079e-15 1.388213e-16 1.535825e-01 0 0
2311.0052 2316.5239 1.415923e-15 1.369446e-16 1.506107e-01 0 0
2312.5508 2318.0732 1.285719e-15 1.313262e-16 1.369705e-01 0 0
2314.0964 2319.6225 1.447185e-15 1.414319e-16 1.544056e-01 0 0
2315.6421 2321.1718 1.456439e-15 1.365632e-16 1.556283e-01 0 0
2317.1877 2322.7212 1.441291e-15 1.393029e-16 1.542424e-01 0 0
2318.7334 2324.2705 1.360551e-15 1.336651e-16 1.458217e-01 0 0
2320.2791 2325.8199 1.402897e-15 1.352817e-16 1.505882e-01 0 0
2321.8248 2327.3693 1.627905e-15 1.448126e-16 1.750057e-01 0 0
2323.3704 2328.9187 1.428027e-15 1.362679e-16 1.537513e-01 0 0
2324.9161 2330.4680 1.360418e-15 1.354076e-16 1.466944e-01 0 0
2326.4618 2332.0174 1.551074e-15 1.428689e-16 1.675050e-01 0 0
2328.0076 2333.5668 1.421443e-15 1.347868e-16 1.537367e-01 0 0
2329.5533 2335.1163 1.530150e-15 1.409208e-16 1.657392e-01 0 0
2331.0990 2336.6657 1.663248e-15 1.444873e-16 1.804220e-01 0 0
2332.6448 2338.2151 1.411879e-15 1.348803e-16 1.533760e-01 0 0
2334.1905 2339.7646 1.504362e-15 1.409915e-16 1.636576e-01 0 0
2335.7363 2341.3140 1.572884e-15 1.401938e-16 1.713505e-01 0 0
2337.2821 2342.8635 2.007900e-15 1.583708e-16 2.190432e-01 0 0
2338.8278 2344.4130 1.395110e-15 1.349785e-16 1.523962e-01 0 0
2340.3736 2345.9624 1.290113e-15 1.276467e-16 1.411122e-01 0 0
2341.9194 2347.5119 1.340342e-15 1.326169e-16 1.467900e-01 0 0
2343.4652 2349.0614 1.298606e-15 1.291906e-16 1.423944e-01 0 0
2345.0110 2350.6109 1.291807e-15 1.293595e-16 1.418136e-01 0 0
2346.5569 2352.1604 1.269532e-15 1.293637e-16 1.395263e-01 0 0
2348.1027 2353.7100 1.506160e-15 1.373281e-16 1.657115e-01 0 0
2349.6485 2355.2595 1.573578e-15 1.397591e-16 1.733125e-01 0 0
2351.1944 2356.8090 1.653006e-15 1.428501e-16 1.822472e-01 0 0
2352.7403 2358.3586 1.648969e-15 1.419113e-16 1.819855e-01 0 0
2354.2861 2359.9082 1.510817e-15 1.392786e-16 1.669043e-01 0 0
2355.8320 2361.4577 1.604426e-15 1.420646e-16 1.774203e-01 0 0
2357.3779 2363.0073 1.412377e-15 1.356323e-16 1.563373e-01 0 0
2358.9238 2364.5569 1.386555e-15 1.311376e-16 1.536304e-01 0 0
2360.4697 2366.1065 1.593796e-15 1.392134e-16 1.767700e-01 0 0
2362.0156 2367.6561 1.359101e-15 1.313203e-16 1.508923e-01 0 0
2363.5615 2369.2057 1.813625e-15 1.494671e-16 2.015657e-01 0 0
2365.1075 2370.7554 1.569696e-15 1.392202e-16 1.746414e-01 0 0
2366.6534 2372.3050 1.639530e-15 1.457377e-16 1.826138e-01 0 0
2368.1994 2373.8546 1.557568e-15 1.375519e-16 1.736829e-01 0 0
2369.7453 2375.4043 1.487665e-15 1.381112e-16 1.660867e-01 0 0
2371.2913 2376.9539 1.317033e-15 1.288104e-16 1.472188e-01 0 0
2372.8373 2378.5036 1.408544e-15 1.332786e-16 1.576500e-01 0 0
2374.3833 2380.0533 1.242914e-15 1.265548e-16 1.392955e-01 0 0
2375.9293 2381.6030 1.337031e-15 1.300753e-16 1.500455e-01 0 0
2377.4753 2383.1527 1.312642e-15 1.295654e-16 1.475108e-01 0 0
2379.0213 2384.7024 1.018418e-15 1.156502e-16 1.146057e-01 0 0
2380.5673 2386.2521 1.579845e-15 1.405492e-16 1.780344e-01 0 0
2382.1134 2387.8018 1.491086e-15 1.341519e-16 1.682681e-01 0 0
2383.6594 2389.3516 1.337813e-15 1.290201e-16 1.511836e-01 0 0
2385.2055 2390.9013 1.410375e-15 1.345221e-16 1.596060e-01 0 0
2386.7515 2392.4511 1.520391e-15 1.363050e-16 1.722942e-01 0 0
2388.2976 2394.0008 1.756377e-15 1.462730e-16 1.993071e-01 0 0
2389.8437 2395.5506 1.696683e-15 1.428838e-16 1.927900e-01 0 0
2391.3898 2397.1004 1.568045e-15 1.384965e-16 1.784047e-01 0 0
2392.9359 2398.6502 1.777086e-15 1.463613e-16 2.024430e-01 0 0
2394.4820 2400.2000 1.635136e-15 1.394137e-16 1.864978e-01 0 0
2396.0281 2401.7498 1.740503e-15 1.452640e-16 1.987390e-01 0 0
2397.5742 2403.2996 1.815840e-15 1.466126e-16 2.075675e-01 0 0
2399.1203 2404.8494 1.717148e-15 1.433893e-16 1.964916e-01 0 0
2400.6665 2406.3993 1.545819e-15 1.372556e-16 1.770670e-01 0 0
2402.2126 2407.9491 1.465187e-15 1.344239e-16 1.679958e-01 0 0
2403.7588 2409.4990 1.651631e-15 1.408401e-16 1.895560e-01 0 0
2405.3050 2411.0488 1.576533e-15 1.361517e-16 1.811072e-01 0 0
2406.8511 2412.5987 1.912918e-15 1.506666e-16 2.199549e-01 0 0
2408.3973 2414.1486 1.852286e-15 1.475347e-16 2.131793e-01 0 0
2409.9435 2415.6985 1.487379e-15 1.337406e-16 1.713397e-01 0 0
2411.4897 2417.2484 1.713324e-15 1.432032e-16 1.975491e-01 0 0
2413.0360 2418.7983 1.343999e-15 1.286580e-16 1.551088e-01 0 0
2414.5822 2420.3482 1.634956e-15 1.388183e-16 1.888652e-01 0 0
2416.1284 2421.8981 1.707573e-15 1.425745e-16 1.974420e-01 0 0
2417.6747 2423.4481 1.351655e-15 1.280928e-16 1.564418e-01 0 0
2419.2209 2424.9980 1.839647e-15 1.484615e-16 2.131355e-01 0 0
2420.7672 2426.5480 1.561851e-15 1.342580e-16 1.811396e-01 0 0
2422.3134 2428.0979 1.626183e-15 1.392361e-16 1.887999e-01 0 0
2423.8597 2429.6479 1.697305e-15 1.411029e-16 1.972723e-01 0 0
2425.4060 2431.1979 1.835542e-15 1.462739e-16 2.135742e-01 0 0
2426.9523 2432.7479 1.686725e-15 1.401038e-16 1.964795e-01 0 0
2428.4986 2434.2979 1.648862e-15 1.378444e-16 1.922859e-01 0 0
2430.0449 2435.8479 1.584089e-15 1.390906e-16 1.849431e-01 0 0
2431.5913 2437.3979 1.614032e-15 1.388074e-16 1.886542e-01 0 0
2433.1376 2438.9479 1.796626e-15 1.458447e-16 2.102372e-01 0 0
2434.6839 2440.4980 1.628113e-15 1.375958e-16 1.907357e-01 0 0
2436.2303 2442.0480 2.000242e-15 1.511662e-16 2.345952e-01 0 0
2437.7767 2443.5981 1.796396e-15 1.436329e-16 2.109235e-01 0 0
2439.3230 2445.1481 1.635648e-15 1.379709e-16 1.922598e-01 0 0
2440.8694 2446.6982 1.544194e-15 1.369490e-16 1.817071e-01 0 0
2442.4158 2448.2483 1.662961e-15 1.387200e-16 1.958872e-01 0 0
2443.9622 2449.7984 1.919394e-15 1.488031e-16 2.263276e-01 0 0
2445.5086 2451.3485 1.675717e-15 1.398496e-16 1.978273e-01 0 0
2447.0550 2452.8986 1.928129e-15 1.471785e-16 2.278922e-01 0 0
2448.6015 2454.4487 1.593451e-15 1.371508e-16 1.885458e-01 0 0
2450.1479 2455.9988 1.812866e-15 1.441348e-16 2.147458e-01 0 0
2451.6943 2457.5490 1.650763e-15 1.359762e-16 1.957510e-01 0 0
2453.2408 2459.0991 1.822072e-15 1.472601e-16 2.162925e-01 0 0
2454.7872 2460.6493 1.576938e-15 1.340674e-16 1.873815e-01 0 0
2456.3337 2462.1994 1.624410e-15 1.381196e-16 1.932152e-01 0 0
2457.8802 2463.7496 1.728660e-15 1.407141e-16 2.058121e-01 0 0
2459.4267 2465.2998 1.815490e-15 1.429773e-16 2.163559e-01 0 0
2460.9732 2466.8500 1.911382e-15 1.470496e-16 2.279914e-01 0 0
2462.5197 2468.4002 1.835941e-15 1.462935e-16 2.191918e-01 0 0
2464.0662 2469.9504 2.061467e-15 1.481697e-16 2.463319e-01 0 0
2465.6127 2471.5006 1.679275e-15 1.388569e-16 2.008370e-01 0 0
2467.1593 2473.0509 1.563352e-15 1.343411e-16 1.871292e-01 0 0
2468.7058 2474.6011 1.819590e-15 1.439709e-16 2.179820e-01 0 0
2470.2524 2476.1513 1.935276e-15 1.479365e-16 2.320284e-01 0 0
2471.7989 2477.7016 1.692863e-15 1.408306e-16 2.031283e-01 0 0
2473.3455 2479.2519 1.789191e-15 1.411633e-16 2.148547e-01 0 0
2474.8921 2480.8021 1.819493e-15 1.443721e-16 2.186642e-01 0 0
2476.4387 2482.3524 1.817210e-15 1.417502e-16 2.185576e-01 0 0
2477.9853 2483.9027 1.913437e-15 1.467220e-16 2.303076e-01 0 0
2479.5319 2485.4530 2.057869e-15 1.521093e-16 2.478801e-01 0 0
2481.0785 2487.0033 1.969453e-15 1.474525e-16 2.374100e-01 0 0
2482.6251 2488.5536 2.128600e-15 1.520114e-16 2.567894e-01 0 0
2484.1718 2490.1040 1.866400e-15 1.458291e-16 2.253291e-01 0 0
2485.7184 2491.6543 2.023951e-15 1.494524e-16 2.445375e-01 0 0
2487.2651 2493.2047 1.969779e-15 1.468315e-16 2.381747e-01 0 0
2488.8117 2494.7550 1.941647e-15 1.489906e-16 2.349566e-01 0 0
2490.3584 2496.3054 1.769098e-15 1.414792e-16 2.142440e-01 0 0
2491.9051 2497.8558 2.122960e-15 1.538202e-16 2.573047e-01 0 0
2493.4518 2499.4061 2.199131e-15 1.560389e-16 2.667515e-01 0 0
2494.9985 2500.9565 2.136233e-15 1.539187e-16 2.593374e-01 0 0
2496.5452 2502.5069 1.992031e-15 1.498785e-16 2.420328e-01 0 0
2498.0919 2504.0573 2.097816e-15 1.509655e-16 2.551046e-01 0 0
2499.6386 2505.6078 1.835316e-15 1.437924e-16 2.233755e-01 0 0
2501.1854 2507.1582 1.971897e-15 1.513477e-16 2.402095e-01 0 0
2502.7321 2508.7086 2.230073e-15 1.533904e-16 2.718988e-01 0 0
2504.2789 2510.2591 2.088063e-15 1.527337e-16 2.548113e-01 0 0
2505.8256 2511.8095 1.855738e-15 1.438110e-16 2.266622e-01 0 0
2507.3724 2513.3600 1.836867e-15 1.436170e-16 2.245593e-01 0 0
2508.9192 2514.9105 2.044193e-15 1.506209e-16 2.501304e-01 0 0
2510.4660 2516.4610 2.298618e-15 1.557660e-16 2.815157e-01 0 0
2512.0128 2518.0115 1.944103e-15 1.476292e-16 2.383121e-01 0 0
2513.5596 2519.5620 2.047740e-15 1.492102e-16 2.512416e-01 0 0
2515.1064 2521.1125 2.237745e-15 1.556319e-16 2.748003e-01 0 0
2516.6532 2522.6630 2.321352e-15 1.595994e-16 2.853203e-01 0 0
2518.2001 2524.2135 1.993862e-15 1.471223e-16 2.452848e-01 0 0
2519.7469 2525.7641 2.018662e-15 1.483426e-16 2.485525e-01 0 0
2521.2938 2527.3146 2.067539e-15 1.505495e-16 2.547917e-01 0 0
2522.8406 2528.8652 2.146124e-15 1.522227e-16 2.647013e-01 0 0
2524.3875 2530.4157 2.152386e-15 1.563988e-16 2.656983e-01 0 0
2525.9344 2531.9663 2.123244e-15 1.489225e-16 2.623182e-01 0 0
2527.4813 2533.5169 1.989762e-15 1.485307e-16 2.460294e-01 0 0
2529.0282 2535.0675 2.087402e-15 1.493607e-16 2.583094e-01 0 0
2530.5751 2536.6181 2.000024e-15 1.479571e-16 2.476933e-01 0 0
2532.1220 2538.1687 2.157651e-15 1.531496e-16 2.674205e-01 0 0
2533.6689 2539.7193 2.355421e-15 1.573402e-16 2.921543e-01 0 0
2535.2159 2541.2700 1.983104e-15 1.484370e-16 2.461549e-01 0 0
2536.7628 2542.8206 2.280832e-15 1.569477e-16 2.833159e-01 0 0
2538.3098 2544.3712 2.217419e-15 1.527846e-16 2.756312e-01 0 0
2539.8567 2545.9219 2.040423e-15 1.503267e-16 2.538039e-01 0 0
2541.4037 2547.4726 2.260385e-15 1.544383e-16 2.813491e-01 0 0
2542.9507 2549.0232 2.202315e-15 1.534363e-16 2.742974e-01 0 0
2544.4977 2550.5739 1.984581e-15 1.488119e-16 2.473253e-01 0 0
2546.0447 2552.1246 2.142518e-15 1.511225e-16 2.671576e-01 0 0
2547.5917 2553.6753 2.116422e-15 1.496345e-16 2.640449e-01 0 0
2549.1387 2555.2260 2.130792e-15 1.524181e-16 2.659763e-01 0 0
2550.6857 2556.7768 2.200539e-15 1.507728e-16 2.748199e-01 0 0
2552.2328 2558.3275 2.411342e-15 1.630536e-16 3.012935e-01 0 0
2553.7798 2559.8782 2.057516e-15 1.485475e-16 2.572049e-01 0 0
2555.3269 2561.4290 1.909647e-15 1.465753e-16 2.388302e-01 0 0
2556.8739 2562.9797 2.370178e-15 1.598993e-16 2.965600e-01 0 0
2558.4210 2564.5305 1.950685e-15 1.448959e-16 2.441803e-01 0 0
2559.9681 2566.0813 2.277668e-15 1.558576e-16 2.852354e-01 0 0
2561.5152 2567.6321 2.070780e-15 1.508596e-16 2.594386e-01 0 0
2563.0623 2569.1829 1.968165e-15 1.442251e-16 2.466881e-01 0 0
2564.6094 2570.7337 2.245698e-15 1.585164e-16 2.815940e-01 0 0
2566.1565 2572.2845 2.110456e-15 1.506887e-16 2.647489e-01 0 0
2567.7036 2573.8353 1.977012e-15 1.503759e-16 2.481152e-01 0 0
2569.2508 2575.3861 2.191358e-15 1.510350e-16 2.751350e-01 0 0
2570.7979 2576.9370 2.031011e-15 1.477907e-16 2.551148e-01 0 0
2572.3451 2578.4878 1.949165e-15 1.481025e-16 2.449415e-01 0 0
2573.8922 2580.0387 2.176758e-15 1.525285e-16 2.736615e-01 0 0
2575.4394 2581.5896 2.203354e-15 1.546543e-16 2.771242e-01 0 0
2576.9866 2583.1404 1.860231e-15 1.440857e-16 2.340670e-01 0 0
2578.5338 2584.6913 2.051342e-15 1.480786e-16 2.582195e-01 0 0
2580.0810 2586.2422 1.823901e-15 1.422070e-16 2.296804e-01 0 0
2581.6282 2587.7931 1.799271e-15 1.389169e-16 2.266639e-01 0 0
2583.1754 2589.3440 1.803232e-15 1.419113e-16 2.272431e-01 0 0
2584.7227 2590.8950 2.145253e-15 1.532167e-16 2.704333e-01 0 0
2586.2699 2592.4459 1.980161e-15 1.462270e-16 2.496962e-01 0 0
2587.8171 2593.9968 1.700353e-15 1.372934e-16 2.144703e-01 0 0
2589.3644 2595.5478 1.686534e-15 1.367320e-16 2.127766e-01 0 0
2590.9117 2597.0988 2.160554e-15 1.530908e-16 2.726337e-01 0 0
2592.4589 2598.6497 2.145637e-15 1.502821e-16 2.707921e-01 0 0
2594.0062 2600.2007 1.780879e-15 1.412724e-16 2.247830e-01 0 0
2595.5535 2601.7517 1.542625e-15 1.314563e-16 1.947223e-01 0 0
2597.1008 2603.3027 2.026687e-15 1.472119e-16 2.558326e-01 0 0
2598.6481 2604.8537 2.071520e-15 1.530092e-16 2.614892e-01 0 0
2600.1954 2606.4047 1.637713e-15 1.360997e-16 2.067230e-01 0 0
2601.7428 2607.9557 1.588378e-15 1.323481e-16 2.004832e-01 0 0
2603.2901 2609.5068 1.706565e-15 1.361278e-16 2.153850e-01 0 0
2604.8375 2611.0578 1.855216e-15 1.430741e-16 2.341259e-01 0 0
2606.3848 2612.6089 2.021451e-15 1.491521e-16 2.550819e-01 0 0
2607.9322 2614.1599 1.966993e-15 1.442469e-16 2.481877e-01 0 0
2609.4796 2615.7110 1.822354e-15 1.440492e-16 2.299189e-01 0 0
2611.0269 2617.2621 2.215785e-15 1.541002e-16 2.795380e-01 0 0
2612.5743 2618.8132 1.916630e-15 1.427683e-16 2.417849e-01 0 0
2614.1217 2620.3643 2.069125e-15 1.488862e-16 2.610167e-01 0 0
2615.6691 2621.9154 2.011752e-15 1.459440e-16 2.537790e-01 0 0
2617.2166 2623.4665 2.323952e-15 1.567622e-16 2.931767e-01 0 0
2618.7640 2625.0176 2.194210e-15 1.527716e-16 2.768296e-01 0 0
2620.3114 2626.5687 2.312722e-15 1.552575e-16 2.918214e-01 0 0
2621.8589 2628.1199 2.160611e-15 1.520373e-16 2.726701e-01 0 0
2623.4063 2629.6710 2.311990e-15 1.569405e-16 2.918338e-01 0 0
2624.9538 2631.2222 1.946508e-15 1.438063e-16 2.457531e-01 0 0
2626.5013 2632.7734 2.119487e-15 1.521332e-16 2.676582e-01 0 0
2628.0488 2634.3245 2.321883e-15 1.563863e-16 2.932910e-01 0 0
2629.5963 2635.8757 2.224493e-15 1.569935e-16 2.810628e-01 0 0
2631.1438 2637.4269 2.335527e-15 1.560492e-16 2.951681e-01 0 0
2632.6913 2638.9781 2.288742e-15 1.544751e-16 2.893275e-01 0 0
2634.2388 2640.5293 2.238418e-15 1.544952e-16 2.830341e-01 0 0
2635.7863 2642.0806 2.394021e-15 1.582783e-16 3.027725e-01 0 0
2637.3339 2643.6318 2.020037e-15 1.469300e-16 2.555247e-01 0 0
2638.8814 2645.1831 2.430207e-15 1.593946e-16 3.074527e-01 0 0
2640.4290 2646.7343 2.629881e-15 1.667449e-16 3.327554e-01 0 0
2641.9765 2648.2856 2.568450e-15 1.653749e-16 3.249983e-01 0 0
2643.5241 2649.8368 2.490847e-15 1.629258e-16 3.151870e-01 0 0
2645.0717 2651.3881 2.484448e-15 1.615621e-16 3.143373e-01 0 0
2646.6193 2652.9394 2.821656e-15 1.713766e-16 3.569497e-01 0 0
2648.1669 2654.4907 2.753754e-15 1.687585e-16 3.482755e-01 0 0
2649.7145 2656.0420 2.928505e-15 1.730570e-16 3.702815e-01 0 0
2651.2621 2657.5933 2.704282e-15 1.712061e-16 3.418131e-01 0 0
2652.8097 2659.1447 3.117851e-15 1.804191e-16 3.939468e-01 0 0
2654.3574 2660.6960 3.063661e-15 1.802692e-16 3.869305e-01 0 0
2655.9050 2662.2473 2.817685e-15 1.712264e-16 3.557054e-01 0 0
2657.4527 2663.7987 3.189184e-15 1.802044e-16 4.023947e-01 0 0
2659.0004 2665.3501 3.142141e-15 1.815218e-16 3.962500e-01 0 0
2660.5480 2666.9014 3.028557e-15 1.795092e-16 3.817007e-01 0 0
2662.0957 2668.4528 3.133669e-15 1.782881e-16 3.947126e-01 0 0
2663.6434 2670.0042 3.414093e-15 1.896474e-16 4.297552e-01 0 0
2665.1911 2671.5556 3.449487e-15 1.934455e-16 4.339263e-01 0 0
2666.7388 2673.1070 3.211049e-15 1.866362e-16 4.036485e-01 0 0
2668.2866 2674.6584 3.315400e-15 1.845217e-16 4.164715e-01 0 0
2669.8343 2676.2098 3.358547e-15 1.852380e-16 4.215796e-01 0 0
2671.3820 2677.7613 3.510457e-15 1.917704e-16 4.403209e-01 0 0
2672.9298 2679.3127 3.832827e-15 2.058652e-16 4.803899e-01 0 0
2674.4775 2680.8642 3.709585e-15 1.934415e-16 4.645877e-01 0 0
2676.0253 2682.4156 3.962285e-15 2.011394e-16 4.958538e-01 0 0
2677.5731 2683.9671 3.519994e-15 1.906847e-16 4.401638e-01 0 0
2679.1209 2685.5186 3.520684e-15 1.903694e-16 4.399156e-01 0 0
2680.6687 2687.0701 3.657135e-15 1.973980e-16 4.566169e-01 0 0
2682.2165 2688.6216 3.738271e-15 2.021558e-16 4.664058e-01 0 0
2683.7643 2690.1731 3.442736e-15 1.883032e-16 4.292180e-01 0 0
2685.3121 2691.7246 3.436959e-15 1.889595e-16 4.282011e-01 0 0
2686.8599 2693.2761 3.767395e-15 1.969166e-16 4.690437e-01 0 0
2688.4078 2694.8277 3.522493e-15 1.951904e-16 4.382766e-01 0 0
2689.9556 2696.3792 3.368195e-15 1.916152e-16 4.188143e-01 0 0
2691.5035 2697.9308 3.463448e-15 1.872569e-16 4.304180e-01 0 0
2693.0513 2699.4823 3.246642e-15 1.894685e-16 4.032503e-01 0 0
2694.5992 2701.0339 3.386331e-15 1.898105e-16 4.204017e-01 0 0
2696.1471 2702.5855 3.418910e-15 1.880851e-16 4.242479e-01 0 0
2697.6950 2704.1371 3.386012e-15 1.875108e-16 4.199924e-01 0 0
2699.2429 2705.6887 3.461922e-15 1.951240e-16 4.292327e-01 0 0
2700.7908 2707.2403 3.422363e-15 1.872608e-16 4.241643e-01 0 0
2702.3387 2708.7919 3.262050e-15 1.852875e-16 4.041398e-01 0 0
2703.8867 2710.3436 3.154159e-15 1.837053e-16 3.906193e-01 0 0
2705.4346 2711.8952 3.509492e-15 1.909414e-16 4.344525e-01 0 0
2706.9826 2713.4468 3.174795e-15 1.829250e-16 3.928472e-01 0 0
2708.5305 2714.9985 3.283816e-15 1.855729e-16 4.061564e-01 0 0
2710.0785 2716.5502 3.205067e-15 1.849148e-16 3.962114e-01 0 0
2711.6265 2718.1018 3.469637e-15 1.908855e-16 4.286898e-01 0 0
2713.1745 2719.6535 3.172234e-15 1.821314e-16 3.916976e-01 0 0
2714.7224 2721.2052 3.208240e-15 1.878261e-16 3.958860e-01 0 0
2716.2705 2722.7569 2.910751e-15 1.752419e-16 3.588972e-01 0 0
2717.8185 2724.3086 2.732066e-15 1.714932e-16 3.365931e-01 0 0
2719.3665 2725.8603 3.033780e-15 1.811759e-16 3.734080e-01 0 0
2720.9145 2727.4121 2.975205e-15 1.765254e-16 3.658355e-01 0 0
2722.4626 2728.9638 2.929823e-15 1.768041e-16 3.598557e-01 0 0
2724.0106 2730.5156 3.387223e-15 1.898932e-16 4.155607e-01 0 0
2725.5587 2732.0673 3.263233e-15 1.885268e-16 3.998599e-01 0 0
2727.1067 2733.6191 3.234553e-15 1.857012e-16 3.958516e-01 0 0
2728.6548 2735.1709 2.575136e-15 1.672328e-16 3.147441e-01 0 0
2730.2029 2736.7226 3.521055e-15 1.964550e-16 4.297962e-01 0 0
2731.7510 2738.2744 2.607782e-15 1.659049e-16 3.178994e-01 0 0
2733.2991 2739.8262 3.198641e-15 1.857850e-16 3.894128e-01 0 0
2734.8472 2741.3780 3.069290e-15 1.836487e-16 3.731822e-01 0 0
2736.3953 2742.9299 3.096275e-15 1.789419e-16 3.759793e-01 0 0
2737.9435 2744.4817 3.400509e-15 1.920897e-16 4.124161e-01 0 0
2739.4916 2746.0335 3.007275e-15 1.801545e-16 3.642847e-01 0 0
2741.0398 2747.5854 3.222135e-15 1.840531e-16 3.898763e-01 0 0
2742.5879 2749.1372 2.997222e-15 1.846287e-16 3.622698e-01 0 0
2744.1361 2750.6891 3.074864e-15 1.793321e-16 3.713013e-01 0 0
2745.6843 2752.2410 3.331565e-15 1.922300e-16 4.019413e-01 0 0
2747.2325 2753.7929 2.915737e-15 1.790161e-16 3.514865e-01 0 0
2748.7807 2755.3448 3.378006e-15 1.868946e-16 4.068937e-01 0 0
2750.3289 2756.8967 2.886965e-15 1.828981e-16 3.474846e-01 0 0
2751.8771 2758.4486 3.517512e-15 1.925699e-16 4.230669e-01 0 0
2753.4253 2760.0005 3.151537e-15 1.864354e-16 3.787647e-01 0 0
2754.9735 2761.5524 3.376328e-15 1.935217e-16 4.054728e-01 0 0
2756.5218 2763.1044 3.015169e-15 1.814056e-16 3.618036e-01 0 0
2758.0700 2764.6563 3.275734e-15 1.885490e-16 3.927341e-01 0 0
2759.6183 2766.2083 3.037266e-15 1.845755e-16 3.637968e-01 0 0
2761.1666 2767.7602 3.228295e-15 1.843862e-16 3.862856e-01 0 0
2762.7149 2769.3122 2.991876e-15 1.848915e-16 3.575841e-01 0 0
2764.2631 2770.8642 3.213187e-15 1.869673e-16 3.835576e-01 0 0
2765.8114 2772.4162 3.077022e-15 1.871047e-16 3.667834e-01 0 0
2767.3597 2773.9682 3.053545e-15 1.811288e-16 3.634257e-01 0 0
2768.9081 2775.5202 2.931247e-15 1.826939e-16 3.482659e-01 0 0
2770.4564 2777.0722 3.414705e-15 1.923406e-16 4.049457e-01 0 0
2772.0047 2778.6243 2.788786e-15 1.780956e-16 3.300492e-01 0 0
2773.5531 2780.1763 3.048649e-15 1.840251e-16 3.600310e-01 0 0
2775.1014 2781.7284 2.686229e-15 1.733723e-16 3.165239e-01 0 0
2776.6498 2783.2804 2.939945e-15 1.833744e-16 3.456224e-01 0 0
2778.1981 2784.8325 2.657825e-15 1.762831e-16 3.117279e-01 0 0
2779.7465 2786.3846 3.036116e-15 1.819907e-16 3.552570e-01 0 0
2781.2949 2787.9366 3.193527e-15 1.913372e-16 3.728042e-01 0 0
2782.8433 2789.4887 3.484265e-15 2.005657e-16 4.058047e-01 0 0
2784.3917 2791.0408 3.121548e-15 1.874851e-16 3.627485e-01 0 0
2785.9401 2792.5930 2.962659e-15 1.858390e-16 3.435419e-01 0 0
2787.4886 2794.1451 3.071892e-15 1.895161e-16 3.554857e-01 0 0
2789.0370 2795.6972 3.078832e-15 1.886215e-16 3.556127e-01 0 0
2790.5854 2797.2494 2.317625e-15 1.654857e-16 2.672299e-01 0 0
2792.1339 2798.8015 2.410843e-15 1.673943e-16 2.775514e-01 0 0
2793.6824 2800.3537 2.727545e-15 1.790778e-16 3.135916e-01 0 0
2795.2308 2801.9058 2.865327e-15 1.816906e-16 3.290636e-01 0 0
2796.7793 2803.4580 2.257588e-15 1.654984e-16 2.590228e-01 0 0
2798.3278 2805.0102 1.973248e-15 1.559631e-16 2.262311e-01 0 0
2799.8763 2806.5624 2.834329e-15 1.811715e-16 3.247503e-01 0 0
2801.4248 2808.1146 2.849469e-15 1.825986e-16 3.263309e-01 0 0
2802.9733 2809.6668 2.841515e-15 1.809030e-16 3.252893e-01 0 0
2804.5218 2811.2190 2.191748e-15 1.632210e-16 2.508290e-01 0 0
2806.0704 2812.7713 2.218983e-15 1.621594e-16 2.538755e-01 0 0
2807.6189 2814.3235 2.745304e-15 1.805227e-16 3.140180e-01 0 0
2809.1675 2815.8758 2.572481e-15 1.761523e-16 2.941756e-01 0 0
2810.7160 2817.4280 2.738179e-15 1.784509e-16 3.130378e-01 0 0
2812.2646 2818.9803 2.765597e-15 1.800929e-16 3.160681e-01 0 0
2813.8132 2820.5326 3.030012e-15 1.897347e-16 3.461433e-01 0 0
2815.3618 2822.0849 2.963306e-15 1.849236e-16 3.383516e-01 0 0
2816.9104 2823.6372 2.990283e-15 1.902328e-16 3.412066e-01 0 0
2818.4590 2825.1895 2.845961e-15 1.807192e-16 3.244869e-01 0 0
2820.0076 2826.7418 2.829242e-15 1.858340e-16 3.222640e-01 0 0
2821.5562 2828.2941 2.770280e-15 1.805584e-16 3.152029e-01 0 0
2823.1049 2829.8464 2.602433e-15 1.749304e-16 2.957188e-01 0 0
2824.6535 2831.3988 2.684171e-15 1.792136e-16 3.045795e-01 0 0
2826.2022 2832.9511 2.809051e-15 1.823862e-16 3.182426e-01 0 0
2827.7508 2834.5035 2.675652e-15 1.783491e-16 3.026218e-01 0 0
2829.2995 2836.0559 2.844639e-15 1.854075e-16 3.211401e-01 0 0
2830.8482 2837.6083 2.730633e-15 1.784324e-16 3.076780e-01 0 0
2832.3969 2839.1606 2.605460e-15 1.781703e-16 2.929654e-01 0 0
2833.9456 2840.7130 2.573790e-15 1.769049e-16 2.887873e-01 0 0
2835.4943 2842.2655 2.923738e-15 1.863711e-16 3.273091e-01 0 0
2837.0430 2843.8179 2.671572e-15 1.814183e-16 2.983871e-01 0 0
2838.5917 2845.3703 2.931922e-15 1.873570e-16 3.266701e-01 0 0
2840.1405 2846.9227 2.746764e-15 1.864542e-16 3.052849e-01 0 0
2841.6892 2848.4752 2.851655e-15 1.844080e-16 3.161319e-01 0 0
2843.2380 2850.0276 2.847452e-15 1.846178e-16 3.148469e-01 0 0
2844.7867 2851.5801 2.876161e-15 1.870920e-16 3.171653e-01 0 0
2846.3355 2853.1326 2.605784e-15 1.786792e-16 2.865695e-01 0 0
2847.8843 2854.6850 2.619460e-15 1.782072e-16 2.872759e-01 0 0
2849.4331 2856.2375 2.795480e-15 1.880744e-16 3.057256e-01 0 0
2850.9819 2857.7900 3.054041e-15 1.951762e-16 3.330610e-01 0 0
2852.5307 2859.3425 2.782690e-15 1.873166e-16 3.026088e-01 0 0
2854.0795 2860.8951 2.425968e-15 1.759028e-16 2.630643e-01 0 0
2855.6283 2862.4476 2.006511e-15 1.595054e-16 2.169575e-01 0 0
2857.1772 2864.0001 2.854561e-15 1.863586e-16 3.077732e-01 0 0
2858.7260 2865.5527 2.887684e-15 1.909216e-16 3.104540e-01 0 0
2860.2749 2867.1052 2.665692e-15 1.808335e-16 2.857742e-01 0 0
2861.8237 2868.6578 2.929897e-15 1.952985e-16 3.132060e-01 0 0
2863.3726 2870.2104 2.642542e-15 1.818549e-16 2.816969e-01 0 0
2864.9215 2871.7629 2.675319e-15 1.872568e-16 2.843927e-01 0 0
2866.4704 2873.3155 2.944402e-15 1.925184e-16 3.121401e-01 0 0
2868.0193 2874.8681 2.912108e-15 1.944851e-16 3.078721e-01 0 0
2869.5682 2876.4207 2.794484e-15 1.911046e-16 2.946502e-01 0 0
2871.1171 2877.9734 2.790202e-15 1.909501e-16 2.934146e-01 0 0
2872.6661 2879.5260 2.786359e-15 1.908949e-16 2.922435e-01 0 0
2874.2150 2881.0786 2.804780e-15 1.910561e-16 2.934032e-01 0 0
2875.7639 2882.6313 2.941449e-15 1.966584e-16 3.068944e-01 0 0
2877.3129 2884.1839 2.703001e-15 1.897803e-16 2.812739e-01 0 0
2878.8619 2885.7366 3.081555e-15 1.988605e-16 3.198112e-01 0 0
2880.4108 2887.2893 2.620669e-15 1.890034e-16 2.712494e-01 0 0
2881.9598 2888.8419 2.645602e-15 1.902559e-16 2.730753e-01 0 0
2883.5088 2890.3946 3.179494e-15 2.057068e-16 3.272718e-01 0 0
2885.0578 2891.9473 3.149675e-15 2.047342e-16 3.232655e-01 0 0
2886.6068 2893.5000 2.823072e-15 1.929273e-16 2.889008e-01 0 0
2888.1558 2895.0528 2.770895e-15 1.948007e-16 2.826910e-01 0 0
2889.7049 2896.6055 3.051067e-15 1.987340e-16 3.103117e-01 0 0
2891.2539 2898.1582 2.901798e-15 1.968607e-16 2.941578e-01 0 0
2892.8030 2899.7110 3.278850e-15 2.126372e-16 3.312768e-01 0 0
2894.3520 2901.2637 3.205831e-15 2.056556e-16 3.227501e-01 0 0
2895.9011 2902.8165 2.914921e-15 2.001115e-16 2.924145e-01 0 0
2897.4502 2904.3693 3.465111e-15 2.164610e-16 3.462965e-01 0 0
2898.9992 2905.9221 2.772337e-15 1.923144e-16 2.760111e-01 0 0
2900.5483 2907.4748 3.266543e-15 2.095701e-16 3.239317e-01 0 0
2902.0974 2909.0277 3.225299e-15 2.107443e-16 3.185737e-01 0 0
2903.6466 2910.5805 3.069329e-15 2.044844e-16 3.019359e-01 0 0
2905.1957 2912.1333 3.070972e-15 2.057882e-16 3.008628e-01 0 0
2906.7448 2913.6861 3.289123e-15 2.114638e-16 3.209016e-01 0 0
2908.2939 2915.2390 3.134642e-15 2.075462e-16 3.045568e-01 0 0
2909.8431 2916.7918 3.030210e-15 2.073157e-16 2.931844e-01 0 0
2911.3923 2918.3447 3.353633e-15 2.179349e-16 3.231182e-01 0 0
2912.9414 2919.8975 3.104663e-15 2.090228e-16 2.978919e-01 0 0
2914.4906 2921.4504 3.207965e-15 2.129918e-16 3.065232e-01 0 0
2916.0398 2923.0033 3.224791e-15 2.111774e-16 3.068777e-01 0 0
2917.5890 2924.5562 3.219725e-15 2.149910e-16 3.051446e-01 0 0
2919.1382 2926.1091 3.067093e-15 2.092374e-16 2.895275e-01 0 0
2920.6874 2927.6620 3.048868e-15 2.077090e-16 2.866637e-01 0 0
2922.2366 2929.2149 2.832689e-15 2.032175e-16 2.653060e-01 0 0
2923.7858 2930.7678 3.248225e-15 2.141702e-16 3.030427e-01 0 0
2925.3351 2932.3208 3.347924e-15 2.214603e-16 3.111489e-01 0 0
2926.8843 2933.8737 3.046909e-15 2.100310e-16 2.820863e-01 0 0
2928.4336 2935.4267 2.984843e-15 2.109741e-16 2.752855e-01 0 0
2929.9829 2936.9797 2.963649e-15 2.077187e-16 2.722835e-01 0 0
2931.5321 2938.5326 3.501766e-15 2.245261e-16 3.204846e-01 0 0
2933.0814 2940.0856 2.943083e-15 2.066861e-16 2.683115e-01 0 0
2934.6307 2941.6386 3.463331e-15 2.249450e-16 3.145039e-01 0 0
2936.1800 2943.1916 3.065308e-15 2.141393e-16 2.772619e-01 0 0
2937.7293 2944.7446 3.179904e-15 2.178565e-16 2.864686e-01 0 0
2939.2787 2946.2977 2.884703e-15 2.079935e-16 2.588191e-01 0 0
2940.8280 2947.8507 3.192586e-15 2.200470e-16 2.852465e-01 0 0
2942.3773 2949.4037 3.370360e-15 2.218369e-16 2.998600e-01 0 0
2943.9267 2950.9568 3.264736e-15 2.210683e-16 2.891899e-01 0 0
2945.4760 2952.5098 3.026231e-15 2.184509e-16 2.668732e-01 0 0
2947.0254 2954.0629 3.348522e-15 2.197702e-16 2.939431e-01 0 0
2948.5748 2955.6160 3.144131e-15 2.215940e-16 2.747227e-01 0 0
2950.1242 2957.1691 3.379399e-15 2.274547e-16 2.938734e-01 0 0
2951.6736 2958.7222 3.233278e-15 2.240632e-16 2.798122e-01 0 0
2953.2230 2960.2753 2.701044e-15 2.081071e-16 2.325969e-01 0 0
2954.7724 2961.8284 3.044190e-15 2.158307e-16 2.608362e-01 0 0
2956.3218 2963.3815 2.660695e-15 2.070608e-16 2.268111e-01 0 0
2957.8712 2964.9346 3.258720e-15 2.299342e-16 2.763529e-01 0 0
2959.4207 2966.4878 3.127006e-15 2.177176e-16 2.637831e-01 0 0
2960.9701 2968.0409 3.083078e-15 2.265978e-16 2.586894e-01 0 0
2962.5196 2969.5941 2.990601e-15 2.179136e-16 2.495654e-01 0 0
2964.0691 2971.1473 2.762764e-15 2.129021e-16 2.292850e-01 0 0
2965.6185 2972.7004 2.792756e-15 2.122178e-16 2.304782e-01 0 0
2967.1680 2974.2536 2.709688e-15 2.145038e-16 2.223595e-01 0 0
2968.7175 2975.8068 2.928941e-15 2.190817e-16 2.389727e-01 0 0
2970.2670 2977.3600 2.923721e-15 2.227056e-16 2.371643e-01 0 0
2971.8166 2978.9133 2.722255e-15 2.130661e-16 2.195255e-01 0 0
2973.3661 2980.4665 2.815963e-15 2.178402e-16 2.257363e-01 0 0
2974.9156 2982.0197 2.854778e-15 2.206220e-16 2.274765e-01 0 0
2976.4652 2983.5730 2.437067e-15 2.061992e-16 1.930180e-01 0 0
2978.0147 2985.1262 2.859084e-15 2.165004e-16 2.250617e-01 0 0
2979.5643 2986.6795 3.025488e-15 2.353847e-16 2.366972e-01 0 0
2981.1138 2988.2327 2.646867e-15 2.131620e-16 2.057948e-01 0 0
2982.6634 2989.7860 2.762219e-15 2.200024e-16 2.134250e-01 0 0
2984.2130 2991.3393 2.951784e-15 2.290160e-16 2.266430e-01 0 0
2985.7626 2992.8926 2.763592e-15 2.208197e-16 2.108555e-01 0 0
2987.3122 2994.4459 2.757786e-15 2.255339e-16 2.090811e-01 0 0
2988.8618 2995.9992 3.023412e-15 2.338138e-16 2.277611e-01 0 0
2990.4115 2997.5526 2.649672e-15 2.155425e-16 1.983338e-01 0 0
2991.9611 2999.1059 3.105805e-15 2.377453e-16 2.309875e-01 0 0
2993.5107 3000.6592 2.510912e-15 2.159362e-16 1.855460e-01 0 0
2995.0604 3002.2126 2.633481e-15 2.219756e-16 1.933503e-01 0 0
2996.6100 3003.7659 2.332557e-15 2.147348e-16 1.701506e-01 0 0
2998.1597 3005.3193 2.660747e-15 2.231663e-16 1.928317e-01 0 0
2999.7094 3006.8727 2.273212e-15 2.094170e-16 1.636716e-01 0 0
3001.2591 3008.4261 2.616274e-15 2.254077e-16 1.871363e-01 0 0
3002.8088 3009.9795 2.702811e-15 2.282708e-16 1.920489e-01 0 0
3004.3585 3011.5329 2.413646e-15 2.178624e-16 1.703610e-01 0 0
3005.9082 3013.0863 2.808044e-15 2.326925e-16 1.968681e-01 0 0
3007.4579 3014.6397 2.777119e-15 2.366608e-16 1.933817e-01 0 0
3009.0077 3016.1932 2.870024e-15 2.370559e-16 1.984836e-01 0 0
3010.5574 3017.7466 2.666744e-15 2.311510e-16 1.831507e-01 0 0
3012.1072 3019.3001 2.858118e-15 2.403768e-16 1.949212e-01 0 0
3013.6569 3020.8535 2.880703e-15 2.401508e-16 1.950716e-01 0 0
3015.2067 3022.4070 2.679914e-15 2.351538e-16 1.801742e-01 0 0
3016.7565 3023.9605 2.507264e-15 2.300979e-16 1.673433e-01 0 0
3018.3063 3025.5140 2.462246e-15 2.275110e-16 1.631293e-01 0 0
3019.8561 3027.0675 2.407761e-15 2.272992e-16 1.583298e-01 0 0
3021.4059 3028.6210 2.902594e-15 2.461343e-16 1.894283e-01 0 0
3022.9557 3030.1745 2.785729e-15 2.440620e-16 1.804127e-01 0 0
3024.5055 3031.7280 3.063445e-15 2.566586e-16 1.968681e-01 0 0
3026.0554 3033.2816 2.666421e-15 2.410155e-16 1.700191e-01 0 0
3027.6052 3034.8351 2.834823e-15 2.528368e-16 1.793375e-01 0 0
3029.1551 3036.3887 2.693535e-15 2.433866e-16 1.690504e-01 0 0
3030.7049 3037.9422 2.459984e-15 2.384924e-16 1.531624e-01 0 0
3032.2548 3039.4958 3.163768e-15 2.644022e-16 1.954022e-01 0 0
3033.8047 3041.0494 2.832481e-15 2.524692e-16 1.735324e-01 0 0
3035.3546 3042.6030 2.531740e-15 2.450707e-16 1.538537e-01 0 0
3036.9045 3044.1566 2.689355e-15 2.506134e-16 1.621064e-01 0 0
3038.4544 3045.7102 3.087721e-15 2.683207e-16 1.846060e-01 0 0
3040.0043 3047.2638 3.074139e-15 2.685103e-16 1.822973e-01 0 0
3041.5542 3048.8175 2.663725e-15 2.514682e-16 1.566734e-01 0 0
3043.1042 3050.3711 2.455855e-15 2.451756e-16 1.432666e-01 0 0
3044.6541 3051.9247 2.947142e-15 2.675705e-16 1.705188e-01 0 0
3046.2041 3053.4784 2.385519e-15 2.404275e-16 1.368913e-01 0 0
3047.7540 3055.0321 2.363581e-15 2.489019e-16 1.345204e-01 0 0
3049.3040 3056.5857 3.358106e-15 2.854141e-16 1.895503e-01 0 0
3050.8540 3058.1394 2.465287e-15 2.560891e-16 1.380089e-01 0 0
3052.4040 3059.6931 2.609583e-15 2.584072e-16 1.448782e-01 0 0
3053.9540 3061.2468 2.838783e-15 2.692588e-16 1.562962e-01 0 0
3055.5040 3062.8005 2.900472e-15 2.723254e-16 1.583606e-01 0 0
3057.0540 3064.3543 2.910507e-15 2.764336e-16 1.575780e-01 0 0
3058.6040 3065.9080 3.041620e-15 2.795902e-16 1.632879e-01 0 0
3060.1541 3067.4617 2.804208e-15 2.764495e-16 1.492661e-01 0 0
3061.7041 3069.0155 3.196187e-15 2.913469e-16 1.686766e-01 0 0
3063.2542 3070.5692 2.603456e-15 2.718706e-16 1.362133e-01 0 0
3064.8042 3072.1230 2.228699e-15 2.494501e-16 1.155933e-01 0 0
3066.3543 3073.6768 2.394520e-15 2.615972e-16 1.231059e-01 0 0
3067.9044 3075.2306 2.803115e-15 2.804921e-16 1.428379e-01 0 0
3069.4545 3076.7844 2.981086e-15 2.909857e-16 1.505505e-01 0 0
3071.0046 3078.3382 2.351549e-15 2.643081e-16 1.176874e-01 0 0
3072.5547 3079.8920 2.551000e-15 2.749043e-16 1.265087e-01 0 0
3074.1048 3081.4458 2.908638e-15 2.886063e-16 1.429217e-01 0 0
3075.6550 3082.9996 2.853044e-15 2.981577e-16 1.388950e-01 0 0
3077.2051 3084.5535 2.752237e-15 2.829572e-16 1.327393e-01 0 0
3078.7552 3086.1073 1.827367e-15 2.452096e-16 8.730744e-02 0 0
3080.3054 3087.6612 2.100991e-15 2.589848e-16 9.943248e-02 0 0
3081.8556 3089.2150 2.867825e-15 2.988821e-16 1.344364e-01 0 0
3083.4057 3090.7689 3.037361e-15 3.064208e-16 1.410225e-01 0 0
3084.9559 3092.3228 2.584957e-15 2.875122e-16 1.188667e-01 0 0
3086.5061 3093.8767 3.326158e-15 3.241390e-16 1.514722e-01 0 0
3088.0563 3095.4306 2.909936e-15 3.035241e-16 1.312349e-01 0 0
3089.6065 3096.9845 2.813606e-15 3.022659e-16 1.256532e-01 0 0
3091.1568 3098.5384 2.875903e-15 3.077592e-16 1.271825e-01 0 0
3092.7070 3100.0924 3.228615e-15 3.224578e-16 1.413778e-01 0 0
3094.2572 3101.6463 2.965460e-15 3.185608e-16 1.285798e-01 0 0
3095.8075 3103.2003 2.940489e-15 3.108709e-16 1.262364e-01 0 0
3097.3577 3104.7542 2.605337e-15 2.940417e-16 1.107441e-01 0 0
3098.9080 3106.3082 3.023303e-15 3.219202e-16 1.272324e-01 0 0
3100.4583 3107.8622 2.914239e-15 3.163723e-16 1.214256e-01 0 0
3102.0086 3109.4162 2.769890e-15 3.129698e-16 1.142571e-01 0 0
3103.5589 3110.9702 3.082274e-15 3.327203e-16 1.258750e-01 0 0
3105.1092 3112.5242 2.810561e-15 3.148231e-16 1.136252e-01 0 0
3106.6595 3114.0782 3.094779e-15 3.319099e-16 1.238622e-01 0 0
3108.2098 3115.6322 3.377660e-15 3.491664e-16 1.338189e-01 0 0
3109.7601 3117.1862 3.159692e-15 3.415101e-16 1.239243e-01 0 0
3111.3105 3118.7403 3.299891e-15 3.512076e-16 1.281107e-01 0 0
3112.8608 3120.2943 3.082041e-15 3.450561e-16 1.184453e-01 0 0
3114.4112 3121.8484 3.232918e-15 3.529973e-16 1.229789e-01 0 0
3115.9616 3123.4025 2.315687e-15 3.067688e-16 8.719569e-02 0 0
3117.5119 3124.9565 2.593558e-15 3.249075e-16 9.666128e-02 0 0
3119.0623 3126.5106 2.785096e-15 3.312219e-16 1.027455e-01 0 0
3120.6127 3128.0647 3.006138e-15 3.454484e-16 1.097637e-01 0 0
3122.1631 3129.6188 2.960917e-15 3.483841e-16 1.070116e-01 0 0
3123.7135 3131.1730 3.117393e-15 3.579780e-16 1.115093e-01 0 0
3125.2640 3132.7271 2.777205e-15 3.453978e-16 9.832701e-02 0 0
3126.8144 3134.2812 2.423314e-15 3.255721e-16 8.491393e-02 0 0
3128.3648 3135.8354 2.854621e-15 3.488564e-16 9.900459e-02 0 0
3129.9153 3137.3895 2.737508e-15 3.529068e-16 9.396323e-02 0 0
3131.4657 3138.9437 3.169570e-15 3.691960e-16 1.076797e-01 0 0
3133.0162 3140.4979 2.634332e-15 3.547760e-16 8.857115e-02 0 0
3134.5667 3142.0520 2.459703e-15 2.997709e-16 8.185244e-02 2560 0
3136.1172 3143.6062 1.932923e-15 2.918130e-16 6.365704e-02 2564 0
3137.6677 3145.1604 3.143911e-15 3.861020e-16 1.024768e-01 2564 0
3139.2182 3146.7146 7.175420e-15 5.853435e-16 2.314626e-01 2580 0
3140.7687 3148.2689 1.787477e-15 3.434309e-16 5.706837e-02 2580 0
