# LMC-SN1987A-STIS-2 ocd603020 G750L CCD z=0.0009 a2center=879.0 extrsize=25 exptime=676.0 mode=fixed flags=finder_fail,extended_host,no_defringe(no_flat)
# rest_wvl obs_wvl flux error net dq mask
5245.0298 5249.7503 -1.250418e-17 1.352834e-16 -4.977647e-03 16896 0
5249.9010 5254.6260 1.609418e-18 1.003423e-16 8.556545e-04 16896 0
5254.7723 5259.5016 2.566873e-16 8.421584e-17 1.645219e-01 512 0
5259.6437 5264.3773 7.341880e-17 6.951671e-17 5.733524e-02 528 0
5264.5150 5269.2531 1.474613e-16 5.847701e-17 1.328569e-01 512 0
5269.3865 5274.1289 -6.500456e-17 6.242337e-17 -6.946114e-02 16912 0
5274.2579 5279.0047 1.076028e-16 5.689741e-17 1.235385e-01 528 0
5279.1294 5283.8806 -2.551930e-17 4.091220e-17 -3.415903e-02 16896 0
5284.0009 5288.7565 6.166442e-18 3.590001e-17 7.451300e-03 512 0
5288.8725 5293.6325 8.455771e-16 4.934835e-17 1.326581e+00 528 0
5293.7441 5298.5085 1.948409e-16 3.888188e-17 3.265567e-01 16 0
5298.6158 5303.3845 1.809634e-18 3.449162e-17 3.278467e-03 16 0
5303.4875 5308.2606 2.943129e-17 3.334273e-17 5.374816e-02 16 0
5308.3592 5313.1367 -4.897261e-17 4.656630e-17 -9.598262e-02 16400 0
5313.2310 5318.0129 -2.415864e-16 7.421372e-17 -4.772052e-01 16400 0
5318.1028 5322.8891 1.846362e-17 4.006051e-17 3.438282e-02 16 0
5322.9746 5327.7653 3.121256e-17 2.875225e-17 5.733258e-02 16 0
5327.8465 5332.6416 1.125217e-16 3.075896e-17 2.039899e-01 16 0
5332.7184 5337.5179 -2.750365e-17 5.713928e-17 -5.091728e-02 16400 0
5337.5904 5342.3942 6.564464e-18 3.107801e-17 1.107623e-02 16 0
5342.4624 5347.2706 4.198403e-17 3.043558e-17 7.044367e-02 0 0
5347.3345 5352.1471 1.070416e-16 3.328348e-17 1.771386e-01 272 0
5352.2065 5357.0235 7.823216e-16 5.970850e-17 1.299643e+00 272 0
5357.0787 5361.9000 7.116924e-17 3.453675e-17 1.137147e-01 272 0
5361.9508 5366.7766 -6.966272e-18 3.516339e-17 -1.159716e-02 16400 0
5366.8230 5371.6531 -6.553577e-19 3.545295e-17 -1.446923e-03 16 0
5371.6952 5376.5298 -3.897841e-18 4.066000e-17 -6.558129e-03 16 0
5376.5675 5381.4064 -1.432975e-17 3.598324e-17 -2.367053e-02 16400 0
5381.4398 5386.2831 5.990535e-17 3.440150e-17 9.444202e-02 0 0
5386.3122 5391.1598 2.266912e-17 4.871118e-17 3.555627e-02 16 0
5391.1845 5396.0366 5.337383e-16 3.808131e-17 8.792161e-01 256 0
5396.0570 5400.9134 2.954070e-17 3.286067e-17 4.773161e-02 272 0
5400.9294 5405.7903 3.652975e-17 3.164923e-17 6.026885e-02 16 0
5405.8019 5410.6671 -1.722445e-16 8.477601e-17 -3.070793e-01 16400 0
5410.6744 5415.5441 5.535446e-17 3.058868e-17 9.544170e-02 16 0
5415.5470 5420.4210 -8.930744e-17 4.903742e-17 -1.660810e-01 16400 0
5420.4196 5425.2980 -2.635264e-17 3.172395e-17 -5.010599e-02 16400 0
5425.2923 5430.1750 4.880206e-17 2.921771e-17 8.950846e-02 272 0
5430.1649 5435.0521 1.173650e-15 3.995457e-17 2.280576e+00 256 0
5435.0377 5439.9292 1.682250e-16 2.848963e-17 3.264358e-01 256 0
5439.9104 5444.8063 -5.427620e-17 2.503269e-17 -1.121065e-01 16384 0
5444.7832 5449.6835 -6.115204e-18 2.909323e-17 -1.321217e-02 16 0
5449.6560 5454.5607 1.943597e-17 3.092322e-17 3.879237e-02 16 0
5454.5289 5459.4379 1.120062e-16 2.690662e-17 2.347060e-01 0 0
5459.4018 5464.3152 3.911351e-17 2.676478e-17 8.224604e-02 272 0
5464.2747 5469.1925 8.830000e-16 3.356318e-17 1.960954e+00 256 0
5469.1477 5474.0699 -3.247948e-18 2.512926e-17 -8.224360e-03 16 0
5474.0207 5478.9473 3.974804e-17 2.378215e-17 8.710901e-02 0 0
5478.8937 5483.8247 4.322175e-18 2.510147e-17 8.464726e-03 16 0
5483.7668 5488.7022 6.429802e-18 2.354921e-17 1.328436e-02 0 0
5488.6399 5493.5797 -4.697880e-17 2.591391e-17 -1.122809e-01 16400 0
5493.5130 5498.4572 -3.346111e-17 2.710435e-17 -8.048633e-02 16400 0
5498.3862 5503.3347 -1.586063e-17 2.173441e-17 -3.835139e-02 16384 0
5503.2594 5508.2123 -5.871646e-17 3.618274e-17 -1.425714e-01 16400 0
5508.1327 5513.0900 -1.172697e-17 2.134883e-17 -2.857716e-02 16384 0
5513.0059 5517.9676 5.466143e-17 2.466530e-17 1.263701e-01 16 0
5517.8792 5522.8453 1.480012e-17 2.254029e-17 3.312403e-02 0 0
5522.7526 5527.7231 6.660266e-17 2.268920e-17 1.552596e-01 0 0
5527.6260 5532.6008 4.595462e-17 3.003566e-17 1.066806e-01 16 0
5532.4994 5537.4786 1.541354e-15 4.214748e-17 3.742415e+00 272 0
5537.3728 5542.3565 2.887378e-15 4.637118e-17 7.054666e+00 256 0
5542.2463 5547.2344 -2.349475e-17 2.449945e-17 -5.814447e-02 16400 0
5547.1199 5552.1123 -3.155146e-17 3.051756e-17 -7.822921e-02 16400 0
5551.9934 5556.9902 -4.986887e-18 2.300690e-17 -1.340552e-02 16 0
5556.8670 5561.8682 8.138748e-18 2.202878e-17 1.764230e-02 0 0
5561.7406 5566.7462 -1.216819e-16 4.085156e-17 -3.040006e-01 16400 0
5566.6143 5571.6242 3.690878e-18 2.261261e-17 7.093798e-03 16 0
5571.4880 5576.5023 1.056675e-17 2.579208e-17 2.356907e-02 272 0
5576.3617 5581.3804 7.123048e-17 3.382145e-17 1.704278e-01 272 0
5581.2354 5586.2585 2.377069e-17 2.794788e-17 5.568249e-02 16 0
5586.1092 5591.1367 5.857126e-16 3.660750e-17 1.454262e+00 272 0
5590.9830 5596.0149 4.099884e-17 2.661000e-17 9.845819e-02 272 0
5595.8569 5600.8932 2.167528e-17 2.159933e-17 5.134344e-02 0 0
5600.7308 5605.7714 3.453306e-18 2.527674e-17 6.615669e-03 16 0
5605.6047 5610.6497 -1.369461e-17 2.173008e-17 -3.578733e-02 16 0
5610.4786 5615.5281 -2.259276e-17 2.167348e-17 -5.904999e-02 16400 0
5615.3526 5620.4064 -7.757009e-17 3.660402e-17 -2.037979e-01 16400 0
5620.2266 5625.2848 -1.805480e-17 2.364000e-17 -4.771549e-02 16400 0
5625.1007 5630.1633 -1.123614e-16 7.030625e-17 -2.986197e-01 16400 0
5629.9747 5635.0417 5.399688e-15 8.942581e-17 1.432655e+01 8464 0
5634.8489 5639.9202 1.711777e-18 2.000498e-17 2.308998e-03 0 0
5639.7230 5644.7987 -2.340732e-17 2.473908e-17 -6.312753e-02 16400 0
5644.5972 5649.6773 -2.183910e-18 2.011474e-17 -7.744703e-03 16 0
5649.4714 5654.5559 4.834205e-17 2.154193e-17 1.236952e-01 0 0
5654.3456 5659.4345 -8.543992e-18 1.966807e-17 -2.433462e-02 0 0
5659.2199 5664.3132 -1.522471e-17 1.941402e-17 -4.183688e-02 0 0
5664.0942 5669.1918 -1.496862e-17 2.111687e-17 -4.134720e-02 16 0
5668.9685 5674.0706 -5.303535e-18 1.957327e-17 -1.616080e-02 16 0
5673.8428 5678.9493 -3.322254e-17 2.111764e-17 -9.199778e-02 16400 0
5678.7172 5683.8281 -2.653941e-17 1.941892e-17 -7.373576e-02 16384 0
5683.5917 5688.7069 7.054516e-18 2.000782e-17 1.645860e-02 16 0
5688.4661 5693.5857 -1.532931e-17 1.971451e-17 -4.308845e-02 16 0
5693.3406 5698.4646 -2.892754e-17 2.542741e-17 -8.108681e-02 16400 0
5698.2151 5703.3435 -1.759736e-17 2.159561e-17 -4.945356e-02 16400 0
5703.0896 5708.2224 -6.857972e-18 2.055051e-17 -2.077795e-02 16 0
5707.9642 5713.1014 -1.131343e-16 3.088606e-17 -3.194330e-01 16400 0
5712.8388 5717.9804 -1.458415e-17 2.041372e-17 -4.170140e-02 16 0
5717.7134 5722.8594 5.610508e-17 2.052033e-17 1.502046e-01 16 0
5722.5881 5727.7384 3.482538e-17 1.982500e-17 9.230581e-02 0 0
5727.4628 5732.6175 7.677804e-18 2.081946e-17 1.838554e-02 16 0
5732.3375 5737.4966 -6.993762e-17 3.949071e-17 -1.996743e-01 16400 0
5737.2122 5742.3757 3.902019e-18 1.940323e-17 8.121446e-03 16 0
5742.0870 5747.2549 2.836321e-17 2.174932e-17 7.532258e-02 16 0
5746.9618 5752.1341 2.565655e-16 2.944557e-17 7.138000e-01 16 0
5751.8367 5757.0133 2.449653e-16 2.194070e-17 6.831168e-01 0 0
5756.7115 5761.8926 1.649687e-16 2.509470e-17 4.588520e-01 16 0
5761.5864 5766.7719 4.068466e-17 2.267771e-17 1.105341e-01 16 0
5766.4613 5771.6512 -8.136662e-18 2.117595e-17 -2.521282e-02 16 0
5771.3363 5776.5305 -2.882496e-17 1.858431e-17 -8.419622e-02 16384 0
5776.2113 5781.4099 -3.406231e-19 1.968736e-17 -3.639214e-03 16 0
5781.0863 5786.2893 1.354929e-17 1.906895e-17 3.537362e-02 0 0
5785.9613 5791.1687 2.066233e-17 2.241633e-17 5.559300e-02 16 0
5790.8364 5796.0481 -1.906820e-17 2.152902e-17 -5.647163e-02 16 0
5795.7115 5800.9276 3.677870e-18 1.932725e-17 7.663924e-03 16 0
5800.5866 5805.8071 2.517479e-16 2.370259e-17 7.255711e-01 272 0
5805.4617 5810.6867 2.138142e-16 2.126396e-17 6.168140e-01 272 0
5810.3369 5815.5662 2.014306e-17 2.048007e-17 5.495038e-02 16 0
5815.2121 5820.4458 4.285837e-18 1.974174e-17 9.467095e-03 16 0
5820.0873 5825.3254 -2.794769e-17 2.092134e-17 -8.423087e-02 16400 0
5824.9626 5830.2051 5.318665e-18 1.834687e-17 1.248131e-02 16 0
5829.8379 5835.0847 -2.104228e-18 1.955183e-17 -8.962128e-03 16 0
5834.7132 5839.9644 -4.009997e-18 1.885626e-17 -1.450713e-02 16 0
5839.5885 5844.8442 -4.717209e-17 5.181812e-17 -1.434766e-01 16400 0
5844.4639 5849.7239 5.002625e-18 1.868692e-17 1.162372e-02 0 0
5849.3393 5854.6037 -8.350711e-17 3.314653e-17 -2.548375e-01 16400 0
5854.2147 5859.4835 4.498991e-17 1.924300e-17 1.289674e-01 16 0
5859.0902 5864.3633 5.501384e-16 3.667617e-17 1.644445e+00 16 0
5863.9656 5869.2432 5.121125e-17 1.853952e-17 1.475716e-01 0 0
5868.8411 5874.1231 1.270795e-16 1.980771e-17 3.730408e-01 16 0
5873.7166 5879.0030 2.522814e-16 2.128261e-17 7.483475e-01 0 0
5878.5922 5883.8829 1.637662e-16 2.156756e-17 4.829703e-01 16 0
5883.4678 5888.7629 5.741774e-16 3.511997e-17 1.721194e+00 16 0
5888.3434 5893.6429 5.500512e-17 1.878429e-17 1.589676e-01 0 0
5893.2190 5898.5229 4.483812e-18 1.870291e-17 1.003606e-02 16 0
5898.0946 5903.4029 5.929284e-18 1.857780e-17 1.425362e-02 16 0
5902.9703 5908.2830 1.132807e-17 2.030535e-17 3.005808e-02 16 0
5907.8460 5913.1631 4.814513e-18 1.739319e-17 1.094121e-02 0 0
5912.7218 5918.0432 -6.141164e-18 2.270671e-17 -2.106928e-02 16 0
5917.5975 5922.9234 4.420355e-16 2.390413e-17 1.316785e+00 256 0
5922.4733 5927.8035 5.222759e-16 3.273187e-17 1.557633e+00 272 0
5927.3491 5932.6837 2.372910e-17 2.461113e-17 6.617642e-02 16 0
5932.2249 5937.5639 1.877754e-16 3.799198e-17 5.517954e-01 16 0
5937.1008 5942.4442 8.653247e-17 2.347439e-17 2.508486e-01 272 0
5941.9767 5947.3244 -3.797517e-18 2.349623e-17 -1.427598e-02 16 0
5946.8526 5952.2047 2.688481e-17 2.011944e-17 7.519394e-02 16 0
5951.7285 5957.0850 7.425033e-16 2.890812e-17 2.215274e+00 16 0
5956.6044 5961.9654 2.793364e-16 2.123351e-17 8.236282e-01 0 0
5961.4804 5966.8457 -6.764152e-17 2.282033e-17 -2.058527e-01 16400 0
5966.3564 5971.7261 -2.572171e-17 1.975362e-17 -7.829173e-02 16400 0
5971.2324 5976.6065 -2.965580e-17 2.113938e-17 -9.031206e-02 16400 0
5976.1085 5981.4870 -2.510639e-17 1.938950e-17 -7.650295e-02 16400 0
5980.9845 5986.3674 -2.540534e-19 1.873527e-17 -4.086837e-03 16 0
5985.8606 5991.2479 -3.193116e-17 1.735935e-17 -9.749673e-02 16384 0
5990.7368 5996.1284 -1.296042e-17 1.858344e-17 -4.116797e-02 0 0
5995.6129 6001.0090 -9.952842e-18 1.789604e-17 -3.246424e-02 0 0
6000.4891 6005.8895 -2.437974e-17 1.826480e-17 -7.481615e-02 16384 0
6005.3653 6010.7701 -1.219796e-16 3.619449e-17 -3.751449e-01 16656 0
6010.2415 6015.6507 9.499128e-18 1.849116e-17 2.460384e-02 272 0
6015.1177 6020.5313 6.370275e-16 2.691473e-17 1.927586e+00 272 0
6019.9939 6025.4119 -1.712453e-17 2.032451e-17 -5.406626e-02 16 0
6024.8702 6030.2926 -2.333894e-17 1.741535e-17 -7.262397e-02 0 0
6029.7465 6035.1733 -1.678469e-17 1.743145e-17 -5.339959e-02 16 0
6034.6228 6040.0540 -2.738690e-17 1.736283e-17 -8.572189e-02 16400 0
6039.4992 6044.9347 -1.730568e-17 1.822189e-17 -5.532350e-02 16 0
6044.3756 6049.8155 -1.659861e-17 1.716704e-17 -5.339855e-02 0 0
6049.2520 6054.6963 -2.931328e-17 1.993938e-17 -9.273163e-02 16400 0
6054.1284 6059.5771 -8.493028e-17 2.308973e-17 -2.696650e-01 16400 0
6059.0048 6064.4579 1.349540e-17 1.756828e-17 3.765548e-02 0 0
6063.8813 6069.3387 2.043318e-16 2.069137e-17 6.309380e-01 16 0
6068.7577 6074.2196 1.926950e-16 1.959169e-17 5.967062e-01 0 0
6073.6342 6079.1005 6.845243e-17 1.816347e-17 2.088381e-01 16 0
6078.5107 6083.9814 -1.168037e-17 2.615969e-17 -3.961406e-02 16 0
6083.3873 6088.8623 -9.041518e-17 5.371687e-17 -2.933403e-01 16400 0
6088.2638 6093.7433 -1.499440e-17 1.682888e-17 -5.016110e-02 0 0
6093.1404 6098.6243 -1.819967e-17 2.925828e-17 -6.028515e-02 16 0
6098.0170 6103.5052 -1.103557e-18 1.760710e-17 -7.068783e-03 16 0
6102.8937 6108.3863 7.151927e-18 1.696612e-17 1.885725e-02 0 0
6107.7703 6113.2673 -1.629303e-17 1.648378e-17 -5.482589e-02 0 0
6112.6470 6118.1484 -1.920153e-18 1.622191e-17 -9.699889e-03 0 0
6117.5237 6123.0294 -6.089219e-18 1.707086e-17 -2.289472e-02 0 0
6122.4004 6127.9105 -1.021515e-16 3.103028e-17 -3.387466e-01 16400 0
6127.2771 6132.7916 4.377641e-19 1.637797e-17 -2.283573e-03 0 0
6132.1538 6137.6728 1.942169e-17 1.898328e-17 5.830162e-02 16 0
6137.0306 6142.5539 -8.634954e-17 3.354964e-17 -2.878969e-01 16400 0
6141.9074 6147.4351 1.332739e-16 1.877523e-17 4.269717e-01 272 0
6146.7842 6152.3163 1.595482e-16 1.896476e-17 5.133215e-01 256 0
6151.6610 6157.1975 -9.405638e-17 2.921302e-17 -3.148096e-01 16400 0
6156.5379 6162.0788 -5.797673e-17 2.399844e-17 -1.942510e-01 16400 0
6161.4147 6166.9600 1.660770e-17 1.648648e-17 4.965265e-02 0 0
6166.2916 6171.8413 -1.335535e-17 1.589658e-17 -4.651810e-02 0 0
6171.1685 6176.7226 -4.886097e-18 1.745198e-17 -1.942075e-02 16 0
6176.0454 6181.6039 -4.254036e-17 2.372291e-17 -1.429245e-01 16400 0
6180.9224 6186.4852 -5.059078e-18 1.707028e-17 -2.000679e-02 16 0
6185.7993 6191.3666 -1.504483e-17 2.083080e-17 -5.204641e-02 16 0
6190.6763 6196.2479 -8.777150e-17 3.210851e-17 -2.951602e-01 16400 0
6195.5533 6201.1293 -4.153815e-17 2.235581e-17 -1.397039e-01 16400 0
6200.4303 6206.0107 1.069506e-17 1.806285e-17 3.066590e-02 16 0
6205.3074 6210.8922 -2.154409e-17 1.763724e-17 -7.292099e-02 16 0
6210.1844 6215.7736 -5.541630e-17 1.974609e-17 -1.863888e-01 16400 0
6215.0615 6220.6551 -1.547931e-16 4.669895e-17 -5.206133e-01 16400 0
6219.9386 6225.5365 -2.626158e-16 2.018035e-17 -8.832260e-01 16400 0
6224.8157 6230.4180 -2.590275e-17 1.704474e-17 -8.711428e-02 16400 0
6229.6928 6235.2995 3.705855e-18 1.722070e-17 8.088209e-03 16 0
6234.5700 6240.1811 -8.869709e-18 1.676779e-17 -3.233675e-02 16 0
6239.4471 6245.0626 5.407183e-16 2.242289e-17 1.779007e+00 256 0
6244.3243 6249.9442 1.911923e-17 1.675194e-17 5.784636e-02 256 0
6249.2015 6254.8258 6.910343e-18 1.703234e-17 1.840822e-02 16 0
6254.0787 6259.7074 -2.914686e-17 1.724593e-17 -9.814996e-02 16400 0
6258.9559 6264.5890 -4.088039e-18 2.187223e-17 -1.703785e-02 16 0
6263.8332 6269.4706 1.127362e-17 1.625270e-17 3.254143e-02 0 0
6268.7105 6274.3523 -2.523679e-17 1.589647e-17 -8.515789e-02 16400 0
6273.5877 6279.2340 7.420256e-18 1.619326e-17 2.011114e-02 0 0
6278.4650 6284.1157 -2.558062e-17 2.490413e-17 -8.650427e-02 16400 0
6283.3423 6288.9974 -4.919562e-17 2.032760e-17 -1.666012e-01 16400 0
6288.2197 6293.8791 1.163669e-16 1.748738e-17 3.778026e-01 256 0
6293.0970 6298.7608 1.447168e-15 3.069651e-17 4.853498e+00 272 0
6297.9744 6303.6426 7.257204e-16 3.302666e-17 2.423751e+00 16 0
6302.8518 6308.5243 5.122803e-16 2.190372e-17 1.708403e+00 0 0
6307.7292 6313.4061 1.007084e-16 1.733493e-17 3.287870e-01 0 0
6312.6066 6318.2879 2.933780e-17 1.654527e-17 9.264057e-02 0 0
6317.4840 6323.1697 1.736087e-17 1.648065e-17 5.327278e-02 16 0
6322.3614 6328.0516 -1.299561e-17 2.829572e-17 -4.670124e-02 16 0
6327.2389 6332.9334 -1.067090e-18 1.656366e-17 -7.478066e-03 16 0
6332.1164 6337.8153 1.773914e-17 1.622115e-17 5.498465e-02 0 0
6336.9939 6342.6972 -3.795221e-17 2.448277e-17 -1.318264e-01 16400 0
6341.8714 6347.5791 -1.910553e-17 1.545601e-17 -6.747522e-02 0 0
6346.7489 6352.4610 2.362906e-17 1.620634e-17 7.525013e-02 16 0
6351.6264 6357.3429 1.383397e-17 1.581618e-17 4.247519e-02 0 0
6356.5040 6362.2248 8.544279e-17 1.679497e-17 2.856853e-01 0 0
6361.3815 6367.1068 1.783827e-16 1.941309e-17 6.057038e-01 16 0
6366.2591 6371.9887 1.842396e-16 1.769415e-17 6.274852e-01 0 0
6371.1367 6376.8707 5.467895e-17 1.936869e-17 1.822983e-01 16 0
6376.0143 6381.7527 -4.419833e-17 3.055371e-17 -1.567108e-01 16400 0
6380.8919 6386.6347 -1.034070e-16 2.903108e-17 -3.674297e-01 16400 0
6385.7696 6391.5168 -2.428333e-17 2.086794e-17 -8.647254e-02 16 0
6390.6472 6396.3988 1.574598e-17 1.650477e-17 4.986423e-02 16 0
6395.5249 6401.2809 -5.483622e-17 2.477376e-17 -1.959258e-01 16400 0
6400.4026 6406.1629 6.630089e-18 1.772988e-17 1.871222e-02 16 0
6405.2803 6411.0450 1.050672e-17 1.537305e-17 3.206664e-02 0 0
6410.1580 6415.9271 3.211526e-17 1.959033e-17 1.067036e-01 16 0
6415.0357 6420.8092 -1.471238e-17 1.686770e-17 -5.447252e-02 16 0
6419.9134 6425.6913 -7.544699e-17 2.994803e-17 -2.711951e-01 16400 0
6424.7912 6430.5735 2.981917e-18 1.676162e-17 6.236441e-03 16 0
6429.6689 6435.4556 -1.470692e-17 2.055409e-17 -5.458567e-02 16 0
6434.5467 6440.3378 3.537509e-17 1.565101e-17 1.184555e-01 0 0
6439.4245 6445.2200 8.388361e-18 1.684225e-17 2.492654e-02 16 0
6444.3023 6450.1021 6.825532e-18 1.650751e-17 1.952915e-02 16 0
6449.1801 6454.9843 -5.017131e-18 1.620198e-17 -2.133622e-02 16 0
6454.0579 6459.8666 3.243396e-17 1.576620e-17 1.083806e-01 0 0
6458.9357 6464.7488 5.864131e-17 1.570640e-17 1.997896e-01 0 0
6463.8136 6469.6310 7.607573e-17 1.734451e-17 2.607848e-01 16 0
6468.6914 6474.5133 8.380298e-17 1.661973e-17 2.878754e-01 0 0
6473.5693 6479.3955 8.043461e-17 1.731085e-17 2.760340e-01 16 0
6478.4472 6484.2778 6.039055e-17 1.777228e-17 2.058633e-01 16 0
6483.3251 6489.1601 8.754507e-17 1.809820e-17 3.008554e-01 16 0
6488.2030 6494.0424 7.936481e-17 1.757814e-17 2.721243e-01 16 0
6493.0809 6498.9247 5.682455e-17 2.273360e-17 1.932374e-01 16 0
6497.9589 6503.8070 4.023790e-17 1.623258e-17 1.353692e-01 0 0
6502.8368 6508.6893 8.496850e-17 1.651752e-17 2.913890e-01 0 0
6507.7147 6513.5717 4.385019e-17 1.574469e-17 1.477881e-01 0 0
6512.5927 6518.4540 4.458854e-17 1.562815e-17 1.502641e-01 0 0
6517.4707 6523.3364 3.078451e-17 1.896094e-17 1.022637e-01 16 0
6522.3487 6528.2188 6.854842e-17 1.659119e-17 2.334008e-01 16 0
6527.2267 6533.1012 7.796743e-17 1.698734e-17 2.660415e-01 16 0
6532.1047 6537.9836 1.020447e-16 2.145361e-17 3.498156e-01 272 0
6536.9827 6542.8660 3.269324e-17 2.776638e-17 1.085428e-01 16 0
6541.8607 6547.7484 1.672081e-16 1.797707e-17 5.770806e-01 16 0
6546.7388 6552.6308 2.066828e-16 2.946204e-17 7.149739e-01 16 0
6551.6168 6557.5133 6.007666e-16 2.546609e-17 2.104233e+00 16 0
6556.4949 6562.3957 3.091810e-15 4.290940e-17 1.095572e+01 272 0
6561.3729 6567.2782 6.410630e-15 5.397323e-17 2.276435e+01 256 0
6566.2510 6572.1607 2.886159e-15 4.156397e-17 1.020633e+01 16 0
6571.1291 6577.0431 8.074986e-16 2.406478e-17 2.827186e+00 0 0
6576.0072 6581.9256 2.044753e-16 1.802833e-17 7.037053e-01 1024 0
6580.8853 6586.8081 3.532609e-16 2.192323e-17 1.223854e+00 1040 0
6585.7634 6591.6906 2.850413e-16 1.863956e-17 9.841541e-01 1024 0
6590.6416 6596.5732 9.547229e-17 1.848280e-17 3.237759e-01 1040 0
6595.5197 6601.4557 1.460497e-17 1.820688e-17 4.567217e-02 1040 0
6600.3979 6606.3382 1.263373e-17 2.454779e-17 3.892749e-02 1040 0
6605.2760 6611.2208 -6.837263e-19 1.647750e-17 -6.402113e-03 1040 0
6610.1542 6616.1033 1.278926e-17 1.587832e-17 3.943527e-02 1024 0
6615.0324 6620.9859 1.073111e-17 1.868161e-17 3.241925e-02 1040 0
6619.9105 6625.8685 -2.284978e-17 2.594853e-17 -8.142915e-02 1040 0
6624.7887 6630.7510 1.081906e-17 3.264664e-17 3.272092e-02 1040 0
6629.6669 6635.6336 2.352361e-17 1.541318e-17 7.607185e-02 1024 0
6634.5451 6640.5162 8.160693e-18 1.701572e-17 2.368007e-02 1040 0
6639.4233 6645.3988 -2.544203e-17 2.149050e-17 -9.033561e-02 17424 0
6644.3016 6650.2814 -1.940612e-18 1.613491e-17 -1.066909e-02 1040 0
6649.1798 6655.1641 -2.031332e-17 1.730851e-17 -7.297333e-02 1040 0
6654.0580 6660.0467 -7.480582e-17 3.448537e-17 -2.659966e-01 17424 0
6658.9363 6664.9293 -3.126463e-17 3.891073e-17 -1.112383e-01 17424 0
6663.8145 6669.8120 4.265961e-18 1.729962e-17 1.047159e-02 1040 0
6668.6928 6674.6946 3.710627e-17 1.599334e-17 1.230579e-01 1024 0
6673.5711 6679.5773 8.056834e-17 1.747559e-17 2.732581e-01 1040 0
6678.4494 6684.4600 2.387168e-17 2.631300e-17 7.772776e-02 1040 0
6683.3276 6689.3426 1.538253e-17 2.106267e-17 4.863047e-02 1040 0
6688.2059 6694.2253 1.662533e-15 4.967548e-17 5.874269e+00 1040 0
6693.0842 6699.1080 -1.779268e-17 2.122892e-17 -6.483439e-02 1040 0
6697.9625 6703.9907 3.011194e-16 1.926868e-17 1.047915e+00 1296 0
6702.8408 6708.8734 5.357352e-18 2.471445e-17 1.432803e-02 1040 0
6707.7192 6713.7561 4.339191e-18 1.522828e-17 1.084436e-02 1024 0
6712.5975 6718.6388 -1.972998e-17 1.664571e-17 -7.165801e-02 1040 0
6717.4758 6723.5216 1.347820e-17 1.773225e-17 4.238094e-02 1040 0
6722.3542 6728.4043 -2.793287e-18 1.547530e-17 -1.365841e-02 1024 0
6727.2325 6733.2870 1.460388e-17 1.657197e-17 4.634679e-02 16 0
6732.1109 6738.1698 -4.837648e-17 2.643444e-17 -1.741984e-01 16400 0
6736.9892 6743.0525 -6.774981e-17 2.098582e-17 -2.441207e-01 16400 0
6741.8676 6747.9353 -2.609161e-17 1.494753e-17 -9.407198e-02 16384 0
6746.7459 6752.8180 -1.620482e-17 1.506615e-17 -5.985599e-02 256 0
6751.6243 6757.7008 1.469246e-16 1.726461e-17 5.101127e-01 256 0
6756.5027 6762.5835 -1.245492e-17 1.476877e-17 -4.699481e-02 0 0
6761.3811 6767.4663 -2.132768e-17 1.477218e-17 -7.754528e-02 0 0
6766.2595 6772.3491 1.340015e-17 1.528122e-17 4.239709e-02 0 0
6771.1379 6777.2319 -4.267179e-17 1.427026e-17 -1.542401e-01 16384 0
6776.0163 6782.1147 -1.802347e-17 1.435862e-17 -6.622395e-02 256 0
6780.8947 6786.9975 -1.161239e-17 1.765726e-17 -4.413430e-02 16 0
6785.7731 6791.8803 -8.273245e-18 1.501171e-17 -3.261144e-02 0 0
6790.6515 6796.7631 -1.043433e-17 1.481401e-17 -4.006958e-02 0 0
6795.5299 6801.6459 -5.450880e-18 1.994897e-17 -2.285931e-02 16 0
6800.4083 6806.5287 -7.685801e-18 1.590098e-17 -3.057397e-02 16 0
6805.2868 6811.4115 5.842129e-17 4.610310e-17 1.995215e-01 16 0
6810.1652 6816.2943 -2.920264e-17 1.409737e-17 -1.055802e-01 16384 0
6815.0436 6821.1772 -1.290379e-17 1.548661e-17 -4.854988e-02 16 0
6819.9221 6826.0600 6.036310e-16 2.219503e-17 2.137753e+00 16 0
6824.8005 6830.9428 3.280487e-17 2.715733e-17 1.099138e-01 272 0
6829.6790 6835.8257 -9.141252e-17 3.373752e-17 -3.302249e-01 16400 0
6834.5574 6840.7085 -1.835038e-17 1.530650e-17 -6.723956e-02 0 0
6839.4359 6845.5914 -2.438439e-18 1.632921e-17 -1.240550e-02 16 0
6844.3143 6850.4742 -9.757144e-17 3.383106e-17 -3.522159e-01 16400 0
6849.1928 6855.3571 -9.141856e-17 2.794238e-17 -3.299279e-01 16400 0
6854.0713 6860.2399 -7.794351e-17 2.258234e-17 -2.812299e-01 16400 0
6858.9497 6865.1228 -1.103013e-17 1.514467e-17 -4.197683e-02 0 0
6863.8282 6870.0056 -3.154839e-17 2.501924e-17 -1.137813e-01 16400 0
6868.7067 6874.8885 -3.990716e-17 3.158130e-17 -1.439001e-01 16400 0
6873.5851 6879.7714 -1.760509e-17 1.684208e-17 -6.453483e-02 16 0
6878.4636 6884.6542 -2.513876e-17 1.641245e-17 -9.061757e-02 16400 0
6883.3421 6889.5371 -1.352958e-17 1.810631e-17 -5.051259e-02 16 0
6888.2206 6894.4200 -4.743198e-17 1.941031e-17 -1.709357e-01 16400 0
6893.0991 6899.3029 -1.205884e-17 1.721937e-17 -4.544080e-02 16 0
6897.9776 6904.1857 -2.247687e-17 1.817364e-17 -8.118120e-02 16 0
6902.8561 6909.0686 -4.199093e-17 1.460551e-17 -1.512983e-01 16384 0
6907.7345 6913.9515 -2.741915e-17 1.547336e-17 -9.879252e-02 16400 0
6912.6130 6918.8344 -1.866897e-17 1.592045e-17 -6.810718e-02 16 0
6917.4915 6923.7173 -3.866133e-17 1.859358e-17 -1.393021e-01 16400 0
6922.3700 6928.6002 -1.340024e-17 1.724225e-17 -5.001677e-02 16 0
6927.2485 6933.4831 -1.454541e-18 2.404297e-17 -8.922942e-03 16 0
6932.1270 6938.3659 -2.232974e-17 1.835491e-17 -8.065008e-02 16 0
6937.0055 6943.2488 -1.487483e-17 1.514444e-17 -5.507827e-02 0 0
6941.8840 6948.1317 -4.078344e-17 1.996237e-17 -1.470141e-01 16400 0
6946.7625 6953.0146 -6.864433e-18 1.613544e-17 -2.753783e-02 16 0
6951.6410 6957.8975 -1.757111e-17 1.523563e-17 -6.434518e-02 16 0
6956.5195 6962.7804 -2.463050e-17 1.901117e-17 -8.883577e-02 16400 0
6961.3981 6967.6633 3.473542e-18 1.539446e-17 8.116610e-03 0 0
6966.2766 6972.5462 -2.864936e-17 1.544165e-17 -1.033827e-01 16400 0
6971.1551 6977.4291 -1.632855e-17 2.069973e-17 -6.011138e-02 16 0
6976.0336 6982.3120 -1.908052e-17 1.494606e-17 -6.958416e-02 0 0
6980.9121 6987.1949 -2.579949e-18 1.568587e-17 -1.276299e-02 0 0
6985.7906 6992.0778 -4.021448e-18 1.480930e-17 -1.773798e-02 0 0
6990.6691 6996.9607 -3.721261e-17 2.212931e-17 -1.345678e-01 16400 0
6995.5476 7001.8436 -3.881958e-17 1.462933e-17 -1.405319e-01 16384 0
7000.4261 7006.7265 4.258893e-18 1.508397e-17 1.093667e-02 0 0
7005.3046 7011.6094 -5.860188e-17 2.826837e-17 -2.124494e-01 16400 0
7010.1831 7016.4923 6.045764e-18 1.513607e-17 1.717500e-02 16 0
7015.0616 7021.3752 -2.016892e-17 1.539747e-17 -7.362626e-02 16 0
7019.9401 7026.2581 -1.024943e-17 1.468837e-17 -3.935175e-02 256 0
7024.8186 7031.1410 -3.390287e-17 1.862008e-17 -1.231890e-01 16656 0
7029.6971 7036.0239 5.070488e-16 6.898702e-17 1.803038e+00 272 0
7034.5756 7040.9068 -2.866762e-17 1.484643e-17 -1.042752e-01 16400 0
7039.4541 7045.7897 -7.362101e-18 1.565248e-17 -2.937607e-02 272 0
7044.3326 7050.6725 -2.369229e-17 1.860783e-17 -8.625538e-02 16400 0
7049.2111 7055.5554 -1.777249e-17 1.676942e-17 -6.551481e-02 16 0
7054.0896 7060.4383 -2.474306e-17 2.035016e-17 -9.014339e-02 16400 0
7058.9681 7065.3212 -1.218036e-17 2.484056e-17 -4.612944e-02 16 0
7063.8466 7070.2041 1.030338e-16 2.059816e-17 3.592180e-01 16 0
7068.7251 7075.0870 6.139251e-17 2.069343e-17 2.118298e-01 16 0
7073.6036 7079.9699 7.634285e-18 2.709341e-17 2.290511e-02 16 0
7078.4821 7084.8527 1.929140e-17 1.927888e-17 6.369913e-02 16 0
7083.3606 7089.7356 -7.424190e-17 2.660962e-17 -2.705759e-01 16400 0
7088.2391 7094.6185 -1.434088e-17 1.714052e-17 -5.357860e-02 16 0
7093.1176 7099.5014 -1.868850e-17 1.572930e-17 -6.862316e-02 16 0
7097.9960 7104.3842 -1.404478e-17 1.515197e-17 -5.249492e-02 16 0
7102.8745 7109.2671 -2.637888e-17 1.603179e-17 -9.597784e-02 16400 0
7107.7530 7114.1500 -1.322525e-17 1.504162e-17 -4.957947e-02 0 0
7112.6315 7119.0328 -1.542881e-17 1.613131e-17 -5.715887e-02 16 0
7117.5099 7123.9157 -5.284713e-18 1.715339e-17 -2.200230e-02 16 0
7122.3884 7128.7985 -2.339477e-17 1.853329e-17 -8.483288e-02 16400 0
7127.2668 7133.6814 -2.434582e-17 3.342019e-17 -8.818336e-02 16400 0
7132.1453 7138.5642 -7.021006e-18 1.467743e-17 -2.791548e-02 0 0
7137.0238 7143.4471 -2.410049e-17 2.280168e-17 -8.707978e-02 16400 0
7141.9022 7148.3299 7.223672e-18 1.555121e-17 2.130625e-02 0 0
7146.7807 7153.2128 1.335995e-16 1.890806e-17 4.624359e-01 16 0
7151.6591 7158.0956 1.250756e-15 2.864962e-17 4.438500e+00 16 0
7156.5375 7162.9784 2.122817e-15 3.331649e-17 7.548506e+00 272 0
7161.4160 7167.8612 6.860332e-17 1.566207e-17 2.334370e-01 0 0
7166.2944 7172.7441 4.006281e-16 2.406518e-17 1.398622e+00 272 0
7171.1728 7177.6269 5.182003e-16 2.201919e-17 1.811174e+00 272 0
7176.0513 7182.5097 2.997504e-17 1.699782e-17 9.901849e-02 16 0
7180.9297 7187.3925 1.403933e-17 1.551829e-17 4.429023e-02 0 0
7185.8081 7192.2753 4.131510e-17 1.594877e-17 1.374659e-01 0 0
7190.6865 7197.1581 7.910326e-17 2.465404e-17 2.668625e-01 16 0
7195.5649 7202.0409 4.671372e-17 1.759468e-17 1.553289e-01 16 0
7200.4433 7206.9237 -1.807532e-17 1.525843e-17 -6.438380e-02 16 0
7205.3217 7211.8065 -1.671558e-17 1.728708e-17 -5.968497e-02 16 0
7210.2001 7216.6893 1.084174e-17 1.540636e-17 3.294419e-02 0 0
7215.0785 7221.5720 -3.209636e-17 1.748956e-17 -1.125441e-01 16400 0
7219.9568 7226.4548 -2.145951e-17 1.489241e-17 -7.507247e-02 16384 0
7224.8352 7231.3376 -8.967747e-18 1.736534e-17 -3.338436e-02 16 0
7229.7136 7236.2203 3.832164e-17 1.602968e-17 1.246418e-01 256 0
7234.5919 7241.1031 3.011834e-16 2.035607e-17 1.016230e+00 272 0
7239.4703 7245.9858 1.947192e-17 1.746099e-17 6.116797e-02 16 0
7244.3486 7250.8686 4.882125e-18 1.616769e-17 1.266062e-02 0 0
7249.2270 7255.7513 3.457279e-17 1.634287e-17 1.109527e-01 256 0
7254.1053 7260.6340 5.299457e-16 2.252512e-17 1.782358e+00 272 0
7258.9837 7265.5167 4.283484e-16 2.101772e-17 1.433504e+00 0 0
7263.8620 7270.3995 6.633561e-16 4.309718e-17 2.225060e+00 16 0
7268.7403 7275.2822 -6.942413e-17 3.945290e-17 -2.369631e-01 16400 0
7273.6186 7280.1649 7.811789e-18 1.551682e-17 2.201778e-02 0 0
7278.4969 7285.0476 4.960468e-17 1.766216e-17 1.585120e-01 16 0
7283.3752 7289.9303 8.333330e-17 1.680760e-17 2.687305e-01 0 0
7288.2535 7294.8129 1.629955e-16 1.958735e-17 5.302598e-01 16 0
7293.1318 7299.6956 1.604261e-16 1.834521e-17 5.204431e-01 0 0
7298.0101 7304.5783 2.883748e-17 2.338525e-17 8.959801e-02 16 0
7302.8883 7309.4609 -2.065293e-17 2.406924e-17 -6.935623e-02 16 0
7307.7666 7314.3436 3.639351e-17 1.897400e-17 1.134883e-01 16 0
7312.6448 7319.2262 5.897670e-17 2.135663e-17 1.859555e-01 16 0
7317.5231 7324.1089 1.670016e-16 2.109282e-17 5.353702e-01 16 0
7322.4013 7328.9915 2.566136e-16 1.945177e-17 8.256500e-01 0 0
7327.2796 7333.8741 1.913622e-16 2.582431e-17 6.117228e-01 16 0
7332.1578 7338.7567 1.069759e-16 1.933771e-17 3.380459e-01 16 0
7337.0360 7343.6393 -3.437110e-19 2.480641e-17 -4.393607e-03 16 0
7341.9142 7348.5219 -1.151924e-17 2.013580e-17 -3.944921e-02 16 0
7346.7924 7353.4045 -6.073225e-17 2.803411e-17 -1.993783e-01 16400 0
7351.6706 7358.2871 -4.661699e-17 3.617761e-17 -1.526993e-01 16400 0
7356.5488 7363.1697 -3.741984e-18 1.694563e-17 -1.495096e-02 16 0
7361.4269 7368.0522 1.065212e-17 1.667913e-17 2.997456e-02 0 0
7366.3051 7372.9348 -9.963415e-19 2.745764e-17 -6.352093e-03 16 0
7371.1833 7377.8173 -3.856271e-17 2.778208e-17 -1.252806e-01 16400 0
7376.0614 7382.6999 6.713475e-17 1.726244e-17 2.062306e-01 0 0
7380.9395 7387.5824 6.489188e-17 1.717820e-17 1.988185e-01 0 0
7385.8177 7392.4649 5.427814e-17 1.751069e-17 1.653230e-01 0 0
7390.6958 7397.3474 4.453016e-17 2.591502e-17 1.346943e-01 272 0
7395.5739 7402.2299 1.497884e-15 3.141116e-17 4.760208e+00 256 0
7400.4520 7407.1124 2.055055e-15 3.490564e-17 6.535317e+00 256 0
7405.3301 7411.9949 1.386060e-15 3.125148e-17 4.388938e+00 272 0
7410.2082 7416.8773 3.200526e-17 1.647198e-17 9.521957e-02 0 0
7415.0862 7421.7598 6.939695e-18 1.747991e-17 1.808482e-02 16 0
7419.9643 7426.6423 -2.010399e-17 1.810163e-17 -6.437135e-02 16 0
7424.8423 7431.5247 -3.015235e-17 2.020516e-17 -9.631770e-02 16400 0
7429.7204 7436.4071 -2.208488e-17 1.745403e-17 -7.046800e-02 16400 0
7434.5984 7441.2895 -2.358830e-17 1.792606e-17 -7.518536e-02 16400 0
7439.4764 7446.1719 8.604491e-18 1.802329e-17 2.308555e-02 272 0
7444.3544 7451.0543 1.704834e-15 3.981505e-17 5.356502e+00 272 0
7449.2324 7455.9367 5.460992e-16 2.534701e-17 1.696305e+00 272 0
7454.1104 7460.8191 4.110191e-17 1.753507e-17 1.221454e-01 0 0
7458.9884 7465.7015 -1.635698e-17 2.073229e-17 -5.250107e-02 16 0
7463.8663 7470.5838 -4.645899e-19 1.727334e-17 -4.462540e-03 0 0
7468.7443 7475.4662 -4.795626e-17 2.038454e-17 -1.519041e-01 16400 0
7473.6222 7480.3485 -5.556696e-17 2.001271e-17 -1.758757e-01 16400 0
7478.5002 7485.2308 -1.187294e-17 1.695914e-17 -3.881627e-02 0 0
7483.3781 7490.1131 -8.227793e-18 1.778954e-17 -2.781193e-02 0 0
7488.2560 7494.9954 -4.174376e-17 4.822322e-17 -1.318317e-01 16400 0
7493.1339 7499.8777 7.751215e-17 2.034411e-17 2.324537e-01 272 0
7498.0118 7504.7600 3.259265e-16 2.122725e-17 9.985113e-01 256 0
7502.8896 7509.6422 2.607386e-19 1.726555e-17 -2.188329e-03 0 0
7507.7675 7514.5245 1.454810e-16 2.473248e-17 4.400856e-01 16 0
7512.6453 7519.4067 8.369799e-16 2.987908e-17 2.587003e+00 16 0
7517.5232 7524.2889 -3.871577e-16 4.785063e-17 -1.217287e+00 16400 0
7522.4010 7529.1711 -2.088100e-17 1.699744e-17 -6.560213e-02 16384 0
7527.2788 7534.0533 -2.500534e-17 1.722952e-17 -7.849334e-02 16384 0
7532.1566 7538.9355 -1.862701e-17 1.795998e-17 -5.851716e-02 16 0
7537.0344 7543.8177 -1.908991e-17 1.634712e-17 -5.982960e-02 0 0
7541.9121 7548.6999 1.273825e-17 2.484322e-17 3.524307e-02 16 0
7546.7899 7553.5820 -2.328066e-17 1.722040e-17 -7.280932e-02 16384 0
7551.6676 7558.4641 -1.143070e-17 1.785780e-17 -3.689053e-02 0 0
7556.5454 7563.3463 -1.955436e-16 4.294402e-17 -6.102208e-01 16400 0
7561.4231 7568.2284 5.579020e-18 1.728986e-17 1.376699e-02 0 0
7566.3008 7573.1105 4.099157e-16 3.437434e-17 1.244409e+00 16 0
7571.1785 7577.9925 9.758857e-17 1.993539e-17 2.897255e-01 16 0
7576.0562 7582.8746 -3.496604e-17 1.661385e-17 -1.085455e-01 16384 0
7580.9338 7587.7567 -1.724632e-17 2.393836e-17 -5.367708e-02 16 0
7585.8115 7592.6387 2.078789e-16 2.029134e-17 6.217171e-01 256 0
7590.6891 7597.5207 2.157217e-16 3.148988e-17 6.444359e-01 16 0
7595.5667 7602.4027 -2.361808e-16 5.022870e-17 -7.282500e-01 16400 0
7600.4443 7607.2847 1.148290e-17 1.782975e-17 3.102238e-02 16 0
7605.3219 7612.1667 -7.760241e-17 1.975992e-17 -2.383254e-01 16400 0
7610.1995 7617.0487 8.917057e-18 1.939031e-17 2.337650e-02 16 0
7615.0770 7621.9306 1.226530e-18 1.851201e-17 8.587204e-04 16 0
7619.9546 7626.8126 -2.229045e-17 2.034952e-17 -6.798830e-02 16400 0
7624.8321 7631.6945 3.977460e-17 1.793264e-17 1.133636e-01 0 0
7629.7096 7636.5764 -3.414590e-17 1.769423e-17 -1.036162e-01 16400 0
7634.5871 7641.4583 1.200088e-17 1.860404e-17 3.203666e-02 16 0
7639.4646 7646.3402 4.270866e-18 1.787047e-17 9.641372e-03 0 0
7644.3421 7651.2220 -2.232814e-17 1.777150e-17 -6.718454e-02 16384 0
7649.2196 7656.1039 -1.712020e-17 1.853625e-17 -5.150202e-02 16 0
7654.0970 7660.9857 -8.495810e-17 4.140785e-17 -2.540684e-01 16400 0
7658.9744 7665.8675 5.169273e-19 1.759939e-17 -1.146324e-03 0 0
7663.8518 7670.7493 3.410380e-17 1.851548e-17 9.449881e-02 256 0
7668.7292 7675.6311 -7.052413e-18 1.795146e-17 -2.248690e-02 256 0
7673.6066 7680.5128 -3.918580e-17 2.014100e-17 -1.156232e-01 16656 0
7678.4840 7685.3946 -9.154896e-17 4.154727e-17 -2.691578e-01 16400 0
7683.3613 7690.2763 -1.789664e-17 1.778884e-17 -5.242579e-02 16384 0
7688.2386 7695.1580 -2.025350e-17 1.908281e-17 -5.910734e-02 16384 0
7693.1159 7700.0397 -1.998483e-17 2.027386e-17 -5.810258e-02 16400 0
7697.9932 7704.9214 -7.593461e-17 2.649095e-17 -2.199137e-01 16400 0
7702.8705 7709.8031 -3.740522e-17 1.935906e-17 -1.079072e-01 16400 0
7707.7478 7714.6848 -1.399797e-17 2.367635e-17 -4.077049e-02 16 0
7712.6250 7719.5664 3.270918e-18 1.876797e-17 6.444562e-03 0 0
7717.5023 7724.4480 4.003783e-16 2.346967e-17 1.113623e+00 256 0
7722.3795 7729.3296 3.493937e-18 1.860909e-17 6.998621e-03 0 0
7727.2567 7734.2112 1.413687e-17 2.153044e-17 3.572997e-02 16 0
7732.1338 7739.0927 7.747612e-16 2.785709e-17 2.144651e+00 256 0
7737.0110 7743.9743 9.915770e-16 3.029715e-17 2.739745e+00 272 0
7741.8881 7748.8558 5.110118e-17 2.071651e-17 1.344461e-01 256 0
7746.7652 7753.7373 1.310207e-17 2.058019e-17 3.236940e-02 0 0
7751.6424 7758.6188 -1.710508e-17 1.973847e-17 -4.737426e-02 0 0
7756.5194 7763.5003 -3.582398e-17 2.082864e-17 -9.863658e-02 16400 0
7761.3965 7768.3818 -7.648526e-17 2.548574e-17 -2.096583e-01 16400 0
7766.2736 7773.2632 -1.633058e-17 2.473297e-17 -4.473384e-02 16 0
7771.1506 7778.1446 -3.385413e-18 2.083149e-17 -1.110309e-02 16 0
7776.0276 7783.0260 -5.135479e-17 2.351403e-17 -1.388967e-01 16400 0
7780.9046 7787.9074 1.723532e-18 2.155368e-17 2.107188e-03 16 0
7785.7816 7792.7888 5.385289e-18 2.398405e-17 1.146786e-02 16 0
7790.6585 7797.6701 1.231687e-17 2.071368e-17 2.909943e-02 0 0
7795.5355 7802.5515 -6.082979e-17 3.415686e-17 -1.616023e-01 16400 0
7800.4124 7807.4328 -1.714869e-17 2.192532e-17 -4.538643e-02 16 0
7805.2893 7812.3141 -1.775403e-16 6.666566e-17 -4.674799e-01 16400 0
7810.1662 7817.1953 -9.038153e-17 4.334599e-17 -2.369317e-01 16400 0
7815.0430 7822.0766 -6.776749e-17 4.936395e-17 -1.768684e-01 16400 0
7819.9199 7826.9578 -3.014910e-17 2.015058e-17 -7.834189e-02 16384 0
7824.7967 7831.8390 -3.661048e-17 2.331036e-17 -9.471548e-02 16400 0
7829.6735 7836.7202 -6.126761e-18 2.105171e-17 -1.721648e-02 16 0
7834.5503 7841.6014 -1.632688e-16 4.200680e-17 -4.187308e-01 16400 0
7839.4271 7846.4825 -4.123364e-17 2.116866e-17 -1.052945e-01 16400 0
7844.3038 7851.3637 -8.532672e-18 2.086428e-17 -2.280034e-02 0 0
7849.1805 7856.2448 -3.030733e-19 2.089373e-17 -2.875045e-03 0 0
7854.0572 7861.1259 -4.445456e-17 2.158709e-17 -1.120691e-01 16400 0
7858.9339 7866.0069 3.619558e-18 2.291589e-17 6.543841e-03 272 0
7863.8106 7870.8880 -8.179557e-18 2.181637e-17 -2.156023e-02 16 0
7868.6872 7875.7690 1.365816e-17 2.192415e-17 3.037119e-02 0 0
7873.5638 7880.6500 1.191078e-16 2.351029e-17 2.830124e-01 256 0
7878.4404 7885.5310 5.885561e-17 5.104750e-17 1.374437e-01 16 0
7883.3170 7890.4120 1.948223e-17 3.312357e-17 4.371047e-02 16 0
7888.1936 7895.2929 -2.407173e-18 2.220366e-17 -7.653546e-03 0 0
7893.0701 7900.1739 2.750917e-17 2.455556e-17 6.212801e-02 16 0
7897.9466 7905.0548 -4.021883e-17 3.222438e-17 -9.765130e-02 16400 0
7902.8231 7909.9357 -3.294654e-17 2.210610e-17 -7.966658e-02 16384 0
7907.6996 7914.8165 3.071471e-17 2.568737e-17 6.879288e-02 16 0
7912.5760 7919.6974 1.161909e-17 2.538806e-17 2.461649e-02 16 0
7917.4525 7924.5782 7.267373e-18 2.286223e-17 1.458859e-02 16 0
7922.3289 7929.4590 -6.244731e-18 2.414006e-17 -1.608799e-02 16 0
7927.2053 7934.3397 -2.577815e-18 2.221576e-17 -7.755239e-03 0 0
7932.0816 7939.2205 -5.291002e-17 4.245169e-17 -1.248609e-01 16656 0
7936.9580 7944.1012 -1.825679e-17 2.174381e-17 -4.291049e-02 16384 0
7941.8343 7948.9819 -3.879466e-17 2.346866e-17 -9.081532e-02 16400 0
7946.7106 7953.8626 4.551583e-17 2.531184e-17 9.983656e-02 16 0
7951.5869 7958.7433 6.696344e-18 2.333736e-17 1.294766e-02 0 0
7956.4631 7963.6239 -4.547129e-17 3.043108e-17 -1.051682e-01 16400 0
7961.3393 7968.5045 1.753320e-17 2.806616e-17 3.671869e-02 16 0
7966.2155 7973.3851 1.763840e-16 2.831389e-17 3.904358e-01 272 0
7971.0917 7978.2657 1.144385e-15 3.907876e-17 2.583104e+00 272 0
7975.9679 7983.1463 -2.354314e-17 2.528650e-17 -5.358239e-02 16656 0
7980.8440 7988.0268 -2.439821e-17 2.292445e-17 -5.530525e-02 16384 0
7985.7201 7992.9073 -3.644703e-18 2.574545e-17 -9.615803e-03 16 0
7990.5962 7997.7878 4.838616e-18 2.342264e-17 8.591641e-03 0 0
7995.4723 8002.6682 3.996669e-17 2.573388e-17 8.396201e-02 16 0
8000.3483 8007.5487 6.273334e-17 2.474928e-17 1.326216e-01 0 0
8005.2244 8012.4291 8.761879e-16 3.844575e-17 1.918053e+00 272 0
8010.1004 8017.3094 4.577553e-15 6.110560e-17 1.008441e+01 272 0
8014.9763 8022.1898 2.404378e-16 2.863745e-17 5.136459e-01 272 0
8019.8523 8027.0701 -6.682563e-17 3.192666e-17 -1.466658e-01 16400 0
8024.7282 8031.9504 9.702644e-18 2.575051e-17 1.853751e-02 16 0
8029.6041 8036.8307 5.309653e-17 2.819047e-17 1.092031e-01 16 0
8034.4800 8041.7110 3.249554e-17 2.740791e-17 6.574869e-02 16 0
8039.3558 8046.5912 1.312382e-17 2.563969e-17 2.539190e-02 16 0
8044.2316 8051.4714 -2.525955e-17 2.489402e-17 -5.433495e-02 16384 0
8049.1074 8056.3516 1.663020e-18 2.515221e-17 1.769617e-03 0 0
8053.9832 8061.2318 -2.181831e-17 3.410067e-17 -4.656032e-02 16400 0
8058.8590 8066.1119 -2.789754e-17 2.666394e-17 -5.929919e-02 16400 0
8063.7347 8070.9920 -1.835708e-17 2.573794e-17 -3.886579e-02 16400 0
8068.6104 8075.8721 1.276779e-17 2.671703e-17 2.411206e-02 16 0
8073.4861 8080.7522 -1.692689e-16 4.654564e-17 -3.555895e-01 16400 0
8078.3617 8085.6322 -3.117203e-17 2.777275e-17 -6.523247e-02 16400 0
8083.2373 8090.5122 -2.502566e-18 2.686062e-17 -6.490620e-03 16 0
8088.1129 8095.3922 -2.676199e-17 2.583492e-17 -5.557635e-02 16400 0
8092.9885 8100.2722 -3.918046e-17 2.514249e-17 -8.105635e-02 16384 0
8097.8640 8105.1521 -2.246978e-18 2.890623e-17 -5.894030e-03 16 0
8102.7396 8110.0320 -4.568594e-17 2.687205e-17 -9.377957e-02 16400 0
8107.6151 8114.9119 -2.169066e-18 2.791233e-17 -5.682539e-03 16 0
8112.4905 8119.7918 -1.383011e-18 2.596248e-17 -4.131719e-03 0 0
8117.3660 8124.6716 1.837627e-17 2.996953e-17 3.414890e-02 16 0
8122.2414 8129.5514 1.319076e-17 2.824243e-17 2.400227e-02 16 0
8127.1168 8134.4312 2.234850e-17 2.826094e-17 4.157156e-02 16 0
8131.9921 8139.3109 9.559338e-18 3.067573e-17 1.688073e-02 16 0
8136.8675 8144.1906 -2.332463e-17 2.705812e-17 -4.664689e-02 16384 0
8141.7428 8149.0703 -2.438656e-17 3.448785e-17 -4.859824e-02 16400 0
8146.6180 8153.9500 -7.451859e-17 4.535925e-17 -1.479860e-01 16400 0
8151.4933 8158.8296 -2.796333e-17 2.986782e-17 -5.534189e-02 16400 0
8156.3685 8163.7093 5.561019e-18 2.671415e-17 9.105423e-03 0 0
8161.2437 8168.5888 -4.718321e-17 2.815639e-17 -9.275617e-02 16384 0
8166.1189 8173.4684 -6.539376e-18 2.747976e-17 -1.348034e-02 0 0
8170.9940 8178.3479 -5.315899e-17 3.611444e-17 -1.038286e-01 16400 0
8175.8691 8183.2274 -1.598898e-17 3.176568e-17 -3.113063e-02 16400 0
8180.7442 8188.1069 -9.269622e-18 3.600252e-17 -1.835344e-02 16 0
8185.6193 8192.9863 -3.145030e-17 2.912142e-17 -6.086136e-02 16656 0
8190.4943 8197.8658 -3.873825e-17 2.816089e-17 -7.474312e-02 16640 0
8195.3693 8202.7452 -3.277916e-17 3.374724e-17 -6.305946e-02 16400 0
8200.2443 8207.6245 -2.537338e-17 2.922624e-17 -4.867413e-02 16400 0
8205.1192 8212.5039 -1.053127e-16 4.380317e-17 -2.014571e-01 16400 0
8209.9942 8217.3832 3.964697e-18 2.991409e-17 6.000277e-03 16 0
8214.8690 8222.2624 -3.605849e-17 3.251478e-17 -6.860667e-02 16400 0
8219.7439 8227.1417 -7.286715e-17 3.298124e-17 -1.382825e-01 16400 0
8224.6187 8232.0209 -2.311395e-17 2.836729e-17 -4.375085e-02 16384 0
8229.4935 8236.9001 9.564272e-18 2.964931e-17 1.605288e-02 16 0
8234.3683 8241.7792 -2.800166e-17 2.797247e-17 -5.274030e-02 16384 0
8239.2431 8246.6584 2.822638e-18 3.798586e-17 3.924400e-03 16 0
8244.1178 8251.5375 -9.452089e-17 2.973496e-17 -1.771837e-01 16400 0
8248.9925 8256.4165 -2.700615e-17 2.854682e-17 -5.050919e-02 16384 0
8253.8671 8261.2956 -1.232440e-16 4.323973e-17 -2.299768e-01 16400 0
8258.7417 8266.1746 2.323471e-18 2.868410e-17 3.044579e-03 0 0
8263.6163 8271.0536 4.155082e-17 3.040198e-17 7.281110e-02 0 0
8268.4909 8275.9325 -2.076158e-17 3.094483e-17 -3.849242e-02 16400 0
8273.3654 8280.8115 1.869091e-17 2.772697e-17 3.194392e-02 0 0
8278.2399 8285.6904 -9.505569e-18 3.188051e-17 -1.766699e-02 272 0
8283.1144 8290.5692 -2.071157e-17 2.936420e-17 -3.816573e-02 16384 0
8287.9889 8295.4480 -4.363766e-17 4.956007e-17 -8.025678e-02 16400 0
8292.8633 8300.3268 -9.226484e-17 5.217087e-17 -1.693662e-01 16400 0
8297.7377 8305.2056 -1.870273e-17 2.912014e-17 -3.426812e-02 16384 0
8302.6120 8310.0844 -1.211282e-17 3.424089e-17 -2.215310e-02 16400 0
8307.4863 8314.9631 -3.178069e-17 3.052637e-17 -5.802012e-02 16400 0
8312.3606 8319.8417 -7.192974e-17 2.839254e-17 -1.310879e-01 16384 0
8317.2349 8324.7204 -6.224428e-17 4.200883e-17 -1.132435e-01 16400 0
8322.1091 8329.5990 6.660929e-17 3.244744e-17 1.152091e-01 16 0
8326.9833 8334.4776 7.787557e-17 3.242078e-17 1.348152e-01 272 0
8331.8575 8339.3561 3.101833e-15 5.784722e-17 5.584608e+00 256 0
8336.7316 8344.2347 1.302883e-15 4.339241e-17 2.330253e+00 256 0
8341.6057 8349.1131 -2.283885e-17 4.054195e-17 -4.122321e-02 16400 0
8346.4798 8353.9916 2.200737e-17 3.021227e-17 3.698350e-02 16 0
8351.3538 8358.8700 1.037287e-16 4.115055e-17 1.790454e-01 1040 0
8356.2278 8363.7484 1.017224e-15 4.394743e-17 1.805247e+00 1296 0
8361.1018 8368.6268 2.286662e-15 6.809801e-17 4.075514e+00 1296 0
8365.9757 8373.5051 4.368175e-15 6.693459e-17 7.796570e+00 1280 0
8370.8497 8378.3834 -6.591973e-18 2.966838e-17 -1.197023e-02 1024 0
8375.7235 8383.2617 2.885230e-17 3.120298e-17 4.847439e-02 1040 0
8380.5974 8388.1399 2.109079e-17 2.897756e-17 3.515051e-02 1024 0
8385.4712 8393.0181 -1.680735e-17 2.938246e-17 -2.997996e-02 17408 0
8390.3450 8397.8963 -1.655820e-17 2.959948e-17 -2.950314e-02 17408 0
8395.2187 8402.7744 3.741562e-18 2.895329e-17 5.608270e-03 1024 0
8400.0924 8407.6525 -1.127839e-16 4.350302e-17 -2.005336e-01 17424 0
8404.9661 8412.5306 5.736167e-16 3.801177e-17 1.000554e+00 1040 0
8409.8398 8417.4086 8.011201e-17 3.034466e-17 1.359491e-01 1024 0
8414.7134 8422.2866 -2.869424e-17 3.763505e-17 -5.087231e-02 17424 0
8419.5870 8427.1646 8.380144e-18 2.967144e-17 1.345651e-02 1024 0
8424.4605 8432.0425 -4.910858e-18 3.210112e-17 -8.886119e-03 16 0
8429.3340 8436.9204 -5.367080e-18 2.999345e-17 -9.631668e-03 0 0
8434.2075 8441.7983 -3.348182e-17 3.395167e-17 -5.916387e-02 16400 0
8439.0809 8446.6761 -5.807255e-17 4.657205e-17 -1.025411e-01 16400 0
8443.9544 8451.5539 4.709243e-17 3.100360e-17 7.891589e-02 16 0
8448.8277 8456.4317 -1.098701e-17 3.291054e-17 -1.937262e-02 16400 0
8453.7011 8461.3094 -2.773067e-18 3.426087e-17 -5.206894e-03 16 0
8458.5744 8466.1871 -1.898823e-17 3.239872e-17 -3.343851e-02 17424 0
8463.4477 8471.0648 6.728852e-16 3.924031e-17 1.165255e+00 1296 0
8468.3209 8475.9424 -5.027490e-17 3.075118e-17 -8.842692e-02 17424 0
8473.1941 8480.8200 5.003313e-17 3.234757e-17 8.366157e-02 1040 0
8478.0673 8485.6975 -1.013076e-17 3.788564e-17 -1.779780e-02 17424 0
8482.9404 8490.5751 -9.234922e-17 4.914376e-17 -1.621522e-01 17424 0
8487.8135 8495.4525 2.244139e-17 3.456386e-17 3.703867e-02 1040 0
8492.6866 8500.3300 -1.799325e-17 5.040764e-17 -3.156259e-02 17424 0
8497.5596 8505.2074 9.021144e-18 3.057828e-17 1.456561e-02 1024 0
8502.4326 8510.0848 -5.812083e-17 3.247410e-17 -1.018811e-01 17424 0
8507.3056 8514.9621 1.228989e-17 3.695449e-17 2.003370e-02 1040 0
8512.1785 8519.8394 -4.292265e-19 4.818610e-17 -1.146850e-03 1040 0
8517.0514 8524.7167 9.013715e-16 4.179035e-17 1.557751e+00 1040 0
8521.9242 8529.5940 7.468466e-17 3.983023e-17 1.251266e-01 1040 0
8526.7970 8534.4712 8.745830e-16 4.086538e-17 1.510094e+00 1280 0
8531.6698 8539.3483 2.981098e-16 3.889650e-17 5.083545e-01 1296 0
8536.5426 8544.2255 5.222140e-17 3.304535e-17 8.703735e-02 1040 0
8541.4153 8549.1026 -5.489565e-17 4.990105e-17 -9.594788e-02 17424 0
8546.2880 8553.9796 2.731942e-17 3.228812e-17 4.515326e-02 1040 0
8551.1606 8558.8566 -2.691547e-17 3.081356e-17 -4.700506e-02 17424 0
8556.0332 8563.7336 1.892226e-17 3.081422e-17 3.110968e-02 1040 0
8560.9057 8568.6106 -3.779312e-17 3.102180e-17 -6.594083e-02 17424 0
8565.7783 8573.4875 -3.875432e-17 3.293165e-17 -6.758156e-02 17424 0
8570.6508 8578.3643 1.033886e-18 4.674870e-17 1.409436e-03 1040 0
8575.5232 8583.2412 5.601344e-17 3.259922e-17 9.315340e-02 1040 0
8580.3956 8588.1180 2.403954e-17 4.595152e-17 3.959088e-02 1040 0
8585.2680 8592.9947 2.432891e-17 3.376517e-17 4.005890e-02 1040 0
8590.1403 8597.8715 2.795556e-17 3.044031e-17 4.608122e-02 1024 0
8595.0126 8602.7482 -9.964960e-20 4.073278e-17 -4.084003e-04 1040 0
8599.8849 8607.6248 4.057919e-17 3.509607e-17 6.707434e-02 1040 0
8604.7571 8612.5014 -9.215062e-18 3.048172e-17 -1.598737e-02 17408 0
8609.6293 8617.3780 3.754354e-17 3.536064e-17 6.192852e-02 16 0
8614.5015 8622.2545 9.626881e-17 3.177426e-17 1.602876e-01 0 0
8619.3736 8627.1310 1.654894e-16 3.279555e-17 2.771913e-01 256 0
8624.2457 8632.0075 8.078964e-16 6.803592e-17 1.377777e+00 16 0
8629.1177 8636.8839 3.191494e-17 3.387035e-17 5.241748e-02 16 0
8633.9897 8641.7603 1.299970e-16 4.560020e-17 2.165152e-01 16 0
8638.8616 8646.6366 4.533988e-17 3.132035e-17 7.458667e-02 0 0
8643.7336 8651.5129 7.097975e-17 3.244956e-17 1.171827e-01 272 0
8648.6054 8656.3892 1.284261e-15 4.579201e-17 2.188362e+00 272 0
8653.4773 8661.2654 1.929593e-16 5.121337e-17 3.217992e-01 272 0
8658.3491 8666.1416 2.872066e-17 3.099648e-17 4.690877e-02 0 0
8663.2209 8671.0178 5.435405e-18 3.225203e-17 8.748543e-03 16 0
8668.0926 8675.8939 1.005622e-17 3.060603e-17 1.627882e-02 0 0
8672.9643 8680.7699 2.008073e-17 3.563275e-17 3.263823e-02 16 0
8677.8359 8685.6460 4.101887e-17 3.095454e-17 6.694852e-02 0 0
8682.7075 8690.5220 3.783916e-17 3.804562e-17 6.166578e-02 16 0
8687.5791 8695.3979 -1.308944e-17 3.105357e-17 -2.234905e-02 16384 0
8692.4506 8700.2738 6.744579e-17 3.137436e-17 1.102538e-01 256 0
8697.3221 8705.1497 3.039316e-15 6.555461e-17 5.151854e+00 272 0
8702.1936 8710.0255 2.060574e-16 3.289962e-17 3.405629e-01 256 0
8707.0650 8714.9013 5.275779e-16 5.648022e-17 8.811744e-01 272 0
8711.9363 8719.7771 1.297114e-15 5.915756e-17 2.182192e+00 272 0
8716.8077 8724.6528 2.228313e-17 3.123398e-17 3.600124e-02 0 0
8721.6789 8729.5285 4.230407e-17 3.635331e-17 6.853480e-02 16 0
8726.5502 8734.4041 1.607734e-16 4.842536e-17 2.637093e-01 272 0
8731.4214 8739.2797 7.436581e-15 8.667920e-17 1.255870e+01 256 0
8736.2926 8744.1552 1.060480e-14 1.009894e-16 1.790605e+01 256 0
8741.1637 8749.0307 1.624783e-16 3.372029e-17 2.659076e-01 256 0
8746.0348 8753.9062 3.458607e-17 3.734463e-17 5.577112e-02 16 0
8750.9058 8758.7816 1.374707e-17 4.535127e-17 2.210926e-02 16 0
8755.7768 8763.6570 -1.832741e-18 3.956794e-17 -3.091418e-03 16400 0
8760.6478 8768.5323 -1.668882e-19 3.171073e-17 -2.813163e-04 16384 0
8765.5187 8773.4076 2.247310e-17 3.442105e-17 3.611276e-02 16 0
8770.3896 8778.2829 3.884420e-17 4.109157e-17 6.250671e-02 16 0
8775.2604 8783.1581 5.826041e-17 3.046137e-17 9.394339e-02 0 0
8780.1312 8788.0333 1.232617e-17 3.212096e-17 1.980323e-02 0 0
8785.0019 8792.9084 4.724682e-17 3.186502e-17 7.601121e-02 16 0
8789.8726 8797.7835 1.880209e-17 3.357987e-17 3.016703e-02 272 0
8794.7433 8802.6586 1.010013e-16 3.175749e-17 1.633696e-01 256 0
8799.6139 8807.5336 6.649974e-16 5.370689e-17 1.098937e+00 272 0
8804.4845 8812.4085 1.200617e-15 5.750161e-17 1.993327e+00 272 0
8809.3550 8817.2835 4.020103e-17 3.291391e-17 6.450140e-02 16 0
8814.2255 8822.1583 2.827208e-17 3.138598e-17 4.530390e-02 0 0
8819.0960 8827.0332 -2.377737e-17 3.170134e-17 -3.983862e-02 16384 0
8823.9664 8831.9080 -1.590766e-17 3.280061e-17 -2.664227e-02 16400 0
8828.8368 8836.7827 9.020587e-18 4.770706e-17 1.453204e-02 16 0
8833.7071 8841.6574 -9.081243e-17 5.141120e-17 -1.519768e-01 16400 0
8838.5774 8846.5321 5.197012e-17 3.483377e-17 8.333538e-02 16 0
8843.4476 8851.4067 1.974482e-17 3.704683e-17 3.161294e-02 16 0
8848.3178 8856.2813 1.693187e-17 3.144710e-17 2.712408e-02 256 0
8853.1880 8861.1558 3.429572e-16 3.729513e-17 5.601826e-01 272 0
8858.0581 8866.0303 1.072608e-15 4.301417e-17 1.771658e+00 256 0
8862.9281 8870.9048 2.825371e-17 3.246962e-17 4.516898e-02 0 0
8867.7982 8875.7792 -2.002865e-16 6.647096e-17 -3.342814e-01 16400 0
8872.6681 8880.6535 -4.234289e-18 3.520928e-17 -7.064081e-03 16400 0
8877.5381 8885.5278 5.915681e-17 3.340662e-17 9.468082e-02 0 0
8882.4079 8890.4021 -1.186920e-17 5.250460e-17 -1.978349e-02 16400 0
8887.2778 8895.2763 7.006054e-17 3.336479e-17 1.121626e-01 0 0
8892.1476 8900.1505 5.486911e-16 4.176170e-17 8.979230e-01 16 0
8897.0173 8905.0247 1.703684e-15 5.131785e-17 2.812577e+00 16 0
8901.8871 8909.8988 2.012689e-17 3.354170e-17 3.212828e-02 16 0
8906.7567 8914.7728 -4.582099e-17 5.491017e-17 -7.615758e-02 16400 0
8911.6263 8919.6468 1.604991e-18 3.234584e-17 2.665811e-03 16400 0
8916.4959 8924.5208 6.975569e-18 3.112878e-17 1.131590e-02 0 0
8921.3654 8929.3947 1.703925e-17 3.161735e-17 2.718302e-02 0 0
8926.2349 8934.2685 3.234670e-17 3.106681e-17 5.141022e-02 0 0
8931.1044 8939.1424 2.111109e-17 3.940225e-17 3.358203e-02 16 0
8935.9738 8944.0161 -6.362742e-18 3.332682e-17 -1.052730e-02 16400 0
8940.8431 8948.8899 -1.963607e-16 7.243276e-17 -3.245973e-01 16400 0
8945.7124 8953.7636 3.706353e-17 3.187331e-17 5.872587e-02 0 0
8950.5817 8958.6372 -1.395262e-17 3.123295e-17 -2.302174e-02 16384 0
8955.4509 8963.5108 1.213322e-17 3.265858e-17 1.936328e-02 16 0
8960.3201 8968.3843 7.600042e-20 3.223584e-17 1.251507e-04 16384 0
8965.1892 8973.2578 4.381012e-17 3.918087e-17 6.917513e-02 16 0
8970.0582 8978.1313 5.939087e-17 4.332772e-17 9.377572e-02 272 0
8974.9273 8983.0047 9.175017e-16 4.392238e-17 1.487510e+00 272 0
8979.7963 8987.8781 -1.356004e-17 4.641266e-17 -2.223340e-02 16400 0
8984.6652 8992.7514 7.082647e-17 3.269632e-17 1.115837e-01 256 0
8989.5341 8997.6247 -3.213728e-18 3.285137e-17 -5.257426e-03 16384 0
8994.4029 9002.4979 -1.523260e-17 3.546354e-17 -2.489064e-02 16400 0
8999.2717 9007.3711 -4.640399e-18 3.680771e-17 -7.573752e-03 16400 0
9004.1405 9012.2442 5.355013e-17 3.557840e-17 8.388049e-02 16 0
9009.0092 9017.1173 9.053151e-17 3.280558e-17 1.420731e-01 16 0
9013.8778 9021.9903 4.608743e-17 3.366781e-17 7.200354e-02 16 0
9018.7464 9026.8633 -6.684839e-18 3.201083e-17 -1.085909e-02 16384 0
9023.6150 9031.7362 4.359100e-17 3.383156e-17 6.794754e-02 0 0
9028.4835 9036.6091 2.250426e-17 3.398407e-17 3.513101e-02 0 0
9033.3519 9041.4820 -2.496545e-18 3.325521e-17 -4.041165e-03 16400 0
9038.2204 9046.3548 2.286355e-17 3.180298e-17 3.561339e-02 0 0
9043.0887 9051.2275 -9.131036e-17 3.694717e-17 -1.474634e-01 16400 0
9047.9570 9056.1002 -2.322250e-17 3.216754e-17 -3.746120e-02 16384 0
9052.8253 9060.9729 1.746802e-17 3.783648e-17 2.721621e-02 16 0
9057.6935 9065.8455 -1.317402e-17 3.210928e-17 -2.120449e-02 16384 0
9062.5617 9070.7180 3.263984e-17 3.346479e-17 5.047042e-02 0 0
9067.4298 9075.5905 -8.048488e-17 3.434579e-17 -1.292688e-01 16400 0
9072.2979 9080.4630 -1.465909e-16 5.423807e-17 -2.351978e-01 16400 0
9077.1659 9085.3354 -2.923093e-17 4.719994e-17 -4.685237e-02 16400 0
9082.0339 9090.2078 5.377763e-17 3.520231e-17 8.281215e-02 272 0
9086.9019 9095.0801 3.534051e-17 3.446888e-17 5.437697e-02 272 0
9091.7697 9099.9523 8.390757e-16 4.242106e-17 1.323655e+00 256 0
9096.6376 9104.8245 6.210217e-17 4.252190e-17 9.541713e-02 16 0
9101.5053 9109.6967 -9.383351e-17 6.635805e-17 -1.496874e-01 24848 0
9106.3731 9114.5688 1.940976e-18 4.968626e-17 3.093619e-03 16400 0
9111.2408 9119.4409 -3.510304e-17 5.155616e-17 -5.590047e-02 16400 0
9116.1084 9124.3129 -1.281714e-17 4.016201e-17 -2.039381e-02 16400 0
9120.9760 9129.1849 5.502551e-16 4.661339e-17 8.601055e-01 16 0
9125.8435 9134.0568 6.855002e-15 8.880849e-17 1.086028e+01 16 0
9130.7110 9138.9286 4.123404e-16 4.823739e-17 6.415242e-01 16 0
9135.5784 9143.8005 2.492845e-17 3.521767e-17 3.814180e-02 16 0
9140.4458 9148.6722 -5.718757e-17 5.249782e-17 -9.062651e-02 16400 0
9145.3132 9153.5439 1.280638e-17 3.276290e-17 1.979585e-02 0 0
9150.1805 9158.4156 -5.466253e-17 4.360217e-17 -8.648539e-02 16400 0
9155.0477 9163.2872 -1.794637e-18 3.516784e-17 -2.837128e-03 16400 0
9159.9149 9168.1588 7.011622e-17 3.772697e-17 1.066909e-01 272 0
9164.7820 9173.0303 5.266494e-16 4.225571e-17 8.170112e-01 272 0
9169.6491 9177.9018 2.101929e-16 3.778746e-17 3.224573e-01 272 0
9174.5161 9182.7732 3.445362e-17 3.296217e-17 5.227955e-02 0 0
9179.3831 9187.6445 5.189749e-17 3.884413e-17 7.863420e-02 16 0
9184.2500 9192.5159 3.096100e-17 3.341206e-17 4.692588e-02 0 0
9189.1169 9197.3871 2.405980e-17 5.041618e-17 3.651336e-02 16 0
9193.9837 9202.2583 5.630886e-18 3.402867e-17 8.838057e-03 16384 0
9198.8505 9207.1295 2.293536e-17 3.552540e-17 3.475880e-02 16 0
9203.7172 9212.0006 2.868675e-18 5.193691e-17 4.492708e-03 16400 0
9208.5839 9216.8716 1.203499e-17 3.444061e-17 1.844299e-02 16 0
9213.4505 9221.7426 -4.104678e-17 4.448477e-17 -6.412862e-02 16400 0
9218.3171 9226.6136 -3.954682e-17 7.639465e-17 -6.170854e-02 16400 0
9223.1836 9231.4845 1.322017e-16 9.867688e-17 1.994708e-01 16 0
9228.0501 9236.3553 7.720187e-17 3.634319e-17 1.158324e-01 16 0
9232.9165 9241.2261 -2.286929e-17 3.303108e-17 -3.553211e-02 16384 0
9237.7828 9246.0968 -1.156626e-17 3.760165e-17 -1.794264e-02 16400 0
9242.6491 9250.9675 -9.827143e-18 4.803363e-17 -1.521917e-02 16400 0
9247.5154 9255.8382 -2.030450e-17 3.568869e-17 -3.139077e-02 16400 0
9252.3816 9260.7087 8.722109e-17 5.338721e-17 1.298959e-01 16 0
9257.2478 9265.5793 1.631434e-15 5.147199e-17 2.493239e+00 0 0
9262.1139 9270.4498 4.790533e-17 5.318950e-17 7.092454e-02 16 0
9266.9799 9275.3202 1.759791e-17 4.340959e-17 2.622837e-02 16 0
9271.8459 9280.1905 1.736178e-17 3.762815e-17 2.582923e-02 16 0
9276.7118 9285.0609 1.746268e-17 3.350272e-17 2.592167e-02 0 0
9281.5777 9289.9311 -9.473249e-17 5.134715e-17 -1.443749e-01 16400 0
9286.4435 9294.8013 3.023284e-17 3.715002e-17 4.434631e-02 16 0
9291.3093 9299.6715 1.616087e-17 3.762894e-17 2.386015e-02 16 0
9296.1750 9304.5416 -2.239867e-17 4.542588e-17 -3.388141e-02 16400 0
9301.0407 9309.4116 2.729752e-17 3.513550e-17 3.976718e-02 0 0
9305.9063 9314.2816 1.447167e-17 3.813552e-17 2.125199e-02 16 0
9310.7719 9319.1516 -8.115370e-17 4.756534e-17 -1.217244e-01 16400 0
9315.6374 9324.0215 4.308163e-17 3.678392e-17 6.206860e-02 16 0
9320.5028 9328.8913 -8.943518e-17 7.023089e-17 -1.333437e-01 16400 0
9325.3682 9333.7611 -2.132446e-17 3.676014e-17 -3.169629e-02 16400 0
9330.2336 9338.6308 4.099158e-17 4.461107e-17 5.852319e-02 16 0
9335.0989 9343.5005 1.305565e-17 3.538756e-17 1.888295e-02 0 0
9339.9641 9348.3701 -1.431930e-17 3.898557e-17 -2.107972e-02 16400 0
9344.8293 9353.2396 -1.956710e-17 4.159073e-17 -2.870928e-02 16400 0
9349.6944 9358.1091 -5.323074e-17 4.768494e-17 -7.783823e-02 16400 0
9354.5595 9362.9786 1.375677e-17 4.202393e-17 1.960496e-02 16 0
9359.4245 9367.8480 -1.355405e-17 3.838603e-17 -1.968334e-02 16400 0
9364.2894 9372.7173 5.619481e-17 4.126928e-17 7.835211e-02 16 0
9369.1543 9377.5866 4.691222e-17 3.623340e-17 6.516967e-02 0 0
9374.0192 9382.4558 3.007955e-17 4.485288e-17 4.171040e-02 16 0
9378.8840 9387.3250 -1.089719e-16 4.559814e-17 -1.559969e-01 16400 0
9383.7487 9392.1941 1.859124e-17 3.883392e-17 2.575348e-02 16 0
9388.6134 9397.0632 -7.545963e-18 3.688618e-17 -1.072326e-02 16384 0
9393.4780 9401.9322 -2.363903e-17 4.323808e-17 -3.346705e-02 16400 0
9398.3426 9406.8011 1.017060e-16 3.847889e-17 1.386339e-01 0 0
9403.2071 9411.6700 -2.881479e-18 4.141134e-17 -4.048828e-03 16400 0
9408.0716 9416.5388 -2.801637e-17 6.299195e-17 -3.921831e-02 16400 0
9412.9360 9421.4076 6.330438e-15 1.772784e-16 8.802984e+00 16 0
9417.8003 9426.2763 1.786572e-15 5.744894e-17 2.463427e+00 8448 0
9422.6646 9431.1450 2.183659e-15 6.155898e-17 3.002338e+00 256 0
9427.5288 9436.0136 6.045937e-17 3.770769e-17 8.031011e-02 256 0
9432.3930 9440.8822 8.696003e-18 3.840020e-17 1.186779e-02 256 0
9437.2571 9445.7507 1.559514e-15 5.574563e-17 2.115451e+00 256 0
9442.1212 9450.6191 1.760587e-16 4.307046e-17 2.329736e-01 272 0
9446.9852 9455.4875 1.017777e-17 3.984560e-17 1.363185e-02 16 0
9451.8491 9460.3558 5.153592e-17 4.343715e-17 6.709666e-02 16 0
9456.7130 9465.2241 1.532769e-17 3.954215e-17 2.010970e-02 0 0
9461.5768 9470.0923 -3.878182e-17 3.898121e-17 -5.199543e-02 16384 0
9466.4406 9474.9604 -4.717302e-17 4.562898e-17 -6.298856e-02 16400 0
9471.3043 9479.8285 3.153545e-17 3.903569e-17 4.044373e-02 0 0
9476.1680 9484.6965 6.231448e-17 4.166238e-17 7.951419e-02 16 0
9481.0316 9489.5645 -5.569696e-17 5.675399e-17 -7.344843e-02 16400 0
9485.8951 9494.4324 -2.916514e-17 4.245960e-17 -3.829820e-02 16400 0
9490.7586 9499.3003 3.888792e-17 5.900408e-17 4.898313e-02 16 0
9495.6220 9504.1681 -3.536248e-17 4.076434e-17 -4.603758e-02 16400 0
9500.4854 9509.0358 2.214093e-17 4.760077e-17 2.776058e-02 16 0
9505.3487 9513.9035 3.322091e-17 4.517043e-17 4.131226e-02 16 0
9510.2120 9518.7712 3.669198e-17 4.176222e-17 4.540053e-02 0 0
9515.0752 9523.6387 -4.506459e-17 4.957032e-17 -5.761807e-02 16400 0
9519.9383 9528.5062 4.411176e-17 4.671524e-17 5.404846e-02 16 0
9524.8014 9533.3737 7.995499e-17 5.125682e-17 9.766074e-02 16 0
9529.6644 9538.2411 6.770454e-19 4.386925e-17 8.533671e-04 16400 0
9534.5273 9543.1084 5.889620e-17 4.740431e-17 7.113595e-02 16 0
9539.3902 9547.9757 6.698946e-17 5.158920e-17 8.054249e-02 16 0
9544.2531 9552.8429 1.533696e-15 6.155347e-17 1.887916e+00 16 0
9549.1158 9557.7100 5.553167e-15 9.938482e-17 6.836657e+00 272 0
9553.9786 9562.5771 -3.941601e-17 4.370931e-17 -4.842213e-02 16384 0
9558.8412 9567.4442 -5.925541e-17 6.832833e-17 -7.239823e-02 16400 0
9563.7038 9572.3111 -2.485206e-17 4.344159e-17 -3.019495e-02 16384 0
9568.5663 9577.1781 3.812819e-17 7.523569e-17 4.432936e-02 16 0
9573.4288 9582.0449 2.982496e-15 7.452354e-17 3.563468e+00 256 0
9578.2912 9586.9117 3.243900e-15 9.394151e-17 3.854141e+00 272 0
9583.1536 9591.7784 9.174737e-16 7.475726e-17 1.075408e+00 272 0
9588.0159 9596.6451 1.164408e-17 5.269429e-17 1.340743e-02 272 0
9592.8781 9601.5117 -5.564787e-17 5.468558e-17 -6.523217e-02 16400 0
9597.7403 9606.3783 6.297607e-17 4.629862e-17 7.059878e-02 0 0
9602.6024 9611.2448 1.576901e-15 6.469151e-17 1.808990e+00 0 0
9607.4645 9616.1112 1.525710e-15 6.884962e-17 1.738278e+00 16 0
9612.3265 9620.9776 6.113571e-18 5.927510e-17 6.958064e-03 16 0
9617.1884 9625.8439 -2.301079e-17 4.763022e-17 -2.609016e-02 16400 0
9622.0503 9630.7101 -2.829943e-18 4.634205e-17 -3.186163e-03 16384 0
9626.9121 9635.5763 -1.193815e-17 4.715538e-17 -1.334567e-02 16384 0
9631.7738 9640.4424 1.274293e-16 5.075830e-17 1.367460e-01 16 0
9636.6355 9645.3085 6.196021e-18 4.801498e-17 6.770723e-03 0 0
9641.4971 9650.1745 4.810619e-17 5.089213e-17 5.053386e-02 16 0
9646.3587 9655.0404 1.091664e-17 5.486741e-17 1.151839e-02 16 0
9651.2202 9659.9063 -3.582175e-17 6.611548e-17 -3.856993e-02 16400 0
9656.0816 9664.7721 -5.830500e-17 7.205608e-17 -6.228929e-02 16400 0
9660.9430 9669.6379 1.705237e-17 5.328958e-17 1.742126e-02 16 0
9665.8043 9674.5036 -1.155189e-16 9.147333e-17 -1.214700e-01 16400 0
9670.6656 9679.3692 8.278481e-17 6.485086e-17 8.312938e-02 16 0
9675.5268 9684.2348 -1.889289e-16 9.754071e-17 -1.954584e-01 16400 0
9680.3879 9689.1003 2.567598e-17 6.257052e-17 2.528334e-02 16 0
9685.2490 9693.9657 -6.059125e-18 5.345644e-17 -6.165613e-03 16384 0
9690.1100 9698.8311 -4.314940e-17 5.887758e-17 -4.354072e-02 16400 0
9694.9709 9703.6964 1.666562e-17 7.178862e-17 1.602679e-02 16 0
9699.8318 9708.5616 -1.195036e-16 8.660181e-17 -1.185827e-01 16400 0
9704.6926 9713.4268 -4.424477e-17 5.217200e-17 -4.353477e-02 16384 0
9709.5534 9718.2920 -1.404417e-17 5.487782e-17 -1.370215e-02 16384 0
9714.4141 9723.1570 8.719804e-16 6.581981e-17 8.317057e-01 256 0
9719.2747 9728.0220 4.720873e-15 1.027560e-16 4.508800e+00 272 0
9724.1352 9732.8870 9.421792e-17 5.680335e-17 8.622032e-02 0 0
9728.9957 9737.7518 -8.066510e-17 6.151691e-17 -7.603645e-02 16400 0
9733.8562 9742.6166 -8.055930e-18 5.791353e-17 -7.528106e-03 16400 0
9738.7165 9747.4814 -1.799542e-17 6.696509e-17 -1.667083e-02 16400 0
9743.5768 9752.3461 -9.018997e-17 6.258488e-17 -8.282366e-02 16400 0
9748.4371 9757.2107 -8.962666e-17 6.383564e-17 -8.158701e-02 16400 0
9753.2973 9762.0752 3.712075e-17 6.067043e-17 3.199830e-02 16 0
9758.1574 9766.9397 -1.907048e-17 6.406951e-17 -1.705582e-02 16400 0
9763.0174 9771.8041 -2.404009e-17 6.098446e-17 -2.131111e-02 16400 0
9767.8774 9776.6685 -1.100749e-17 7.197094e-17 -9.672087e-03 16656 0
9772.7373 9781.5328 -5.812197e-17 6.046790e-17 -5.062068e-02 16384 0
9777.5972 9786.3970 -7.144144e-17 7.381963e-17 -6.166996e-02 16400 0
9782.4570 9791.2612 -3.371526e-16 1.026873e-16 -2.884556e-01 16400 0
9787.3167 9796.1253 -1.577693e-16 7.752120e-17 -1.337846e-01 16400 0
9792.1764 9800.9893 -8.311187e-18 9.196912e-17 -6.985259e-03 16400 0
9797.0360 9805.8533 1.036996e-17 6.537457e-17 8.144402e-03 16 0
9801.8955 9810.7172 -2.519326e-16 9.507121e-17 -2.079760e-01 16400 0
9806.7550 9815.5810 -2.680280e-17 7.848045e-17 -2.192746e-02 16400 0
9811.6144 9820.4448 1.225452e-18 6.811904e-17 8.461606e-04 256 0
9816.4737 9825.3085 -7.746831e-17 8.166583e-17 -6.223883e-02 16400 0
9821.3330 9830.1722 -1.525052e-16 8.157690e-17 -1.214219e-01 16400 0
9826.1922 9835.0357 6.834608e-17 6.673379e-17 5.153227e-02 0 0
9831.0513 9839.8993 -1.757581e-16 7.132391e-17 -1.374101e-01 16400 0
9835.9104 9844.7627 -7.824589e-17 7.019895e-17 -6.061394e-02 16400 0
9840.7694 9849.6261 -3.397535e-17 6.841507e-17 -2.607698e-02 16384 0
9845.6283 9854.4894 -3.709476e-17 8.845437e-17 -2.820810e-02 16400 0
9850.4872 9859.3526 1.968295e-16 7.297450e-17 1.433907e-01 256 0
9855.3460 9864.2158 -1.480117e-16 8.634653e-17 -1.104654e-01 16400 0
9860.2047 9869.0789 -1.064357e-16 8.498643e-17 -7.868727e-02 16400 0
9865.0634 9873.9420 -8.691461e-17 8.883708e-17 -6.364752e-02 16400 0
9869.9220 9878.8049 -4.028889e-17 7.319026e-17 -2.922296e-02 16400 0
9874.7806 9883.6679 -1.333197e-16 1.162418e-16 -9.577186e-02 16400 0
9879.6390 9888.5307 -5.896459e-18 8.263148e-17 -4.273181e-03 16 0
9884.4974 9893.3935 6.042990e-16 9.941380e-17 4.170814e-01 272 0
9889.3558 9898.2562 2.437031e-15 1.051166e-16 1.685694e+00 256 0
9894.2140 9903.1188 -3.929635e-17 7.874196e-17 -2.713431e-02 16384 0
9899.0722 9907.9814 -1.531106e-16 1.080442e-16 -1.046607e-01 16400 0
9903.9304 9912.8439 -1.921842e-16 9.519091e-17 -1.300361e-01 16400 0
9908.7884 9917.7064 1.122878e-16 8.619319e-17 7.198629e-02 16 0
9913.6464 9922.5687 6.903799e-17 8.512817e-17 4.345213e-02 0 0
9918.5044 9927.4310 -5.907022e-17 8.548675e-17 -3.873844e-02 16400 0
9923.3622 9932.2933 9.583144e-17 8.553548e-17 5.932907e-02 16 0
9928.2200 9937.1554 -9.270260e-17 9.316541e-17 -5.950922e-02 16400 0
9933.0778 9942.0175 -1.259199e-16 8.701358e-17 -7.995828e-02 16400 0
9937.9354 9946.8796 -2.798714e-16 1.387414e-16 -1.757684e-01 16400 0
9942.7930 9951.7415 2.232345e-15 1.129333e-16 1.373498e+00 0 0
9947.6505 9956.6034 8.795382e-16 1.008756e-16 5.308039e-01 256 0
9952.5080 9961.4653 9.458174e-17 9.756141e-17 5.466473e-02 16 0
9957.3654 9966.3270 -2.260233e-16 1.253714e-16 -1.356949e-01 16400 0
9962.2227 9971.1887 4.200934e-18 9.051112e-17 1.786194e-03 0 0
9967.0799 9976.0503 1.458475e-15 2.705357e-16 8.443297e-01 272 0
9971.9371 9980.9119 -4.779529e-17 1.507742e-16 -2.770444e-02 16400 0
9976.7942 9985.7733 4.818472e-17 1.104152e-16 2.577759e-02 16 0
9981.6513 9990.6348 -4.300153e-17 1.017566e-16 -2.433621e-02 16400 0
9986.5082 9995.4961 1.201042e-16 9.698498e-17 6.401037e-02 0 0
9991.3651 10000.3574 -2.023851e-16 1.486477e-16 -1.117789e-01 16400 0
9996.2220 10005.2186 -2.995328e-16 1.062307e-16 -1.634030e-01 16400 0
10001.0787 10010.0797 4.166414e-17 1.035321e-16 2.074409e-02 0 0
10005.9354 10014.9408 -3.216037e-17 1.023966e-16 -1.710823e-02 16400 0
10010.7921 10019.8018 -2.573267e-17 1.081197e-16 -1.358103e-02 0 0
10015.6486 10024.6627 1.065062e-16 1.101888e-16 5.235773e-02 0 0
10020.5051 10029.5235 3.115442e-15 1.627335e-16 1.581080e+00 272 0
10025.3615 10034.3843 6.568913e-15 1.906167e-16 3.301564e+00 272 0
10030.2178 10039.2450 4.005148e-15 1.751303e-16 1.981737e+00 272 0
10035.0741 10044.1057 -1.442387e-16 1.234440e-16 -7.090852e-02 16400 0
10039.9303 10048.9662 1.552067e-16 1.173899e-16 7.177170e-02 16 0
10044.7864 10053.8267 4.670926e-17 1.130217e-16 2.048972e-02 0 0
10049.6425 10058.6872 -4.178001e-17 1.375413e-16 -1.970023e-02 16400 0
10054.4985 10063.5475 -3.109223e-17 1.241122e-16 -1.465278e-02 16 0
10059.3544 10068.4078 1.350459e-16 1.236401e-16 5.868921e-02 16 0
10064.2102 10073.2680 -1.035409e-16 1.576870e-16 -4.673950e-02 16400 0
10069.0660 10078.1282 -7.390433e-16 2.950755e-16 -3.286678e-01 16400 0
10073.9217 10082.9883 8.908573e-17 1.409233e-16 3.648977e-02 16 0
10078.7774 10087.8483 3.893322e-17 1.253738e-16 1.503105e-02 0 0
10083.6329 10092.7082 2.338527e-15 1.619639e-16 9.814606e-01 272 0
10088.4884 10097.5680 3.203413e-15 1.776191e-16 1.326122e+00 272 0
10093.3438 10102.4278 8.587440e-16 1.745172e-16 3.452809e-01 272 0
10098.1992 10107.2875 -3.154313e-16 2.403261e-16 -1.275702e-01 16400 0
10103.0544 10112.1472 -2.676994e-16 1.524606e-16 -1.064639e-01 16400 0
10107.9096 10117.0068 -3.592139e-17 1.590679e-16 -1.450667e-02 16 0
10112.7648 10121.8662 -9.245042e-16 3.799623e-16 -3.552174e-01 16400 0
10117.6198 10126.7257 2.019984e-16 1.659300e-16 7.253684e-02 16 0
10122.4748 10131.5850 -8.639960e-17 1.744274e-16 -3.203116e-02 16400 0
10127.3297 10136.4443 -3.633033e-16 1.511618e-16 -1.322382e-01 16400 0
10132.1845 10141.3035 -8.821033e-17 1.504349e-16 -3.151291e-02 16384 0
10137.0393 10146.1626 -1.922796e-16 1.932821e-16 -6.739239e-02 16400 0
10141.8940 10151.0217 7.828271e-17 1.715040e-16 2.453689e-02 16 0
10146.7486 10155.8807 3.103177e-16 1.773670e-16 1.001388e-01 16 0
10151.6032 10160.7396 -3.835509e-16 1.672559e-16 -1.266677e-01 16384 0
10156.4576 10165.5985 7.351306e-16 1.784128e-16 2.312400e-01 256 0
10161.3120 10170.4572 7.821227e-18 1.745113e-16 9.369664e-04 16 0
10166.1664 10175.3159 8.993485e-17 1.918249e-16 2.538197e-02 16 0
10171.0206 10180.1745 -5.613399e-17 2.275814e-16 -1.763904e-02 16 0
10175.8748 10185.0331 -6.344840e-17 1.891590e-16 -1.936347e-02 0 0
10180.7289 10189.8916 -4.604018e-16 2.043605e-16 -1.334402e-01 16656 0
10185.5829 10194.7500 -9.112139e-16 2.006902e-16 -2.580172e-01 16656 0
10190.4369 10199.6083 7.379264e-17 2.010561e-16 2.040341e-02 16384 0
10195.2908 10204.4665 2.259346e-16 2.201958e-16 6.077521e-02 16 0
10200.1446 10209.3247 1.777933e-16 2.077348e-16 4.679574e-02 16384 0
10204.9983 10214.1828 8.178323e-17 2.104143e-16 2.099027e-02 16384 0
10209.8520 10219.0408 4.672807e-16 2.271328e-16 1.146200e-01 16 0
10214.7056 10223.8988 2.942309e-16 2.393328e-16 7.066609e-02 16 0
10219.5591 10228.7567 1.342131e-19 2.405121e-16 3.185682e-05 16400 0
10224.4125 10233.6145 3.955593e-16 2.798253e-16 8.831769e-02 16 0
10229.2659 10238.4722 3.836906e-16 5.234623e-16 8.289055e-02 528 0
