# M82-SN ocb157030 G430L CCD z=0.00068 a2center=894.0 extrsize=17 exptime=160.0 mode=adaptive_es17@0.98 flags=none
# rest_wvl obs_wvl flux error net dq mask
2883.4798 2885.4406 -2.390438e-14 4.382931e-14 -1.369993e-01 528 0
2886.2227 2888.1853 1.552517e-14 3.278145e-14 5.790967e-02 528 0
2888.9655 2890.9300 -3.675210e-14 2.546197e-14 -3.167866e-01 16896 0
2891.7084 2893.6748 -3.426463e-14 2.082249e-14 -3.556992e-01 16896 0
2894.4513 2896.4195 -8.329836e-15 1.803687e-14 -1.152092e-01 512 0
2897.1942 2899.1643 -9.957550e-17 1.598860e-14 -3.044720e-02 528 0
2899.9372 2901.9092 -9.142065e-15 1.396385e-14 -1.434167e-01 16896 0
2902.6802 2904.6540 -1.454522e-14 1.282105e-14 -2.540131e-01 16896 0
2905.4232 2907.3989 2.710561e-15 1.290794e-14 3.564333e-02 528 0
2908.1662 2910.1438 -7.632891e-15 9.989392e-15 -1.655433e-01 16896 0
2910.9092 2912.8887 -8.866472e-15 9.076486e-15 -2.146016e-01 16896 0
2913.6523 2915.6336 -2.487463e-14 8.295321e-15 -6.702723e-01 16912 0
2916.3954 2918.3785 -8.307155e-15 7.330162e-15 -2.501866e-01 16912 0
2919.1385 2921.1235 -2.848093e-15 6.514459e-15 -9.587184e-02 16896 0
2921.8816 2923.8685 -5.109412e-15 5.870123e-15 -1.930806e-01 16912 0
2924.6248 2926.6135 4.655805e-15 5.774466e-15 1.564621e-01 528 0
2927.3680 2929.3586 8.557431e-15 5.176119e-15 3.457466e-01 528 0
2930.1112 2932.1036 1.483245e-13 1.051701e-14 7.793517e+00 528 0
2932.8544 2934.8487 -3.367624e-15 5.808245e-15 -2.098666e-01 16912 0
2935.5976 2937.5938 9.450785e-16 3.098156e-15 4.331274e-02 512 0
2938.3409 2940.3390 4.814155e-16 2.724738e-15 1.898536e-02 512 0
2941.0842 2943.0841 -1.855093e-15 2.526619e-15 -1.679341e-01 16912 0
2943.8275 2945.8293 -4.781939e-15 2.300273e-15 -4.827824e-01 16912 0
2946.5708 2948.5745 -1.906018e-15 2.019372e-15 -2.140326e-01 16912 0
2949.3141 2951.3197 4.170512e-16 1.779776e-15 3.020801e-02 512 0
2952.0575 2954.0649 2.807380e-15 1.675672e-15 3.198812e-01 528 0
2954.8009 2956.8102 -2.822045e-15 1.582075e-15 -4.201097e-01 16912 0
2957.5443 2959.5554 -8.331577e-16 1.347926e-15 -1.343069e-01 16912 0
2960.2878 2962.3007 7.004140e-16 1.300311e-15 9.034090e-02 512 0
2963.0312 2965.0461 -1.549021e-15 1.226456e-15 -2.853447e-01 16912 0
2965.7747 2967.7914 -2.142628e-18 1.127060e-15 -1.371343e-02 0 0
2968.5182 2970.5368 8.276609e-16 1.082290e-15 1.312349e-01 0 0
2971.2617 2973.2821 2.327553e-16 1.020106e-15 2.865844e-02 0 0
2974.0052 2976.0275 -2.831340e-16 1.124692e-15 -6.528693e-02 16 0
2976.7488 2978.7730 2.733061e-15 1.015755e-15 5.320791e-01 16 0
2979.4924 2981.5184 -2.914702e-15 1.439428e-15 -6.744342e-01 16400 0
2982.2360 2984.2639 -9.747356e-17 1.005488e-15 -3.250804e-02 16 0
2984.9796 2987.0094 -1.780116e-16 9.484982e-16 -4.900918e-02 0 0
2987.7232 2989.7549 1.250104e-15 9.250907e-16 2.512388e-01 16 0
2990.4669 2992.5004 -9.423929e-16 8.962182e-16 -2.330556e-01 16400 0
2993.2106 2995.2459 1.175942e-15 8.881272e-16 2.416074e-01 0 0
2995.9543 2997.9915 1.993983e-16 8.670544e-16 2.982599e-02 0 0
2998.6980 3000.7371 9.392224e-16 9.479729e-16 1.941385e-01 16 0
3001.4417 3003.4827 1.477672e-15 1.525218e-15 3.199472e-01 16 0
3004.1855 3006.2283 1.321030e-16 8.452283e-16 1.643868e-02 16 0
3006.9293 3008.9740 4.430130e-16 8.363876e-16 8.747490e-02 0 0
3009.6731 3011.7196 6.774839e-16 8.253412e-16 1.436022e-01 0 0
3012.4169 3014.4653 8.878879e-16 1.113447e-15 1.962856e-01 16 0
3015.1607 3017.2110 4.258751e-16 7.946230e-16 8.809880e-02 0 0
3017.9046 3019.9567 1.131244e-15 7.954132e-16 2.640487e-01 16 0
3020.6484 3022.7025 4.743540e-16 7.708890e-16 1.037696e-01 0 0
3023.3923 3025.4483 -2.656317e-16 8.170274e-16 -7.777687e-02 16400 0
3026.1363 3028.1940 9.836382e-16 7.640661e-16 2.411725e-01 0 0
3028.8802 3030.9398 2.190531e-15 8.090945e-16 5.761303e-01 0 0
3031.6242 3033.6857 3.495555e-16 8.045271e-16 7.974827e-02 16 0
3034.3681 3036.4315 -1.524988e-16 7.366648e-16 -5.293794e-02 16 0
3037.1121 3039.1774 1.989212e-16 6.929652e-16 4.178968e-02 16 0
3039.8561 3041.9232 1.677610e-15 6.897553e-16 4.705719e-01 0 0
3042.6002 3044.6691 -1.624909e-16 6.530984e-16 -5.788519e-02 0 0
3045.3442 3047.4151 9.584196e-16 6.578876e-16 2.692730e-01 0 0
3048.0883 3050.1610 9.091757e-16 6.523102e-16 2.589583e-01 16 0
3050.8324 3052.9070 4.870285e-16 6.343179e-16 1.336193e-01 0 0
3053.5765 3055.6529 7.602535e-16 6.642041e-16 2.208326e-01 16 0
3056.3206 3058.3989 9.059289e-16 6.161013e-16 2.708027e-01 0 0
3059.0648 3061.1449 1.879675e-15 6.363410e-16 5.958041e-01 16 0
3061.8089 3063.8910 9.713619e-16 6.112171e-16 3.006234e-01 16 0
3064.5531 3066.6370 3.991515e-16 5.922963e-16 1.158939e-01 16 0
3067.2973 3069.3831 1.818798e-15 5.955537e-16 6.006860e-01 0 0
3070.0415 3072.1292 8.893236e-16 5.835122e-16 2.851986e-01 0 0
3072.7858 3074.8753 1.945475e-15 5.891693e-16 6.616392e-01 0 0
3075.5300 3077.6214 -1.831952e-16 5.997075e-16 -7.271639e-02 16 0
3078.2743 3080.3675 1.493877e-15 5.892539e-16 5.123262e-01 16 0
3081.0186 3083.1137 2.380345e-15 7.614289e-16 8.447917e-01 16 0
3083.7629 3085.8599 1.317729e-15 6.052310e-16 4.573605e-01 16 0
3086.5073 3088.6061 1.278790e-15 5.504361e-16 4.466787e-01 0 0
3089.2516 3091.3523 7.998341e-16 5.640152e-16 2.733210e-01 16 0
3091.9960 3094.0985 1.159024e-15 5.516645e-16 4.080877e-01 16 0
3094.7404 3096.8448 -2.213391e-16 5.402088e-16 -9.228183e-02 16400 0
3097.4848 3099.5910 1.557447e-15 5.436721e-16 5.635728e-01 0 0
3100.2292 3102.3373 1.280803e-15 5.450555e-16 4.605955e-01 16 0
3102.9736 3105.0836 6.660570e-16 5.403212e-16 2.306800e-01 16 0
3105.7181 3107.8300 1.706656e-15 5.760648e-16 6.287907e-01 0 0
3108.4625 3110.5763 8.714973e-16 5.601279e-16 3.101300e-01 0 0
3111.2070 3113.3226 5.665439e-16 7.502064e-16 1.962316e-01 16 0
3113.9515 3116.0690 1.978276e-15 5.379247e-16 7.438515e-01 0 0
3116.6961 3118.8154 1.276748e-15 5.223455e-16 4.710804e-01 0 0
3119.4406 3121.5618 1.095130e-15 5.256661e-16 4.024244e-01 16 0
3122.1852 3124.3082 9.644507e-16 5.198505e-16 3.534977e-01 16 0
3124.9297 3127.0547 1.126772e-15 5.335616e-16 4.190530e-01 16 0
3127.6743 3129.8012 1.262567e-15 5.165126e-16 4.752617e-01 0 0
3130.4189 3132.5476 1.381091e-15 5.448278e-16 5.254202e-01 16 0
3133.1636 3135.2941 1.279609e-15 5.168946e-16 4.876183e-01 0 0
3135.9082 3138.0406 -1.493230e-16 6.942812e-16 -6.808862e-02 16 0
3138.6529 3140.7872 1.441834e-15 5.217834e-16 5.598114e-01 16 0
3141.3976 3143.5337 5.693418e-16 4.988151e-16 2.096015e-01 0 0
3144.1423 3146.2803 1.993731e-15 5.381611e-16 7.973174e-01 16 0
3146.8870 3149.0269 2.000295e-15 5.075586e-16 8.052517e-01 0 0
3149.6317 3151.7734 1.368831e-15 5.042122e-16 5.438935e-01 16 0
3152.3764 3154.5201 2.528374e-15 5.084393e-16 1.043920e+00 16 0
3155.1212 3157.2667 1.554038e-15 5.155028e-16 6.305413e-01 16 0
3157.8660 3160.0133 2.854175e-15 6.627139e-16 1.202473e+00 16 0
3160.6108 3162.7600 1.744828e-15 4.992267e-16 7.228112e-01 0 0
3163.3556 3165.5067 1.698155e-15 4.854294e-16 7.077397e-01 0 0
3166.1004 3168.2534 2.388774e-15 4.896064e-16 1.020506e+00 16 0
3168.8453 3171.0001 1.797336e-15 5.017597e-16 7.626963e-01 16 0
3171.5901 3173.7468 9.552707e-16 4.690627e-16 3.944825e-01 16 0
3174.3350 3176.4935 1.666239e-15 4.916624e-16 7.149248e-01 16 0
3177.0799 3179.2403 1.666037e-15 4.951794e-16 7.201213e-01 16 0
3179.8248 3181.9871 1.605581e-15 4.625227e-16 6.977450e-01 0 0
3182.5697 3184.7339 2.039177e-15 4.924867e-16 9.035532e-01 16 0
3185.3147 3187.4807 1.655050e-15 4.525198e-16 7.308928e-01 0 0
3188.0596 3190.2275 1.749421e-15 4.481087e-16 7.803947e-01 0 0
3190.8046 3192.9743 2.105389e-15 4.544443e-16 9.549088e-01 16 0
3193.5496 3195.7212 1.890033e-15 4.511589e-16 8.589302e-01 0 0
3196.2946 3198.4680 1.892031e-15 4.563363e-16 8.663076e-01 16 0
3199.0396 3201.2149 2.449582e-15 4.514841e-16 1.144540e+00 16 0
3201.7846 3203.9618 2.527587e-15 7.426927e-16 1.191767e+00 16 0
3204.5297 3206.7087 1.271126e-15 4.886808e-16 5.832667e-01 16 0
3207.2747 3209.4557 1.481693e-15 5.480630e-16 6.907265e-01 16 0
3210.0198 3212.2026 1.455810e-15 4.301974e-16 6.832144e-01 16 0
3212.7649 3214.9496 1.178520e-15 4.489175e-16 5.508735e-01 16 0
3215.5100 3217.6966 1.983171e-15 4.299191e-16 9.594076e-01 0 0
3218.2551 3220.4435 2.644285e-15 4.297436e-16 1.305999e+00 0 0
3221.0003 3223.1905 2.372910e-15 4.839145e-16 1.173632e+00 16 0
3223.7454 3225.9376 1.855345e-15 4.172862e-16 9.122635e-01 0 0
3226.4906 3228.6846 1.682924e-15 4.141824e-16 8.282197e-01 0 0
3229.2358 3231.4317 1.702591e-15 4.717293e-16 8.430731e-01 16 0
3231.9810 3234.1787 1.616975e-15 4.094308e-16 8.029819e-01 0 0
3234.7262 3236.9258 1.270917e-15 4.531552e-16 6.264173e-01 16 0
3237.4714 3239.6729 2.112186e-15 4.158239e-16 1.073891e+00 0 0
3240.2167 3242.4200 1.655246e-15 4.017882e-16 8.353055e-01 0 0
3242.9619 3245.1671 6.996413e-16 3.968752e-16 3.377178e-01 16 0
3245.7072 3247.9143 1.049373e-15 4.098481e-16 5.213621e-01 0 0
3248.4525 3250.6614 1.238392e-15 4.148895e-16 6.235919e-01 0 0
3251.1978 3253.4086 1.630948e-15 4.326785e-16 8.366430e-01 16 0
3253.9431 3256.1558 2.586355e-15 4.182895e-16 1.362563e+00 0 0
3256.6884 3258.9029 1.168654e-15 3.858190e-16 5.938179e-01 0 0
3259.4337 3261.6502 9.179818e-16 3.921948e-16 4.619993e-01 16 0
3262.1791 3264.3974 1.883393e-15 4.200204e-16 9.893422e-01 16 0
3264.9245 3267.1446 1.948794e-15 4.004128e-16 1.029879e+00 16 0
3267.6698 3269.8919 1.770136e-15 4.048279e-16 9.350712e-01 16 0
3270.4152 3272.6391 1.387998e-15 3.860742e-16 7.273715e-01 16 0
3273.1607 3275.3864 1.320220e-15 3.869929e-16 6.931766e-01 0 0
3275.9061 3278.1337 1.723365e-15 3.881519e-16 9.217718e-01 16 0
3278.6515 3280.8810 1.463803e-15 3.821483e-16 7.800624e-01 16 0
3281.3970 3283.6283 3.889367e-15 4.189245e-16 2.180432e+00 16 0
3284.1424 3286.3757 1.444589e-15 3.996934e-16 7.766042e-01 0 0
3286.8879 3289.1230 1.420572e-15 3.839701e-16 7.666005e-01 0 0
3289.6334 3291.8704 1.568337e-15 3.762875e-16 8.546451e-01 0 0
3292.3789 3294.6177 1.723164e-15 3.800923e-16 9.477984e-01 16 0
3295.1244 3297.3651 1.225941e-15 3.813794e-16 6.653508e-01 0 0
3297.8700 3300.1125 1.695771e-15 3.865155e-16 9.401913e-01 0 0
3300.6155 3302.8599 1.977356e-15 3.784212e-16 1.109432e+00 0 0
3303.3611 3305.6073 1.833020e-15 3.786243e-16 1.028885e+00 16 0
3306.1066 3308.3548 2.407082e-15 3.761664e-16 1.374608e+00 0 0
3308.8522 3311.1022 1.908803e-15 3.885555e-16 1.082361e+00 16 0
3311.5978 3313.8497 1.326822e-15 3.780513e-16 7.414335e-01 16 0
3314.3434 3316.5972 1.375286e-15 3.624418e-16 7.730879e-01 16 0
3317.0890 3319.3447 2.187632e-15 3.697133e-16 1.263854e+00 0 0
3319.8347 3322.0922 1.155556e-15 3.703206e-16 6.487309e-01 16 0
3322.5803 3324.8397 2.798719e-15 5.165105e-16 1.648942e+00 16 0
3325.3260 3327.5872 2.475144e-15 3.780691e-16 1.456301e+00 16 0
3328.0717 3330.3347 2.315848e-15 3.643140e-16 1.364170e+00 0 0
3330.8173 3333.0823 2.111224e-15 3.706964e-16 1.243637e+00 0 0
3333.5630 3335.8299 2.238938e-15 3.723551e-16 1.328425e+00 16 0
3336.3087 3338.5774 2.240141e-15 3.652964e-16 1.335201e+00 16 0
3339.0545 3341.3250 2.232336e-15 3.589475e-16 1.336364e+00 0 0
3341.8002 3344.0726 2.962613e-15 3.746260e-16 1.804828e+00 16 0
3344.5459 3346.8202 2.488779e-14 7.194202e-16 1.624431e+01 16 0
3347.2917 3349.5679 3.229310e-15 3.667801e-16 1.992644e+00 0 0
3350.0375 3352.3155 2.729094e-15 3.582955e-16 1.679106e+00 0 0
3352.7832 3355.0631 2.244806e-15 3.606344e-16 1.374864e+00 16 0
3355.5290 3357.8108 3.003097e-15 3.754926e-16 1.871884e+00 16 0
3358.2748 3360.5585 2.886134e-15 3.676242e-16 1.803545e+00 0 0
3361.0207 3363.3062 2.814296e-15 3.524894e-16 1.764139e+00 0 0
3363.7665 3366.0539 2.890661e-15 3.514469e-16 1.821712e+00 0 0
3366.5123 3368.8016 3.765815e-15 3.627788e-16 2.409859e+00 0 0
3369.2582 3371.5493 3.182810e-15 3.534697e-16 2.030856e+00 0 0
3372.0040 3374.2970 3.342237e-15 3.572841e-16 2.145794e+00 0 0
3374.7499 3377.0447 3.937018e-15 3.635546e-16 2.555178e+00 0 0
3377.4958 3379.7925 3.987680e-15 3.628685e-16 2.600158e+00 16 0
3380.2417 3382.5403 3.571467e-15 3.573758e-16 2.328241e+00 0 0
3382.9876 3385.2880 3.956742e-15 3.962120e-16 2.601196e+00 0 0
3385.7335 3388.0358 4.649016e-15 4.513845e-16 3.088824e+00 16 0
3388.4795 3390.7836 4.383925e-15 4.135977e-16 2.919110e+00 16 0
3391.2254 3393.5314 4.101245e-15 3.666049e-16 2.736199e+00 16 0
3393.9713 3396.2792 4.058383e-15 3.731377e-16 2.718833e+00 16 0
3396.7173 3399.0271 3.051588e-15 3.831494e-16 2.029971e+00 16 0
3399.4633 3401.7749 4.837872e-15 3.976146e-16 3.292909e+00 16 0
3402.2093 3404.5228 3.934526e-15 3.490627e-16 2.669469e+00 0 0
3404.9553 3407.2706 4.163026e-15 3.677575e-16 2.843761e+00 16 0
3407.7013 3410.0185 4.393782e-15 4.197272e-16 3.021304e+00 16 0
3410.4473 3412.7664 3.892152e-15 3.480612e-16 2.675809e+00 16 0
3413.1933 3415.5143 3.661465e-15 3.449563e-16 2.522160e+00 16 0
3415.9393 3418.2622 3.935248e-15 4.379690e-16 2.730118e+00 16 0
3418.6854 3421.0101 4.144530e-15 3.426145e-16 2.893110e+00 16 0
3421.4314 3423.7580 5.089270e-15 3.608239e-16 3.594056e+00 16 0
3424.1775 3426.5060 5.139260e-15 3.529723e-16 3.644991e+00 0 0
3426.9236 3429.2539 4.857537e-15 3.747659e-16 3.451438e+00 16 0
3429.6697 3432.0019 4.106353e-15 4.937569e-16 2.910618e+00 16 0
3432.4158 3434.7498 4.970984e-15 3.738671e-16 3.561554e+00 16 0
3435.1619 3437.4978 4.535018e-15 3.628606e-16 3.250484e+00 16 0
3437.9080 3440.2458 4.534311e-15 3.395995e-16 3.261788e+00 0 0
3440.6541 3442.9938 4.023854e-15 3.384856e-16 2.892335e+00 16 0
3443.4003 3445.7418 3.838594e-15 3.866731e-16 2.764195e+00 16 0
3446.1464 3448.4898 5.506785e-15 3.649789e-16 4.032998e+00 16 0
3448.8926 3451.2378 4.901610e-15 3.440398e-16 3.588392e+00 16 0
3451.6387 3453.9858 4.766547e-15 3.524513e-16 3.499090e+00 16 0
3454.3849 3456.7339 5.389324e-15 3.437802e-16 3.987929e+00 0 0
3457.1311 3459.4819 5.106806e-15 3.391006e-16 3.786001e+00 0 0
3459.8773 3462.2300 4.891168e-15 3.348030e-16 3.633965e+00 0 0
3462.6235 3464.9781 5.927994e-15 3.594395e-16 4.449380e+00 0 0
3465.3697 3467.7262 5.035970e-15 3.511939e-16 3.772633e+00 0 0
3468.1159 3470.4742 5.447276e-15 3.599793e-16 4.106279e+00 16 0
3470.8622 3473.2223 6.026045e-15 3.452535e-16 4.573599e+00 0 0
3473.6084 3475.9705 6.281114e-15 3.544275e-16 4.789812e+00 16 0
3476.3546 3478.7186 5.619159e-15 3.638921e-16 4.283663e+00 0 0
3479.1009 3481.4667 5.687883e-15 3.453149e-16 4.351315e+00 0 0
3481.8472 3484.2148 6.927885e-15 3.671495e-16 5.349261e+00 16 0
3484.5934 3486.9630 7.004972e-15 3.580179e-16 5.426534e+00 0 0
3487.3397 3489.7111 6.566072e-15 3.504169e-16 5.091144e+00 16 0
3490.0860 3492.4593 6.539160e-15 3.455695e-16 5.083688e+00 0 0
3492.8323 3495.2075 7.317373e-15 3.552540e-16 5.723396e+00 16 0
3495.5786 3497.9556 8.476750e-15 3.656599e-16 6.675312e+00 0 0
3498.3250 3500.7038 7.425863e-15 3.540819e-16 5.841135e+00 0 0
3501.0713 3503.4520 8.074390e-15 3.631403e-16 6.382970e+00 16 0
3503.8176 3506.2002 7.182957e-15 3.563752e-16 5.673729e+00 0 0
3506.5640 3508.9484 8.967132e-15 3.777061e-16 7.144918e+00 16 0
3509.3103 3511.6966 8.544122e-15 3.632087e-16 6.816012e+00 0 0
3512.0567 3514.4449 8.834937e-15 3.656803e-16 7.071974e+00 0 0
3514.8030 3517.1931 8.824214e-15 3.641173e-16 7.080516e+00 0 0
3517.5494 3519.9413 9.014740e-15 3.700245e-16 7.254904e+00 16 0
3520.2958 3522.6896 9.105814e-15 3.685353e-16 7.347597e+00 0 0
3523.0422 3525.4379 9.391982e-15 3.700198e-16 7.602393e+00 0 0
3525.7886 3528.1861 9.661564e-15 3.743430e-16 7.844273e+00 0 0
3528.5350 3530.9344 1.534242e-14 4.232125e-16 1.261464e+01 16 0
3531.2814 3533.6827 1.089437e-14 4.106735e-16 8.910164e+00 16 0
3534.0278 3536.4310 9.060733e-15 4.123137e-16 7.392053e+00 0 0
3536.7743 3539.1793 1.079226e-14 3.775283e-16 8.861537e+00 0 0
3539.5207 3541.9276 1.095597e-14 4.265124e-16 9.017245e+00 16 0
3542.2672 3544.6759 1.147065e-14 3.897917e-16 9.470161e+00 16 0
3545.0136 3547.4242 1.102729e-14 3.950925e-16 9.114026e+00 16 0
3547.7601 3550.1725 1.197443e-14 3.895835e-16 9.935546e+00 16 0
3550.5065 3552.9209 1.205774e-14 3.911014e-16 1.002604e+01 16 0
3553.2530 3555.6692 1.207753e-14 3.932966e-16 1.006304e+01 0 0
3555.9995 3558.4176 1.306790e-14 4.091953e-16 1.092936e+01 16 0
3558.7460 3561.1659 1.201328e-14 3.936980e-16 1.004968e+01 16 0
3561.4925 3563.9143 1.229548e-14 3.917350e-16 1.031298e+01 16 0
3564.2390 3566.6627 1.273276e-14 3.912900e-16 1.071083e+01 0 0
3566.9855 3569.4110 1.335286e-14 3.981858e-16 1.126849e+01 0 0
3569.7320 3572.1594 1.309291e-14 4.083357e-16 1.106867e+01 16 0
3572.4785 3574.9078 1.255081e-14 4.343609e-16 1.062412e+01 16 0
3575.2251 3577.6562 1.388803e-14 4.114761e-16 1.180688e+01 16 0
3577.9716 3580.4046 1.277308e-14 3.908833e-16 1.086331e+01 16 0
3580.7181 3583.1530 1.243230e-14 3.887524e-16 1.058977e+01 16 0
3583.4647 3585.9014 1.257675e-14 3.949462e-16 1.073765e+01 16 0
3586.2112 3588.6499 1.300008e-14 3.872350e-16 1.112967e+01 0 0
3588.9578 3591.3983 1.231609e-14 3.819096e-16 1.055263e+01 0 0
3591.7044 3594.1467 1.262678e-14 3.839500e-16 1.084624e+01 0 0
3594.4509 3596.8952 1.168896e-14 3.788254e-16 1.004319e+01 0 0
3597.1975 3599.6436 1.183660e-14 3.781081e-16 1.019354e+01 0 0
3599.9441 3602.3921 1.206850e-14 3.922153e-16 1.041776e+01 16 0
3602.6907 3605.1405 1.199358e-14 4.927265e-16 1.037322e+01 16 0
3605.4373 3607.8890 1.287419e-14 3.875809e-16 1.117564e+01 16 0
3608.1839 3610.6375 1.241081e-14 4.030628e-16 1.079032e+01 16 0
3610.9305 3613.3859 1.186598e-14 3.915222e-16 1.033203e+01 16 0
3613.6771 3616.1344 1.172842e-14 3.904585e-16 1.023748e+01 0 0
3616.4238 3618.8829 1.283228e-14 3.877969e-16 1.125514e+01 0 0
3619.1704 3621.6314 1.310615e-14 3.960884e-16 1.153677e+01 16 0
3621.9170 3624.3799 1.344859e-14 3.907577e-16 1.188413e+01 16 0
3624.6637 3627.1284 1.400437e-14 3.941379e-16 1.242963e+01 0 0
3627.4103 3629.8769 1.380636e-14 4.065788e-16 1.229611e+01 16 0
3630.1569 3632.6255 1.362542e-14 3.833763e-16 1.217911e+01 0 0
3632.9036 3635.3740 1.460808e-14 3.940761e-16 1.312769e+01 1040 0
3635.6503 3638.1225 1.461638e-14 3.905575e-16 1.318884e+01 1024 0
3638.3969 3640.8710 1.495392e-14 3.940647e-16 1.355418e+01 1040 0
3641.1436 3643.6196 1.470193e-14 4.052881e-16 1.337559e+01 1024 0
3643.8903 3646.3681 1.440701e-14 4.156468e-16 1.315395e+01 1040 0
3646.6370 3649.1167 1.582501e-14 3.996402e-16 1.453038e+01 1040 0
3649.3836 3651.8652 1.663809e-14 4.223156e-16 1.534735e+01 1040 0
3652.1303 3654.6138 1.741553e-14 4.117408e-16 1.613525e+01 1024 0
3654.8770 3657.3623 1.757558e-14 4.113723e-16 1.634123e+01 1040 0
3657.6237 3660.1109 1.701230e-14 4.294233e-16 1.586085e+01 1040 0
3660.3704 3662.8595 1.718500e-14 4.076908e-16 1.607476e+01 1040 0
3663.1171 3665.6081 1.702707e-14 4.021131e-16 1.597374e+01 1040 0
3665.8638 3668.3566 1.693748e-14 4.059038e-16 1.593595e+01 1040 0
3668.6106 3671.1052 1.649838e-14 4.141700e-16 1.556289e+01 1040 0
3671.3573 3673.8538 1.628202e-14 4.180611e-16 1.540257e+01 1040 0
3674.1040 3676.6024 1.565563e-14 3.951568e-16 1.484698e+01 1040 0
3676.8507 3679.3510 1.535362e-14 3.862016e-16 1.460459e+01 1024 0
3679.5975 3682.0996 1.506987e-14 4.265819e-16 1.438065e+01 1040 0
3682.3442 3684.8482 1.357563e-14 3.749772e-16 1.297893e+01 1040 0
3685.0910 3687.5968 1.449263e-14 3.764730e-16 1.392885e+01 1040 0
3687.8377 3690.3454 1.391004e-14 3.695764e-16 1.341732e+01 1024 0
3690.5845 3693.0941 1.324548e-14 3.978103e-16 1.282280e+01 1040 0
3693.3312 3695.8427 1.347280e-14 3.785705e-16 1.311188e+01 1040 0
3696.0780 3698.5913 2.485788e-14 4.778745e-16 2.455834e+01 1040 0
3698.8247 3701.3399 1.245066e-14 3.604716e-16 1.222596e+01 1040 0
3701.5715 3704.0886 1.787379e-14 3.976786e-16 1.776294e+01 1040 0
3704.3183 3706.8372 1.251373e-14 3.492071e-16 1.242726e+01 1024 0
3707.0651 3709.5859 1.208262e-14 3.434332e-16 1.205917e+01 1024 0
3709.8118 3712.3345 1.159663e-14 3.478985e-16 1.163218e+01 1024 0
3712.5586 3715.0831 1.183202e-14 3.433360e-16 1.194159e+01 1024 0
3715.3054 3717.8318 1.210285e-14 3.428570e-16 1.229165e+01 1024 0
3718.0522 3720.5805 1.188035e-14 3.392788e-16 1.213002e+01 0 0
3720.7990 3723.3291 1.106820e-14 3.381257e-16 1.134894e+01 16 0
3723.5458 3726.0778 1.181314e-14 3.551945e-16 1.219672e+01 16 0
3726.2926 3728.8264 1.191452e-14 3.395671e-16 1.237218e+01 0 0
3729.0394 3731.5751 1.125033e-14 3.357860e-16 1.173335e+01 16 0
3731.7862 3734.3238 1.092904e-14 3.235747e-16 1.145445e+01 0 0
3734.5330 3737.0725 1.111082e-14 3.320233e-16 1.171305e+01 16 0
3737.2798 3739.8211 1.069657e-14 3.185535e-16 1.133045e+01 0 0
3740.0266 3742.5698 1.125416e-14 3.235560e-16 1.200051e+01 0 0
3742.7734 3745.3185 1.164487e-14 3.246840e-16 1.249701e+01 0 0
3745.5202 3748.0672 1.062385e-14 3.530409e-16 1.144663e+01 0 0
3748.2670 3750.8159 1.057358e-14 3.156745e-16 1.145967e+01 16 0
3751.0139 3753.5646 1.137570e-14 3.297736e-16 1.242247e+01 16 0
3753.7607 3756.3132 9.849420e-15 3.072533e-16 1.079130e+01 0 0
3756.5075 3759.0619 1.076354e-14 3.678688e-16 1.188963e+01 16 0
3759.2543 3761.8106 1.017680e-14 3.142842e-16 1.130135e+01 0 0
3762.0012 3764.5593 1.056484e-14 3.125536e-16 1.181791e+01 16 0
3764.7480 3767.3080 1.095843e-14 3.080150e-16 1.234771e+01 0 0
3767.4949 3770.0567 1.059991e-14 3.083222e-16 1.201433e+01 0 0
3770.2417 3772.8055 1.014507e-14 3.042328e-16 1.156378e+01 0 0
3772.9885 3775.5542 1.017334e-14 3.365794e-16 1.167213e+01 16 0
3775.7354 3778.3029 1.070312e-14 3.632804e-16 1.237120e+01 16 0
3778.4822 3781.0516 1.107915e-14 3.055606e-16 1.289562e+01 0 0
3781.2291 3783.8003 1.110152e-14 3.527609e-16 1.300221e+01 16 0
3783.9759 3786.5490 1.124714e-14 3.058124e-16 1.325646e+01 16 0
3786.7228 3789.2977 1.225846e-14 3.124162e-16 1.455775e+01 0 0
3789.4696 3792.0465 1.216506e-14 3.109344e-16 1.452969e+01 16 0
3792.2165 3794.7952 1.236498e-14 3.099148e-16 1.485808e+01 0 0
3794.9633 3797.5439 1.247761e-14 3.136943e-16 1.508126e+01 16 0
3797.7102 3800.2926 1.352774e-14 3.279979e-16 1.646611e+01 16 0
3800.4570 3803.0413 1.321534e-14 3.111010e-16 1.617063e+01 0 0
3803.2039 3805.7901 1.435010e-14 3.209960e-16 1.768315e+01 16 0
3805.9507 3808.5388 1.478681e-14 3.230551e-16 1.833299e+01 16 0
3808.6976 3811.2875 1.514055e-14 3.357787e-16 1.888599e+01 16 0
3811.4445 3814.0363 1.610224e-14 3.424790e-16 2.021935e+01 16 0
3814.1913 3816.7850 1.661930e-14 3.339444e-16 2.099967e+01 16 0
3816.9382 3819.5337 1.722223e-14 3.362812e-16 2.189890e+01 0 0
3819.6851 3822.2825 1.762554e-14 3.357772e-16 2.255072e+01 0 0
3822.4319 3825.0312 1.786066e-14 3.373682e-16 2.298959e+01 0 0
3825.1788 3827.7799 1.964648e-14 3.511679e-16 2.547008e+01 0 0
3827.9257 3830.5287 2.053650e-14 3.566527e-16 2.679511e+01 16 0
3830.6725 3833.2774 2.156370e-14 3.585188e-16 2.831726e+01 0 0
3833.4194 3836.0261 2.195441e-14 3.633768e-16 2.900362e+01 16 0
3836.1663 3838.7749 2.337307e-14 3.690051e-16 3.107813e+01 0 0
3838.9131 3841.5236 2.422660e-14 3.724347e-16 3.240921e+01 0 0
3841.6600 3844.2723 2.473072e-14 3.806814e-16 3.327677e+01 16 0
3844.4069 3847.0211 2.609677e-14 3.861154e-16 3.533048e+01 16 0
3847.1538 3849.7698 2.691360e-14 3.912263e-16 3.664781e+01 16 0
3849.9006 3852.5186 2.814071e-14 3.900118e-16 3.854475e+01 0 0
3852.6475 3855.2673 3.033583e-14 4.023838e-16 4.180643e+01 0 0
3855.3944 3858.0160 3.236506e-14 4.156197e-16 4.486980e+01 16 0
3858.1412 3860.7648 3.312522e-14 4.185928e-16 4.617899e+01 0 0
3860.8881 3863.5135 3.345927e-14 4.178093e-16 4.689830e+01 16 0
3863.6350 3866.2622 3.544446e-14 4.254361e-16 4.997267e+01 0 0
3866.3818 3869.0110 3.659884e-14 4.558290e-16 5.189144e+01 16 0
3869.1287 3871.7597 3.773041e-14 4.377231e-16 5.379789e+01 0 0
3871.8756 3874.5085 4.008781e-14 4.495127e-16 5.749530e+01 16 0
3874.6225 3877.2572 4.085682e-14 4.723183e-16 5.892250e+01 16 0
3877.3693 3880.0059 4.109506e-14 4.470361e-16 5.958738e+01 0 0
3880.1162 3882.7547 4.134742e-14 4.497281e-16 6.027805e+01 16 0
3882.8631 3885.5034 4.286260e-14 4.551271e-16 6.283709e+01 0 0
3885.6099 3888.2522 4.489877e-14 4.789313e-16 6.619113e+01 16 0
3888.3568 3891.0009 4.394439e-14 4.842722e-16 6.510805e+01 0 0
3891.1037 3893.7496 4.595015e-14 4.897458e-16 6.844225e+01 16 0
3893.8505 3896.4984 4.644024e-14 5.161089e-16 6.951631e+01 16 0
3896.5974 3899.2471 4.858312e-14 4.713270e-16 7.309122e+01 0 0
3899.3443 3901.9958 4.852146e-14 4.727930e-16 7.333633e+01 0 0
3902.0911 3904.7445 4.914342e-14 4.748960e-16 7.461470e+01 0 0
3904.8380 3907.4933 4.977471e-14 4.791376e-16 7.591013e+01 16 0
3907.5848 3910.2420 5.060750e-14 4.789958e-16 7.751335e+01 16 0
3910.3317 3912.9907 5.245603e-14 4.888417e-16 8.069815e+01 16 0
3913.0786 3915.7395 5.099392e-14 4.865009e-16 7.875433e+01 16 0
3915.8254 3918.4882 5.201415e-14 4.807774e-16 8.066754e+01 16 0
3918.5723 3921.2369 5.416982e-14 4.880193e-16 8.437241e+01 0 0
3921.3191 3923.9856 5.432960e-14 4.895651e-16 8.496957e+01 16 0
3924.0660 3926.7344 5.442990e-14 4.882546e-16 8.548164e+01 16 0
3926.8128 3929.4831 5.443870e-14 4.872846e-16 8.585872e+01 0 0
3929.5597 3932.2318 5.260659e-14 4.780854e-16 8.331400e+01 0 0
3932.3065 3934.9805 4.693490e-14 4.515060e-16 7.460883e+01 0 0
3935.0534 3937.7292 3.578650e-14 4.083119e-16 5.703690e+01 0 0
3937.8002 3940.4779 4.482578e-14 4.437603e-16 7.190157e+01 0 0
3940.5471 3943.2266 5.078865e-14 4.665138e-16 8.192965e+01 16 0
3943.2939 3945.9753 5.228723e-14 4.721964e-16 8.477592e+01 0 0
3946.0407 3948.7241 5.157711e-14 4.708551e-16 8.403373e+01 16 0
3948.7876 3951.4728 5.243152e-14 4.663897e-16 8.585860e+01 0 0
3951.5344 3954.2215 5.138830e-14 4.628891e-16 8.455687e+01 0 0
3954.2812 3956.9702 5.153798e-14 4.671633e-16 8.521807e+01 16 0
3957.0281 3959.7189 4.972563e-14 4.545773e-16 8.259567e+01 0 0
3959.7749 3962.4676 4.773960e-14 4.457022e-16 7.964507e+01 16 0
3962.5217 3965.2162 4.714824e-14 4.418684e-16 7.900593e+01 0 0
3965.2686 3967.9649 4.510373e-14 4.325957e-16 7.588347e+01 16 0
3968.0154 3970.7136 3.897696e-14 4.017350e-16 6.577549e+01 16 0
3970.7622 3973.4623 3.461578e-14 3.830538e-16 5.858973e+01 16 0
3973.5090 3976.2110 4.051883e-14 4.071417e-16 6.891113e+01 16 0
3976.2558 3978.9597 4.223687e-14 4.134780e-16 7.210194e+01 0 0
3979.0026 3981.7083 4.275440e-14 4.284160e-16 7.322857e+01 16 0
3981.7494 3984.4570 4.162223e-14 4.144449e-16 7.149589e+01 16 0
3984.4962 3987.2057 3.950251e-14 4.019811e-16 6.802738e+01 0 0
3987.2430 3989.9544 3.996499e-14 4.053545e-16 6.902335e+01 16 0
3989.9898 3992.7030 3.865356e-14 3.952541e-16 6.692760e+01 0 0
3992.7366 3995.4517 3.983306e-14 4.028105e-16 6.917038e+01 16 0
3995.4834 3998.2003 3.808179e-14 3.939522e-16 6.628558e+01 0 0
3998.2302 4000.9490 3.850767e-14 3.946096e-16 6.720898e+01 16 0
4000.9770 4003.6976 3.748899e-14 3.928247e-16 6.559451e+01 16 0
4003.7238 4006.4463 3.690345e-14 3.837132e-16 6.473653e+01 0 0
4006.4705 4009.1949 3.903857e-14 4.214407e-16 6.870290e+01 16 0
4009.2173 4011.9436 3.784883e-14 3.902724e-16 6.678348e+01 16 0
4011.9641 4014.6922 3.858483e-14 3.917339e-16 6.829486e+01 16 0
4014.7108 4017.4409 3.859812e-14 3.905964e-16 6.852353e+01 16 0
4017.4576 4020.1895 3.861895e-14 3.916193e-16 6.877561e+01 16 0
4020.2044 4022.9381 3.889527e-14 3.895069e-16 6.948827e+01 0 0
4022.9511 4025.6867 3.901473e-14 4.191556e-16 6.992893e+01 16 0
4025.6979 4028.4354 3.877034e-14 3.894329e-16 6.971071e+01 16 0
4028.4446 4031.1840 3.837294e-14 3.918353e-16 6.921571e+01 0 0
4031.1914 4033.9326 3.900211e-14 3.889244e-16 7.058487e+01 0 0
4033.9381 4036.6812 3.943310e-14 3.901226e-16 7.160145e+01 16 0
4036.6848 4039.4298 3.837898e-14 3.830720e-16 6.989325e+01 0 0
4039.4316 4042.1784 3.802876e-14 3.819228e-16 6.946257e+01 16 0
4042.1783 4044.9270 3.835855e-14 3.843830e-16 7.027656e+01 16 0
4044.9250 4047.6756 3.800509e-14 3.916394e-16 6.982376e+01 16 0
4047.6717 4050.4242 3.910885e-14 3.924859e-16 7.206082e+01 16 0
4050.4185 4053.1727 3.860626e-14 3.832404e-16 7.130736e+01 16 0
4053.1652 4055.9213 3.930781e-14 3.868916e-16 7.278632e+01 16 0
4055.9119 4058.6699 3.861715e-14 3.870267e-16 7.165823e+01 16 0
4058.6586 4061.4185 3.927399e-14 3.836226e-16 7.303765e+01 0 0
4061.4053 4064.1670 4.018372e-14 3.924090e-16 7.487994e+01 16 0
4064.1519 4066.9156 4.038874e-14 3.881021e-16 7.539613e+01 16 0
4066.8986 4069.6641 4.120690e-14 4.126256e-16 7.705285e+01 16 0
4069.6453 4072.4127 4.111950e-14 3.930397e-16 7.699829e+01 0 0
4072.3920 4075.1612 4.147930e-14 3.930495e-16 7.777045e+01 16 0
4075.1387 4077.9098 4.264411e-14 3.962490e-16 8.005787e+01 0 0
4077.8853 4080.6583 4.244292e-14 3.946346e-16 7.975211e+01 16 0
4080.6320 4083.4068 4.365239e-14 4.073001e-16 8.211190e+01 16 0
4083.3786 4086.1553 4.335563e-14 3.999656e-16 8.161297e+01 16 0
4086.1253 4088.9038 4.334010e-14 4.326113e-16 8.164668e+01 0 0
4088.8719 4091.6524 4.339723e-14 3.986305e-16 8.181569e+01 16 0
4091.6186 4094.4009 4.391530e-14 4.093737e-16 8.286249e+01 16 0
4094.3652 4097.1494 4.376846e-14 4.004612e-16 8.264895e+01 16 0
4097.1118 4099.8979 4.476483e-14 4.451394e-16 8.461472e+01 0 0
4099.8584 4102.6464 4.458631e-14 4.031982e-16 8.435536e+01 16 0
4102.6051 4105.3948 4.559594e-14 4.049359e-16 8.636780e+01 0 0
4105.3517 4108.1433 4.571628e-14 4.085164e-16 8.670085e+01 16 0
4108.0983 4110.8918 4.681021e-14 4.124247e-16 8.890370e+01 16 0
4110.8449 4113.6402 4.753808e-14 4.156166e-16 9.042760e+01 16 0
4113.5915 4116.3887 4.767903e-14 4.132566e-16 9.084074e+01 16 0
4116.3381 4119.1372 4.904710e-14 4.196287e-16 9.362735e+01 0 0
4119.0846 4121.8856 4.883033e-14 4.199176e-16 9.338377e+01 16 0
4121.8312 4124.6341 5.012965e-14 4.228367e-16 9.607520e+01 0 0
4124.5778 4127.3825 5.028652e-14 4.230467e-16 9.657633e+01 0 0
4127.3243 4130.1309 5.030226e-14 4.213320e-16 9.681631e+01 16 0
4130.0709 4132.8793 5.216429e-14 4.291755e-16 1.006416e+02 16 0
4132.8174 4135.6278 5.269719e-14 4.311096e-16 1.019058e+02 16 0
4135.5640 4138.3762 5.127933e-14 4.913059e-16 9.937499e+01 16 0
4138.3105 4141.1246 5.302862e-14 4.294272e-16 1.030196e+02 0 0
4141.0570 4143.8730 5.279018e-14 4.282059e-16 1.027890e+02 0 0
4143.8036 4146.6214 5.289537e-14 4.312283e-16 1.032289e+02 16 0
4146.5501 4149.3697 5.363408e-14 4.326512e-16 1.049156e+02 0 0
4149.2966 4152.1181 5.332086e-14 4.352832e-16 1.045308e+02 16 0
4152.0431 4154.8665 5.425863e-14 4.336543e-16 1.066171e+02 0 0
4154.7896 4157.6148 5.422161e-14 4.301191e-16 1.067787e+02 0 0
4157.5361 4160.3632 5.477627e-14 4.331027e-16 1.081178e+02 16 0
4160.2826 4163.1116 5.427287e-14 4.381253e-16 1.073565e+02 16 0
4163.0290 4165.8599 5.452215e-14 4.337695e-16 1.080931e+02 16 0
4165.7755 4168.6082 5.432838e-14 4.283127e-16 1.079445e+02 0 0
4168.5220 4171.3566 5.525130e-14 4.357791e-16 1.100339e+02 16 0
4171.2684 4174.1049 5.440462e-14 4.657789e-16 1.085849e+02 0 0
4174.0149 4176.8532 5.413693e-14 5.209015e-16 1.082921e+02 16 0
4176.7613 4179.6015 5.533019e-14 4.299671e-16 1.109410e+02 0 0
4179.5077 4182.3498 5.490930e-14 4.302145e-16 1.103395e+02 16 0
4182.2541 4185.0981 5.601603e-14 4.351101e-16 1.128301e+02 0 0
4185.0006 4187.8464 5.521354e-14 4.327328e-16 1.114503e+02 16 0
4187.7470 4190.5946 5.596719e-14 4.327714e-16 1.132278e+02 0 0
4190.4934 4193.3429 5.683477e-14 4.347812e-16 1.152315e+02 0 0
4193.2398 4196.0912 5.718729e-14 4.354071e-16 1.161874e+02 16 0
4195.9861 4198.8394 5.694656e-14 4.353443e-16 1.159174e+02 0 0
4198.7325 4201.5877 5.620130e-14 4.326713e-16 1.146099e+02 0 0
4201.4789 4204.3359 5.742860e-14 4.347457e-16 1.173289e+02 16 0
4204.2252 4207.0841 5.745559e-14 4.379939e-16 1.175754e+02 16 0
4206.9716 4209.8323 5.864561e-14 4.443295e-16 1.202006e+02 16 0
4209.7179 4212.5805 5.881871e-14 4.393978e-16 1.207222e+02 16 0
4212.4643 4215.3287 5.862009e-14 4.423922e-16 1.204656e+02 0 0
4215.2106 4218.0769 5.767721e-14 4.375756e-16 1.186597e+02 16 0
4217.9569 4220.8251 5.806683e-14 4.731572e-16 1.195986e+02 16 0
4220.7032 4223.5733 5.972318e-14 4.424781e-16 1.231545e+02 16 0
4223.4495 4226.3215 5.966379e-14 4.407825e-16 1.231576e+02 0 0
4226.1958 4229.0696 5.931726e-14 4.393015e-16 1.225633e+02 0 0
4228.9421 4231.8178 5.827852e-14 4.347397e-16 1.205320e+02 0 0
4231.6884 4234.5659 5.798013e-14 4.366420e-16 1.200406e+02 16 0
4234.4346 4237.3141 5.779686e-14 4.350865e-16 1.197922e+02 16 0
4237.1809 4240.0622 5.815456e-14 4.353161e-16 1.206768e+02 16 0
4239.9271 4242.8103 5.908817e-14 4.543558e-16 1.227762e+02 16 0
4242.6734 4245.5584 5.955190e-14 4.375612e-16 1.239143e+02 0 0
4245.4196 4248.3065 5.948852e-14 4.401664e-16 1.239584e+02 16 0
4248.1658 4251.0546 5.894201e-14 4.376174e-16 1.230001e+02 0 0
4250.9120 4253.8027 5.869256e-14 4.349905e-16 1.226711e+02 0 0
4253.6582 4256.5507 5.950326e-14 4.361560e-16 1.245866e+02 0 0
4256.4044 4259.2988 5.845504e-14 4.327597e-16 1.225986e+02 16 0
4259.1506 4262.0468 5.824547e-14 4.390071e-16 1.223885e+02 16 0
4261.8968 4264.7949 5.779685e-14 4.302110e-16 1.216731e+02 16 0
4264.6430 4267.5429 5.662542e-14 4.269381e-16 1.194296e+02 16 0
4267.3891 4270.2909 5.753694e-14 4.283272e-16 1.216007e+02 16 0
4270.1353 4273.0390 5.752004e-14 4.273444e-16 1.218104e+02 0 0
4272.8814 4275.7870 5.709388e-14 4.245355e-16 1.211504e+02 0 0
4275.6275 4278.5350 5.767010e-14 4.264244e-16 1.226369e+02 16 0
4278.3736 4281.2829 5.673949e-14 4.562305e-16 1.209028e+02 16 0
4281.1198 4284.0309 5.552745e-14 4.514581e-16 1.185606e+02 16 0
4283.8658 4286.7789 5.653685e-14 4.306963e-16 1.209863e+02 16 0
4286.6119 4289.5268 5.470769e-14 4.145565e-16 1.173107e+02 0 0
4289.3580 4292.2748 5.352095e-14 4.088475e-16 1.150056e+02 0 0
4292.1041 4295.0227 5.392899e-14 4.105800e-16 1.161409e+02 16 0
4294.8501 4297.7706 5.310098e-14 4.071498e-16 1.146018e+02 0 0
4297.5962 4300.5185 5.338404e-14 4.073369e-16 1.154727e+02 16 0
4300.3422 4303.2664 5.145985e-14 4.005215e-16 1.115360e+02 0 0
4303.0882 4306.0143 5.039228e-14 3.960640e-16 1.094464e+02 0 0
4305.8343 4308.7622 4.960084e-14 3.936884e-16 1.079509e+02 16 0
4308.5803 4311.5101 4.913624e-14 3.917289e-16 1.071636e+02 0 0
4311.3263 4314.2580 4.857035e-14 4.054442e-16 1.061451e+02 16 0
4314.0722 4317.0058 4.791503e-14 3.957026e-16 1.049175e+02 16 0
4316.8182 4319.7536 4.606634e-14 3.776247e-16 1.010500e+02 0 0
4319.5642 4322.5015 4.471365e-14 3.735770e-16 9.825914e+01 0 0
4322.3101 4325.2493 4.382618e-14 3.679888e-16 9.648262e+01 16 0
4325.0561 4327.9971 4.378330e-14 3.690164e-16 9.656546e+01 16 0
4327.8020 4330.7449 4.280732e-14 3.826321e-16 9.457079e+01 16 0
4330.5479 4333.4927 4.310888e-14 3.635348e-16 9.540559e+01 0 0
4333.2938 4336.2405 4.183188e-14 3.583210e-16 9.272363e+01 16 0
4336.0397 4338.9882 4.123810e-14 3.578387e-16 9.155738e+01 16 0
4338.7856 4341.7360 4.067092e-14 3.536900e-16 9.044576e+01 0 0
4341.5315 4344.4837 3.984455e-14 3.563303e-16 8.874899e+01 16 0
4344.2773 4347.2314 3.887878e-14 3.563364e-16 8.673801e+01 0 0
4347.0232 4349.9792 3.869098e-14 3.449361e-16 8.647625e+01 0 0
4349.7690 4352.7269 3.835142e-14 3.430708e-16 8.587446e+01 0 0
4352.5148 4355.4746 3.761878e-14 3.395016e-16 8.438810e+01 0 0
4355.2607 4358.2222 3.673343e-14 3.699810e-16 8.255355e+01 16 0
4358.0065 4360.9699 3.623893e-14 3.413708e-16 8.160165e+01 16 0
4360.7523 4363.7176 3.614422e-14 3.317490e-16 8.155593e+01 16 0
4363.4980 4366.4652 3.643285e-14 3.337846e-16 8.238651e+01 0 0
4366.2438 4369.2128 3.497824e-14 3.282998e-16 7.924623e+01 16 0
4368.9896 4371.9605 3.480113e-14 3.281109e-16 7.901059e+01 16 0
4371.7353 4374.7081 3.356722e-14 3.198694e-16 7.635120e+01 0 0
4374.4810 4377.4557 3.455553e-14 3.251501e-16 7.877284e+01 16 0
4377.2268 4380.2033 3.491000e-14 3.310033e-16 7.973959e+01 16 0
4379.9725 4382.9508 3.452195e-14 3.234987e-16 7.898796e+01 0 0
4382.7182 4385.6984 3.448028e-14 3.578223e-16 7.902457e+01 16 0
4385.4638 4388.4460 3.547790e-14 3.311487e-16 8.144936e+01 16 0
4388.2095 4391.1935 3.482710e-14 3.266451e-16 8.005917e+01 16 0
4390.9552 4393.9410 3.478410e-14 3.244250e-16 8.005804e+01 16 0
4393.7008 4396.6885 3.454670e-14 3.212130e-16 7.960006e+01 0 0
4396.4464 4399.4360 3.545062e-14 3.253016e-16 8.177992e+01 16 0
4399.1921 4402.1835 3.563038e-14 3.273345e-16 8.227224e+01 16 0
4401.9377 4404.9310 3.539957e-14 3.245493e-16 8.180233e+01 0 0
4404.6833 4407.6785 3.683409e-14 3.318576e-16 8.520811e+01 16 0
4407.4288 4410.4259 3.696760e-14 3.319692e-16 8.559284e+01 0 0
4410.1744 4413.1733 3.740994e-14 3.320868e-16 8.670222e+01 0 0
4412.9200 4415.9208 3.804985e-14 3.354144e-16 8.828230e+01 16 0
4415.6655 4418.6682 3.936902e-14 3.478321e-16 9.146138e+01 16 0
4418.4110 4421.4156 3.911251e-14 3.457752e-16 9.097769e+01 16 0
4421.1566 4424.1630 4.022184e-14 3.442334e-16 9.370290e+01 16 0
4423.9021 4426.9103 3.969479e-14 3.426679e-16 9.261544e+01 16 0
4426.6476 4429.6577 4.055941e-14 3.459154e-16 9.480576e+01 16 0
4429.3930 4432.4050 4.075144e-14 4.268544e-16 9.543784e+01 16 0
4432.1385 4435.1524 4.243305e-14 3.694846e-16 9.959513e+01 0 0
4434.8839 4437.8997 4.509516e-14 3.606536e-16 1.061014e+02 0 0
4437.6294 4440.6470 4.549302e-14 3.627340e-16 1.072729e+02 16 0
4440.3748 4443.3943 4.831330e-14 3.720900e-16 1.142070e+02 16 0
4443.1202 4446.1415 5.006634e-14 3.761773e-16 1.186276e+02 0 0
4445.8656 4448.8888 5.147070e-14 3.810169e-16 1.222260e+02 16 0
4448.6110 4451.6361 5.308858e-14 3.875060e-16 1.263414e+02 16 0
4451.3564 4454.3833 5.546102e-14 3.968698e-16 1.322604e+02 16 0
4454.1017 4457.1305 5.657247e-14 4.180649e-16 1.351598e+02 1040 0
4456.8471 4459.8777 5.794901e-14 4.041340e-16 1.386728e+02 1040 0
4459.5924 4462.6249 5.848190e-14 4.038641e-16 1.401478e+02 1024 0
4462.3377 4465.3721 6.136154e-14 4.143202e-16 1.472441e+02 1024 0
4465.0830 4468.1192 6.211130e-14 4.142718e-16 1.492066e+02 1040 0
4467.8283 4470.8664 6.309691e-14 4.167267e-16 1.517137e+02 1040 0
4470.5735 4473.6135 6.566316e-14 4.269577e-16 1.580287e+02 1040 0
4473.3188 4476.3607 6.655871e-14 4.277807e-16 1.602805e+02 1024 0
4476.0640 4479.1078 6.906751e-14 4.387816e-16 1.664300e+02 1040 0
4478.8093 4481.8549 6.946848e-14 4.366531e-16 1.674683e+02 1040 0
4481.5545 4484.6019 7.161400e-14 4.434519e-16 1.727334e+02 1040 0
4484.2997 4487.3490 7.275165e-14 4.456280e-16 1.755635e+02 1024 0
4487.0449 4490.0960 7.477635e-14 4.564922e-16 1.805482e+02 1024 0
4489.7900 4492.8431 7.669343e-14 4.602495e-16 1.852810e+02 1040 0
4492.5352 4495.5901 7.711603e-14 5.123898e-16 1.864004e+02 1024 0
4495.2803 4498.3371 8.063653e-14 4.688959e-16 1.950517e+02 1040 0
4498.0254 4501.0841 8.129670e-14 4.727706e-16 1.967784e+02 1040 0
4500.7705 4503.8311 8.362452e-14 4.801212e-16 2.025799e+02 1040 0
4503.5156 4506.5780 8.343397e-14 4.766781e-16 2.022690e+02 1024 0
4506.2607 4509.3250 8.544960e-14 4.816525e-16 2.073340e+02 1024 0
4509.0058 4512.0719 8.732559e-14 4.878549e-16 2.120623e+02 1040 0
4511.7508 4514.8188 9.109629e-14 4.989699e-16 2.214095e+02 1040 0
4514.4958 4517.5657 9.247448e-14 5.019962e-16 2.249319e+02 1040 0
4517.2409 4520.3126 9.471753e-14 5.100214e-16 2.305686e+02 1040 0
4519.9859 4523.0595 9.608820e-14 5.090311e-16 2.340647e+02 1040 0
4522.7308 4525.8063 9.916895e-14 5.159946e-16 2.417203e+02 1024 0
4525.4758 4528.5531 9.893261e-14 5.165340e-16 2.412590e+02 1040 0
4528.2208 4531.3000 1.012489e-13 5.225265e-16 2.470286e+02 0 0
4530.9657 4534.0468 1.018665e-13 5.901353e-16 2.486328e+02 16 0
4533.7106 4536.7936 1.060802e-13 5.369319e-16 2.590326e+02 16 0
4536.4555 4539.5403 1.076017e-13 5.380036e-16 2.628356e+02 16 0
4539.2004 4542.2871 1.074618e-13 5.366538e-16 2.625675e+02 16 0
4541.9453 4545.0338 1.113638e-13 5.479549e-16 2.722019e+02 0 0
4544.6902 4547.7805 1.115365e-13 5.514121e-16 2.727105e+02 0 0
4547.4350 4550.5273 1.120133e-13 5.677203e-16 2.739637e+02 0 0
4550.1798 4553.2739 1.118865e-13 6.518690e-16 2.737578e+02 16 0
4552.9246 4556.0206 1.142249e-13 6.824019e-16 2.796013e+02 0 0
4555.6694 4558.7673 1.140906e-13 6.327045e-16 2.794043e+02 0 0
4558.4142 4561.5139 1.172114e-13 5.621973e-16 2.871987e+02 16 0
4561.1590 4564.2606 1.185027e-13 5.607187e-16 2.905273e+02 0 0
4563.9037 4567.0072 1.181131e-13 5.628522e-16 2.897126e+02 16 0
4566.6484 4569.7538 1.197903e-13 5.661994e-16 2.939919e+02 0 0
4569.3931 4572.5003 1.203102e-13 5.637238e-16 2.954051e+02 16 0
4572.1378 4575.2469 1.221457e-13 5.699558e-16 3.000507e+02 16 0
4574.8825 4577.9934 1.216587e-13 5.660686e-16 2.989471e+02 0 0
4577.6272 4580.7400 1.221775e-13 5.701382e-16 3.002940e+02 0 0
4580.3718 4583.4865 1.203088e-13 5.887587e-16 2.957202e+02 16 0
4583.1164 4586.2330 1.232670e-13 6.511756e-16 3.030004e+02 0 0
4585.8611 4588.9794 1.222632e-13 5.719245e-16 3.004781e+02 0 0
4588.6056 4591.7259 1.222780e-13 5.704845e-16 3.004189e+02 16 0
4591.3502 4594.4723 1.221737e-13 5.697951e-16 3.000351e+02 16 0
4594.0948 4597.2188 1.229123e-13 5.993762e-16 3.016865e+02 16 0
4596.8393 4599.9652 1.214569e-13 5.966708e-16 2.979211e+02 16 0
4599.5838 4602.7116 1.231101e-13 5.711625e-16 3.017738e+02 0 0
4602.3284 4605.4579 1.217023e-13 5.687154e-16 2.981007e+02 0 0
4605.0728 4608.2043 1.229294e-13 5.717758e-16 3.008983e+02 0 0
4607.8173 4610.9506 1.220195e-13 5.719244e-16 2.984669e+02 0 0
4610.5618 4613.6969 1.201708e-13 5.648798e-16 2.937634e+02 0 0
4613.3062 4616.4432 1.178561e-13 6.394653e-16 2.879524e+02 16 0
4616.0506 4619.1895 1.188730e-13 5.879185e-16 2.903486e+02 16 0
4618.7950 4621.9358 1.172635e-13 5.645319e-16 2.863493e+02 16 0
4621.5394 4624.6820 1.154936e-13 5.580888e-16 2.820123e+02 16 0
4624.2838 4627.4283 1.146668e-13 5.545934e-16 2.800193e+02 16 0
4627.0281 4630.1745 1.143507e-13 5.528620e-16 2.793287e+02 16 0
4629.7724 4632.9207 1.120878e-13 5.471111e-16 2.738924e+02 16 0
4632.5168 4635.6669 1.114031e-13 5.495271e-16 2.723567e+02 16 0
4635.2610 4638.4130 1.112644e-13 5.690434e-16 2.721677e+02 16 0
4638.0053 4641.1592 1.071859e-13 5.644342e-16 2.623253e+02 16 0
4640.7496 4643.9053 1.053855e-13 5.303017e-16 2.580575e+02 0 0
4643.4938 4646.6514 1.030046e-13 6.022025e-16 2.523504e+02 0 0
4646.2380 4649.3975 1.024413e-13 5.485626e-16 2.510824e+02 0 0
4648.9822 4652.1435 9.989546e-14 5.153055e-16 2.449089e+02 0 0
4651.7264 4654.8896 1.011977e-13 5.211963e-16 2.481636e+02 0 0
4654.4706 4657.6356 9.884126e-14 5.142610e-16 2.423759e+02 16 0
4657.2147 4660.3816 9.849904e-14 5.149942e-16 2.415074e+02 0 0
4659.9588 4663.1276 9.818289e-14 5.229743e-16 2.406533e+02 16 0
4662.7030 4665.8736 9.530428e-14 5.039884e-16 2.334734e+02 0 0
4665.4470 4668.6195 9.500682e-14 5.077554e-16 2.325952e+02 0 0
4668.1911 4671.3655 9.299302e-14 4.993751e-16 2.274892e+02 0 0
4670.9352 4674.1114 9.036541e-14 5.613160e-16 2.208595e+02 0 0
4673.6792 4676.8573 8.899864e-14 5.569012e-16 2.173259e+02 0 0
4676.4232 4679.6032 8.896733e-14 4.894705e-16 2.170598e+02 16 0
4679.1672 4682.3490 8.711962e-14 4.844642e-16 2.123622e+02 16 0
4681.9112 4685.0949 8.334726e-14 4.786155e-16 2.029826e+02 16 0
4684.6551 4687.8407 8.117060e-14 4.692400e-16 1.975322e+02 16 0
4687.3991 4690.5865 7.921464e-14 4.657787e-16 1.926544e+02 0 0
4690.1430 4693.3323 7.804590e-14 4.619521e-16 1.897233e+02 1024 0
4692.8869 4696.0780 7.481533e-14 4.512164e-16 1.817986e+02 1024 0
4695.6308 4698.8238 7.152154e-14 4.741195e-16 1.737423e+02 1040 0
4698.3746 4701.5695 6.956781e-14 4.359734e-16 1.689831e+02 1024 0
4701.1184 4704.3152 6.715876e-14 4.298610e-16 1.631247e+02 1040 0
4703.8623 4707.0609 6.635025e-14 4.261903e-16 1.611868e+02 1024 0
4706.6061 4709.8066 6.220646e-14 4.721437e-16 1.511163e+02 1024 0
4709.3498 4712.5522 6.055207e-14 4.315011e-16 1.471206e+02 1040 0
4712.0936 4715.2978 5.954105e-14 4.049369e-16 1.446875e+02 1040 0
4714.8373 4718.0434 5.840508e-14 4.014098e-16 1.419421e+02 1040 0
4717.5811 4720.7890 5.691424e-14 3.965869e-16 1.383191e+02 1024 0
4720.3248 4723.5346 5.506236e-14 3.911485e-16 1.337983e+02 1040 0
4723.0684 4726.2801 5.393683e-14 3.882225e-16 1.310381e+02 1024 0
4725.8121 4729.0256 5.325775e-14 3.850993e-16 1.293474e+02 1024 0
4728.5557 4731.7711 5.191110e-14 3.786557e-16 1.260202e+02 1040 0
4731.2993 4734.5166 5.206103e-14 3.793758e-16 1.263236e+02 1024 0
4734.0429 4737.2621 5.188700e-14 3.799908e-16 1.258339e+02 1040 0
4736.7865 4740.0075 5.210955e-14 3.813479e-16 1.262963e+02 1024 0
4739.5301 4742.7529 5.249533e-14 3.841020e-16 1.271612e+02 1024 0
4742.2736 4745.4983 5.156872e-14 3.815173e-16 1.248305e+02 1024 0
4745.0171 4748.2437 5.283649e-14 3.854464e-16 1.278504e+02 1024 0
4747.7606 4750.9891 5.370084e-14 3.865588e-16 1.298957e+02 1040 0
4750.5041 4753.7344 5.375763e-14 3.860061e-16 1.300025e+02 1040 0
4753.2475 4756.4797 5.398376e-14 3.892017e-16 1.305408e+02 1040 0
4755.9910 4759.2250 5.390587e-14 3.887125e-16 1.303685e+02 1024 0
4758.7344 4761.9703 5.396189e-14 3.890266e-16 1.305493e+02 1040 0
4761.4778 4764.7156 5.583112e-14 3.943064e-16 1.351653e+02 1040 0
4764.2211 4767.4608 5.505101e-14 3.906513e-16 1.333719e+02 0 0
4766.9645 4770.2060 5.602441e-14 3.940794e-16 1.358686e+02 0 0
4769.7078 4772.9512 5.471298e-14 3.891065e-16 1.328256e+02 16 0
4772.4511 4775.6964 5.467045e-14 4.507868e-16 1.328879e+02 16 0
4775.1944 4778.4415 5.578543e-14 3.920947e-16 1.357954e+02 0 0
4777.9376 4781.1866 5.451435e-14 3.867035e-16 1.328754e+02 0 0
4780.6809 4783.9317 5.430356e-14 3.865908e-16 1.325486e+02 0 0
4783.4241 4786.6768 5.370839e-14 3.850381e-16 1.312749e+02 0 0
4786.1673 4789.4219 5.364016e-14 3.830005e-16 1.312853e+02 0 0
4788.9105 4792.1669 5.247414e-14 3.801038e-16 1.285839e+02 16 0
4791.6536 4794.9119 5.225847e-14 3.804980e-16 1.282003e+02 16 0
4794.3967 4797.6569 5.167899e-14 3.775185e-16 1.269037e+02 0 0
4797.1399 4800.4019 5.075517e-14 3.730490e-16 1.247314e+02 0 0
4799.8829 4803.1469 5.000178e-14 3.704691e-16 1.229663e+02 16 0
4802.6260 4805.8918 5.064159e-14 3.782875e-16 1.246273e+02 16 0
4805.3690 4808.6367 5.018360e-14 3.708106e-16 1.235671e+02 0 0
4808.1121 4811.3816 5.021275e-14 3.716228e-16 1.237001e+02 0 0
4810.8551 4814.1264 5.026433e-14 3.714217e-16 1.238826e+02 16 0
4813.5980 4816.8713 5.060814e-14 3.707942e-16 1.247812e+02 0 0
4816.3410 4819.6161 5.100223e-14 3.732622e-16 1.258060e+02 16 0
4819.0839 4822.3609 5.032987e-14 3.740306e-16 1.241921e+02 16 0
4821.8268 4825.1057 5.057971e-14 3.722940e-16 1.248662e+02 0 0
4824.5697 4827.8504 5.174520e-14 3.761019e-16 1.278195e+02 0 0
4827.3126 4830.5951 5.144706e-14 3.757041e-16 1.271499e+02 16 0
4830.0554 4833.3399 5.163402e-14 3.744200e-16 1.276979e+02 0 0
4832.7982 4836.0845 5.179706e-14 3.780744e-16 1.281909e+02 16 0
4835.5410 4838.8292 5.236588e-14 3.789703e-16 1.297027e+02 16 0
4838.2838 4841.5738 5.367172e-14 3.830112e-16 1.330537e+02 16 0
4841.0265 4844.3184 5.418585e-14 3.835697e-16 1.344429e+02 0 0
4843.7693 4847.0630 5.558685e-14 3.906914e-16 1.380445e+02 16 0
4846.5120 4849.8076 5.728070e-14 3.941699e-16 1.423830e+02 0 0
4849.2547 4852.5521 5.737943e-14 3.934025e-16 1.427407e+02 0 0
4851.9973 4855.2967 5.866201e-14 3.999153e-16 1.460532e+02 16 0
4854.7399 4858.0412 6.025684e-14 4.042699e-16 1.501468e+02 16 0
4857.4826 4860.7856 6.151731e-14 4.087521e-16 1.534014e+02 16 0
4860.2251 4863.5301 6.342625e-14 4.157952e-16 1.582809e+02 16 0
4862.9677 4866.2745 6.426404e-14 4.194528e-16 1.604759e+02 16 0
4865.7102 4869.0189 6.623041e-14 4.442900e-16 1.655038e+02 16 0
4868.4528 4871.7633 6.888474e-14 4.346705e-16 1.722633e+02 16 0
4871.1952 4874.5077 6.954177e-14 4.351470e-16 1.740193e+02 16 0
4873.9377 4877.2520 7.141715e-14 4.347221e-16 1.788449e+02 0 0
4876.6802 4879.9963 7.292424e-14 4.386000e-16 1.827606e+02 0 0
4879.4226 4882.7406 7.479023e-14 4.554776e-16 1.875997e+02 16 0
4882.1650 4885.4849 7.516744e-14 4.454910e-16 1.887079e+02 16 0
4884.9074 4888.2291 7.764006e-14 4.534198e-16 1.951194e+02 16 0
4887.6497 4890.9733 7.851236e-14 4.551086e-16 1.975164e+02 16 0
4890.3920 4893.7175 8.152573e-14 4.632024e-16 2.053482e+02 16 0
4893.1343 4896.4617 8.334253e-14 4.671951e-16 2.101781e+02 0 0
4895.8766 4899.2058 8.566724e-14 4.779325e-16 2.163200e+02 16 0
4898.6189 4901.9499 8.662096e-14 4.753334e-16 2.190000e+02 16 0
4901.3611 4904.6940 8.905538e-14 4.829595e-16 2.254516e+02 16 0
4904.1033 4907.4381 8.897214e-14 4.845259e-16 2.255120e+02 16 0
4906.8455 4910.1821 8.855836e-14 4.775047e-16 2.247270e+02 0 0
4909.5876 4912.9261 8.761974e-14 4.900822e-16 2.225901e+02 16 0
4912.3297 4915.6701 8.583021e-14 4.731920e-16 2.182645e+02 16 0
4915.0719 4918.4141 8.394345e-14 4.667033e-16 2.136690e+02 0 0
4917.8139 4921.1580 8.262778e-14 4.627804e-16 2.105087e+02 0 0
4920.5560 4923.9020 8.090889e-14 5.272411e-16 2.062964e+02 0 0
4923.2980 4926.6459 8.124364e-14 4.869457e-16 2.073150e+02 16 0
4926.0400 4929.3897 7.972826e-14 4.843694e-16 2.035956e+02 16 0
4928.7820 4932.1336 7.770264e-14 4.490746e-16 1.985620e+02 0 0
4931.5240 4934.8774 7.628938e-14 4.532050e-16 1.950887e+02 16 0
4934.2659 4937.6212 7.455672e-14 4.489834e-16 1.907842e+02 16 0
4937.0078 4940.3650 7.311473e-14 4.569088e-16 1.872328e+02 16 0
4939.7497 4943.1087 7.145300e-14 4.319735e-16 1.831275e+02 16 0
4942.4915 4945.8524 7.028403e-14 4.257048e-16 1.802929e+02 0 0
4945.2334 4948.5961 6.974559e-14 4.337810e-16 1.790886e+02 16 0
4947.9752 4951.3398 6.765157e-14 4.997309e-16 1.738830e+02 16 0
4950.7169 4954.0834 6.626827e-14 4.130857e-16 1.705175e+02 0 0
4953.4587 4956.8271 6.761838e-14 4.185299e-16 1.742167e+02 0 0
4956.2004 4959.5706 6.512626e-14 4.096582e-16 1.679848e+02 16 0
4958.9421 4962.3142 6.534064e-14 4.299547e-16 1.687539e+02 16 0
4961.6838 4965.0578 6.382342e-14 4.088067e-16 1.650318e+02 16 0
4964.4255 4967.8013 6.486734e-14 4.115719e-16 1.679461e+02 16 0
4967.1671 4970.5448 6.358661e-14 4.057891e-16 1.648056e+02 0 0
4969.9087 4973.2882 6.320968e-14 4.035358e-16 1.639993e+02 0 0
4972.6503 4976.0317 6.245095e-14 3.998715e-16 1.621771e+02 0 0
4975.3918 4978.7751 6.297319e-14 4.017548e-16 1.636710e+02 0 0
4978.1333 4981.5185 6.206166e-14 4.597432e-16 1.613905e+02 16 0
4980.8748 4984.2618 6.345899e-14 4.039577e-16 1.651210e+02 16 0
4983.6163 4987.0051 6.182794e-14 4.591292e-16 1.609190e+02 16 0
4986.3577 4989.7485 6.271546e-14 4.241160e-16 1.632792e+02 16 0
4989.0991 4992.4917 6.326476e-14 4.028527e-16 1.647314e+02 16 0
4991.8405 4995.2350 6.397279e-14 4.071378e-16 1.665944e+02 16 0
4994.5819 4997.9782 6.305448e-14 4.019438e-16 1.642002e+02 16 0
4997.3232 5000.7214 6.488329e-14 4.092402e-16 1.689879e+02 16 0
5000.0645 5003.4646 6.425428e-14 4.071057e-16 1.673541e+02 0 0
5002.8058 5006.2077 6.609542e-14 4.300243e-16 1.721892e+02 0 0
5005.5471 5008.9509 6.635079e-14 4.888195e-16 1.728966e+02 0 0
5008.2883 5011.6939 6.779997e-14 4.154299e-16 1.767463e+02 16 0
5011.0295 5014.4370 6.741297e-14 4.174913e-16 1.758218e+02 16 0
5013.7707 5017.1801 6.454821e-14 4.716682e-16 1.684293e+02 16 0
5016.5118 5019.9231 6.675499e-14 4.726768e-16 1.743475e+02 16 0
5019.2530 5022.6660 6.726423e-14 4.130255e-16 1.758421e+02 16 0
5021.9941 5025.4090 6.743096e-14 4.125986e-16 1.764682e+02 0 0
5024.7351 5028.1519 6.829523e-14 4.171816e-16 1.789431e+02 0 0
5027.4762 5030.8948 6.771734e-14 5.068063e-16 1.776464e+02 16 0
5030.2172 5033.6377 6.932772e-14 4.188758e-16 1.821196e+02 16 0
5032.9582 5036.3806 7.035390e-14 4.214263e-16 1.850703e+02 0 0
5035.6991 5039.1234 6.904334e-14 4.774925e-16 1.818501e+02 16 0
5038.4400 5041.8662 7.129712e-14 4.215294e-16 1.880471e+02 0 0
5041.1809 5044.6090 7.398986e-14 4.312019e-16 1.954150e+02 16 0
5043.9218 5047.3517 7.388932e-14 4.319293e-16 1.953785e+02 16 0
5046.6627 5050.0944 7.312095e-14 4.922346e-16 1.935553e+02 0 0
5049.4035 5052.8371 7.313354e-14 4.493888e-16 1.937843e+02 16 0
5052.1443 5055.5797 7.551451e-14 4.354728e-16 2.003065e+02 16 0
5054.8850 5058.3224 7.407899e-14 4.334269e-16 1.966625e+02 16 0
5057.6258 5061.0650 7.491277e-14 4.318942e-16 1.990516e+02 16 0
5060.3665 5063.8075 7.561906e-14 4.380671e-16 2.010918e+02 16 0
5063.1072 5066.5501 7.623097e-14 4.361616e-16 2.028825e+02 16 0
5065.8478 5069.2926 7.692997e-14 4.377884e-16 2.049083e+02 16 0
5068.5884 5072.0351 7.809463e-14 5.054239e-16 2.081816e+02 0 0
5071.3290 5074.7775 7.779919e-14 4.389589e-16 2.075530e+02 16 0
5074.0696 5077.5200 7.818335e-14 4.402070e-16 2.087526e+02 0 0
5076.8101 5080.2624 8.014975e-14 4.447704e-16 2.142084e+02 16 0
5079.5507 5083.0048 8.101634e-14 4.506294e-16 2.167196e+02 16 0
5082.2911 5085.7471 8.251390e-14 4.548290e-16 2.209234e+02 16 0
5085.0316 5088.4894 8.274927e-14 4.507620e-16 2.217486e+02 0 0
5087.7720 5091.2317 8.413095e-14 4.569163e-16 2.256661e+02 16 0
5090.5124 5093.9740 8.592199e-14 4.616173e-16 2.306833e+02 16 0
5093.2528 5096.7162 8.698599e-14 4.632307e-16 2.337291e+02 0 0
5095.9931 5099.4584 8.759597e-14 4.628963e-16 2.355516e+02 0 0
5098.7334 5102.2006 8.941710e-14 4.704339e-16 2.406308e+02 16 0
5101.4737 5104.9427 9.135759e-14 4.714283e-16 2.460244e+02 0 0
5104.2140 5107.6848 9.251797e-14 4.758952e-16 2.492865e+02 16 0
5106.9542 5110.4269 9.303813e-14 4.777640e-16 2.507973e+02 1040 0
5109.6944 5113.1690 9.508538e-14 4.818023e-16 2.563999e+02 1024 0
5112.4345 5115.9110 9.800746e-14 4.915145e-16 2.643570e+02 1040 0
5115.1747 5118.6530 9.879020e-14 4.903500e-16 2.665139e+02 1040 0
5117.9148 5121.3950 1.011629e-13 4.946482e-16 2.729557e+02 1024 0
5120.6549 5124.1369 1.039386e-13 5.033608e-16 2.804735e+02 1024 0
5123.3949 5126.8788 1.053184e-13 5.091007e-16 2.842106e+02 1040 0
5126.1349 5129.6207 1.097262e-13 5.167195e-16 2.961467e+02 1040 0
5128.8749 5132.3625 1.116511e-13 5.310399e-16 3.013705e+02 1040 0
5131.6149 5135.1044 1.147123e-13 5.261292e-16 3.096944e+02 1024 0
5134.3548 5137.8462 1.151334e-13 5.267861e-16 3.108877e+02 1024 0
5137.0947 5140.5879 1.184171e-13 5.338115e-16 3.198691e+02 1040 0
5139.8346 5143.3296 1.221249e-13 5.490450e-16 3.300229e+02 1040 0
5142.5744 5146.0713 1.228750e-13 6.368438e-16 3.322147e+02 1024 0
5145.3142 5148.8130 1.260501e-13 6.514380e-16 3.410014e+02 1040 0
5148.0540 5151.5547 1.301578e-13 5.603165e-16 3.523701e+02 1040 0
5150.7937 5154.2963 1.318075e-13 5.658839e-16 3.570920e+02 1040 0
5153.5335 5157.0379 1.357462e-13 5.696669e-16 3.680643e+02 1040 0
5156.2731 5159.7794 1.371047e-13 5.724945e-16 3.720360e+02 1040 0
5159.0128 5162.5209 1.412048e-13 5.887391e-16 3.834713e+02 1040 0
5161.7524 5165.2624 1.431287e-13 5.861469e-16 3.889929e+02 1040 0
5164.4920 5168.0039 1.459007e-13 5.915469e-16 3.968193e+02 1040 0
5167.2316 5170.7453 1.498089e-13 5.990125e-16 4.077218e+02 1024 0
5169.9711 5173.4867 1.517234e-13 6.015193e-16 4.131337e+02 1040 0
5172.7106 5176.2281 1.531082e-13 6.077461e-16 4.170659e+02 1040 0
5175.4501 5178.9694 1.559567e-13 6.144915e-16 4.249217e+02 1040 0
5178.1896 5181.7107 1.577809e-13 6.127402e-16 4.299383e+02 1024 0
5180.9290 5184.4520 1.636760e-13 6.312947e-16 4.459818e+02 16 0
5183.6683 5187.1932 1.629222e-13 6.336144e-16 4.438285e+02 16 0
5186.4077 5189.9345 1.631669e-13 7.110161e-16 4.443172e+02 0 0
5189.1470 5192.6756 1.646002e-13 7.140181e-16 4.480110e+02 16 0
5191.8863 5195.4168 1.691634e-13 6.351596e-16 4.601653e+02 16 0
5194.6256 5198.1579 1.717725e-13 6.645473e-16 4.669539e+02 0 0
5197.3648 5200.8990 1.708537e-13 7.282029e-16 4.640887e+02 16 0
5200.1040 5203.6401 1.732963e-13 6.446458e-16 4.703788e+02 16 0
5202.8432 5206.3811 1.746223e-13 6.509465e-16 4.736377e+02 16 0
5205.5823 5209.1221 1.761811e-13 6.840320e-16 4.775323e+02 16 0
5208.3214 5211.8631 1.799778e-13 6.582814e-16 4.875062e+02 0 0
5211.0605 5214.6040 1.785296e-13 6.638234e-16 4.832723e+02 16 0
5213.7995 5217.3449 1.789650e-13 6.552414e-16 4.841911e+02 0 0
5216.5385 5220.0858 1.775417e-13 8.016878e-16 4.801210e+02 0 0
5219.2775 5222.8266 1.811636e-13 7.006201e-16 4.897894e+02 16 0
5222.0164 5225.5674 1.819254e-13 6.600509e-16 4.917374e+02 0 0
5224.7553 5228.3082 1.833463e-13 8.936100e-16 4.955139e+02 0 0
5227.4942 5231.0489 1.861626e-13 6.698833e-16 5.030866e+02 0 0
5230.2331 5233.7896 1.833169e-13 6.641928e-16 4.953619e+02 0 0
5232.9719 5236.5303 1.829301e-13 6.624550e-16 4.942932e+02 16 0
5235.7107 5239.2710 1.827703e-13 7.506930e-16 4.938393e+02 16 0
5238.4494 5242.0116 1.801074e-13 7.441396e-16 4.866022e+02 256 0
5241.1882 5244.7522 1.794819e-13 7.431397e-16 4.848657e+02 0 0
5243.9268 5247.4927 1.810940e-13 6.602620e-16 4.891368e+02 16 0
5246.6655 5250.2332 1.795551e-13 6.573721e-16 4.848097e+02 16 0
5249.4041 5252.9737 1.805486e-13 6.594400e-16 4.872856e+02 16 0
5252.1427 5255.7142 1.815736e-13 6.722575e-16 4.897702e+02 16 0
5254.8813 5258.4546 1.802425e-13 8.121227e-16 4.858503e+02 0 0
5257.6198 5261.1950 1.814258e-13 7.884879e-16 4.886597e+02 16 0
5260.3583 5263.9353 1.789622e-13 6.605643e-16 4.815812e+02 16 0
5263.0968 5266.6757 1.784177e-13 6.815087e-16 4.796096e+02 16 0
5265.8352 5269.4159 1.780678e-13 6.795072e-16 4.781483e+02 0 0
5268.5736 5272.1562 1.794411e-13 6.617459e-16 4.813036e+02 0 0
5271.3119 5274.8964 1.792249e-13 7.041041e-16 4.801756e+02 16 0
5274.0503 5277.6366 1.774153e-13 7.684634e-16 4.747781e+02 0 0
5276.7886 5280.3768 1.772514e-13 7.412335e-16 4.738170e+02 16 0
5279.5268 5283.1169 1.783971e-13 7.460810e-16 4.764116e+02 0 0
5282.2651 5285.8570 1.763209e-13 7.697539e-16 4.704220e+02 16 0
5285.0033 5288.5971 1.793455e-13 6.641603e-16 4.781368e+02 16 0
5287.7414 5291.3371 1.796610e-13 6.670100e-16 4.786441e+02 16 0
5290.4796 5294.0771 1.776656e-13 6.564709e-16 4.730669e+02 16 0
5293.2177 5296.8170 1.788453e-13 6.600017e-16 4.759890e+02 16 0
5295.9557 5299.5570 1.765155e-13 7.836977e-16 4.696257e+02 0 0
5298.6938 5302.2969 1.767316e-13 7.742959e-16 4.700604e+02 0 0
5301.4317 5305.0367 1.753368e-13 7.374831e-16 4.662429e+02 16 0
5304.1697 5307.7765 1.826266e-13 8.510547e-16 4.855492e+02 8464 0
5306.9076 5310.5163 1.776649e-13 6.687495e-16 4.722306e+02 0 0
5309.6455 5313.2561 1.800527e-13 6.767651e-16 4.784477e+02 16 0
5312.3834 5315.9958 1.777343e-13 6.859622e-16 4.720956e+02 0 0
5315.1212 5318.7355 1.754814e-13 6.794321e-16 4.658677e+02 0 0
5317.8590 5321.4752 1.784605e-13 6.884361e-16 4.734746e+02 16 0
5320.5968 5324.2148 1.775388e-13 6.730592e-16 4.706677e+02 0 0
5323.3345 5326.9544 1.766609e-13 6.580124e-16 4.679174e+02 0 0
5326.0722 5329.6939 1.765515e-13 6.602095e-16 4.671412e+02 0 0
5328.8099 5332.4335 1.766420e-13 7.446316e-16 4.667926e+02 16 0
5331.5475 5335.1729 1.767367e-13 7.668390e-16 4.664257e+02 16 0
5334.2851 5337.9124 1.769665e-13 6.733810e-16 4.663712e+02 0 0
5337.0226 5340.6518 1.779859e-13 6.650816e-16 4.683833e+02 0 0
5339.7602 5343.3912 1.768235e-13 6.626566e-16 4.646253e+02 16 0
5342.4976 5346.1305 1.774237e-13 6.644877e-16 4.655170e+02 16 0
5345.2351 5348.8699 1.748570e-13 7.378997e-16 4.581085e+02 16 0
5347.9725 5351.6091 1.752623e-13 7.597630e-16 4.585403e+02 16 0
5350.7099 5354.3484 1.713222e-13 6.835278e-16 4.476497e+02 16 0
5353.4473 5357.0876 1.732866e-13 6.559145e-16 4.522625e+02 0 0
5356.1846 5359.8268 1.750855e-13 6.630780e-16 4.565014e+02 0 0
5358.9218 5362.5659 1.747372e-13 6.633610e-16 4.551735e+02 0 0
5361.6591 5365.3050 1.713576e-13 6.964529e-16 4.460181e+02 0 0
5364.3963 5368.0441 1.685818e-13 8.399808e-16 4.384840e+02 16 0
5367.1335 5370.7831 1.680081e-13 7.762829e-16 4.367485e+02 0 0
5369.8706 5373.5221 1.688986e-13 6.503585e-16 4.388474e+02 0 0
5372.6077 5376.2611 1.695272e-13 7.325498e-16 4.402962e+02 16 0
5375.3448 5379.0000 1.670648e-13 6.836694e-16 4.337071e+02 16 0
5378.0818 5381.7389 1.674741e-13 6.646219e-16 4.345906e+02 16 0
5380.8188 5384.4778 1.665223e-13 6.601185e-16 4.319245e+02 16 0
5383.5558 5387.2166 1.670427e-13 6.519671e-16 4.330642e+02 0 0
5386.2927 5389.9554 1.642677e-13 7.646161e-16 4.256259e+02 0 0
5389.0296 5392.6941 1.666362e-13 6.499458e-16 4.315034e+02 0 0
5391.7665 5395.4329 1.653857e-13 6.524684e-16 4.279649e+02 16 0
5394.5033 5398.1715 1.637521e-13 6.482459e-16 4.233976e+02 16 0
5397.2401 5400.9102 1.626329e-13 6.413571e-16 4.201354e+02 0 0
5399.9768 5403.6488 1.635110e-13 6.436407e-16 4.219942e+02 16 0
5402.7135 5406.3874 1.613318e-13 7.161958e-16 4.159386e+02 16 0
5405.4502 5409.1259 1.614209e-13 6.628027e-16 4.157333e+02 0 0
5408.1868 5411.8644 1.611481e-13 6.378300e-16 4.145979e+02 0 0
5410.9234 5414.6029 1.623576e-13 6.400548e-16 4.172894e+02 16 0
5413.6600 5417.3413 1.630534e-13 6.513571e-16 4.186568e+02 16 0
5416.3966 5420.0797 1.603778e-13 6.635445e-16 4.113623e+02 16 0
5419.1330 5422.8181 1.609961e-13 7.384729e-16 4.125512e+02 0 0
5421.8695 5425.5564 1.606743e-13 6.408515e-16 4.113393e+02 0 0
5424.6059 5428.2947 1.608146e-13 6.380164e-16 4.113350e+02 16 0
5427.3423 5431.0329 1.612053e-13 6.630945e-16 4.119931e+02 0 0
5430.0787 5433.7711 1.616619e-13 7.197394e-16 4.128291e+02 16 0
5432.8150 5436.5093 1.599130e-13 7.551565e-16 4.080157e+02 0 0
5435.5513 5439.2474 1.583056e-13 7.554298e-16 4.035954e+02 16 0
5438.2875 5441.9855 1.614725e-13 6.438756e-16 4.113690e+02 16 0
5441.0237 5444.7236 1.599811e-13 6.395548e-16 4.072667e+02 0 0
5443.7599 5447.4616 1.576092e-13 6.669457e-16 4.009010e+02 0 0
5446.4960 5450.1996 1.563970e-13 7.059612e-16 3.975290e+02 0 0
5449.2321 5452.9376 1.581973e-13 6.390489e-16 4.018151e+02 0 0
5451.9682 5455.6755 1.566737e-13 7.087560e-16 3.976699e+02 0 0
5454.7042 5458.4134 1.581832e-13 6.386355e-16 4.012267e+02 0 0
5457.4402 5461.1512 1.580598e-13 8.167538e-16 4.006584e+02 0 0
5460.1761 5463.8890 1.614316e-13 6.568879e-16 4.089636e+02 16 0
5462.9120 5466.6268 1.606151e-13 6.444483e-16 4.066584e+02 16 0
5465.6479 5469.3645 1.598778e-13 6.440205e-16 4.045659e+02 0 0
5468.3837 5472.1022 1.612507e-13 7.672943e-16 4.078439e+02 16 0
5471.1195 5474.8399 1.627328e-13 6.509913e-16 4.114101e+02 0 0
5473.8553 5477.5775 1.812104e-13 6.931757e-16 4.580188e+02 16 0
5476.5910 5480.3151 1.608204e-13 6.428921e-16 4.062321e+02 16 0
5479.3267 5483.0526 1.611560e-13 6.437196e-16 4.069244e+02 0 0
5482.0624 5485.7902 1.631305e-13 6.480771e-16 4.117630e+02 0 0
5484.7980 5488.5276 1.615236e-13 6.470325e-16 4.075386e+02 16 0
5487.5335 5491.2651 1.607676e-13 6.458452e-16 4.054588e+02 0 0
5490.2691 5494.0024 1.599209e-13 7.656469e-16 4.031360e+02 16 0
5493.0046 5496.7398 1.600651e-13 6.428913e-16 4.032948e+02 16 0
5495.7400 5499.4771 1.607770e-13 6.435162e-16 4.048650e+02 16 0
5498.4754 5502.2144 1.637037e-13 6.503269e-16 4.119862e+02 16 0
5501.2108 5504.9516 1.610460e-13 6.467183e-16 4.050111e+02 0 0
5503.9462 5507.6889 1.613241e-13 6.480362e-16 4.054118e+02 16 0
5506.6815 5510.4260 1.617443e-13 6.483836e-16 4.061653e+02 0 0
5509.4167 5513.1631 1.600949e-13 7.362192e-16 4.017062e+02 0 0
5512.1520 5515.9002 1.615554e-13 7.184186e-16 4.050747e+02 0 0
5514.8872 5518.6373 1.603629e-13 6.458966e-16 4.017902e+02 16 0
5517.6223 5521.3743 1.626233e-13 6.675601e-16 4.071967e+02 16 0
5520.3574 5524.1113 1.623481e-13 6.670023e-16 4.062779e+02 16 0
5523.0925 5526.8482 1.605715e-13 6.455320e-16 4.016300e+02 16 0
5525.8275 5529.5851 1.596827e-13 7.160275e-16 3.992642e+02 16 0
5528.5625 5532.3220 1.593825e-13 6.425396e-16 3.984093e+02 0 0
5531.2975 5535.0588 1.584582e-13 6.421804e-16 3.960549e+02 16 0
5534.0324 5537.7956 1.595391e-13 6.446408e-16 3.987485e+02 16 0
5536.7673 5540.5323 1.549914e-13 7.583539e-16 3.873994e+02 16 0
5539.5021 5543.2690 1.598140e-13 6.468126e-16 3.995309e+02 0 0
5542.2369 5546.0057 1.592248e-13 6.567608e-16 3.981421e+02 16 0
5544.9717 5548.7423 1.600847e-13 6.563118e-16 4.003780e+02 16 0
5547.7064 5551.4789 1.578117e-13 6.420813e-16 3.947659e+02 0 0
5550.4411 5554.2154 1.579496e-13 6.405479e-16 3.951734e+02 0 0
5553.1758 5556.9519 1.582273e-13 6.430780e-16 3.959023e+02 16 0
5555.9104 5559.6884 1.542376e-13 8.171611e-16 3.858972e+02 0 0
5558.6450 5562.4248 1.568747e-13 7.079913e-16 3.924503e+02 16 0
5561.3795 5565.1612 1.566163e-13 7.072566e-16 3.917065e+02 0 0
5564.1140 5567.8976 1.578077e-13 6.408939e-16 3.945324e+02 0 0
5566.8484 5570.6339 1.540897e-13 7.013012e-16 3.850325e+02 0 0
5569.5828 5573.3701 1.561510e-13 6.397758e-16 3.899538e+02 16 0
5572.3172 5576.1064 1.556926e-13 6.398703e-16 3.885525e+02 16 0
5575.0515 5578.8426 1.551971e-13 6.358920e-16 3.870334e+02 16 0
5577.7858 5581.5787 1.530768e-13 6.332096e-16 3.814630e+02 16 0
5580.5201 5584.3148 1.537694e-13 6.340712e-16 3.829291e+02 0 0
5583.2543 5587.0509 1.517203e-13 6.279417e-16 3.775759e+02 16 0
5585.9885 5589.7869 1.508281e-13 6.293342e-16 3.751507e+02 0 0
5588.7226 5592.5229 1.515241e-13 6.309921e-16 3.767114e+02 16 0
5591.4567 5595.2589 1.498305e-13 6.906482e-16 3.723794e+02 16 0
5594.1907 5597.9948 1.477161e-13 6.220235e-16 3.670212e+02 16 0
5596.9247 5600.7307 1.489845e-13 6.241543e-16 3.701438e+02 16 0
5599.6587 5603.4665 1.483628e-13 6.431779e-16 3.685654e+02 16 0
5602.3927 5606.2023 1.470063e-13 6.367442e-16 3.652010e+02 0 0
5605.1265 5608.9380 1.479551e-13 6.241670e-16 3.675614e+02 0 0
5607.8604 5611.6737 1.450655e-13 6.164655e-16 3.603755e+02 16 0
5610.5942 5614.4094 1.445350e-13 6.966997e-16 3.590320e+02 16 0
5613.3280 5617.1450 1.435907e-13 6.149571e-16 3.566286e+02 0 0
5616.0617 5619.8806 1.440554e-13 6.171882e-16 3.576943e+02 16 0
5618.7954 5622.6162 1.409749e-13 7.209034e-16 3.498842e+02 16 0
5621.5290 5625.3517 1.421265e-13 6.140229e-16 3.525616e+02 16 0
5624.2626 5628.0871 1.417497e-13 6.147370e-16 3.513648e+02 16 0
5626.9962 5630.8226 1.406374e-13 6.937112e-16 3.483029e+02 16 0
5629.7297 5633.5579 1.384608e-13 7.549001e-16 3.425240e+02 0 0
5632.4632 5636.2933 1.401459e-13 6.102247e-16 3.463106e+02 16 0
5635.1967 5639.0286 1.384955e-13 6.715718e-16 3.417956e+02 0 0
5637.9301 5641.7638 1.393015e-13 6.068279e-16 3.433728e+02 16 0
5640.6634 5644.4991 1.400572e-13 6.105408e-16 3.448161e+02 0 0
5643.3967 5647.2342 1.381307e-13 6.747948e-16 3.396931e+02 0 0
5646.1300 5649.9694 1.379499e-13 6.705244e-16 3.389234e+02 0 0
5648.8632 5652.7045 1.383084e-13 6.065850e-16 3.395523e+02 0 0
5651.5964 5655.4395 1.384519e-13 6.078593e-16 3.397415e+02 0 0
5654.3296 5658.1745 1.373673e-13 6.694012e-16 3.369923e+02 16 0
5657.0627 5660.9095 1.355392e-13 6.809067e-16 3.325310e+02 16 0
5659.7958 5663.6444 1.355135e-13 6.639789e-16 3.325787e+02 0 0
5662.5288 5666.3793 1.354369e-13 5.999663e-16 3.326207e+02 0 0
5665.2618 5669.1142 1.335389e-13 5.951138e-16 3.282369e+02 0 0
5667.9947 5671.8490 1.343875e-13 6.009299e-16 3.306883e+02 0 0
5670.7276 5674.5837 1.329416e-13 6.132388e-16 3.275441e+02 0 0
5673.4605 5677.3184 1.317593e-13 6.115048e-16 3.251117e+02 0 0
5676.1933 5680.0531 1.329580e-13 5.941412e-16 3.285742e+02 16 0
5678.9261 5682.7878 1.327930e-13 5.939421e-16 3.286910e+02 16 0
5681.6588 5685.5223 1.333260e-13 5.986341e-16 3.305208e+02 16 0
5684.3915 5688.2569 1.302027e-13 6.525019e-16 3.232460e+02 0 0
5687.1242 5690.9914 1.296266e-13 7.493610e-16 3.222752e+02 16 0
5689.8568 5693.7259 1.932919e-13 9.260523e-15 4.816208e+02 528 0
