# SN2023IXF of4303020 G430L CCD z=0.00087 a2center=893.7 extrsize=17 exptime=34.0 mode=adaptive_clamphi flags=none
# rest_wvl obs_wvl flux error net dq mask
2882.8694 2885.3775 -1.801798e-13 2.292982e-13 -8.993350e-01 16896 0
2885.6117 2888.1221 8.988752e-14 1.704844e-13 3.516213e-01 512 0
2888.3539 2890.8668 9.541344e-14 1.334510e-13 3.833533e-01 512 0
2891.0963 2893.6115 1.902071e-13 1.115089e-13 1.304557e+00 512 0
2893.8386 2896.3562 -1.121520e-13 9.299315e-14 -1.330693e+00 16896 0
2896.5809 2899.1010 -8.274148e-14 8.385401e-14 -1.124685e+00 16896 0
2899.3233 2901.8457 2.371975e-13 7.388713e-14 2.794437e+00 512 0
2902.0657 2904.5905 1.534392e-13 6.627679e-14 1.961213e+00 512 0
2904.8081 2907.3353 1.117818e-13 6.089859e-14 1.541288e+00 528 0
2907.5505 2910.0801 -2.947396e-14 5.242222e-14 -6.244062e-01 16896 0
2910.2930 2912.8250 4.715400e-14 4.769146e-14 7.335618e-01 512 0
2913.0355 2915.5698 -2.689898e-14 4.199009e-14 -7.080067e-01 16912 0
2915.7780 2918.3147 1.624378e-14 3.876617e-14 2.550848e-01 528 0
2918.5205 2921.0596 5.224129e-14 3.423918e-14 1.202565e+00 512 0
2921.2631 2923.8046 6.936649e-14 3.083803e-14 1.887056e+00 528 0
2924.0056 2926.5495 2.281133e-14 2.758577e-14 6.017237e-01 528 0
2926.7482 2929.2945 5.548018e-14 2.545965e-14 1.926360e+00 528 0
2929.4908 2932.0395 1.545231e-13 2.865710e-14 6.927243e+00 528 0
2932.2335 2934.7845 2.282722e-14 2.082531e-14 9.394324e-01 528 0
2934.9761 2937.5296 4.824415e-14 1.649858e-14 2.550142e+00 528 0
2937.7188 2940.2746 6.399125e-14 1.486271e-14 3.997914e+00 512 0
2940.4615 2943.0197 6.369791e-14 1.333695e-14 4.537310e+00 528 0
2943.2042 2945.7648 8.128195e-14 1.218850e-14 6.686807e+00 528 0
2945.9470 2948.5099 7.494926e-14 1.101850e-14 6.874405e+00 528 0
2948.6897 2951.2551 1.032385e-13 1.037267e-14 1.082641e+01 528 0
2951.4325 2954.0003 8.162995e-14 9.329316e-15 9.319896e+00 528 0
2954.1753 2956.7455 7.512594e-14 8.658124e-15 9.368852e+00 528 0
2956.9182 2959.4907 5.832126e-14 7.802709e-15 7.758363e+00 528 0
2959.6610 2962.2359 7.406671e-14 7.448036e-15 1.088843e+01 528 0
2962.4039 2964.9812 8.458462e-14 7.235124e-15 1.339865e+01 528 0
2965.1468 2967.7264 7.099985e-14 6.687852e-15 1.179719e+01 16 0
2967.8897 2970.4717 6.638876e-14 6.405891e-15 1.150706e+01 16 0
2970.6326 2973.2171 7.570570e-14 6.268088e-15 1.386389e+01 0 0
2973.3756 2975.9624 7.917552e-14 6.139219e-15 1.505656e+01 16 0
2976.1185 2978.7078 8.075535e-14 5.993437e-15 1.588469e+01 16 0
2978.8615 2981.4531 7.008839e-14 6.117637e-15 1.398965e+01 16 0
2981.6045 2984.1985 6.235248e-14 5.681275e-15 1.262659e+01 16 0
2984.3476 2986.9440 7.633589e-14 5.643111e-15 1.596910e+01 0 0
2987.0906 2989.6894 6.080658e-14 5.404794e-15 1.272501e+01 0 0
2989.8337 2992.4349 6.171416e-14 5.361107e-15 1.310949e+01 16 0
2992.5768 2995.1803 6.402160e-14 5.295260e-15 1.381020e+01 0 0
2995.3199 2997.9258 7.053786e-14 5.347161e-15 1.550551e+01 0 0
2998.0631 3000.6714 7.017331e-14 5.334538e-15 1.560207e+01 16 0
3000.8062 3003.4169 5.723450e-14 5.473618e-15 1.269857e+01 16 0
3003.5494 3006.1625 6.824934e-14 5.147514e-15 1.553566e+01 16 0
3006.2926 3008.9081 6.494090e-14 5.083084e-15 1.494004e+01 0 0
3009.0358 3011.6537 5.954739e-14 4.954926e-15 1.382052e+01 0 0
3011.7790 3014.3993 7.005002e-14 5.219119e-15 1.670746e+01 16 0
3014.5223 3017.1449 4.874687e-14 4.964092e-15 1.152301e+01 0 0
3017.2656 3019.8906 6.857902e-14 5.376388e-15 1.691613e+01 16 0
3020.0089 3022.6363 7.359900e-14 4.813156e-15 1.858514e+01 0 0
3022.7522 3025.3820 6.774484e-14 4.775360e-15 1.735295e+01 16 0
3025.4955 3028.1277 6.623878e-14 4.588290e-15 1.728917e+01 0 0
3028.2389 3030.8734 6.340634e-14 4.482200e-15 1.684218e+01 0 0
3030.9822 3033.6192 6.255851e-14 4.427388e-15 1.694835e+01 0 0
3033.7256 3036.3650 6.254473e-14 4.390589e-15 1.728897e+01 16 0
3036.4690 3039.1108 5.480855e-14 4.504466e-15 1.532123e+01 16 0
3039.2125 3041.8566 6.291323e-14 4.239628e-15 1.809076e+01 0 0
3041.9559 3044.6024 5.720278e-14 4.113485e-15 1.665679e+01 16 0
3044.6994 3047.3483 5.300959e-14 4.083586e-15 1.563476e+01 0 0
3047.4429 3050.0941 6.494291e-14 4.105488e-15 1.974469e+01 16 0
3050.1864 3052.8400 6.067730e-14 4.023988e-15 1.867725e+01 16 0
3052.9299 3055.5860 6.285386e-14 4.032647e-15 1.969958e+01 16 0
3055.6734 3058.3319 5.118489e-14 3.759238e-15 1.608293e+01 0 0
3058.4170 3061.0778 6.372617e-14 3.863404e-15 2.060727e+01 0 0
3061.1606 3063.8238 5.406014e-14 3.966938e-15 1.756490e+01 16 0
3063.9042 3066.5698 5.559973e-14 3.693045e-15 1.835318e+01 16 0
3066.6478 3069.3158 5.937306e-14 3.677789e-15 1.996000e+01 0 0
3069.3914 3072.0618 6.351705e-14 3.694947e-15 2.171822e+01 0 0
3072.1351 3074.8079 6.088151e-14 3.732496e-15 2.103591e+01 16 0
3074.8788 3077.5539 5.736292e-14 3.599010e-15 1.997870e+01 16 0
3077.6225 3080.3000 7.066239e-14 4.506377e-15 2.518473e+01 16 0
3080.3662 3083.0461 7.104142e-14 3.786942e-15 2.557627e+01 16 0
3083.1099 3085.7922 6.010830e-14 3.551200e-15 2.163693e+01 16 0
3085.8537 3088.5383 6.982541e-14 3.606997e-15 2.555069e+01 0 0
3088.5974 3091.2845 7.455655e-14 3.640376e-15 2.757434e+01 16 0
3091.3412 3094.0307 6.486061e-14 3.542316e-15 2.396304e+01 16 0
3094.0850 3096.7769 5.946424e-14 3.450487e-15 2.198493e+01 16 0
3096.8288 3099.5231 6.456525e-14 3.716553e-15 2.410457e+01 16 0
3099.5727 3102.2693 5.976595e-14 3.418694e-15 2.231893e+01 0 0
3102.3165 3105.0155 5.089617e-14 3.963116e-15 1.890889e+01 16 0
3105.0604 3107.7618 5.277355e-14 3.637754e-15 1.973220e+01 16 0
3107.8043 3110.5081 6.480306e-14 3.571955e-15 2.462000e+01 0 0
3110.5482 3113.2544 6.048363e-14 3.406228e-15 2.298775e+01 16 0
3113.2921 3116.0007 6.001805e-14 3.359955e-15 2.290025e+01 16 0
3116.0360 3118.7470 5.756527e-14 3.330663e-15 2.201306e+01 16 0
3118.7800 3121.4933 6.674593e-14 3.781966e-15 2.585575e+01 16 0
3121.5240 3124.2397 5.242400e-14 3.358227e-15 2.013527e+01 0 0
3124.2680 3126.9861 5.882558e-14 3.344097e-15 2.286522e+01 16 0
3127.0120 3129.7325 6.221457e-14 3.310468e-15 2.439266e+01 0 0
3129.7560 3132.4789 5.931114e-14 3.271845e-15 2.332370e+01 0 0
3132.5001 3135.2253 5.828220e-14 3.304864e-15 2.303197e+01 0 0
3135.2441 3137.9718 5.774844e-14 3.264314e-15 2.294489e+01 16 0
3137.9882 3140.7182 5.792011e-14 3.250468e-15 2.316051e+01 16 0
3140.7323 3143.4647 5.860507e-14 3.445837e-15 2.359462e+01 16 0
3143.4764 3146.2112 5.858280e-14 3.213759e-15 2.373801e+01 16 0
3146.2205 3148.9577 5.415007e-14 3.135435e-15 2.198711e+01 0 0
3148.9647 3151.7043 6.197453e-14 3.210416e-15 2.552716e+01 16 0
3151.7088 3154.4508 6.089288e-14 3.170288e-15 2.523079e+01 0 0
3154.4530 3157.1974 6.329663e-14 3.214755e-15 2.647095e+01 16 0
3157.1972 3159.9440 5.169997e-14 3.374368e-15 2.153748e+01 16 0
3159.9414 3162.6906 6.634405e-14 3.168821e-15 2.822395e+01 0 0
3162.6856 3165.4372 5.038732e-14 3.038066e-15 2.127677e+01 16 0
3165.4299 3168.1838 5.989230e-14 3.057516e-15 2.572904e+01 16 0
3168.1741 3170.9305 6.093281e-14 3.064792e-15 2.639708e+01 16 0
3170.9184 3173.6771 6.298915e-14 3.066373e-15 2.754107e+01 16 0
3173.6627 3176.4238 6.895348e-14 3.115741e-15 3.050990e+01 16 0
3176.4070 3179.1705 6.451307e-14 3.073775e-15 2.866188e+01 16 0
3179.1513 3181.9172 6.367991e-14 3.039173e-15 2.848057e+01 0 0
3181.8957 3184.6639 6.889684e-14 3.084768e-15 3.115663e+01 16 0
3184.6400 3187.4107 6.461980e-14 3.438643e-15 2.934306e+01 16 0
3187.3844 3190.1574 6.530810e-14 2.998681e-15 2.988557e+01 0 0
3190.1288 3192.9042 7.131757e-14 3.067221e-15 3.301113e+01 16 0
3192.8732 3195.6510 6.408001e-14 3.036199e-15 2.972786e+01 16 0
3195.6176 3198.3978 6.820705e-14 2.995447e-15 3.197359e+01 16 0
3198.3621 3201.1446 6.663908e-14 2.938829e-15 3.144179e+01 0 0
3201.1065 3203.8915 7.871647e-14 3.045007e-15 3.770684e+01 16 0
3203.8510 3206.6383 7.355061e-14 3.003063e-15 3.539983e+01 16 0
3206.5954 3209.3852 7.648338e-14 3.081628e-15 3.715651e+01 16 0
3209.3399 3212.1321 7.718509e-14 2.982723e-15 3.779842e+01 16 0
3212.0844 3214.8790 7.805543e-14 2.993838e-15 3.852591e+01 16 0
3214.8290 3217.6259 7.671047e-14 2.944870e-15 3.810753e+01 0 0
3217.5735 3220.3728 7.131792e-14 2.873330e-15 3.555984e+01 0 0
3220.3181 3223.1197 8.325332e-14 2.994788e-15 4.205822e+01 16 0
3223.0626 3225.8667 7.698471e-14 2.907643e-15 3.900519e+01 0 0
3225.8072 3228.6137 7.971343e-14 2.917764e-15 4.068210e+01 0 0
3228.5518 3231.3607 7.366072e-14 2.910982e-15 3.767794e+01 16 0
3231.2964 3234.1077 7.931404e-14 2.944262e-15 4.092042e+01 0 0
3234.0411 3236.8547 7.699292e-14 2.876865e-15 3.988007e+01 16 0
3236.7857 3239.6017 8.391805e-14 2.912319e-15 4.383852e+01 16 0
3239.5304 3242.3488 7.511019e-14 2.807443e-15 3.924439e+01 0 0
3242.2750 3245.0958 7.251658e-14 2.796503e-15 3.800686e+01 16 0
3245.0197 3247.8429 7.014335e-14 2.759931e-15 3.686854e+01 0 0
3247.7644 3250.5900 7.404939e-14 2.797150e-15 3.917824e+01 0 0
3250.5091 3253.3371 7.164251e-14 2.767548e-15 3.800637e+01 16 0
3253.2539 3256.0842 7.625134e-14 2.787982e-15 4.072491e+01 0 0
3255.9986 3258.8313 7.167155e-14 2.721545e-15 3.833515e+01 0 0
3258.7434 3261.5785 6.631041e-14 2.725566e-15 3.549717e+01 0 0
3261.4881 3264.3256 6.701256e-14 2.702629e-15 3.604006e+01 16 0
3264.2329 3267.0728 6.954151e-14 2.746362e-15 3.762355e+01 16 0
3266.9777 3269.8200 6.866721e-14 2.676731e-15 3.729363e+01 16 0
3269.7225 3272.5672 6.868220e-14 2.668441e-15 3.747253e+01 0 0
3272.4674 3275.3144 6.624859e-14 2.628662e-15 3.625465e+01 0 0
3275.2122 3278.0616 6.866998e-14 2.641418e-15 3.781543e+01 0 0
3277.9571 3280.8089 6.721872e-14 2.617664e-15 3.715728e+01 16 0
3280.7019 3283.5561 6.608962e-14 2.607540e-15 3.668063e+01 0 0
3283.4468 3286.3034 6.435220e-14 2.583462e-15 3.584433e+01 0 0
3286.1917 3289.0507 6.442075e-14 2.603646e-15 3.605323e+01 0 0
3288.9366 3291.7980 6.898589e-14 2.594899e-15 3.890097e+01 0 0
3291.6815 3294.5453 6.534989e-14 2.903202e-15 3.693306e+01 0 0
3294.4265 3297.2926 6.723869e-14 2.597270e-15 3.821675e+01 16 0
3297.1714 3300.0399 6.885239e-14 2.616505e-15 3.934342e+01 0 0
3299.9164 3302.7873 6.902653e-14 2.570930e-15 3.961591e+01 0 0
3302.6613 3305.5347 6.897807e-14 2.565173e-15 3.975257e+01 16 0
3305.4063 3308.2820 7.393862e-14 2.597710e-15 4.290722e+01 0 0
3308.1513 3311.0294 6.996334e-14 2.559170e-15 4.067520e+01 16 0
3310.8963 3313.7768 7.175421e-14 2.560584e-15 4.192760e+01 16 0
3313.6414 3316.5242 7.126460e-14 2.537617e-15 4.179829e+01 0 0
3316.3864 3319.2717 6.556810e-14 2.500792e-15 3.848130e+01 0 0
3319.1315 3322.0191 7.504332e-14 2.586777e-15 4.446472e+01 16 0
3321.8765 3324.7666 7.386061e-14 2.701797e-15 4.391800e+01 16 0
3324.6216 3327.5140 7.354795e-14 2.593827e-15 4.391068e+01 16 0
3327.3667 3330.2615 8.105810e-14 2.604897e-15 4.878079e+01 0 0
3330.1118 3333.0090 7.571403e-14 2.533503e-15 4.564869e+01 0 0
3332.8569 3335.7565 7.847710e-14 2.574528e-15 4.758828e+01 16 0
3335.6020 3338.5040 8.323017e-14 2.593562e-15 5.080797e+01 0 0
3338.3472 3341.2515 8.041424e-14 2.566437e-15 4.924982e+01 0 0
3341.0923 3343.9991 8.428821e-14 2.640962e-15 5.194620e+01 16 0
3343.8375 3346.7466 9.672372e-14 3.003838e-15 6.016085e+01 16 0
3346.5826 3349.4942 8.089814e-14 2.536483e-15 5.023674e+01 0 0
3349.3278 3352.2417 8.252826e-14 2.573227e-15 5.151556e+01 16 0
3352.0730 3354.9893 8.170417e-14 2.584682e-15 5.120855e+01 16 0
3354.8182 3357.7369 8.367134e-14 2.547107e-15 5.271460e+01 16 0
3357.5635 3360.4845 8.941478e-14 2.622174e-15 5.670304e+01 16 0
3360.3087 3363.2322 9.074619e-14 2.586592e-15 5.781898e+01 0 0
3363.0539 3365.9798 8.153020e-14 2.494087e-15 5.197215e+01 0 0
3365.7992 3368.7274 8.101209e-14 2.491406e-15 5.184398e+01 0 0
3368.5445 3371.4751 8.238938e-14 2.493261e-15 5.297313e+01 16 0
3371.2897 3374.2228 8.186041e-14 2.555585e-15 5.283772e+01 16 0
3374.0350 3376.9704 8.710748e-14 2.547665e-15 5.657712e+01 16 0
3376.7803 3379.7181 8.739903e-14 2.510212e-15 5.700942e+01 16 0
3379.5256 3382.4658 8.719754e-14 2.498559e-15 5.711415e+01 0 0
3382.2710 3385.2135 8.337432e-14 2.449309e-15 5.476124e+01 16 0
3385.0163 3387.9613 8.287595e-14 2.483869e-15 5.466150e+01 16 0
3387.7616 3390.7090 8.323808e-14 2.464950e-15 5.515234e+01 16 0
3390.5070 3393.4567 8.332189e-14 2.436869e-15 5.546011e+01 16 0
3393.2524 3396.2045 8.333341e-14 2.444815e-15 5.572118e+01 16 0
3395.9977 3398.9523 7.607128e-14 2.379723e-15 5.093954e+01 16 0
3398.7431 3401.7000 8.159580e-14 2.407931e-15 5.502855e+01 16 0
3401.4885 3404.4478 8.602789e-14 2.431922e-15 5.839411e+01 16 0
3404.2339 3407.1956 8.347073e-14 2.393654e-15 5.686544e+01 16 0
3406.9794 3409.9434 8.063946e-14 2.476669e-15 5.512646e+01 16 0
3409.7248 3412.6913 8.461340e-14 2.393806e-15 5.819856e+01 0 0
3412.4702 3415.4391 8.199847e-14 2.371288e-15 5.659185e+01 16 0
3415.2157 3418.1869 8.048995e-14 2.442015e-15 5.575618e+01 16 0
3417.9612 3420.9348 8.519129e-14 2.360903e-15 5.937386e+01 16 0
3420.7066 3423.6826 9.100510e-14 2.413004e-15 6.381922e+01 16 0
3423.4521 3426.4305 8.816834e-14 2.380499e-15 6.201659e+01 0 0
3426.1976 3429.1784 8.578307e-14 2.370770e-15 6.052069e+01 16 0
3428.9431 3431.9263 8.977116e-14 2.546152e-15 6.367098e+01 16 0
3431.6886 3434.6742 9.097851e-14 2.404476e-15 6.479632e+01 16 0
3434.4341 3437.4221 9.272248e-14 2.402148e-15 6.632652e+01 16 0
3437.1797 3440.1700 8.755612e-14 2.379373e-15 6.275079e+01 0 0
3439.9252 3442.9180 9.100437e-14 2.368014e-15 6.554617e+01 16 0
3442.6708 3445.6659 9.449329e-14 2.486851e-15 6.838816e+01 16 0
3445.4163 3448.4139 9.698205e-14 2.409908e-15 7.050945e+01 16 0
3448.1619 3451.1618 9.584110e-14 2.389164e-15 6.991431e+01 16 0
3450.9075 3453.9098 9.492002e-14 2.389482e-15 6.948531e+01 0 0
3453.6531 3456.6578 9.682407e-14 2.384202e-15 7.118557e+01 0 0
3456.3987 3459.4058 9.380665e-14 2.357324e-15 6.916469e+01 0 0
3459.1443 3462.1538 9.218598e-14 2.336262e-15 6.818786e+01 16 0
3461.8899 3464.9018 9.539180e-14 2.651984e-15 7.089301e+01 0 0
3464.6355 3467.6498 9.699326e-14 2.395478e-15 7.238113e+01 0 0
3467.3812 3470.3978 9.698066e-14 2.378099e-15 7.263230e+01 16 0
3470.1268 3473.1458 9.714077e-14 2.355825e-15 7.301332e+01 16 0
3472.8725 3475.8939 1.029930e-13 2.393310e-15 7.780904e+01 0 0
3475.6182 3478.6419 1.024623e-13 2.382943e-15 7.765620e+01 0 0
3478.3638 3481.3900 9.218348e-14 2.330554e-15 6.987663e+01 0 0
3481.1095 3484.1381 9.548519e-14 2.331240e-15 7.267895e+01 16 0
3483.8552 3486.8862 9.339860e-14 2.353944e-15 7.125964e+01 16 0
3486.6009 3489.6342 9.556868e-14 2.315094e-15 7.317843e+01 16 0
3489.3466 3492.3823 8.935740e-14 2.270285e-15 6.848226e+01 0 0
3492.0923 3495.1305 8.990115e-14 2.273015e-15 6.910270e+01 16 0
3494.8381 3497.8786 9.819042e-14 2.328166e-15 7.586964e+01 16 0
3497.5838 3500.6267 9.634776e-14 2.310474e-15 7.460480e+01 16 0
3500.3295 3503.3748 1.016456e-13 2.357953e-15 7.903462e+01 0 0
3503.0753 3506.1230 9.403388e-14 2.283710e-15 7.314857e+01 0 0
3505.8211 3508.8711 9.976707e-14 2.331535e-15 7.793800e+01 16 0
3508.5668 3511.6193 9.736424e-14 2.329485e-15 7.620445e+01 0 0
3511.3126 3514.3674 8.937190e-14 2.253952e-15 6.995781e+01 16 0
3514.0584 3517.1156 9.305820e-14 2.259641e-15 7.311328e+01 0 0
3516.8042 3519.8638 9.328616e-14 2.267486e-15 7.347956e+01 16 0
3519.5500 3522.6120 9.684669e-14 2.318543e-15 7.655221e+01 0 0
3522.2958 3525.3602 9.438460e-14 2.270993e-15 7.473307e+01 0 0
3525.0416 3528.1084 9.407172e-14 2.248458e-15 7.465562e+01 16 0
3527.7874 3530.8566 9.617653e-14 2.264508e-15 7.654741e+01 0 0
3530.5333 3533.6048 9.972314e-14 2.302522e-15 7.962805e+01 16 0
3533.2791 3536.3530 9.805039e-14 2.284726e-15 7.842604e+01 0 0
3536.0249 3539.1013 9.588069e-14 2.253711e-15 7.680895e+01 0 0
3538.7708 3541.8495 9.791220e-14 2.272970e-15 7.864535e+01 16 0
3541.5167 3544.5978 9.616474e-14 2.255436e-15 7.736656e+01 16 0
3544.2625 3547.3460 9.125417e-14 2.210047e-15 7.346130e+01 0 0
3547.0084 3550.0943 9.912596e-14 2.266043e-15 8.014848e+01 16 0
3549.7543 3552.8426 9.760887e-14 2.256110e-15 7.905136e+01 16 0
3552.5002 3555.5908 9.011344e-14 2.221102e-15 7.297128e+01 16 0
3555.2461 3558.3391 9.639026e-14 2.258799e-15 7.836754e+01 16 0
3557.9920 3561.0874 9.395502e-14 2.269850e-15 7.649867e+01 0 0
3560.7379 3563.8357 9.480815e-14 2.236687e-15 7.738337e+01 16 0
3563.4838 3566.5840 9.449532e-14 2.494784e-15 7.729285e+01 0 0
3566.2297 3569.3324 9.435215e-14 2.215940e-15 7.734811e+01 0 0
3568.9757 3572.0807 9.584309e-14 2.232915e-15 7.878242e+01 16 0
3571.7216 3574.8290 9.479303e-14 2.244092e-15 7.807401e+01 16 0
3574.4676 3577.5773 9.527475e-14 2.221977e-15 7.865923e+01 16 0
3577.2135 3580.3257 9.996225e-14 2.239767e-15 8.282017e+01 16 0
3579.9595 3583.0740 1.002949e-13 2.252339e-15 8.328621e+01 0 0
3582.7054 3585.8224 9.692284e-14 2.218311e-15 8.058577e+01 16 0
3585.4514 3588.5707 9.729275e-14 2.236820e-15 8.107373e+01 0 0
3588.1974 3591.3191 9.693875e-14 2.311740e-15 8.093652e+01 16 0
3590.9434 3594.0675 9.571053e-14 2.197070e-15 8.004938e+01 16 0
3593.6894 3596.8159 9.927257e-14 2.222011e-15 8.327692e+01 0 0
3596.4354 3599.5643 1.003782e-13 2.228989e-15 8.440622e+01 0 0
3599.1814 3602.3126 9.851559e-14 2.212440e-15 8.296358e+01 0 0
3601.9274 3605.0610 9.475427e-14 2.317004e-15 7.988344e+01 16 0
3604.6734 3607.8094 9.928308e-14 2.221319e-15 8.398833e+01 16 0
3607.4194 3610.5579 9.842484e-14 2.214662e-15 8.344353e+01 16 0
3610.1654 3613.3063 9.633788e-14 2.498393e-15 8.183399e+01 16 0
3612.9115 3616.0547 1.004483e-13 2.216376e-15 8.565604e+01 0 0
3615.6575 3618.8031 1.051676e-13 2.251383e-15 9.004907e+01 16 0
3618.4035 3621.5516 1.032681e-13 2.263214e-15 8.866640e+01 16 0
3621.1496 3624.3000 1.047159e-13 2.230728e-15 9.024698e+01 16 0
3623.8956 3627.0484 1.016879e-13 2.200950e-15 8.789079e+01 0 0
3626.6417 3629.7969 1.001599e-13 2.209257e-15 8.686506e+01 16 0
3629.3878 3632.5453 1.013493e-13 2.180516e-15 8.827152e+01 16 0
3632.1338 3635.2938 1.001879e-13 2.170433e-15 8.758880e+01 1024 0
3634.8799 3638.0423 1.041625e-13 2.206065e-15 9.152974e+01 1040 0
3637.6260 3640.7907 1.008711e-13 2.198315e-15 8.893239e+01 1040 0
3640.3721 3643.5392 9.965539e-14 2.443038e-15 8.819627e+01 1024 0
3643.1182 3646.2877 1.000317e-13 2.175935e-15 8.889323e+01 1040 0
3645.8643 3649.0362 1.018583e-13 2.295832e-15 9.091513e+01 1040 0
3648.6104 3651.7847 1.026493e-13 2.191177e-15 9.198395e+01 1040 0
3651.3565 3654.5332 1.029165e-13 2.155063e-15 9.256764e+01 1024 0
3654.1026 3657.2817 9.715561e-14 2.110851e-15 8.756195e+01 1024 0
3656.8487 3660.0302 9.935383e-14 2.123717e-15 8.989545e+01 1040 0
3659.5948 3662.7787 9.797095e-14 2.108169e-15 8.889591e+01 1040 0
3662.3410 3665.5272 1.008469e-13 2.145076e-15 9.186033e+01 1024 0
3665.0871 3668.2757 9.567252e-14 2.088874e-15 8.729929e+01 1040 0
3667.8332 3671.0242 1.018724e-13 2.139927e-15 9.339075e+01 1040 0
3670.5794 3673.7728 1.017734e-13 2.172013e-15 9.359114e+01 1040 0
3673.3255 3676.5213 9.824452e-14 2.099573e-15 9.056196e+01 1024 0
3676.0717 3679.2698 9.958932e-14 2.149967e-15 9.214828e+01 1040 0
3678.8178 3682.0184 9.531000e-14 2.081829e-15 8.841071e+01 1040 0
3681.5640 3684.7669 1.059045e-13 2.138174e-15 9.887454e+01 1040 0
3684.3101 3687.5155 1.023656e-13 2.109886e-15 9.588468e+01 1040 0
3687.0563 3690.2640 1.053666e-13 2.122828e-15 9.920339e+01 1024 0
3689.8025 3693.0126 1.060489e-13 2.143784e-15 1.003245e+02 1040 0
3692.5486 3695.7611 1.098454e-13 2.184398e-15 1.045221e+02 1040 0
3695.2948 3698.5097 1.252872e-13 2.265653e-15 1.201731e+02 1040 0
3698.0410 3701.2583 1.032009e-13 2.088688e-15 9.910321e+01 1040 0
3700.7872 3704.0068 1.129026e-13 2.150413e-15 1.092433e+02 1040 0
3703.5334 3706.7554 1.141917e-13 2.133229e-15 1.111567e+02 1024 0
3706.2795 3709.5040 1.168033e-13 2.144624e-15 1.144092e+02 1040 0
3709.0257 3712.2526 1.116102e-13 2.106741e-15 1.098587e+02 1024 0
3711.7719 3715.0012 1.210528e-13 2.161262e-15 1.200542e+02 1024 0
3714.5181 3717.7498 1.249839e-13 2.185350e-15 1.247622e+02 1024 0
3717.2643 3720.4984 1.153474e-13 2.153419e-15 1.156109e+02 0 0
3720.0105 3723.2470 1.154642e-13 2.109709e-15 1.163960e+02 16 0
3722.7568 3725.9956 1.122949e-13 2.088128e-15 1.137719e+02 16 0
3725.5030 3728.7442 1.211605e-13 2.138883e-15 1.236422e+02 0 0
3728.2492 3731.4928 1.210271e-13 2.122683e-15 1.241886e+02 0 0
3730.9954 3734.2414 1.141136e-13 2.071321e-15 1.176022e+02 16 0
3733.7416 3736.9900 1.205581e-13 2.100186e-15 1.250749e+02 0 0
3736.4879 3739.7386 1.154329e-13 2.057445e-15 1.203230e+02 16 0
3739.2341 3742.4872 1.206533e-13 2.133211e-15 1.265909e+02 0 0
3741.9803 3745.2358 1.324089e-13 2.167055e-15 1.399831e+02 16 0
3744.7265 3747.9845 1.191228e-13 2.100251e-15 1.264140e+02 0 0
3747.4728 3750.7331 1.194417e-13 2.055849e-15 1.275237e+02 16 0
3750.2190 3753.4817 1.248920e-13 2.091556e-15 1.342789e+02 16 0
3752.9653 3756.2303 1.213672e-13 2.064406e-15 1.312371e+02 16 0
3755.7115 3758.9790 1.209901e-13 2.053746e-15 1.316572e+02 16 0
3758.4578 3761.7276 1.290374e-13 2.088857e-15 1.415023e+02 16 0
3761.2040 3764.4763 1.266308e-13 2.078755e-15 1.397239e+02 16 0
3763.9503 3767.2249 1.224788e-13 2.030001e-15 1.359478e+02 0 0
3766.6965 3769.9735 1.212627e-13 2.027190e-15 1.354613e+02 16 0
3769.4428 3772.7222 1.225181e-13 2.013917e-15 1.377903e+02 0 0
3772.1890 3775.4708 1.187503e-13 2.026283e-15 1.343451e+02 16 0
3774.9353 3778.2195 1.172975e-13 2.041162e-15 1.335242e+02 16 0
3777.6815 3780.9681 1.239917e-13 2.017161e-15 1.421940e+02 0 0
3780.4278 3783.7168 1.159866e-13 1.973053e-15 1.336719e+02 16 0
3783.1741 3786.4654 1.202230e-13 1.973607e-15 1.395013e+02 16 0
3785.9203 3789.2141 1.160554e-13 2.080162e-15 1.353822e+02 16 0
3788.6666 3791.9627 1.166417e-13 1.940162e-15 1.368847e+02 16 0
3791.4129 3794.7114 1.126516e-13 1.895274e-15 1.328819e+02 16 0
3794.1591 3797.4601 1.177611e-13 1.921098e-15 1.398256e+02 16 0
3796.9054 3800.2087 1.165743e-13 1.913671e-15 1.391794e+02 16 0
3799.6517 3802.9574 1.180479e-13 1.920924e-15 1.417698e+02 16 0
3802.3980 3805.7060 1.150062e-13 1.882645e-15 1.388332e+02 16 0
3805.1442 3808.4547 1.166472e-13 1.885965e-15 1.416468e+02 16 0
3807.8905 3811.2034 1.150689e-13 1.872720e-15 1.404934e+02 0 0
3810.6368 3813.9520 1.160095e-13 1.887899e-15 1.424731e+02 16 0
3813.3831 3816.7007 1.116874e-13 1.957008e-15 1.378636e+02 16 0
3816.1294 3819.4494 1.102630e-13 1.858147e-15 1.368616e+02 16 0
3818.8756 3822.1981 1.073724e-13 1.792603e-15 1.339890e+02 0 0
3821.6219 3824.9467 1.103670e-13 1.806731e-15 1.386069e+02 0 0
3824.3682 3827.6954 1.107885e-13 1.820044e-15 1.399684e+02 0 0
3827.1145 3830.4441 1.109061e-13 1.807774e-15 1.409424e+02 16 0
3829.8608 3833.1927 1.106863e-13 1.799953e-15 1.414832e+02 16 0
3832.6071 3835.9414 1.074698e-13 1.775038e-15 1.380930e+02 16 0
3835.3533 3838.6901 1.070262e-13 1.751699e-15 1.383045e+02 16 0
3838.0996 3841.4388 9.976168e-14 1.703596e-15 1.294757e+02 0 0
3840.8459 3844.1875 1.048305e-13 1.754090e-15 1.369523e+02 16 0
3843.5922 3846.9361 1.021994e-13 1.703473e-15 1.341937e+02 16 0
3846.3385 3849.6848 1.023283e-13 1.716299e-15 1.351057e+02 16 0
3849.0848 3852.4335 9.946482e-14 1.670132e-15 1.319699e+02 16 0
3851.8311 3855.1822 1.031430e-13 1.689532e-15 1.376874e+02 0 0
3854.5774 3857.9308 1.001882e-13 1.678045e-15 1.343899e+02 16 0
3857.3236 3860.6795 1.015358e-13 1.686161e-15 1.369653e+02 0 0
3860.0699 3863.4282 9.518610e-14 1.668574e-15 1.289296e+02 16 0
3862.8162 3866.1769 1.002349e-13 1.653128e-15 1.366382e+02 0 0
3865.5625 3868.9255 1.024990e-13 1.702364e-15 1.405390e+02 16 0
3868.3088 3871.6742 9.949175e-14 1.638742e-15 1.370791e+02 0 0
3871.0551 3874.4229 1.054577e-13 1.684068e-15 1.462457e+02 16 0
3873.8014 3877.1716 1.028552e-13 1.684137e-15 1.433440e+02 16 0
3876.5477 3879.9202 1.054586e-13 1.663359e-15 1.478359e+02 16 0
3879.2939 3882.6689 1.046170e-13 1.670037e-15 1.474279e+02 16 0
3882.0402 3885.4176 1.053371e-13 1.647803e-15 1.492576e+02 0 0
3884.7865 3888.1663 1.049617e-13 1.661915e-15 1.495041e+02 16 0
3887.5328 3890.9149 1.111505e-13 1.672496e-15 1.593029e+02 0 0
3890.2791 3893.6636 1.098591e-13 1.661211e-15 1.582122e+02 16 0
3893.0254 3896.4123 1.146630e-13 1.687272e-15 1.660666e+02 16 0
3895.7716 3899.1610 1.204925e-13 1.709667e-15 1.754851e+02 0 0
3898.5179 3901.9096 1.220947e-13 1.726060e-15 1.786861e+02 0 0
3901.2642 3904.6583 1.258435e-13 1.745119e-15 1.850891e+02 0 0
3904.0105 3907.4070 1.251027e-13 1.730779e-15 1.847911e+02 16 0
3906.7568 3910.1556 1.282645e-13 1.746570e-15 1.903366e+02 16 0
3909.5030 3912.9043 1.339131e-13 1.795828e-15 1.996817e+02 16 0
3912.2493 3915.6530 1.250134e-13 1.718436e-15 1.869772e+02 16 0
3914.9956 3918.4016 1.325217e-13 1.755223e-15 1.991970e+02 16 0
3917.7419 3921.1503 1.307104e-13 1.740522e-15 1.972320e+02 16 0
3920.4881 3923.8989 1.309924e-13 1.776793e-15 1.984778e+02 16 0
3923.2344 3926.6476 1.344572e-13 1.754108e-15 2.046594e+02 16 0
3925.9807 3929.3963 1.375763e-13 1.769109e-15 2.103716e+02 0 0
3928.7269 3932.1449 1.322097e-13 1.733679e-15 2.029340e+02 0 0
3931.4732 3934.8936 1.304444e-13 1.714914e-15 2.010846e+02 0 0
3934.2195 3937.6422 1.327779e-13 1.730119e-15 2.056884e+02 16 0
3936.9657 3940.3909 1.349200e-13 1.741888e-15 2.100469e+02 0 0
3939.7120 3943.1395 1.361182e-13 1.741443e-15 2.129733e+02 16 0
3942.4582 3945.8882 1.351000e-13 1.733231e-15 2.123980e+02 16 0
3945.2045 3948.6368 1.348770e-13 1.713415e-15 2.131031e+02 16 0
3947.9507 3951.3855 1.340785e-13 1.702709e-15 2.128797e+02 0 0
3950.6970 3954.1341 1.372641e-13 1.723653e-15 2.190965e+02 0 0
3953.4432 3956.8827 1.357471e-13 1.715377e-15 2.177018e+02 16 0
3956.1895 3959.6314 1.359788e-13 1.731235e-15 2.191249e+02 0 0
3958.9357 3962.3800 1.325056e-13 1.811610e-15 2.144466e+02 16 0
3961.6820 3965.1286 1.358268e-13 1.699906e-15 2.208921e+02 0 0
3964.4282 3967.8773 1.309057e-13 1.796643e-15 2.136972e+02 16 0
3967.1744 3970.6259 1.298639e-13 1.651627e-15 2.128370e+02 0 0
3969.9207 3973.3745 1.316223e-13 1.659735e-15 2.165986e+02 16 0
3972.6669 3976.1231 1.292007e-13 1.656053e-15 2.133316e+02 16 0
3975.4131 3978.8717 1.267181e-13 1.627087e-15 2.098976e+02 0 0
3978.1594 3981.6204 1.288719e-13 1.644944e-15 2.142123e+02 16 0
3980.9056 3984.3690 1.308269e-13 1.644317e-15 2.181798e+02 0 0
3983.6518 3987.1176 1.267125e-13 1.650568e-15 2.118374e+02 0 0
3986.3980 3989.8662 1.227790e-13 1.609159e-15 2.057456e+02 16 0
3989.1442 3992.6148 1.182229e-13 1.570005e-15 1.985492e+02 0 0
3991.8904 3995.3634 1.174271e-13 1.562502e-15 1.977246e+02 0 0
3994.6367 3998.1120 1.199502e-13 1.573572e-15 2.025804e+02 0 0
3997.3829 4000.8606 1.192383e-13 1.572396e-15 2.018954e+02 0 0
4000.1291 4003.6092 1.191755e-13 1.570251e-15 2.023407e+02 16 0
4002.8753 4006.3578 1.177858e-13 1.552377e-15 2.004948e+02 0 0
4005.6215 4009.1063 1.213984e-13 1.577554e-15 2.073299e+02 16 0
4008.3676 4011.8549 1.222822e-13 1.593135e-15 2.094648e+02 16 0
4011.1138 4014.6035 1.222565e-13 1.572389e-15 2.100562e+02 0 0
4013.8600 4017.3521 1.200643e-13 1.568365e-15 2.068647e+02 0 0
4016.6062 4020.1006 1.182941e-13 1.558543e-15 2.044195e+02 16 0
4019.3524 4022.8492 1.208722e-13 1.565595e-15 2.096064e+02 16 0
4022.0985 4025.5978 1.245265e-13 1.603285e-15 2.167467e+02 16 0
4024.8447 4028.3463 1.235356e-13 1.569545e-15 2.156983e+02 16 0
4027.5909 4031.0949 1.232215e-13 1.558107e-15 2.158534e+02 16 0
4030.3370 4033.8434 1.273801e-13 1.580182e-15 2.239721e+02 16 0
4033.0832 4036.5920 1.312246e-13 1.602954e-15 2.315858e+02 0 0
4035.8293 4039.3405 1.265330e-13 1.675563e-15 2.239064e+02 0 0
4038.5755 4042.0890 1.291090e-13 1.577119e-15 2.292377e+02 16 0
4041.3216 4044.8376 1.349091e-13 1.604379e-15 2.403991e+02 16 0
4044.0678 4047.5861 1.281773e-13 1.576775e-15 2.289095e+02 16 0
4046.8139 4050.3346 1.305272e-13 1.586368e-15 2.338074e+02 16 0
4049.5600 4053.0832 1.302968e-13 1.581397e-15 2.339867e+02 0 0
4052.3062 4055.8317 1.319110e-13 1.591943e-15 2.375036e+02 16 0
4055.0523 4058.5802 1.314543e-13 1.588513e-15 2.372083e+02 16 0
4057.7984 4061.3287 1.319743e-13 1.580325e-15 2.386665e+02 16 0
4060.5445 4064.0772 1.331013e-13 1.600614e-15 2.411895e+02 16 0
4063.2906 4066.8257 1.287708e-13 1.573925e-15 2.336561e+02 16 0
4066.0367 4069.5742 1.312258e-13 1.596273e-15 2.385497e+02 16 0
4068.7828 4072.3227 1.332848e-13 1.583717e-15 2.426984e+02 16 0
4071.5289 4075.0711 1.306706e-13 1.705284e-15 2.381721e+02 16 0
4074.2750 4077.8196 1.316698e-13 1.576342e-15 2.402944e+02 0 0
4077.0211 4080.5681 1.291712e-13 1.552058e-15 2.359022e+02 16 0
4079.7672 4083.3166 1.342040e-13 1.577673e-15 2.454432e+02 16 0
4082.5132 4086.0650 1.287841e-13 1.553918e-15 2.355914e+02 16 0
4085.2593 4088.8135 1.322058e-13 1.567707e-15 2.421307e+02 0 0
4088.0054 4091.5619 1.320517e-13 1.563396e-15 2.420325e+02 16 0
4090.7514 4094.3104 1.293531e-13 1.558829e-15 2.372125e+02 16 0
4093.4975 4097.0588 1.319346e-13 1.587307e-15 2.422096e+02 0 0
4096.2435 4099.8072 1.335921e-13 1.575807e-15 2.455117e+02 0 0
4098.9895 4102.5557 1.278077e-13 1.547827e-15 2.349750e+02 16 0
4101.7356 4105.3041 1.320567e-13 1.558226e-15 2.431561e+02 0 0
4104.4816 4108.0525 1.303541e-13 1.558942e-15 2.402762e+02 16 0
4107.2276 4110.8009 1.318906e-13 1.563724e-15 2.434722e+02 16 0
4109.9736 4113.5493 1.258314e-13 1.538058e-15 2.324930e+02 16 0
4112.7196 4116.2977 1.295726e-13 1.542048e-15 2.398879e+02 0 0
4115.4656 4119.0461 1.304651e-13 1.556842e-15 2.419983e+02 0 0
4118.2116 4121.7945 1.275159e-13 1.540088e-15 2.369041e+02 16 0
4120.9576 4124.5429 1.279717e-13 1.534845e-15 2.382494e+02 0 0
4123.7036 4127.2912 1.258317e-13 1.521283e-15 2.347061e+02 16 0
4126.4496 4130.0396 1.241714e-13 1.507005e-15 2.320808e+02 0 0
4129.1956 4132.7880 1.257615e-13 1.512870e-15 2.356220e+02 0 0
4131.9415 4135.5363 1.242871e-13 1.508603e-15 2.333611e+02 16 0
4134.6875 4138.2847 1.255971e-13 1.509975e-15 2.364023e+02 16 0
4137.4334 4141.0330 1.274374e-13 1.516201e-15 2.404744e+02 16 0
4140.1794 4143.7814 1.262317e-13 1.508096e-15 2.387264e+02 0 0
4142.9253 4146.5297 1.242588e-13 1.500454e-15 2.354905e+02 16 0
4145.6713 4149.2780 1.191765e-13 1.467961e-15 2.262533e+02 0 0
4148.4172 4152.0263 1.249773e-13 1.508146e-15 2.379558e+02 16 0
4151.1631 4154.7746 1.211471e-13 1.481450e-15 2.310936e+02 0 0
4153.9090 4157.5229 1.194902e-13 1.460421e-15 2.284030e+02 0 0
4156.6549 4160.2712 1.206285e-13 1.472266e-15 2.311351e+02 16 0
4159.4008 4163.0195 1.209103e-13 1.473580e-15 2.322068e+02 0 0
4162.1467 4165.7678 1.191664e-13 1.473040e-15 2.293344e+02 0 0
4164.8926 4168.5161 1.263028e-13 1.490139e-15 2.438051e+02 16 0
4167.6385 4171.2643 1.220649e-13 1.470566e-15 2.360573e+02 16 0
4170.3843 4174.0126 1.217032e-13 1.467460e-15 2.358936e+02 0 0
4173.1302 4176.7608 1.194693e-13 1.454974e-15 2.320403e+02 16 0
4175.8761 4179.5091 1.206464e-13 1.450046e-15 2.348970e+02 16 0
4178.6219 4182.2573 1.147299e-13 1.422298e-15 2.237357e+02 0 0
4181.3678 4185.0055 1.181610e-13 1.445260e-15 2.310533e+02 16 0
4184.1136 4187.7538 1.135152e-13 1.419410e-15 2.223458e+02 0 0
4186.8594 4190.5020 1.167925e-13 1.431552e-15 2.293688e+02 0 0
4189.6052 4193.2502 1.152826e-13 1.421308e-15 2.268457e+02 16 0
4192.3510 4195.9984 1.149001e-13 1.413628e-15 2.265567e+02 0 0
4195.0968 4198.7466 1.123226e-13 1.402870e-15 2.218391e+02 16 0
4197.8426 4201.4947 1.094677e-13 1.384041e-15 2.165382e+02 0 0
4200.5884 4204.2429 1.084841e-13 1.391258e-15 2.149408e+02 16 0
4203.3342 4206.9911 1.078268e-13 1.383349e-15 2.139702e+02 16 0
4206.0800 4209.7392 1.069951e-13 1.378535e-15 2.126132e+02 16 0
4208.8257 4212.4874 1.075266e-13 1.366385e-15 2.139788e+02 16 0
4211.5715 4215.2355 1.074418e-13 1.378363e-15 2.140813e+02 0 0
4214.3172 4217.9837 1.060891e-13 1.365077e-15 2.116008e+02 16 0
4217.0629 4220.7318 1.017537e-13 1.331504e-15 2.030590e+02 16 0
4219.8087 4223.4799 1.010304e-13 1.331389e-15 2.018052e+02 0 0
4222.5544 4226.2280 1.046213e-13 1.373444e-15 2.092996e+02 16 0
4225.3001 4228.9761 1.017612e-13 1.357168e-15 2.037039e+02 16 0
4228.0458 4231.7242 1.022908e-13 1.334722e-15 2.049938e+02 16 0
4230.7915 4234.4723 9.944369e-14 1.324876e-15 1.994205e+02 16 0
4233.5372 4237.2204 1.021371e-13 1.335067e-15 2.051311e+02 0 0
4236.2828 4239.9684 1.013441e-13 1.328097e-15 2.037524e+02 0 0
4239.0285 4242.7165 1.046293e-13 1.373494e-15 2.107182e+02 16 0
4241.7742 4245.4645 1.027641e-13 1.332213e-15 2.071946e+02 16 0
4244.5198 4248.2126 1.032624e-13 1.339910e-15 2.085128e+02 16 0
4247.2655 4250.9606 1.059070e-13 1.351795e-15 2.142561e+02 0 0
4250.0111 4253.7086 1.046566e-13 1.340259e-15 2.120282e+02 0 0
4252.7567 4256.4566 1.056028e-13 1.340730e-15 2.143418e+02 0 0
4255.5023 4259.2046 1.091773e-13 1.383366e-15 2.220958e+02 16 0
4258.2479 4261.9526 1.111323e-13 1.379452e-15 2.265594e+02 16 0
4260.9935 4264.7006 1.150309e-13 1.387986e-15 2.350671e+02 16 0
4263.7391 4267.4485 1.149945e-13 1.394161e-15 2.354566e+02 0 0
4266.4847 4270.1965 1.184894e-13 1.403385e-15 2.431900e+02 16 0
4269.2302 4272.9445 1.192998e-13 1.404852e-15 2.453726e+02 16 0
4271.9758 4275.6924 1.204103e-13 1.406919e-15 2.481951e+02 0 0
4274.7213 4278.4403 1.205457e-13 1.406084e-15 2.490046e+02 0 0
4277.4669 4281.1883 1.221989e-13 1.419641e-15 2.529986e+02 16 0
4280.2124 4283.9362 1.186838e-13 1.400042e-15 2.461566e+02 16 0
4282.9579 4286.6841 1.230883e-13 1.426731e-15 2.559644e+02 16 0
4285.7034 4289.4320 1.212173e-13 1.405072e-15 2.525815e+02 16 0
4288.4489 4292.1798 1.228550e-13 1.414605e-15 2.566031e+02 0 0
4291.1944 4294.9277 1.229925e-13 1.418044e-15 2.574602e+02 16 0
4293.9399 4297.6756 1.231390e-13 1.406694e-15 2.583438e+02 16 0
4296.6853 4300.4234 1.240656e-13 1.410207e-15 2.608961e+02 16 0
4299.4308 4303.1713 1.281149e-13 1.436789e-15 2.701163e+02 16 0
4302.1762 4305.9191 1.270131e-13 1.423222e-15 2.683463e+02 16 0
4304.9216 4308.6669 1.279017e-13 1.445603e-15 2.708317e+02 16 0
4307.6671 4311.4147 1.273237e-13 1.425665e-15 2.701729e+02 0 0
4310.4125 4314.1625 1.282945e-13 1.427162e-15 2.728312e+02 0 0
4313.1579 4316.9103 1.252368e-13 1.421296e-15 2.667915e+02 16 0
4315.9033 4319.6581 1.239511e-13 1.399207e-15 2.645487e+02 0 0
4318.6486 4322.4059 1.268952e-13 1.417389e-15 2.714434e+02 0 0
4321.3940 4325.1536 1.229820e-13 1.387893e-15 2.634765e+02 16 0
4324.1394 4327.9014 1.213737e-13 1.383332e-15 2.604697e+02 16 0
4326.8847 4330.6491 1.240990e-13 1.411836e-15 2.668722e+02 16 0
4329.6301 4333.3968 1.251330e-13 1.403471e-15 2.695906e+02 16 0
4332.3754 4336.1445 1.242920e-13 1.408126e-15 2.682203e+02 16 0
4335.1207 4338.8922 1.266962e-13 1.406251e-15 2.739445e+02 16 0
4337.8660 4341.6399 1.244471e-13 1.390942e-15 2.694856e+02 0 0
4340.6113 4344.3876 1.228704e-13 1.383773e-15 2.664858e+02 16 0
4343.3566 4347.1353 1.224243e-13 1.377939e-15 2.659757e+02 16 0
4346.1018 4349.8829 1.245778e-13 1.387706e-15 2.712148e+02 0 0
4348.8471 4352.6306 1.232600e-13 1.379563e-15 2.688185e+02 0 0
4351.5923 4355.3782 1.206534e-13 1.365450e-15 2.635777e+02 16 0
4354.3376 4358.1258 1.190387e-13 1.357083e-15 2.605239e+02 0 0
4357.0828 4360.8734 1.206713e-13 1.361447e-15 2.646823e+02 16 0
4359.8280 4363.6210 1.173106e-13 1.340840e-15 2.577561e+02 16 0
4362.5732 4366.3686 1.188615e-13 1.350059e-15 2.617659e+02 0 0
4365.3184 4369.1162 1.151854e-13 1.383854e-15 2.541131e+02 16 0
4368.0635 4371.8638 1.162316e-13 1.333463e-15 2.569992e+02 16 0
4370.8087 4374.6113 1.166950e-13 1.343765e-15 2.585778e+02 16 0
4373.5539 4377.3589 1.167097e-13 1.334430e-15 2.591368e+02 16 0
4376.2990 4380.1064 1.161005e-13 1.345376e-15 2.582668e+02 16 0
4379.0441 4382.8539 1.126604e-13 1.311767e-15 2.509655e+02 0 0
4381.7892 4385.6014 1.164963e-13 1.331897e-15 2.600577e+02 16 0
4384.5343 4388.3489 1.134067e-13 1.318924e-15 2.534624e+02 16 0
4387.2794 4391.0964 1.093236e-13 1.294127e-15 2.445678e+02 16 0
4390.0245 4393.8438 1.107110e-13 1.349834e-15 2.480171e+02 16 0
4392.7696 4396.5913 1.129027e-13 1.303432e-15 2.532826e+02 0 0
4395.5146 4399.3387 1.121291e-13 1.300873e-15 2.517848e+02 0 0
4398.2597 4402.0861 1.126687e-13 1.305203e-15 2.532395e+02 0 0
4401.0047 4404.8336 1.086847e-13 1.279137e-15 2.443657e+02 256 0
4403.7497 4407.5810 1.127461e-13 1.304921e-15 2.538227e+02 0 0
4406.4947 4410.3283 1.109515e-13 1.294289e-15 2.499437e+02 0 0
4409.2397 4413.0757 1.131199e-13 1.299451e-15 2.551199e+02 0 0
4411.9847 4415.8231 1.093106e-13 1.281797e-15 2.466640e+02 16 0
4414.7296 4418.5704 1.118380e-13 1.306534e-15 2.527155e+02 16 0
4417.4746 4421.3178 1.070423e-13 1.274573e-15 2.420467e+02 16 0
4420.2195 4424.0651 1.071545e-13 1.269498e-15 2.426381e+02 16 0
4422.9644 4426.8124 1.067136e-13 1.268285e-15 2.420084e+02 16 0
4425.7093 4429.5597 1.100857e-13 1.287142e-15 2.501805e+02 16 0
4428.4542 4432.3070 1.081279e-13 1.267988e-15 2.461384e+02 0 0
4431.1991 4435.0542 1.073520e-13 1.263736e-15 2.448330e+02 16 0
4433.9440 4437.8015 1.042419e-13 1.248145e-15 2.381508e+02 0 0
4436.6888 4440.5487 1.087311e-13 1.270735e-15 2.490771e+02 16 0
4439.4337 4443.2960 1.066142e-13 1.255910e-15 2.446999e+02 16 0
4442.1785 4446.0432 1.091701e-13 1.266314e-15 2.511838e+02 16 0
4444.9233 4448.7904 1.054965e-13 1.246184e-15 2.431306e+02 0 0
4447.6681 4451.5376 1.058921e-13 1.251835e-15 2.445472e+02 16 0
4450.4129 4454.2847 1.059695e-13 1.252826e-15 2.451849e+02 16 0
4453.1577 4457.0319 1.064876e-13 1.277089e-15 2.468299e+02 1040 0
4455.9024 4459.7791 1.073337e-13 1.256386e-15 2.491910e+02 1024 0
4458.6472 4462.5262 1.060711e-13 1.244592e-15 2.465616e+02 1024 0
4461.3919 4465.2733 1.077132e-13 1.257027e-15 2.507070e+02 1024 0
4464.1366 4468.0204 1.094564e-13 1.270974e-15 2.550791e+02 1040 0
4466.8813 4470.7675 1.092922e-13 1.256788e-15 2.549059e+02 1040 0
4469.6260 4473.5146 1.083349e-13 1.254620e-15 2.528318e+02 1040 0
4472.3707 4476.2616 1.105329e-13 1.264899e-15 2.581641e+02 1040 0
4475.1153 4479.0087 1.109185e-13 1.271755e-15 2.592028e+02 1040 0
4477.8600 4481.7557 1.084107e-13 1.251771e-15 2.533684e+02 1024 0
4480.6046 4484.5027 1.117299e-13 1.270301e-15 2.613304e+02 1040 0
4483.3492 4487.2497 1.099456e-13 1.272844e-15 2.572115e+02 1040 0
4486.0938 4489.9967 1.107490e-13 1.268479e-15 2.592258e+02 1040 0
4488.8384 4492.7437 1.113407e-13 1.273655e-15 2.607463e+02 1040 0
4491.5830 4495.4906 1.121037e-13 1.265598e-15 2.626845e+02 1024 0
4494.3275 4498.2376 1.149736e-13 1.287160e-15 2.696422e+02 1024 0
4497.0721 4500.9845 1.131675e-13 1.279924e-15 2.655185e+02 1040 0
4499.8166 4503.7314 1.158929e-13 1.293298e-15 2.721861e+02 1040 0
4502.5611 4506.4783 1.141039e-13 1.280696e-15 2.681316e+02 1040 0
4505.3056 4509.2252 1.157757e-13 1.284861e-15 2.723170e+02 1024 0
4508.0501 4511.9721 1.163714e-13 1.288786e-15 2.739392e+02 1024 0
4510.7945 4514.7189 1.163890e-13 1.288878e-15 2.741758e+02 1024 0
4513.5390 4517.4658 1.156776e-13 1.356221e-15 2.726719e+02 1040 0
4516.2834 4520.2126 1.175992e-13 1.299877e-15 2.774492e+02 1040 0
4519.0278 4522.9594 1.158595e-13 1.281180e-15 2.734655e+02 1040 0
4521.7722 4525.7062 1.162778e-13 1.292145e-15 2.746058e+02 1024 0
4524.5166 4528.4530 1.139259e-13 1.284042e-15 2.691100e+02 1040 0
4527.2610 4531.1997 1.153275e-13 1.282163e-15 2.725712e+02 0 0
4530.0054 4533.9465 1.151625e-13 1.280055e-15 2.722736e+02 0 0
4532.7497 4536.6932 1.179007e-13 1.296278e-15 2.789121e+02 16 0
4535.4940 4539.4399 1.184440e-13 1.297866e-15 2.802894e+02 16 0
4538.2383 4542.1866 1.185079e-13 1.297599e-15 2.805165e+02 16 0
4540.9826 4544.9333 1.189188e-13 1.300406e-15 2.815714e+02 256 0
4543.7269 4547.6799 1.217093e-13 1.311707e-15 2.883416e+02 0 0
4546.4712 4550.4266 1.207024e-13 1.302682e-15 2.860109e+02 0 0
4549.2154 4553.1732 1.195507e-13 1.309849e-15 2.833535e+02 16 0
4551.9596 4555.9198 1.222395e-13 1.313363e-15 2.899068e+02 0 0
4554.7038 4558.6664 1.173668e-13 1.287114e-15 2.783443e+02 0 0
4557.4480 4561.4130 1.176201e-13 1.301530e-15 2.790747e+02 0 0
4560.1922 4564.1596 1.187096e-13 1.290424e-15 2.818373e+02 0 0
4562.9364 4566.9061 1.165121e-13 1.286548e-15 2.766904e+02 16 0
4565.6805 4569.6527 1.191202e-13 1.297569e-15 2.831024e+02 0 0
4568.4246 4572.3992 1.181260e-13 1.286644e-15 2.808341e+02 16 0
4571.1688 4575.1457 1.217928e-13 1.308163e-15 2.897729e+02 16 0
4573.9128 4577.8922 1.211508e-13 1.299143e-15 2.883144e+02 16 0
4576.6569 4580.6386 1.202734e-13 1.301751e-15 2.862618e+02 0 0
4579.4010 4583.3851 1.181542e-13 1.297709e-15 2.811826e+02 16 0
4582.1450 4586.1315 1.198431e-13 1.299481e-15 2.852339e+02 16 0
4584.8891 4588.8779 1.225148e-13 1.314826e-15 2.916132e+02 16 0
4587.6331 4591.6243 1.201039e-13 1.298813e-15 2.857107e+02 16 0
4590.3771 4594.3707 1.196536e-13 1.302457e-15 2.844988e+02 16 0
4593.1210 4597.1171 1.187235e-13 1.290935e-15 2.820977e+02 0 0
4595.8650 4599.8634 1.191590e-13 1.296588e-15 2.829618e+02 16 0
4598.6089 4602.6097 1.163583e-13 1.286362e-15 2.760320e+02 0 0
4601.3529 4605.3560 1.151576e-13 1.281295e-15 2.729478e+02 16 0
4604.0968 4608.1023 1.154652e-13 1.282962e-15 2.734832e+02 0 0
4606.8407 4610.8486 1.139112e-13 1.273160e-15 2.695729e+02 0 0
4609.5845 4613.5949 1.152522e-13 1.434206e-15 2.726213e+02 16 0
4612.3284 4616.3411 1.156970e-13 1.289754e-15 2.735490e+02 16 0
4615.0722 4619.0873 1.171434e-13 1.293634e-15 2.769143e+02 16 0
4617.8160 4621.8335 1.159682e-13 1.290319e-15 2.740428e+02 16 0
4620.5598 4624.5797 1.158427e-13 1.286271e-15 2.737347e+02 16 0
4623.3036 4627.3259 1.161748e-13 1.284180e-15 2.745553e+02 0 0
4626.0474 4630.0721 1.149422e-13 1.278430e-15 2.716847e+02 16 0
4628.7911 4632.8182 1.159670e-13 1.282297e-15 2.742389e+02 16 0
4631.5349 4635.5643 1.148848e-13 1.282493e-15 2.717874e+02 16 0
4634.2786 4638.3104 1.128777e-13 1.277352e-15 2.671273e+02 16 0
4637.0223 4641.0565 1.144915e-13 1.280067e-15 2.711565e+02 16 0
4639.7659 4643.8025 1.097632e-13 1.248885e-15 2.599729e+02 0 0
4642.5096 4646.5486 1.129322e-13 1.272755e-15 2.677168e+02 0 0
4645.2532 4649.2946 1.112371e-13 1.266021e-15 2.637681e+02 16 0
4647.9969 4652.0406 1.097979e-13 1.245716e-15 2.603992e+02 0 0
4650.7405 4654.7866 1.145292e-13 1.276243e-15 2.718141e+02 0 0
4653.4840 4657.5326 1.094650e-13 1.248784e-15 2.596548e+02 16 0
4656.2276 4660.2785 1.106066e-13 1.259032e-15 2.623625e+02 0 0
4658.9711 4663.0245 1.125814e-13 1.282132e-15 2.670145e+02 16 0
4661.7147 4665.7704 1.097583e-13 1.247628e-15 2.601163e+02 0 0
4664.4582 4668.5163 1.102230e-13 1.258755e-15 2.610601e+02 16 0
4667.2017 4671.2621 1.115544e-13 1.275818e-15 2.640592e+02 16 0
4669.9451 4674.0080 1.101445e-13 1.250583e-15 2.604596e+02 0 0
4672.6886 4676.7538 1.060040e-13 1.230440e-15 2.503309e+02 0 0
4675.4320 4679.4996 1.081498e-13 1.244755e-15 2.552338e+02 0 0
4678.1754 4682.2454 1.077588e-13 1.243304e-15 2.540831e+02 16 0
4680.9188 4684.9912 1.087253e-13 1.255461e-15 2.561888e+02 16 0
4683.6622 4687.7370 1.060845e-13 1.235723e-15 2.497159e+02 0 0
4686.4055 4690.4827 1.044416e-13 1.231560e-15 2.456640e+02 0 0
4689.1489 4693.2284 1.053417e-13 1.241327e-15 2.476999e+02 1040 0
4691.8922 4695.9741 1.058419e-13 1.232734e-15 2.488249e+02 1024 0
4694.6355 4698.7198 1.044150e-13 1.244945e-15 2.453884e+02 1040 0
4697.3788 4701.4655 1.069873e-13 1.241317e-15 2.515134e+02 1024 0
4700.1220 4704.2111 1.040495e-13 1.229915e-15 2.445378e+02 1024 0
4702.8653 4706.9568 1.025325e-13 1.219171e-15 2.409729e+02 1024 0
4705.6085 4709.7024 1.028725e-13 1.219411e-15 2.418325e+02 1040 0
4708.3517 4712.4479 1.009555e-13 1.208127e-15 2.373273e+02 1040 0
4711.0949 4715.1935 9.753307e-14 1.192657e-15 2.292257e+02 1024 0
4713.8380 4717.9390 9.769926e-14 1.191525e-15 2.296603e+02 1024 0
4716.5811 4720.6846 1.001288e-13 1.209783e-15 2.354697e+02 1040 0
4719.3243 4723.4301 9.608187e-14 1.189386e-15 2.258215e+02 1040 0
4722.0674 4726.1756 9.811805e-14 1.205999e-15 2.306439e+02 1040 0
4724.8104 4728.9210 9.911193e-14 1.203855e-15 2.329459e+02 1024 0
4727.5535 4731.6665 9.421125e-14 1.184860e-15 2.211970e+02 1040 0
4730.2965 4734.4119 9.579968e-14 1.184314e-15 2.248621e+02 1040 0
4733.0395 4737.1573 9.549048e-14 1.186085e-15 2.240045e+02 1040 0
4735.7825 4739.9027 9.240884e-14 1.176285e-15 2.165361e+02 1040 0
4738.5255 4742.6480 9.530934e-14 1.188748e-15 2.232921e+02 1024 0
4741.2685 4745.3934 9.450259e-14 1.182977e-15 2.212358e+02 1024 0
4744.0114 4748.1387 9.818324e-14 1.202832e-15 2.298540e+02 1040 0
4746.7543 4750.8840 9.902162e-14 1.205304e-15 2.317391e+02 1040 0
4749.4972 4753.6293 9.889690e-14 1.201933e-15 2.313834e+02 1024 0
4752.2401 4756.3745 9.918774e-14 1.209311e-15 2.320493e+02 1024 0
4754.9829 4759.1197 1.008510e-13 1.220661e-15 2.360191e+02 1040 0
4757.7257 4761.8650 1.024019e-13 1.221691e-15 2.397754e+02 1040 0
4760.4685 4764.6102 1.062241e-13 1.242235e-15 2.489763e+02 1040 0
4763.2113 4767.3553 1.062940e-13 1.275253e-15 2.493322e+02 0 0
4765.9541 4770.1005 1.091863e-13 1.256466e-15 2.564436e+02 0 0
4768.6968 4772.8456 1.079956e-13 1.246877e-15 2.538980e+02 16 0
4771.4396 4775.5907 1.112791e-13 1.274978e-15 2.620407e+02 16 0
4774.1823 4778.3358 1.146137e-13 1.277471e-15 2.703582e+02 0 0
4776.9249 4781.0809 1.157133e-13 1.281074e-15 2.733663e+02 0 0
4779.6676 4783.8259 1.151086e-13 1.277922e-15 2.723075e+02 0 0
4782.4102 4786.5709 1.170448e-13 1.289003e-15 2.773324e+02 0 0
4785.1528 4789.3159 1.168134e-13 1.284297e-15 2.771511e+02 0 0
4787.8954 4792.0609 1.161227e-13 1.282388e-15 2.758436e+02 16 0
4790.6380 4794.8059 1.179519e-13 1.306229e-15 2.805602e+02 16 0
4793.3806 4797.5508 1.164024e-13 1.286238e-15 2.771147e+02 0 0
4796.1231 4800.2957 1.161660e-13 1.280673e-15 2.767794e+02 0 0
4798.8656 4803.0406 1.170891e-13 1.283700e-15 2.792257e+02 16 0
4801.6081 4805.7855 1.183286e-13 1.292764e-15 2.824055e+02 16 0
4804.3505 4808.5303 1.175293e-13 1.283874e-15 2.806450e+02 0 0
4807.0930 4811.2751 1.176805e-13 1.285173e-15 2.811545e+02 0 0
4809.8354 4814.0199 1.176817e-13 1.284506e-15 2.812878e+02 16 0
4812.5778 4816.7647 1.164766e-13 1.359668e-15 2.784851e+02 0 0
4815.3202 4819.5095 1.202165e-13 1.295611e-15 2.876512e+02 16 0
4818.0625 4822.2542 1.184341e-13 1.294951e-15 2.834607e+02 16 0
4820.8048 4824.9989 1.225912e-13 1.309248e-15 2.936633e+02 0 0
4823.5471 4827.7436 1.224444e-13 1.303778e-15 2.934593e+02 0 0
4826.2894 4830.4883 1.228050e-13 1.306804e-15 2.945022e+02 16 0
4829.0317 4833.2329 1.206969e-13 1.304881e-15 2.895858e+02 0 0
4831.7739 4835.9775 1.225966e-13 1.313192e-15 2.944054e+02 16 0
4834.5161 4838.7221 1.210921e-13 1.316555e-15 2.909774e+02 16 0
4837.2583 4841.4667 1.232342e-13 1.341265e-15 2.964204e+02 0 0
4840.0005 4844.2113 1.232704e-13 1.308446e-15 2.967565e+02 0 0
4842.7426 4846.9558 1.216202e-13 1.299643e-15 2.929811e+02 16 0
4845.4847 4849.7003 1.229542e-13 1.306877e-15 2.964772e+02 16 0
4848.2268 4852.4448 1.221038e-13 1.303818e-15 2.946398e+02 0 0
4850.9689 4855.1893 1.228343e-13 1.301302e-15 2.966511e+02 16 0
4853.7110 4857.9337 1.233517e-13 1.311194e-15 2.981342e+02 16 0
4856.4530 4860.6781 1.217670e-13 1.301966e-15 2.944622e+02 16 0
4859.1950 4863.4225 1.201041e-13 1.290706e-15 2.905869e+02 16 0
4861.9370 4866.1669 1.189304e-13 1.279245e-15 2.878938e+02 0 0
4864.6789 4868.9112 1.221951e-13 1.296303e-15 2.960733e+02 16 0
4867.4209 4871.6555 1.187353e-13 1.283654e-15 2.877721e+02 16 0
4870.1628 4874.3998 1.192011e-13 1.291763e-15 2.890986e+02 16 0
4872.9047 4877.1441 1.180046e-13 1.275542e-15 2.863557e+02 0 0
4875.6465 4879.8884 1.189739e-13 1.278873e-15 2.889455e+02 16 0
4878.3884 4882.6326 1.178882e-13 1.282586e-15 2.865088e+02 16 0
4881.1302 4885.3768 1.134750e-13 1.251794e-15 2.758983e+02 0 0
4883.8720 4888.1210 1.129262e-13 1.252609e-15 2.748129e+02 0 0
4886.6138 4890.8651 1.092206e-13 1.224538e-15 2.659610e+02 0 0
4889.3555 4893.6092 1.090610e-13 1.229701e-15 2.658681e+02 16 0
4892.0972 4896.3533 1.111152e-13 1.236458e-15 2.712534e+02 0 0
4894.8389 4899.0974 1.097810e-13 1.238484e-15 2.682886e+02 16 0
4897.5806 4901.8415 1.096197e-13 1.233842e-15 2.682212e+02 16 0
4900.3222 4904.5855 1.114065e-13 1.241522e-15 2.729910e+02 16 0
4903.0639 4907.3295 1.114109e-13 1.244485e-15 2.733391e+02 16 0
4905.8055 4910.0735 1.085747e-13 1.216953e-15 2.666217e+02 0 0
4908.5470 4912.8175 1.093603e-13 1.249022e-15 2.688867e+02 16 0
4911.2886 4915.5614 1.063474e-13 1.211303e-15 2.616772e+02 16 0
4914.0301 4918.3053 1.049072e-13 1.199919e-15 2.583593e+02 0 0
4916.7716 4921.0492 1.083020e-13 1.216759e-15 2.670839e+02 0 0
4919.5131 4923.7930 1.096595e-13 1.233908e-15 2.707162e+02 16 0
4922.2545 4926.5369 1.060266e-13 1.201428e-15 2.618517e+02 16 0
4924.9959 4929.2807 1.059232e-13 1.203562e-15 2.618047e+02 16 0
4927.7373 4932.0245 1.056683e-13 1.202229e-15 2.613781e+02 0 0
4930.4787 4934.7682 1.070397e-13 1.221780e-15 2.650222e+02 16 0
4933.2201 4937.5120 1.069426e-13 1.226452e-15 2.649807e+02 16 0
4935.9614 4940.2557 1.049424e-13 1.194476e-15 2.601802e+02 16 0
4938.7027 4942.9994 1.027270e-13 1.180797e-15 2.548548e+02 16 0
4941.4440 4945.7430 1.078355e-13 1.231756e-15 2.679512e+02 16 0
4944.1852 4948.4867 1.066324e-13 1.215805e-15 2.652012e+02 16 0
4946.9264 4951.2303 1.043712e-13 1.207552e-15 2.597995e+02 16 0
4949.6676 4953.9739 1.045083e-13 1.194531e-15 2.604615e+02 16 0
4952.4088 4956.7174 1.064327e-13 1.201607e-15 2.656491e+02 16 0
4955.1500 4959.4609 1.048886e-13 1.195147e-15 2.620854e+02 16 0
4957.8911 4962.2044 1.041237e-13 1.199799e-15 2.604885e+02 16 0
4960.6322 4964.9479 1.005335e-13 1.166095e-15 2.517244e+02 16 0
4963.3732 4967.6914 1.053520e-13 1.193135e-15 2.642737e+02 16 0
4966.1143 4970.4348 1.016367e-13 1.175581e-15 2.551369e+02 0 0
4968.8553 4973.1782 1.049375e-13 1.186110e-15 2.638147e+02 16 0
4971.5963 4975.9216 1.051603e-13 1.185622e-15 2.646390e+02 16 0
4974.3373 4978.6649 1.063194e-13 1.197644e-15 2.678153e+02 16 0
4977.0782 4981.4083 1.056759e-13 1.189353e-15 2.663410e+02 0 0
4979.8191 4984.1516 1.041018e-13 1.183521e-15 2.624635e+02 16 0
4982.5600 4986.8948 1.025314e-13 1.183672e-15 2.585528e+02 16 0
4985.3009 4989.6381 1.026823e-13 1.282099e-15 2.590094e+02 16 0
4988.0417 4992.3813 1.032117e-13 1.177126e-15 2.603927e+02 16 0
4990.7825 4995.1245 1.025794e-13 1.178201e-15 2.588021e+02 16 0
4993.5233 4997.8677 1.020061e-13 1.170754e-15 2.573515e+02 16 0
4996.2641 5000.6108 1.030340e-13 1.179508e-15 2.599947e+02 16 0
4999.0048 5003.3539 1.002435e-13 1.169789e-15 2.528885e+02 0 0
5001.7455 5006.0970 1.032294e-13 1.177821e-15 2.605578e+02 0 0
5004.4862 5008.8401 1.030268e-13 1.174081e-15 2.601074e+02 0 0
5007.2268 5011.5831 1.032283e-13 1.173071e-15 2.607186e+02 0 0
5009.9674 5014.3261 1.025453e-13 1.177851e-15 2.591096e+02 16 0
5012.7080 5017.0691 9.998270e-14 1.159010e-15 2.527196e+02 16 0
5015.4486 5019.8120 1.004746e-13 1.158156e-15 2.541902e+02 16 0
5018.1891 5022.5550 9.828456e-14 1.146737e-15 2.488150e+02 16 0
5020.9296 5025.2979 1.005603e-13 1.162225e-15 2.549318e+02 16 0
5023.6701 5028.0407 9.833239e-14 1.150436e-15 2.495084e+02 0 0
5026.4106 5030.7836 9.698171e-14 1.159365e-15 2.463556e+02 16 0
5029.1510 5033.5264 9.517023e-14 1.136726e-15 2.420154e+02 16 0
5031.8914 5036.2692 9.540640e-14 1.148782e-15 2.429558e+02 0 0
5034.6318 5039.0119 9.065402e-14 1.103635e-15 2.310107e+02 16 0
5037.3722 5041.7547 9.251110e-14 1.110568e-15 2.361177e+02 0 0
5040.1125 5044.4974 9.632926e-14 1.148480e-15 2.463070e+02 16 0
5042.8528 5047.2401 9.332734e-14 1.119972e-15 2.388231e+02 16 0
5045.5930 5049.9827 9.044928e-14 1.099034e-15 2.316281e+02 0 0
5048.3333 5052.7253 9.273010e-14 1.110512e-15 2.377958e+02 0 0
5051.0735 5055.4679 9.139987e-14 1.120521e-15 2.345739e+02 16 0
5053.8137 5058.2105 9.481177e-14 1.131904e-15 2.436733e+02 16 0
5056.5538 5060.9530 9.345657e-14 1.117028e-15 2.403570e+02 16 0
5059.2940 5063.6955 9.065518e-14 1.111734e-15 2.332492e+02 16 0
5062.0341 5066.4380 9.269651e-14 1.109724e-15 2.387659e+02 16 0
5064.7741 5069.1805 9.226457e-14 1.107630e-15 2.378319e+02 16 0
5067.5142 5071.9229 9.295220e-14 1.109293e-15 2.398218e+02 0 0
5070.2542 5074.6653 9.552829e-14 1.121890e-15 2.467557e+02 16 0
5072.9942 5077.4077 9.199488e-14 1.103805e-15 2.377157e+02 16 0
5075.7341 5080.1500 9.722277e-14 1.127342e-15 2.516350e+02 16 0
5078.4741 5082.8923 9.260955e-14 1.109389e-15 2.397612e+02 16 0
5081.2140 5085.6346 9.351564e-14 1.125011e-15 2.423497e+02 16 0
5083.9538 5088.3769 9.174389e-14 1.098211e-15 2.379141e+02 0 0
5086.6937 5091.1191 9.308635e-14 1.108857e-15 2.416682e+02 16 0
5089.4335 5093.8613 9.360682e-14 1.111368e-15 2.432551e+02 0 0
5092.1733 5096.6035 9.615582e-14 1.118811e-15 2.501675e+02 16 0
5094.9130 5099.3456 9.754531e-14 1.125519e-15 2.540299e+02 0 0
5097.6528 5102.0877 9.441200e-14 1.114153e-15 2.459476e+02 16 0
5100.3925 5104.8298 9.281711e-14 1.103573e-15 2.419014e+02 16 0
5103.1321 5107.5719 9.456927e-14 1.120910e-15 2.466625e+02 16 0
5105.8718 5110.3139 9.531278e-14 1.115993e-15 2.487386e+02 16 0
5108.6114 5113.0559 9.314560e-14 1.297698e-15 2.430830e+02 1040 0
5111.3510 5115.7979 9.385195e-14 1.107284e-15 2.450094e+02 1040 0
5114.0905 5118.5398 9.502298e-14 1.112541e-15 2.481501e+02 1040 0
5116.8301 5121.2817 9.343756e-14 1.108948e-15 2.439848e+02 1040 0
5119.5696 5124.0236 9.514542e-14 1.114110e-15 2.485169e+02 1024 0
5122.3090 5126.7654 9.541324e-14 1.120195e-15 2.492356e+02 1040 0
5125.0485 5129.5073 9.648863e-14 1.121718e-15 2.520969e+02 1024 0
5127.7879 5132.2490 9.526263e-14 1.120034e-15 2.488729e+02 1040 0
5130.5272 5134.9908 9.596386e-14 1.113817e-15 2.507683e+02 1024 0
5133.2666 5137.7325 9.792385e-14 1.123001e-15 2.560069e+02 1024 0
5136.0059 5140.4742 9.509345e-14 1.115825e-15 2.485949e+02 1040 0
5138.7452 5143.2159 9.821901e-14 1.124246e-15 2.569680e+02 1024 0
5141.4845 5145.9576 9.707713e-14 1.121169e-15 2.540734e+02 1040 0
5144.2237 5148.6992 9.820232e-14 1.130047e-15 2.572017e+02 1040 0
5146.9629 5151.4407 9.417341e-14 1.111590e-15 2.466884e+02 1040 0
5149.7021 5154.1823 9.577530e-14 1.113977e-15 2.511201e+02 1040 0
5152.4412 5156.9238 9.655566e-14 1.113686e-15 2.533926e+02 1040 0
5155.1803 5159.6653 9.787977e-14 1.120647e-15 2.571140e+02 1040 0
5157.9194 5162.4068 9.680568e-14 1.117062e-15 2.544558e+02 1040 0
5160.6584 5165.1482 9.744346e-14 1.118714e-15 2.563504e+02 1040 0
5163.3974 5167.8896 9.531386e-14 1.118069e-15 2.508616e+02 1040 0
5166.1364 5170.6310 9.562679e-14 1.111901e-15 2.518592e+02 1024 0
5168.8754 5173.3723 9.622447e-14 1.112229e-15 2.535784e+02 1040 0
5171.6143 5176.1136 9.527429e-14 1.113443e-15 2.511429e+02 1040 0
5174.3532 5178.8549 9.354477e-14 1.102374e-15 2.465802e+02 1040 0
5177.0921 5181.5961 9.587005e-14 1.109676e-15 2.528171e+02 0 0
5179.8309 5184.3374 9.735010e-14 1.121448e-15 2.567469e+02 0 0
5182.5697 5187.0785 9.873883e-14 1.122630e-15 2.604054e+02 16 0
5185.3085 5189.8197 9.533135e-14 1.105738e-15 2.512117e+02 16 0
5188.0472 5192.5608 9.642729e-14 1.118735e-15 2.540189e+02 16 0
5190.7859 5195.3019 9.577809e-14 1.108535e-15 2.521336e+02 16 0
5193.5246 5198.0430 9.872133e-14 1.125218e-15 2.598065e+02 0 0
5196.2633 5200.7840 9.678362e-14 1.122851e-15 2.544458e+02 16 0
5199.0019 5203.5250 9.552543e-14 1.111301e-15 2.509025e+02 16 0
5201.7405 5206.2660 9.811553e-14 1.132138e-15 2.576007e+02 16 0
5204.4790 5209.0069 9.797842e-14 1.130072e-15 2.570492e+02 16 0
5207.2175 5211.7478 9.610140e-14 1.116734e-15 2.518867e+02 0 0
5209.9560 5214.4887 9.653835e-14 1.119975e-15 2.528841e+02 16 0
5212.6945 5217.2295 9.538229e-14 1.112326e-15 2.496794e+02 0 0
5215.4329 5219.9703 9.736120e-14 1.123736e-15 2.548105e+02 16 0
5218.1713 5222.7111 9.732196e-14 1.124088e-15 2.546298e+02 0 0
5220.9097 5225.4519 9.782201e-14 1.124712e-15 2.558926e+02 16 0
5223.6480 5228.1926 9.932911e-14 1.133494e-15 2.598458e+02 0 0
5226.3863 5230.9333 9.848331e-14 1.129286e-15 2.575773e+02 0 0
5229.1246 5233.6739 9.595462e-14 1.124480e-15 2.508686e+02 16 0
5231.8628 5236.4145 9.668455e-14 1.118333e-15 2.527886e+02 16 0
5234.6010 5239.1551 9.893209e-14 1.128508e-15 2.587271e+02 16 0
5237.3392 5241.8957 9.806758e-14 1.125465e-15 2.564206e+02 16 0
5240.0773 5244.6362 9.712516e-14 1.118313e-15 2.539008e+02 16 0
5242.8154 5247.3767 9.601761e-14 1.117520e-15 2.509198e+02 16 0
5245.5535 5250.1172 9.628945e-14 1.124710e-15 2.515519e+02 16 0
5248.2916 5252.8576 9.692918e-14 1.121202e-15 2.531320e+02 16 0
5251.0296 5255.5980 9.399960e-14 1.105705e-15 2.452381e+02 16 0
5253.7676 5258.3383 9.636329e-14 1.120014e-15 2.513144e+02 0 0
5256.5055 5261.0787 9.821777e-14 1.153480e-15 2.560069e+02 16 0
5259.2434 5263.8190 9.889473e-14 1.136578e-15 2.575588e+02 16 0
5261.9813 5266.5592 9.559663e-14 1.117772e-15 2.485964e+02 16 0
5264.7192 5269.2995 9.523182e-14 1.298382e-15 2.473624e+02 0 0
5267.4570 5272.0397 9.788779e-14 1.133889e-15 2.540616e+02 0 0
5270.1948 5274.7798 9.677915e-14 1.137075e-15 2.508571e+02 16 0
5272.9325 5277.5200 9.613199e-14 1.122005e-15 2.488701e+02 16 0
5275.6702 5280.2601 9.787414e-14 1.132020e-15 2.531553e+02 0 0
5278.4079 5283.0001 9.643507e-14 1.126639e-15 2.491340e+02 16 0
5281.1456 5285.7402 9.725267e-14 1.152769e-15 2.510369e+02 16 0
5283.8832 5288.4802 9.578612e-14 1.135906e-15 2.470088e+02 16 0
5286.6208 5291.2201 9.448368e-14 1.126800e-15 2.434330e+02 16 0
5289.3583 5293.9601 9.379014e-14 1.113273e-15 2.414912e+02 16 0
5292.0958 5296.7000 9.699715e-14 1.130115e-15 2.497370e+02 16 0
5294.8333 5299.4398 9.467712e-14 1.125480e-15 2.436062e+02 0 0
5297.5708 5302.1797 9.567604e-14 1.124665e-15 2.461337e+02 0 0
5300.3082 5304.9195 9.521257e-14 1.125225e-15 2.448706e+02 16 0
5303.0456 5307.6592 1.052467e-13 1.229382e-15 2.709532e+02 272 0
5305.7829 5310.3990 9.501774e-14 1.118712e-15 2.442480e+02 16 0
5308.5202 5313.1387 9.545937e-14 1.125053e-15 2.453232e+02 16 0
5311.2575 5315.8783 9.017393e-14 1.102916e-15 2.314743e+02 16 0
5313.9948 5318.6179 9.292385e-14 1.115077e-15 2.385066e+02 0 0
5316.7320 5321.3575 9.494188e-14 1.204607e-15 2.435890e+02 16 0
5319.4692 5324.0971 9.453420e-14 1.123490e-15 2.423416e+02 0 0
5322.2063 5326.8366 9.353929e-14 1.120079e-15 2.395395e+02 16 0
5324.9434 5329.5761 9.479817e-14 1.125984e-15 2.425490e+02 16 0
5327.6805 5332.3156 9.259012e-14 1.118126e-15 2.365226e+02 16 0
5330.4176 5335.0550 9.470589e-14 1.130481e-15 2.416743e+02 16 0
5333.1546 5337.7944 9.189431e-14 1.110109e-15 2.340683e+02 0 0
5335.8915 5340.5338 9.294011e-14 1.124380e-15 2.364195e+02 16 0
5338.6285 5343.2731 9.120273e-14 1.111021e-15 2.315900e+02 0 0
5341.3654 5346.0124 9.037312e-14 1.108573e-15 2.291108e+02 16 0
5344.1023 5348.7516 9.130792e-14 1.114880e-15 2.311733e+02 16 0
5346.8391 5351.4909 9.389623e-14 1.150279e-15 2.374828e+02 16 0
5349.5759 5354.2300 8.948036e-14 1.102504e-15 2.258777e+02 16 0
5352.3127 5356.9692 9.362896e-14 1.122672e-15 2.362139e+02 0 0
5355.0494 5359.7083 9.119082e-14 1.117129e-15 2.297431e+02 0 0
5357.7861 5362.4474 9.140043e-14 1.119478e-15 2.300631e+02 0 0
5360.5228 5365.1864 9.262748e-14 1.122772e-15 2.330144e+02 16 0
5363.2594 5367.9254 8.979357e-14 1.119814e-15 2.256346e+02 16 0
5365.9960 5370.6644 9.093491e-14 1.113231e-15 2.284131e+02 0 0
5368.7326 5373.4034 8.952322e-14 1.107191e-15 2.247035e+02 0 0
5371.4691 5376.1423 9.190919e-14 1.124877e-15 2.306741e+02 16 0
5374.2056 5378.8811 8.796244e-14 1.100100e-15 2.205403e+02 16 0
5376.9420 5381.6200 8.877106e-14 1.115667e-15 2.225006e+02 16 0
5379.6785 5384.3588 8.884222e-14 1.104891e-15 2.225798e+02 16 0
5382.4148 5387.0975 9.119273e-14 1.118954e-15 2.284356e+02 0 0
5385.1512 5389.8363 8.839695e-14 1.104248e-15 2.212144e+02 0 0
5387.8875 5392.5750 8.771523e-14 1.104059e-15 2.193438e+02 16 0
5390.6238 5395.3136 8.281718e-14 1.082299e-15 2.067805e+02 16 0
5393.3600 5398.0522 8.909175e-14 1.119606e-15 2.224993e+02 16 0
5396.0962 5400.7908 8.535930e-14 1.100554e-15 2.128640e+02 16 0
5398.8324 5403.5294 8.803097e-14 1.105491e-15 2.194084e+02 16 0
5401.5685 5406.2679 8.496485e-14 1.150728e-15 2.114477e+02 16 0
5404.3046 5409.0064 8.512890e-14 1.089316e-15 2.116415e+02 0 0
5407.0407 5411.7448 8.778889e-14 1.103366e-15 2.181242e+02 0 0
5409.7767 5414.4832 8.769649e-14 1.104746e-15 2.176706e+02 16 0
5412.5127 5417.2216 8.510746e-14 1.090922e-15 2.109422e+02 16 0
5415.2487 5419.9599 8.710245e-14 1.105681e-15 2.157436e+02 0 0
5417.9846 5422.6982 8.694638e-14 1.107172e-15 2.151446e+02 0 0
5420.7205 5425.4365 8.640696e-14 1.108136e-15 2.135923e+02 16 0
5423.4563 5428.1747 8.821077e-14 1.107372e-15 2.179239e+02 16 0
5426.1921 5430.9129 8.443720e-14 1.092814e-15 2.082997e+02 0 0
5428.9279 5433.6511 8.732988e-14 1.109808e-15 2.153677e+02 16 0
5431.6636 5436.3892 8.527965e-14 1.105092e-15 2.100676e+02 16 0
5434.3993 5439.1273 8.475338e-14 1.095248e-15 2.085937e+02 0 0
5437.1350 5441.8653 8.495992e-14 1.097547e-15 2.089510e+02 16 0
5439.8706 5444.6033 8.481024e-14 1.093497e-15 2.084283e+02 0 0
5442.6062 5447.3413 8.439135e-14 1.091736e-15 2.072225e+02 16 0
5445.3418 5450.0792 8.691313e-14 1.115281e-15 2.133557e+02 0 0
5448.0773 5452.8171 8.778843e-14 1.114729e-15 2.153771e+02 0 0
5450.8128 5455.5550 8.544296e-14 1.104956e-15 2.094027e+02 0 0
5453.5482 5458.2928 8.350987e-14 1.092423e-15 2.044553e+02 0 0
5456.2836 5461.0306 8.308415e-14 1.086076e-15 2.032708e+02 0 0
5459.0190 5463.7683 8.649797e-14 1.109512e-15 2.116154e+02 16 0
5461.7543 5466.5060 8.702186e-14 1.111125e-15 2.127963e+02 0 0
5464.4896 5469.2437 8.430528e-14 1.096452e-15 2.059482e+02 16 0
5467.2248 5471.9813 8.284917e-14 1.091434e-15 2.022413e+02 0 0
5469.9601 5474.7189 8.547818e-14 1.105057e-15 2.086609e+02 0 0
5472.6952 5477.4565 8.603816e-14 1.150129e-15 2.099611e+02 16 0
5475.4304 5480.1940 8.476608e-14 1.099066e-15 2.067332e+02 0 0
5478.1655 5482.9315 8.572203e-14 1.101443e-15 2.090209e+02 0 0
5480.9006 5485.6690 8.490152e-14 1.105049e-15 2.069155e+02 0 0
5483.6356 5488.4064 8.376241e-14 1.102389e-15 2.040213e+02 16 0
5486.3706 5491.1437 8.383988e-14 1.097067e-15 2.041304e+02 0 0
5489.1055 5493.8811 8.376410e-14 1.110423e-15 2.038532e+02 16 0
5491.8405 5496.6184 8.518761e-14 1.104048e-15 2.072655e+02 16 0
5494.5753 5499.3556 8.144286e-14 1.135829e-15 1.979140e+02 16 0
5497.3102 5502.0928 8.555052e-14 1.105094e-15 2.079167e+02 16 0
5500.0450 5504.8300 8.302227e-14 1.094547e-15 2.015489e+02 16 0
5502.7798 5507.5672 7.920120e-14 1.073908e-15 1.919959e+02 16 0
5505.5145 5510.3043 8.471200e-14 1.102407e-15 2.054097e+02 16 0
5508.2492 5513.0413 8.361483e-14 1.096626e-15 2.025561e+02 0 0
5510.9838 5515.7784 8.499505e-14 1.103430e-15 2.057971e+02 0 0
5513.7184 5518.5154 7.952928e-14 1.077698e-15 1.922350e+02 16 0
5516.4530 5521.2523 8.290185e-14 1.096885e-15 2.003830e+02 16 0
5519.1875 5523.9892 8.546133e-14 1.106969e-15 2.065485e+02 0 0
5521.9220 5526.7261 8.396302e-14 1.099739e-15 2.027793e+02 16 0
5524.6565 5529.4630 8.451354e-14 1.106208e-15 2.040607e+02 16 0
5527.3909 5532.1997 8.213210e-14 1.087221e-15 1.981781e+02 16 0
5530.1253 5534.9365 8.406609e-14 1.113583e-15 2.028984e+02 16 0
5532.8596 5537.6732 8.393184e-14 1.098915e-15 2.025665e+02 0 0
5535.5939 5540.4099 8.185999e-14 1.091501e-15 1.975162e+02 0 0
5538.3282 5543.1466 8.401561e-14 1.102398e-15 2.028274e+02 0 0
5541.0624 5545.8832 8.264181e-14 1.099788e-15 1.995097e+02 16 0
5543.7966 5548.6197 8.454583e-14 1.116198e-15 2.042213e+02 16 0
5546.5308 5551.3563 8.206738e-14 1.091233e-15 1.981928e+02 0 0
5549.2649 5554.0927 8.209051e-14 1.089311e-15 1.982845e+02 0 0
5551.9989 5556.8292 8.031687e-14 1.079996e-15 1.939560e+02 16 0
5554.7330 5559.5656 8.101220e-14 1.086727e-15 1.956625e+02 0 0
5557.4670 5562.3020 8.091942e-14 1.083905e-15 1.954093e+02 16 0
5560.2009 5565.0383 8.097138e-14 1.086443e-15 1.954915e+02 0 0
5562.9348 5567.7746 8.038067e-14 1.076498e-15 1.939677e+02 0 0
5565.6687 5570.5108 8.140014e-14 1.080861e-15 1.963724e+02 16 0
5568.4025 5573.2470 8.267660e-14 1.095222e-15 1.993780e+02 16 0
5571.1363 5575.9832 8.259182e-14 1.094170e-15 1.990420e+02 16 0
5573.8701 5578.7193 8.086264e-14 1.112105e-15 1.946730e+02 16 0
5576.6038 5581.4554 8.063849e-14 1.095354e-15 1.939883e+02 16 0
5579.3375 5584.1915 8.191090e-14 1.090863e-15 1.969624e+02 0 0
5582.0711 5586.9275 8.084629e-14 1.080915e-15 1.942422e+02 16 0
5584.8047 5589.6635 7.740728e-14 1.059965e-15 1.857571e+02 16 0
5587.5382 5592.3994 7.824359e-14 1.071798e-15 1.877112e+02 16 0
5590.2718 5595.1353 7.776403e-14 1.064223e-15 1.864884e+02 0 0
5593.0052 5597.8711 8.019348e-14 1.092620e-15 1.923608e+02 16 0
5595.7387 5600.6070 7.951918e-14 1.076577e-15 1.907020e+02 16 0
5598.4721 5603.3427 7.883527e-14 1.087512e-15 1.890196e+02 16 0
5601.2054 5606.0785 7.809486e-14 1.066948e-15 1.872222e+02 0 0
5603.9387 5608.8142 8.125019e-14 1.088430e-15 1.949042e+02 0 0
5606.6720 5611.5498 7.800968e-14 1.068361e-15 1.870158e+02 16 0
5609.4052 5614.2854 8.085816e-14 1.159853e-15 1.939387e+02 16 0
5612.1384 5617.0210 7.841672e-14 1.073037e-15 1.879644e+02 0 0
5614.8716 5619.7565 7.908342e-14 1.079586e-15 1.895377e+02 16 0
5617.6047 5622.4920 8.151624e-14 1.091150e-15 1.953763e+02 0 0
5620.3377 5625.2274 7.692446e-14 1.071396e-15 1.841047e+02 0 0
5623.0708 5627.9628 8.188366e-14 1.117377e-15 1.960159e+02 16 0
5625.8038 5630.6982 8.053694e-14 1.089924e-15 1.925743e+02 16 0
5628.5367 5633.4335 8.006143e-14 1.089369e-15 1.912054e+02 0 0
5631.2696 5636.1688 7.750576e-14 1.072788e-15 1.847954e+02 0 0
5634.0025 5638.9041 8.159369e-14 1.095275e-15 1.944501e+02 16 0
5636.7353 5641.6393 8.031719e-14 1.087679e-15 1.911258e+02 16 0
5639.4681 5644.3744 7.848910e-14 1.078749e-15 1.864753e+02 16 0
5642.2008 5647.1095 8.031907e-14 1.093728e-15 1.906802e+02 0 0
5644.9335 5649.8446 7.778121e-14 1.079186e-15 1.843824e+02 0 0
5647.6662 5652.5796 7.969660e-14 1.085502e-15 1.888514e+02 0 0
5650.3988 5655.3146 7.981469e-14 1.091028e-15 1.890421e+02 16 0
5653.1314 5658.0496 7.964851e-14 1.088092e-15 1.885950e+02 0 0
5655.8639 5660.7845 7.611809e-14 1.066236e-15 1.801228e+02 16 0
5658.5964 5663.5194 7.922704e-14 1.083914e-15 1.876617e+02 0 0
5661.3288 5666.2542 7.896200e-14 1.081889e-15 1.871543e+02 0 0
5664.0612 5668.9890 7.646935e-14 1.071218e-15 1.813141e+02 0 0
5666.7936 5671.7237 7.809215e-14 1.080171e-15 1.854712e+02 0 0
5669.5259 5674.4584 7.765095e-14 1.075668e-15 1.846484e+02 16 0
5672.2582 5677.1931 7.279670e-14 1.048767e-15 1.731765e+02 0 0
5674.9905 5679.9277 7.795430e-14 1.091940e-15 1.859362e+02 16 0
5677.7227 5682.6623 7.884628e-14 1.084230e-15 1.884408e+02 16 0
5680.4548 5685.3968 7.588288e-14 1.070639e-15 1.815645e+02 16 0
5683.1869 5688.1313 7.719214e-14 1.073098e-15 1.849971e+02 16 0
5685.9190 5690.8658 7.377695e-14 1.046848e-15 1.769075e+02 16 0
5688.6510 5693.6002 1.131112e-13 5.306506e-15 2.733029e+02 528 0
