# obs_wvl flux error
2.979000000000000000e+03 -3.057436097425933605e-16 4.696562111486640278e-16
2.981747762399033491e+03 1.402019566536200049e-15 4.628511152126706026e-16
2.984495524798066981e+03 6.648150074275894073e-16 4.398054219832760181e-16
2.987243287197100472e+03 8.218174554429218067e-16 4.327104400767384702e-16
2.989991049596133962e+03 1.017509249429151483e-16 4.163158457610142504e-16
2.992738811995167453e+03 8.231328853958261442e-16 4.164159374150493557e-16
2.995486574394200943e+03 7.123367805134319862e-17 4.082919135118140251e-16
2.998234336793234434e+03 -6.324456756423263847e-17 4.051710263243059122e-16
3.000982099192267924e+03 1.714719514916976603e-15 4.265616041593968010e-16
3.003729861591301415e+03 7.854860915152586205e-14 1.842344746438183567e-15
3.006477623990334905e+03 2.431544112479615947e-15 3.999302691036481910e-16
3.009225386389368396e+03 1.182826240982986726e-16 3.842410548580478970e-16
3.011973148788401886e+03 -1.253178942145554714e-16 3.741337748256410698e-16
3.014720911187435377e+03 8.097682941623418881e-16 3.934353816092961979e-16
3.017468673586468867e+03 1.280715328574421538e-15 4.207348065678499142e-16
3.020216435985502358e+03 6.797021199321887214e-16 4.097199460476520399e-16
3.022964198384535848e+03 3.528612265240342595e-16 3.842608361611264408e-16
3.025711960783569339e+03 -6.873430965272210331e-17 3.528402655105230021e-16
3.028459723182602829e+03 3.920140814630264529e-16 3.492834111571412648e-16
3.031207485581636320e+03 2.889039405104744076e-16 3.409542220129818082e-16
3.033955247980669810e+03 6.326253784166681367e-16 3.527611866128841224e-16
3.036703010379703301e+03 3.814008044533917194e-16 3.301025884941200547e-16
3.039450772778736791e+03 -1.040240264104165187e-16 3.232224105246667183e-16
3.042198535177770282e+03 -4.002288386489889711e-17 3.211064529864536442e-16
3.044946297576803772e+03 5.145833196554561895e-16 3.178969092644377549e-16
3.047694059975837263e+03 2.040423788571403508e-16 3.086618103852849316e-16
3.050441822374870753e+03 -2.334408830550591894e-16 3.333247662295014400e-16
3.053189584773904244e+03 4.420958384111114047e-16 3.112971810527607770e-16
3.055937347172937734e+03 -1.958463369057228153e-16 2.907904189626071464e-16
3.058685109571971225e+03 1.264429518564539054e-16 2.873640673039029906e-16
3.061432871971004715e+03 8.466341638042468615e-16 2.937263119673128144e-16
3.064180634370038206e+03 2.201498195134478211e-15 5.722237110801573398e-16
3.066928396769071696e+03 7.826965535783168556e-16 2.834205096892188642e-16
3.069676159168105187e+03 5.036609771590390377e-16 2.783536508524061266e-16
3.072423921567138677e+03 4.596118766042695762e-17 2.736746689913993900e-16
3.075171683966172168e+03 5.662699514737724391e-17 2.788712275631790409e-16
3.077919446365205658e+03 6.989946890688449940e-17 2.673976556896734247e-16
3.080667208764239149e+03 3.971452470543794485e-16 2.664346551765949668e-16
3.083414971163272639e+03 8.744072920353464932e-17 2.657738146158069711e-16
3.086162733562306130e+03 2.520806300596645390e-16 2.644380378752215633e-16
3.088910495961339620e+03 5.231703073300048364e-16 2.634464301705332123e-16
3.091658258360373111e+03 3.101065678309061966e-16 2.645836083740923397e-16
3.094406020759406601e+03 2.821142459816815726e-16 2.577880127109778977e-16
3.097153783158440092e+03 3.730413616791709449e-16 2.619431725632300052e-16
3.099901545557473582e+03 1.904327073940143441e-16 2.556458966341320432e-16
3.102649307956507073e+03 4.162153989743386574e-16 2.554994827447062846e-16
3.105397070355540563e+03 -1.610927049260789277e-16 2.518020738487350050e-16
3.108144832754574054e+03 2.293168148339010257e-16 2.501347552043273651e-16
3.110892595153607544e+03 6.237891932727980926e-16 2.536607936816208653e-16
3.113640357552641035e+03 -1.304100486989316093e-16 2.471822598492734242e-16
3.116388119951674526e+03 -1.572080275226795585e-16 2.462504802369193059e-16
3.119135882350708016e+03 1.006979381472153372e-16 2.441565080924684560e-16
3.121883644749741507e+03 6.387534931353891138e-17 2.476837175287281297e-16
3.124631407148774997e+03 5.678011655852513341e-16 2.470303207846286510e-16
3.127379169547808488e+03 2.489802590557521406e-16 2.425590385998420687e-16
3.130126931946841978e+03 -5.246466410306420583e-17 2.404361781965424029e-16
3.132874694345875469e+03 1.888646524671348484e-16 2.399805180810477390e-16
3.135622456744908959e+03 -5.635952000570312946e-16 2.904832880922730585e-16
3.138370219143942450e+03 -1.382660515231157688e-19 2.517203297258078407e-16
3.141117981542975940e+03 1.604210070404356124e-16 2.364010846241152309e-16
3.143865743942009431e+03 3.055290451394934664e-16 2.384513039464357542e-16
3.146613506341042921e+03 3.557946952887008570e-16 2.369445938805523104e-16
3.149361268740076412e+03 -9.387202111711956388e-17 2.304537431561602465e-16
3.152109031139109902e+03 1.313158854047830769e-16 2.317462291460427931e-16
3.154856793538143393e+03 4.003529299182410283e-16 2.384919631724442125e-16
3.157604555937176883e+03 1.257307708292863617e-16 2.536932159862488916e-16
3.160352318336210374e+03 3.814280617485852089e-16 2.391381398596887782e-16
3.163100080735243864e+03 6.264545627711075513e-16 2.309534355203261535e-16
3.165847843134277355e+03 3.820803595157404006e-16 2.256476905973056082e-16
3.168595605533310845e+03 2.519407188836375501e-16 2.230391190999461250e-16
3.171343367932344336e+03 2.915860457334133939e-16 2.272317036209629505e-16
3.174091130331377826e+03 3.054090453858250068e-16 2.454296216082645777e-16
3.176838892730411317e+03 5.242542593814434270e-16 2.284800166236970819e-16
3.179586655129444807e+03 3.673184617155991681e-16 2.166301901339382251e-16
3.182334417528478298e+03 1.391973271675004402e-16 2.139421450022674227e-16
3.185082179927511788e+03 2.983147806966315895e-17 2.120410784526136808e-16
3.187829942326545279e+03 -1.839065324838069267e-16 2.083321595075871614e-16
3.190577704725578769e+03 2.452536483947469193e-16 2.111938533598723473e-16
3.193325467124612260e+03 2.775999944152962630e-16 2.439129495205120153e-16
3.196073229523645750e+03 -3.731703706547194370e-17 2.072760452988375797e-16
3.198820991922679241e+03 2.976877713130397667e-16 2.064532977066760647e-16
3.201568754321712731e+03 4.230191140870387319e-16 2.049292358338453273e-16
3.204316516720746222e+03 2.577649049726710736e-16 2.106353414682566441e-16
3.207064279119779712e+03 2.945096786504310966e-16 2.010372405087051025e-16
3.209812041518813203e+03 5.143434952702215949e-16 2.034816999726430382e-16
3.212559803917846693e+03 1.493249933069897592e-16 2.035028919428262611e-16
3.215307566316880184e+03 2.857700317680016691e-16 1.962150649400331236e-16
3.218055328715913674e+03 2.010936008010799637e-16 1.948898395055097663e-16
3.220803091114947165e+03 4.082336041302932479e-16 1.961571851866173785e-16
3.223550853513980655e+03 2.932882349350150204e-16 1.915596049022007945e-16
3.226298615913014146e+03 4.568563103545830089e-17 1.875026336100052766e-16
3.229046378312047636e+03 3.297992867696250794e-16 1.942772433740509824e-16
3.231794140711081127e+03 6.433886253180506120e-16 1.928527865176250155e-16
3.234541903110114617e+03 8.246258829018674415e-16 1.950097060903283071e-16
3.237289665509148108e+03 3.440787990383617746e-16 2.188404810837245239e-16
3.240037427908181598e+03 6.415022955142693223e-16 1.885040561207225257e-16
3.242785190307215089e+03 2.090104462320632375e-16 1.855104072368290320e-16
3.245532952706248579e+03 4.695281930678644703e-16 1.865429481468320280e-16
3.248280715105282070e+03 3.615257903485154922e-16 1.838778412374570241e-16
3.251028477504315561e+03 -7.633142095265500691e-17 1.808649140369447988e-16
3.253776239903349051e+03 1.904836498139963109e-16 1.815946111448790497e-16
3.256524002302382542e+03 2.221893427880470745e-16 1.876829289538163552e-16
3.259271764701416032e+03 3.015638792025777401e-16 1.817000182516538330e-16
3.262019527100449523e+03 3.701340662931778272e-16 1.800750538859746601e-16
3.264767289499483013e+03 1.217358269277725947e-16 1.778808081030884473e-16
3.267515051898516504e+03 1.197059932943550832e-16 1.788647296425804337e-16
3.270262814297549994e+03 -1.929376835536384881e-18 2.054193060035152034e-16
3.273010576696583485e+03 3.164152018974275604e-16 1.800118428658228595e-16
3.275758339095616975e+03 1.464713535140597097e-16 1.761852067692025701e-16
3.278506101494650466e+03 1.563136215496476647e-16 1.791459721780485812e-16
3.281253863893683956e+03 1.253372472129256369e-16 1.737138824673905931e-16
3.284001626292717447e+03 2.335397875367487729e-16 1.795691755690279055e-16
3.286749388691750937e+03 1.485532636341985442e-16 1.715468982450531797e-16
3.289497151090784428e+03 2.980748716443016986e-17 1.724170755987885761e-16
3.292244913489817918e+03 -1.073444330945451993e-16 1.688200384288474461e-16
3.294992675888851409e+03 -8.471509372119955845e-17 1.694434015249155871e-16
3.297740438287884899e+03 4.081478721685582411e-16 1.702884651107685523e-16
3.300488200686918390e+03 2.452536470841592651e-17 1.682258920722498369e-16
3.303235963085951880e+03 1.061832004539939104e-16 1.671262649347617682e-16
3.305983725484985371e+03 2.297385354594071794e-16 1.688073726404285618e-16
3.308731487884018861e+03 1.933652315824233923e-16 1.664699913070504678e-16
3.311479250283052352e+03 2.403487686536682757e-16 1.682886151902580619e-16
3.314227012682085842e+03 7.513074854848342416e-17 1.653694833155304017e-16
3.316974775081119333e+03 -1.954732614773872737e-17 1.638334588034938760e-16
3.319722537480152823e+03 -2.018537943278074795e-16 1.661087038394853863e-16
3.322470299879186314e+03 1.867853214938145252e-16 1.647372448857200071e-16
3.325218062278219804e+03 3.453644299888799665e-16 1.647287371713261299e-16
3.327965824677253295e+03 1.681065281999972707e-16 1.624274109831151979e-16
3.330713587076286785e+03 3.515861894673082685e-16 1.645098146007026885e-16
3.333461349475320276e+03 2.199043258650497758e-16 1.607901549171770176e-16
3.336209111874353766e+03 3.661156475473680562e-16 1.638552439011488138e-16
3.338956874273387257e+03 5.639489343778614379e-17 1.672283226745289810e-16
3.341704636672420747e+03 1.772108123186834526e-16 1.774705273483508648e-16
3.344452399071454238e+03 3.800263170471570665e-16 1.604367456727535904e-16
3.347200161470487728e+03 1.834105533919065813e-16 1.588192315950906548e-16
3.349947923869521219e+03 2.769830055340193579e-16 1.592724684022624678e-16
3.352695686268554709e+03 -1.782407872281404567e-16 1.646606619510892597e-16
3.355443448667588200e+03 -2.184904758016046718e-16 1.833912389060178351e-16
3.358191211066621690e+03 4.062249467807267030e-16 1.566341127826805323e-16
3.360938973465655181e+03 1.496745800143961575e-16 1.556745922102089978e-16
3.363686735864688671e+03 3.853912468072544094e-16 1.561069649770709597e-16
3.366434498263722162e+03 5.766361274325064862e-16 1.553232672850373320e-16
3.369182260662755652e+03 1.764302771979068638e-17 1.512178570726767703e-16
3.371930023061789143e+03 -1.489694859288785162e-16 1.510828829688810300e-16
3.374677785460822633e+03 3.782781394929409130e-16 1.533102156178048796e-16
3.377425547859856124e+03 4.049551607384873155e-16 1.550446799366997513e-16
3.380173310258889614e+03 1.736822600413918092e-16 1.501842565437405717e-16
3.382921072657923105e+03 6.274461584484104601e-16 1.542733474450623746e-16
3.385668835056956596e+03 2.816488987674619808e-16 1.525437720300575095e-16
3.388416597455990086e+03 2.678967069550351413e-16 1.502343064683886882e-16
3.391164359855023577e+03 -1.193498677332676694e-15 1.716985560846143232e-16
3.393912122254057067e+03 1.873087565545904937e-16 1.473582274574306161e-16
3.396659884653090558e+03 -6.936808558571560765e-17 1.650481145528061509e-16
3.399407647052124048e+03 3.279508685609760841e-16 1.833987397416723724e-16
3.402155409451157539e+03 2.643028049310750171e-16 1.460475211411126214e-16
3.404903171850191029e+03 2.503245780139674894e-16 1.464347025728973656e-16
3.407650934249224520e+03 1.905337475041262380e-16 1.454286351528751818e-16
3.410398696648258010e+03 5.800968211602689256e-16 1.479046516013742745e-16
3.413146459047291501e+03 7.094217349950478089e-16 2.413045915406592597e-16
3.415894221446324991e+03 1.442673952098328356e-16 1.436813880064220488e-16
3.418641983845358482e+03 2.274895467976517519e-16 1.440968566444684053e-16
3.421389746244391972e+03 3.952042934169641841e-16 1.488738481703820719e-16
3.424137508643425463e+03 2.560142785023286499e-16 1.495125978936818862e-16
3.426885271042458953e+03 1.145327188750865064e-16 1.411275768438320367e-16
3.429633033441492444e+03 2.814937957984005230e-16 1.410019454356304078e-16
3.432380795840525934e+03 6.545767737038828639e-16 1.453177791285567896e-16
3.435128558239559425e+03 4.419345371116255695e-16 1.575927844075679544e-16
3.437876320638592915e+03 4.079273405794094995e-16 1.536771367334428916e-16
3.440624083037626406e+03 3.069527320265698010e-16 1.449585409351768137e-16
3.443371845436659896e+03 2.361917533559569056e-16 1.382305440050118656e-16
3.446119607835693387e+03 4.475194320798743028e-16 2.190618871918307816e-16
3.448867370234726877e+03 4.177638324060247343e-16 1.400985740178055413e-16
3.451615132633760368e+03 6.465125095968216414e-16 1.553486491009820861e-16
3.454362895032793858e+03 6.443727879861493601e-17 1.412426299964990336e-16
3.457110657431827349e+03 -3.864876461195234167e-17 1.436541496621570985e-16
3.459858419830860839e+03 1.395156784402801294e-16 1.523788326130847749e-16
3.462606182229894330e+03 4.057948160671289309e-16 1.381842434308037387e-16
3.465353944628927820e+03 5.068364562076411426e-16 1.394967622022444907e-16
3.468101707027961311e+03 2.440367387318010903e-16 1.372522572753883736e-16
3.470849469426994801e+03 5.069914157988041244e-16 1.379529294731581038e-16
3.473597231826028292e+03 4.812679367882101202e-16 1.376520443959217302e-16
3.476344994225061782e+03 3.815762518530989674e-16 1.367831119723470951e-16
3.479092756624095273e+03 5.948889618166685467e-16 1.401324453726623287e-16
3.481840519023128763e+03 5.071852285169982319e-16 1.567954740116895482e-16
3.484588281422162254e+03 7.465262945723392752e-16 1.418663371574594812e-16
3.487336043821195744e+03 3.540631269732400607e-16 1.364988114443634117e-16
3.490083806220229235e+03 4.261629854683489988e-16 1.364363360382374374e-16
3.492831568619262725e+03 5.719770895624111732e-16 1.384548523686812592e-16
3.495579331018296216e+03 2.457264159702083481e-16 1.406074446970777305e-16
3.498327093417329706e+03 4.279422911475491942e-16 1.376825665466385781e-16
3.501074855816363197e+03 1.117514054908889473e-16 1.397210062965838356e-16
3.503822618215396687e+03 4.699159844765658267e-16 1.366460391994454249e-16
3.506570380614430178e+03 3.325672369331464471e-16 1.351956020485220956e-16
3.509318143013463668e+03 4.069694784691507557e-16 1.352955575527313931e-16
3.512065905412497159e+03 3.682635692236872002e-16 1.342041177792683367e-16
3.514813667811530649e+03 2.021990966627234438e-15 2.660583349223270122e-16
3.517561430210564140e+03 5.289107046727160279e-16 1.326420268101258311e-16
3.520309192609597631e+03 4.341046716583732640e-16 1.318258865042297198e-16
3.523056955008631121e+03 5.127600885813933641e-16 1.338709044845864161e-16
3.525804717407664612e+03 3.611380821853669076e-16 1.313863112383789199e-16
3.528552479806698102e+03 5.924174226255157976e-16 1.326962857298848455e-16
3.531300242205731593e+03 3.408094720745478945e-16 1.306175454421428198e-16
3.534048004604765083e+03 8.233767189787034765e-16 1.354911443177230035e-16
3.536795767003798574e+03 4.277822794882102224e-16 1.325802375410003389e-16
3.539543529402832064e+03 5.634853754697194913e-16 1.315239518564743843e-16
3.542291291801865555e+03 4.593983399485262673e-16 1.314114040828028077e-16
3.545039054200899045e+03 5.733634453590267531e-16 1.322184303274864279e-16
3.547786816599932536e+03 3.042588242879275572e-16 1.271306932901437217e-16
3.550534578998966026e+03 4.753092129530465357e-16 1.313880357511761668e-16
3.553282341397999517e+03 5.714736465273028796e-16 1.363696480575049372e-16
3.556030103797033007e+03 7.267152657831129373e-16 1.437854830027234192e-16
3.558777866196066498e+03 4.570343573421670350e-16 1.467823479455017880e-16
3.561525628595099988e+03 4.718772106154451168e-16 1.301060532234009845e-16
3.564273390994133479e+03 4.864339731447033516e-16 1.307253776881084437e-16
3.567021153393166969e+03 5.232939630410880230e-16 1.313064469937138106e-16
3.569768915792200460e+03 4.894980623972645934e-16 1.260556059511252042e-16
3.572516678191233950e+03 6.191249222467749509e-16 1.311775827162297916e-16
3.575264440590267441e+03 6.628886062173590697e-16 1.283767390927998742e-16
3.578012202989300931e+03 5.498602664800179130e-16 1.270209129892728075e-16
3.580759965388334422e+03 6.135313854441761982e-16 1.277214363638224922e-16
3.583507727787367912e+03 6.230318282192339267e-16 1.274917055170292394e-16
3.586255490186401403e+03 9.102584090997468215e-16 1.309347525747975939e-16
3.589003252585434893e+03 7.107580859230720653e-16 1.283321695949092859e-16
3.591751014984468384e+03 5.361827439837804741e-16 1.256785803601505634e-16
3.594498777383501874e+03 6.279260603061200863e-16 1.262671821000937860e-16
3.597246539782535365e+03 7.844381420441326871e-16 1.277750387999747905e-16
3.599994302181568855e+03 5.501787718608520977e-16 1.257004112384093913e-16
3.602742064580602346e+03 7.534980962490908027e-16 1.267690464796628120e-16
3.605489826979635836e+03 6.796553815147707373e-16 1.260394800308029653e-16
3.608237589378669327e+03 6.248489074596306213e-16 1.235950733092979508e-16
3.610985351777702817e+03 5.344042180740896744e-16 1.226034776256590098e-16
3.613733114176736308e+03 5.487444202929594830e-16 1.217713738756442467e-16
3.616480876575769798e+03 6.480819806262783589e-16 1.231900394370981482e-16
3.619228638974803289e+03 1.160913608180093262e-15 1.287884136762608156e-16
3.621976401373836779e+03 4.785290783597061129e-16 1.642695234776764068e-16
3.624724163772870270e+03 5.768244196956168032e-16 1.219527710154662133e-16
3.627471926171903760e+03 5.743550064877699152e-16 1.260626248549747680e-16
3.630219688570937251e+03 8.573917084696154670e-16 1.311771812944542431e-16
3.632967450969970741e+03 8.054914388424087805e-16 1.329934322355544638e-16
3.635715213369004232e+03 8.106380488676341993e-16 1.222412653831066841e-16
3.638462975768037722e+03 9.251842499039133909e-16 1.221374060278509979e-16
3.641210738167071213e+03 7.445964354501854266e-16 1.242464357873638429e-16
3.643958500566104703e+03 7.176664399142621933e-16 1.195079897564293696e-16
3.646706262965138194e+03 8.446375343845695778e-16 1.200116571806815784e-16
3.649454025364171684e+03 4.923886983478595538e-16 1.167119476762605136e-16
3.652201787763205175e+03 6.563323187391927379e-16 1.174327152809778788e-16
3.654949550162238666e+03 5.623632736394641525e-16 1.303772954626143674e-16
3.657697312561272156e+03 5.983348177477008670e-16 1.161560934622545898e-16
3.660445074960305647e+03 6.647424681675509398e-16 1.160813478327895851e-16
3.663192837359339137e+03 5.925864130212286868e-16 1.156478422916097304e-16
3.665940599758372628e+03 5.590819732765006823e-16 1.192789845262450700e-16
3.668688362157406118e+03 7.144486839575625606e-16 1.180886246439084714e-16
3.671436124556439609e+03 5.486908584925160874e-16 1.127751553393068889e-16
3.674183886955473099e+03 7.296907430239076670e-16 1.144168109364834549e-16
3.676931649354506590e+03 7.905230108725116419e-16 1.155822723450914400e-16
3.679679411753540080e+03 8.342240406514049861e-16 1.144125273485521985e-16
3.682427174152573571e+03 7.192930355588927114e-16 1.129792894748911821e-16
3.685174936551607061e+03 8.299605930520174215e-16 1.157735879410121721e-16
3.687922698950640552e+03 6.308837001142849739e-16 1.144520838195749538e-16
3.690670461349674042e+03 8.517513650684721766e-16 1.266607499091521002e-16
3.693418223748707533e+03 8.693961537059345147e-16 1.120157296332955909e-16
3.696165986147741023e+03 9.152025243017018062e-16 1.186594031528991983e-16
3.698913748546774514e+03 9.397783064989082635e-16 1.292804050283117529e-16
3.701661510945808004e+03 7.030068346827755975e-16 1.099965243460680799e-16
3.704409273344841495e+03 9.270634870787862248e-16 1.120241411996950923e-16
3.707157035743874985e+03 9.047348056045511806e-16 1.117957142593883370e-16
3.709904798142908476e+03 8.372852772728729488e-16 1.235332378803071470e-16
3.712652560541941966e+03 1.150725507488392784e-15 1.126207412063431640e-16
3.715400322940975457e+03 8.459640428596606256e-16 1.092238695631979755e-16
3.718148085340008947e+03 1.071034603837834466e-15 1.116826828623672332e-16
3.720895847739042438e+03 9.589213470159872562e-16 1.081174207002142912e-16
3.723643610138075928e+03 1.041829542136719193e-15 1.104382012294031788e-16
3.726391372537109419e+03 5.498782022616209285e-16 1.033131689780170329e-16
3.729139134936142909e+03 1.022048055114585860e-15 1.077866497888838331e-16
3.731886897335176400e+03 1.041854699386302208e-15 1.089104865530605667e-16
3.734634659734209890e+03 1.281077021429512247e-15 1.088913909724229600e-16
3.737382422133243381e+03 1.025784963548216844e-15 1.063070305617520421e-16
3.740130184532276871e+03 9.347968415954188215e-16 1.042450076560007367e-16
3.742877946931310362e+03 1.079411656266784218e-15 1.048823247847492473e-16
3.745625709330343852e+03 1.179648477901681097e-15 1.149808815207712409e-16
3.748373471729377343e+03 9.411521677295426705e-16 1.017666068745788292e-16
3.751121234128410833e+03 9.137079631063904584e-16 1.010809506989788300e-16
3.753868996527444324e+03 9.209569642606324592e-16 1.017017380906353218e-16
3.756616758926477814e+03 8.821774225378200033e-16 9.986191196902484701e-17
3.759364521325511305e+03 9.221223477931764624e-16 1.197870964860649004e-16
3.762112283724544795e+03 8.605452387372515346e-16 9.845963165877960453e-17
3.764860046123578286e+03 8.441272726988770311e-16 9.852275767746272167e-17
3.767607808522611776e+03 7.081072786110362150e-16 9.556165334101814938e-17
3.770355570921645267e+03 8.516688441544241406e-16 9.700484359420681366e-17
3.773103333320678757e+03 7.271718216902092425e-16 9.718396023139540860e-17
3.775851095719712248e+03 8.896960967217685554e-16 9.536186419852985076e-17
3.778598858118745738e+03 7.336734371212084391e-16 1.152834108083412820e-16
3.781346620517779229e+03 7.147381739437933326e-16 9.249385481631743232e-17
3.784094382916812719e+03 6.356633549533217654e-16 9.138227532693896725e-17
3.786842145315846210e+03 6.235732473888969295e-16 9.348531105562199595e-17
3.789589907714879701e+03 7.586559716683694439e-16 9.365975223109606281e-17
3.792337670113913191e+03 7.317732075978133003e-16 9.502665208347850766e-17
3.795085432512946682e+03 5.535927271455275122e-16 9.011455385922832359e-17
3.797833194911980172e+03 4.364909624331879612e-16 8.586269979537082313e-17
3.800580957311013663e+03 4.767954741133256706e-16 9.033850133397029003e-17
3.803328719710047153e+03 3.581805529164593278e-16 8.374348618173663095e-17
3.806076482109080644e+03 2.213027856808156642e-16 9.069108488831970673e-17
3.808824244508114134e+03 6.587578185897382507e-16 8.660043710347362993e-17
3.811572006907147625e+03 3.077496556022286270e-16 8.241800559998092419e-17
3.814319769306181115e+03 2.463352657815442991e-15 1.715664849355967913e-16
3.817067531705214606e+03 5.024953351755299650e-16 8.414498953678239150e-17
3.819815294104248096e+03 2.912768879370627543e-16 9.904515942101079157e-17
3.822563056503281587e+03 3.985306579826205355e-16 8.133621814588050415e-17
3.825310818902315077e+03 2.166365821880223788e-16 8.053794011341829109e-17
3.828058581301348568e+03 3.931608614850865210e-16 8.059740231808791593e-17
3.830806343700382058e+03 5.472459186620950730e-16 8.535985670396176379e-17
3.833554106099415549e+03 4.285587092727544481e-16 7.990735456490595805e-17
3.836301868498449039e+03 3.554998159342744383e-16 7.826026558042313685e-17
3.839049630897482530e+03 2.324207254425886415e-16 8.017002834652577367e-17
3.841797393296516020e+03 4.111865147034229289e-16 7.815799889202888384e-17
3.844545155695549511e+03 2.994668557848023511e-16 7.876562164870092205e-17
3.847292918094583001e+03 5.097321507870289820e-16 7.769080272167909939e-17
3.850040680493616492e+03 4.494013003674251092e-16 7.711209549711348357e-17
3.852788442892649982e+03 -5.825737701558647693e-17 1.311136117353361359e-16
3.855536205291683473e+03 4.354866849304983049e-16 7.655639428548857081e-17
3.858283967690716963e+03 4.391078735382265313e-16 7.599776083561179656e-17
3.861031730089750454e+03 3.400549606969759825e-16 7.564030481203044712e-17
3.863779492488783944e+03 5.136757366118663487e-16 7.565660444232704802e-17
3.866527254887817435e+03 6.215101443260085719e-16 7.735216984407438794e-17
3.869275017286850925e+03 4.118993995969402543e-16 7.402888842629290691e-17
3.872022779685884416e+03 4.874769348629164305e-16 7.465691514875927518e-17
3.874770542084917906e+03 6.026839599464665583e-16 7.630463123754967383e-17
3.877518304483951397e+03 6.931847195493620177e-16 7.637192824063213813e-17
3.880266066882984887e+03 7.504271110077914763e-16 7.632808081414368807e-17
3.883013829282018378e+03 6.893543097456032668e-16 8.020629799101682099e-17
3.885761591681051868e+03 7.016158193112551215e-16 7.463987601688961909e-17
3.888509354080085359e+03 7.819093474521789936e-16 7.804345551636984847e-17
3.891257116479118849e+03 9.284416369022428742e-16 7.675058064607924714e-17
3.894004878878152340e+03 8.750901034803224441e-16 7.571816389697284638e-17
3.896752641277185830e+03 9.431663612539720771e-16 7.668501043344453587e-17
3.899500403676219321e+03 9.926478279614750155e-16 7.818567479113848405e-17
3.902248166075252811e+03 1.108321684548963181e-15 7.696466713998876402e-17
3.904995928474286302e+03 1.172331349374516146e-15 7.886768766793234949e-17
3.907743690873319792e+03 1.182299230236086785e-15 7.798201390198228154e-17
3.910491453272353283e+03 1.081340410032382997e-15 7.697264866418859845e-17
3.913239215671386773e+03 1.243427005703418315e-15 8.353306128397308576e-17
3.915986978070420264e+03 1.158652842688877444e-15 7.740203256833269884e-17
3.918734740469453754e+03 1.246144111199053016e-15 7.706350625454532895e-17
3.921482502868487245e+03 1.336575293470373241e-15 7.722679562239594276e-17
3.924230265267520736e+03 1.257686831224857139e-15 7.561063309486618579e-17
3.926978027666554226e+03 1.364411770979176256e-15 8.144241024516097975e-17
3.929725790065587717e+03 1.249748493636799564e-15 7.659133216342974346e-17
3.932473552464621207e+03 1.460654611493903898e-15 7.796101751638501365e-17
3.935221314863654698e+03 1.520564596512689460e-15 7.760888576203535389e-17
3.937969077262688188e+03 1.425540305119764894e-15 7.602380331565071420e-17
3.940716839661721679e+03 1.460222573687935797e-15 7.694597825651529821e-17
3.943464602060755169e+03 1.589109593495513447e-15 7.736638379591429139e-17
3.946212364459788660e+03 1.554285392813193458e-15 7.604447562320540985e-17
3.948960126858822150e+03 1.589543473454568589e-15 7.783050245714945310e-17
3.951707889257855641e+03 1.590953444078654164e-15 7.619389070254945314e-17
3.954455651656889131e+03 1.517991804852224768e-15 7.960893808647106680e-17
3.957203414055922622e+03 1.673096512732070008e-15 7.659836261884279641e-17
3.959951176454956112e+03 1.746637359130724981e-15 8.146300704319521269e-17
3.962698938853989603e+03 1.787807082424843533e-15 7.757712830694675671e-17
3.965446701253023093e+03 1.677332947295178818e-15 7.907220332980513438e-17
3.968194463652056584e+03 1.600548750829330824e-15 7.512942846006765084e-17
3.970942226051090074e+03 1.694849388274910128e-15 7.548737791463945313e-17
3.973689988450123565e+03 2.429043378573873498e-15 8.566191225278617431e-17
3.976437750849157055e+03 1.849711711446188250e-15 7.765551072817213090e-17
3.979185513248190546e+03 1.883063840920797471e-15 7.668495061879889182e-17
3.981933275647224036e+03 1.661583123141063577e-15 7.386173699101026831e-17
3.984681038046257527e+03 1.828697673118299652e-15 7.563109017732350376e-17
3.987428800445291017e+03 1.706829069338608701e-15 7.385232617530782165e-17
3.990176562844324508e+03 1.823049752361345426e-15 8.185386761158226252e-17
3.992924325243357998e+03 1.891437819571714618e-15 7.715305300752850284e-17
3.995672087642391489e+03 1.865015980106620088e-15 7.500789311034965220e-17
3.998419850041424979e+03 2.009999197694410894e-15 7.592232207642385853e-17
4.001167612440458470e+03 1.997855583790408505e-15 7.549962361958388847e-17
4.003915374839491960e+03 1.921671017341405569e-15 7.478721116949061875e-17
4.006663137238525451e+03 1.998637206203540413e-15 7.517359920677304738e-17
4.009410899637558941e+03 2.176558410239231833e-15 7.635018639406611887e-17
4.012158662036592432e+03 2.210484154262692357e-15 7.695616986629991836e-17
4.014906424435625922e+03 2.237931432698561614e-15 7.651467854232545730e-17
4.017654186834659413e+03 2.140817380759708180e-15 7.569292972942351323e-17
4.020401949233692903e+03 2.094885059924331386e-15 7.483580376384014840e-17
4.023149711632726394e+03 2.095946371815247761e-15 7.458906162657654984e-17
4.025897474031759884e+03 2.018827968049599473e-15 7.566665502044949648e-17
4.028645236430793375e+03 2.064347019032097895e-15 7.370672757079503132e-17
4.031392998829826865e+03 2.017173491021881504e-15 7.319244761163470458e-17
4.034140761228860356e+03 1.928696148692503543e-15 7.279469565932836761e-17
4.036888523627893846e+03 1.957306686676091635e-15 7.255693766820529680e-17
4.039636286026927337e+03 2.047637638423452320e-15 7.338295763325457514e-17
4.042384048425960827e+03 1.968765995825141577e-15 7.246311302764913314e-17
4.045131810824994318e+03 1.924627269489443676e-15 7.150636768210618880e-17
4.047879573224027808e+03 1.878420154108039544e-15 7.081933664475932746e-17
4.050627335623061299e+03 1.707863657525772322e-15 7.264015736857354640e-17
4.053375098022094789e+03 1.695140743475494780e-15 6.927828488744927210e-17
4.056122860421128280e+03 1.632104452436062451e-15 6.787743461982240165e-17
4.058870622820161771e+03 1.792323375965591077e-15 6.918385130848653586e-17
4.061618385219195261e+03 1.656588661237631064e-15 6.816269878988313296e-17
4.064366147618228752e+03 1.762308438119845208e-15 6.911243172064487728e-17
4.067113910017262242e+03 1.614590476606068527e-15 6.735633924451047957e-17
4.069861672416295733e+03 1.605695220243612980e-15 6.725462762860078348e-17
4.072609434815329223e+03 1.552401625895057602e-15 7.759213289564273976e-17
4.075357197214362714e+03 1.585870500840129547e-15 6.699021439058096753e-17
4.078104959613396204e+03 1.496565354907182062e-15 6.540631398685108389e-17
4.080852722012429695e+03 1.386501082735634675e-15 6.409533178706509421e-17
4.083600484411463185e+03 1.441710976747789704e-15 6.495945928058371397e-17
4.086348246810496676e+03 1.444859516084160594e-15 6.478735580890928408e-17
4.089096009209530166e+03 1.524804150120877836e-15 6.556821905178072253e-17
4.091843771608563657e+03 1.522909510225121397e-15 6.574147479335081325e-17
4.094591534007597147e+03 1.485997702743309461e-15 6.560717965045458418e-17
4.097339296406630638e+03 1.590140587366976685e-15 6.570298686242393488e-17
4.100087058805664128e+03 1.391346438877633226e-15 6.506713077361168335e-17
4.102834821204697619e+03 1.598493202851283590e-15 6.680569726596859138e-17
4.105582583603731109e+03 1.476928169670848038e-15 6.498306848403491717e-17
4.108330346002764600e+03 1.546674922223152269e-15 6.478620100477418846e-17
4.111078108401798090e+03 1.543305808610651657e-15 6.446248923142070776e-17
4.113825870800831581e+03 1.536409916717288924e-15 6.900710329566090125e-17
4.116573633199865071e+03 1.643812247979964838e-15 7.051378961754321735e-17
4.119321395598898562e+03 1.906939894882263495e-15 1.066036805613151355e-16
4.122069157997932052e+03 1.617073614976551312e-15 8.554856591069261228e-17
4.124816920396965543e+03 1.386139638425911233e-15 6.279503116873608508e-17
4.127564682795999033e+03 1.390869795219043890e-15 6.274276366389902981e-17
4.130312445195032524e+03 1.302455695867305680e-15 6.134530543123885845e-17
4.133060207594066014e+03 1.275163298065965096e-15 6.093123664306626345e-17
4.135807969993099505e+03 1.347271678610894628e-15 6.168519096504444731e-17
4.138555732392132995e+03 1.221821665602688448e-15 6.037104800608958856e-17
4.141303494791166486e+03 1.314490333654781063e-15 6.095577629024072389e-17
4.144051257190199976e+03 1.160736508711341912e-15 5.976527982304466405e-17
4.146799019589233467e+03 1.407274317472294712e-15 6.154571005061414650e-17
4.149546781988266957e+03 1.300806539367721438e-15 6.147156973077500303e-17
4.152294544387300448e+03 1.312007497707722312e-15 6.330147131585125563e-17
4.155042306786333938e+03 1.267547968329677780e-15 6.329748602813882096e-17
4.157790069185367429e+03 1.243166558246275701e-15 6.097999904728797071e-17
4.160537831584400919e+03 1.193398518673570123e-15 5.925293386915459561e-17
4.163285593983434410e+03 1.267156848274528921e-15 6.076429107827842040e-17
4.166033356382467900e+03 1.172082194926548871e-15 5.883071743945666885e-17
4.168781118781501391e+03 1.229332103995788563e-15 6.082436234544531016e-17
4.171528881180534881e+03 1.243457795062783563e-15 5.892480709802932018e-17
4.174276643579568372e+03 1.197000219652736611e-15 5.827422060761227316e-17
4.177024405978601862e+03 1.189487964424799210e-15 5.778467567996316418e-17
4.179772168377635353e+03 1.212644651952327074e-15 6.034585072361306576e-17
4.182519930776668843e+03 1.424715693330139228e-15 7.059755450296785734e-17
4.185267693175702334e+03 1.156506139473677562e-15 5.748479017457743245e-17
4.188015455574735824e+03 1.077907013414055638e-15 5.793212493255504133e-17
4.190763217973769315e+03 1.103466346796349906e-15 5.843182040844192889e-17
4.193510980372802806e+03 1.056827060710471200e-15 5.781974540963625672e-17
4.196258742771836296e+03 1.116373612592177978e-15 5.692851008763192483e-17
4.199006505170869787e+03 1.302875878913821891e-15 5.867228786052094085e-17
4.201754267569903277e+03 1.128448908412768298e-15 5.565798679713701895e-17
4.204502029968936768e+03 1.112788358997506276e-15 5.789505444610498064e-17
4.207249792367970258e+03 1.170917214917743907e-15 5.665114554334329129e-17
4.209997554767003749e+03 1.095062099574693636e-15 5.579661594096539929e-17
4.212745317166037239e+03 1.186457711180225029e-15 5.708368424976020593e-17
4.215493079565070730e+03 1.235599866688677883e-15 5.710293866828609643e-17
4.218240841964104220e+03 1.189104509529506900e-15 5.661243009788400898e-17
4.220988604363137711e+03 1.224536579804736809e-15 5.661302728346994001e-17
4.223736366762171201e+03 1.330307393858196604e-15 5.759732301369603092e-17
4.226484129161204692e+03 1.267120311409884664e-15 5.893865425532108421e-17
4.229231891560238182e+03 1.306222383540162721e-15 6.057975520551448432e-17
4.231979653959271673e+03 1.436796520244574325e-15 5.848548398499565051e-17
4.234727416358305163e+03 1.304947512614545254e-15 5.819147849221981244e-17
4.237475178757338654e+03 1.324915594348335856e-15 5.745050340861119607e-17
4.240222941156372144e+03 1.371162987955724189e-15 5.753106347575028842e-17
4.242970703555405635e+03 1.337153640220146210e-15 5.717646143159284225e-17
4.245718465954439125e+03 1.254950856389647366e-15 5.630524829461960427e-17
4.248466228353472616e+03 1.304116317926118059e-15 5.676333572795374400e-17
4.251213990752506106e+03 1.173561991556407696e-15 5.503846910763139924e-17
4.253961753151539597e+03 1.278826995587387668e-15 5.622489075239644994e-17
4.256709515550573087e+03 1.261271443645064755e-15 5.570267394646626173e-17
4.259457277949606578e+03 1.291316784104383963e-15 5.618144231896786754e-17
4.262205040348640068e+03 1.317403545451531974e-15 5.605151021631176692e-17
4.264952802747673559e+03 1.357380609053691203e-15 5.615110054557343802e-17
4.267700565146707049e+03 1.295417339737285989e-15 5.538400159169335109e-17
4.270448327545740540e+03 1.333735796736425855e-15 5.585700088384846749e-17
4.273196089944774030e+03 1.311999128579099773e-15 5.571593967826840460e-17
4.275943852343807521e+03 1.174919723098685888e-15 5.361392491841355803e-17
4.278691614742841011e+03 1.171746258408012273e-15 5.398857286270334962e-17
4.281439377141874502e+03 1.331864215525261399e-15 5.660722823309636784e-17
4.284187139540907992e+03 1.249196720255824499e-15 5.554449413396885366e-17
4.286934901939941483e+03 1.283390784468260213e-15 5.856066685059916376e-17
4.289682664338974973e+03 1.345459432211427659e-15 5.539526947643686196e-17
4.292430426738008464e+03 1.255076773505797125e-15 5.379806948495656950e-17
4.295178189137041954e+03 1.232463147688193950e-15 6.036713274534661931e-17
4.297925951536075445e+03 1.292298744565722551e-15 5.587352307728656453e-17
4.300673713935108935e+03 1.220105490513155639e-15 5.356031694582909048e-17
4.303421476334142426e+03 1.118617825873430954e-15 5.237472527441506579e-17
4.306169238733175916e+03 1.241205486868650490e-15 5.551091431285272121e-17
4.308917001132209407e+03 1.408294559038515444e-15 5.619545797637775288e-17
4.311664763531242897e+03 1.385210746636668006e-15 5.542066707756947745e-17
4.314412525930276388e+03 1.311795528017824030e-15 5.623849338944125293e-17
4.317160288329309878e+03 1.221060601155182721e-15 5.282009004018124352e-17
4.319908050728343369e+03 1.403739583085905616e-15 5.678896557539511548e-17
4.322655813127376859e+03 1.345611516186377689e-15 5.461680245834336482e-17
4.325403575526410350e+03 1.327107868557947249e-15 5.614806333369370855e-17
4.328151337925443841e+03 1.425355308531976407e-15 5.767623684810121830e-17
4.330899100324477331e+03 1.327852540264824755e-15 5.373508141507927354e-17
4.333646862723510822e+03 1.238200052838520995e-15 5.260875810541657876e-17
4.336394625122544312e+03 1.316689592385038884e-15 5.311020662683011067e-17
4.339142387521577803e+03 1.354859656151134383e-15 5.334711618893048283e-17
4.341890149920611293e+03 1.332248591179073280e-15 5.366158786094585585e-17
4.344637912319644784e+03 1.307951053102443697e-15 5.459279508879209326e-17
4.347385674718678274e+03 1.438827633465154144e-15 5.604219297891075681e-17
4.350133437117711765e+03 1.428805751352512884e-15 5.381034767802785350e-17
4.352881199516745255e+03 1.481144769607868458e-15 5.375712449269290461e-17
4.355628961915778746e+03 1.307245698021248794e-15 5.204910438390487514e-17
4.358376724314812236e+03 1.418785058350676468e-15 5.318148401448215367e-17
4.361124486713845727e+03 1.448424865219044672e-15 5.309110601703361732e-17
4.363872249112879217e+03 1.583194512096356018e-15 5.442648488371101454e-17
4.366620011511912708e+03 1.449726041483355227e-15 5.253962422154545721e-17
4.369367773910946198e+03 1.380564746748078322e-15 5.233531926619975728e-17
4.372115536309979689e+03 1.406501977943383725e-15 5.263616149313697475e-17
4.374863298709013179e+03 1.508624419517268837e-15 5.595444567005368562e-17
4.377611061108046670e+03 1.409414353452733904e-15 5.220478948632203268e-17
4.380358823507080160e+03 1.387731584800526936e-15 5.428029637255648718e-17
4.383106585906113651e+03 1.271412097089825365e-15 5.089304393314713710e-17
4.385854348305147141e+03 1.364838812755256381e-15 5.248913997500627144e-17
4.388602110704180632e+03 1.406802802854619395e-15 5.188313305093560099e-17
4.391349873103214122e+03 1.325524204810120118e-15 5.115959772084803894e-17
4.394097635502247613e+03 1.200168624276598168e-15 4.996383023186793515e-17
4.396845397901281103e+03 1.420771719126156782e-15 7.831362008378591367e-17
4.399593160300314594e+03 1.269378873426687464e-15 5.198986839539141273e-17
4.402340922699348084e+03 1.196968057412363822e-15 4.937606532827778548e-17
4.405088685098381575e+03 1.184732322640705965e-15 4.916800633777225219e-17
4.407836447497415065e+03 1.222116592658959071e-15 4.971667811028050025e-17
4.410584209896448556e+03 1.173282872425468305e-15 4.880144059223149318e-17
4.413331972295482046e+03 1.180365929701174393e-15 4.896424147720645961e-17
4.416079734694515537e+03 1.111840014643876174e-15 4.819317391897948048e-17
4.418827497093549027e+03 1.045569513990333216e-15 5.110256287979562387e-17
4.421575259492582518e+03 1.034214031860456225e-15 4.760663156799750492e-17
4.424323021891616008e+03 1.019965035005869315e-15 4.715627340427936413e-17
4.427070784290649499e+03 9.616476389999750206e-16 4.648073732779455066e-17
4.429818546689682989e+03 9.190774614487643528e-16 4.626595122535211469e-17
4.432566309088716480e+03 8.945414115700989287e-16 4.577916326179547392e-17
4.435314071487749970e+03 9.280255954520516330e-16 4.624674311325207440e-17
4.438061833886783461e+03 9.606646971460154881e-16 4.637579892335199249e-17
4.440809596285816951e+03 8.978414203769667998e-16 4.574435541840187422e-17
4.443557358684850442e+03 8.784233493398537536e-16 4.528755329814395702e-17
4.446305121083883932e+03 8.574415297036604628e-16 4.526915679096210339e-17
4.449052883482917423e+03 8.844458055083726053e-16 4.532836938726837018e-17
4.451800645881950913e+03 8.740490968344941995e-16 4.784822769853643485e-17
4.454548408280984404e+03 7.439979638503505343e-16 4.396057028339556167e-17
4.457296170680017894e+03 8.963910614033073897e-16 6.372469848521239820e-17
4.460043933079051385e+03 8.660392467817964832e-16 4.599765801918786009e-17
4.462791695478084876e+03 7.967301431547785181e-16 4.420017148145902083e-17
4.465539457877118366e+03 7.958614347923160144e-16 4.559741714443975066e-17
4.468287220276151857e+03 9.387976437764142388e-16 4.622003128827947192e-17
4.471034982675185347e+03 8.032592621027276715e-16 4.371763320463191473e-17
4.473782745074218838e+03 8.101247283674689959e-16 4.407701232632952436e-17
4.476530507473252328e+03 8.595018728717698528e-16 4.458078410702741622e-17
4.479278269872285819e+03 9.354451582813102533e-16 6.810565231703878043e-17
4.482026032271319309e+03 8.464059034485144505e-16 4.698092480138086115e-17
4.484773794670352800e+03 7.529563494234649303e-16 4.640660077489388950e-17
4.487521557069386290e+03 8.673724832505991574e-16 4.482640024256870150e-17
4.490269319468419781e+03 8.296060437345803403e-16 4.398818516339502853e-17
4.493017081867453271e+03 8.799832178247356424e-16 4.482550634962902284e-17
4.495764844266486762e+03 9.050916369709859147e-16 4.453243030096920123e-17
4.498512606665520252e+03 8.013423281105255818e-16 4.576596860382753246e-17
4.501260369064553743e+03 8.057967655769442593e-16 4.420308314739414190e-17
4.504008131463587233e+03 7.550516091828752127e-16 4.318721614409556620e-17
4.506755893862620724e+03 8.049786411473568360e-16 4.373864761970803997e-17
4.509503656261654214e+03 7.972704969743216756e-16 4.317461908035671193e-17
4.512251418660687705e+03 8.503560891591141035e-16 4.472754461340968448e-17
4.514999181059721195e+03 9.144461591574271336e-16 4.477780090831421621e-17
4.517746943458754686e+03 8.868380548658593161e-16 4.424322339271258010e-17
4.520494705857788176e+03 9.381132939709687862e-16 4.463172893073445576e-17
4.523242468256821667e+03 9.967961186094459455e-16 4.597287285289941437e-17
4.525990230655855157e+03 1.043981145284495434e-15 4.573906939352910357e-17
4.528737993054888648e+03 9.533480087935734851e-16 4.458102590055795374e-17
4.531485755453922138e+03 9.704762791895777745e-16 4.465459636716606547e-17
4.534233517852955629e+03 1.001211364395297000e-15 4.618753610126124218e-17
4.536981280251989119e+03 9.559346545717805489e-16 4.441092828244337654e-17
4.539729042651022610e+03 1.003744216381981406e-15 4.498968079881116607e-17
4.542476805050056100e+03 1.083045923152137566e-15 4.676663607500360353e-17
4.545224567449089591e+03 1.107747774988672658e-15 4.589170195583915627e-17
4.547972329848123081e+03 1.074134245850800870e-15 4.614373909947519981e-17
4.550720092247156572e+03 1.033648635848740174e-15 4.523618638758082921e-17
4.553467854646190062e+03 1.950121200562976900e-15 9.503790496037606613e-17
4.556215617045223553e+03 1.376572549333031453e-15 5.152958390110310500e-17
4.558963379444257043e+03 1.132057927314216233e-15 4.578419149798938199e-17
4.561711141843290534e+03 1.226896774073062272e-15 4.683112428147216633e-17
4.564458904242324024e+03 1.139593237735950717e-15 4.565572803267541512e-17
4.567206666641357515e+03 1.208646840156169614e-15 4.688778953521804410e-17
4.569954429040391005e+03 1.316467401766534038e-15 4.784194515480832508e-17
4.572702191439424496e+03 1.368551768581004891e-15 5.245100464873982935e-17
4.575449953838457986e+03 1.453940163491865074e-15 4.978446794697678109e-17
4.578197716237491477e+03 1.422409057248914789e-15 4.896175602373793785e-17
4.580945478636524967e+03 1.459802764645121131e-15 5.013380216669513727e-17
4.583693241035558458e+03 1.466566848954016845e-15 4.857955448895135727e-17
4.586441003434591948e+03 1.513160605991255209e-15 4.916754072137275029e-17
4.589188765833625439e+03 1.623445527444422776e-15 5.092304104979897024e-17
4.591936528232658929e+03 1.828819213471804601e-15 5.185524805428898470e-17
4.594684290631692420e+03 1.804004472431232343e-15 5.144356851944640455e-17
4.597432053030725911e+03 1.871003778718169997e-15 5.224456830422845470e-17
4.600179815429759401e+03 2.031930979088083585e-15 5.337844096255617113e-17
4.602927577828792892e+03 2.095258115842257712e-15 5.373562188245192370e-17
4.605675340227826382e+03 2.104181345626260068e-15 5.371147560663990427e-17
4.608423102626859873e+03 2.275366517825325024e-15 5.530327000205944143e-17
4.611170865025893363e+03 2.302837998440206759e-15 5.642497083547184171e-17
4.613918627424926854e+03 2.341507923328979648e-15 5.586061227349532741e-17
4.616666389823960344e+03 2.390203978165931667e-15 5.723916011492498909e-17
4.619414152222993835e+03 2.461137395390151738e-15 5.712555348385171927e-17
4.622161914622027325e+03 2.452968860926248041e-15 5.637077255959718499e-17
4.624909677021060816e+03 2.681367364890588251e-15 5.846388202081811183e-17
4.627657439420094306e+03 2.742074814648221210e-15 5.832920768121197283e-17
4.630405201819127797e+03 2.901620201346913304e-15 6.072358452872776430e-17
4.633152964218161287e+03 2.857957109983364627e-15 5.912850864147783130e-17
4.635900726617194778e+03 2.832565040469523602e-15 5.640339945970536333e-17
4.638648489016228268e+03 2.833253634281591646e-15 7.260765100374882422e-17
4.641396251415261759e+03 2.826927107068936123e-15 5.896733909312759673e-17
4.644144013814295249e+03 2.845762951432608658e-15 5.918851878880948083e-17
4.646891776213328740e+03 2.868301577996077348e-15 6.254347259451413263e-17
4.649639538612362230e+03 2.873537283690867030e-15 5.978682216499797587e-17
4.652387301011395721e+03 2.906910656878766137e-15 6.220574247081530836e-17
4.655135063410429211e+03 2.841861493774339043e-15 5.914304374065912742e-17
4.657882825809462702e+03 2.960052345015092901e-15 6.298535290739031568e-17
4.660630588208496192e+03 3.100414885378064481e-15 6.159654473396237740e-17
4.663378350607529683e+03 3.036766105418881740e-15 6.055466572930160222e-17
4.666126113006563173e+03 3.101173947987492710e-15 6.114568260592233180e-17
4.668873875405596664e+03 3.003355553242994134e-15 6.020291343619396936e-17
4.671621637804630154e+03 3.128615292675625684e-15 6.195789172038481312e-17
4.674369400203663645e+03 3.221668934467372103e-15 6.179057232179480265e-17
4.677117162602697135e+03 3.238305047758131126e-15 6.185410050632073127e-17
4.679864925001730626e+03 3.242466225726076550e-15 6.311334966946461074e-17
4.682612687400764116e+03 3.143243410764231435e-15 6.207437024640825260e-17
4.685360449799797607e+03 3.279710993926590673e-15 6.242433523908394007e-17
4.688108212198831097e+03 3.347748386662856381e-15 6.250967686189903007e-17
4.690855974597864588e+03 3.404893784056372576e-15 6.309471005320343759e-17
4.693603736996898078e+03 3.372594472207886607e-15 6.255592780741387446e-17
4.696351499395931569e+03 3.368082275249671004e-15 6.280951462966041535e-17
4.699099261794965059e+03 3.193963487778933032e-15 6.214133860953943617e-17
4.701847024193998550e+03 3.067612077849208395e-15 6.095485538672654591e-17
4.704594786593032040e+03 2.834198866282511119e-15 6.523921200507127610e-17
4.707342548992065531e+03 2.836235266920945505e-15 5.973703822619486860e-17
4.710090311391099021e+03 2.840475047919655921e-15 5.893626778267964887e-17
4.712838073790132512e+03 2.722927092422473101e-15 5.799726031061558977e-17
4.715585836189166002e+03 2.525285353281041428e-15 5.664464189405503065e-17
4.718333598588199493e+03 2.370673555035026681e-15 5.576954814854557471e-17
4.721081360987232983e+03 2.334291120795996258e-15 5.577927466460063613e-17
4.723829123386266474e+03 2.266583173932400678e-15 5.604535126531795800e-17
4.726576885785299964e+03 2.177245870984516142e-15 5.554769873594474748e-17
4.729324648184333455e+03 1.983100385882821486e-15 6.043045441894577195e-17
4.732072410583366946e+03 1.886593882605601502e-15 5.473415370368870816e-17
4.734820172982400436e+03 1.805608399480244064e-15 5.150780689700248140e-17
4.737567935381433927e+03 1.820979239025692883e-15 5.253800375236688596e-17
4.740315697780467417e+03 1.823959254037819152e-15 5.337977821117445127e-17
4.743063460179500908e+03 1.753319625927852013e-15 5.183700421760996508e-17
4.745811222578534398e+03 1.816439762095172787e-15 5.496234447807270184e-17
4.748558984977567889e+03 1.613167754800620288e-15 4.975109141635518671e-17
4.751306747376601379e+03 1.665471611912457313e-15 5.492211744800087895e-17
4.754054509775634870e+03 1.672200295851778658e-15 5.487001589437184824e-17
4.756802272174668360e+03 1.530927389176199347e-15 5.110815924843686208e-17
4.759550034573701851e+03 1.511671924146410116e-15 5.099814248108878993e-17
4.762297796972735341e+03 1.435372896529122223e-15 4.860408529892688511e-17
4.765045559371768832e+03 1.433609306486790174e-15 4.836918595138171720e-17
4.767793321770802322e+03 1.385782584531171815e-15 4.814040369822108620e-17
4.770541084169835813e+03 1.326007786374607117e-15 4.746211746281431667e-17
4.773288846568869303e+03 1.341352149010424483e-15 4.856125018073678824e-17
4.776036608967902794e+03 1.350427208265309113e-15 4.829660626487305218e-17
4.778784371366936284e+03 1.354738192270185817e-15 5.154169964428267807e-17
4.781532133765969775e+03 1.380303472511529924e-15 4.850588669588183389e-17
4.784279896165003265e+03 1.365694988704845405e-15 4.958742785512699543e-17
4.787027658564036756e+03 1.391358229806297685e-15 4.903525549214863296e-17
4.789775420963070246e+03 1.489667682269766043e-15 5.913024789519457898e-17
4.792523183362103737e+03 1.353557286954491782e-15 4.870633440419367229e-17
4.795270945761137227e+03 1.331963776752877492e-15 4.798503846691606007e-17
4.798018708160170718e+03 1.336928164707943328e-15 4.782952901029974015e-17
4.800766470559204208e+03 1.191438139613032003e-15 4.639496947830221007e-17
4.803514232958237699e+03 1.211622910937829618e-15 4.672083227011677615e-17
4.806261995357271189e+03 1.215932319701587917e-15 4.703160807294564832e-17
4.809009757756304680e+03 1.250246088673339944e-15 4.704045578016627196e-17
4.811757520155338170e+03 1.226204577019190511e-15 4.672880446562155794e-17
4.814505282554371661e+03 1.217960220556702034e-15 4.953891899909603540e-17
4.817253044953405151e+03 1.250987413708932407e-15 4.750856721252272931e-17
4.820000807352438642e+03 1.167846767644128265e-15 4.732768814604277250e-17
4.822748569751472132e+03 1.199929249947336131e-15 4.763246205164584819e-17
4.825496332150505623e+03 1.230520789162430268e-15 4.784260761515105260e-17
4.828244094549539113e+03 1.285399876762930933e-15 4.747028150449146102e-17
4.830991856948572604e+03 1.286413626482086300e-15 4.703178552977433435e-17
4.833739619347606094e+03 1.365528921925528337e-15 4.772443878046846827e-17
4.836487381746639585e+03 1.359040963180659083e-15 4.761386574153264584e-17
4.839235144145673075e+03 1.237381550285978762e-15 4.689965182924942895e-17
4.841982906544706566e+03 1.331652888770370091e-15 4.785023250949486402e-17
4.844730668943740056e+03 1.484208657543856680e-15 4.873317424222330240e-17
4.847478431342773547e+03 1.363957979578415130e-15 4.716230249391132205e-17
4.850226193741807037e+03 1.414703877170247252e-15 4.808213087841612541e-17
4.852973956140840528e+03 1.607870957861487679e-15 4.972339243066080563e-17
4.855721718539874018e+03 1.514830130487487622e-15 4.848824113705666036e-17
4.858469480938907509e+03 1.683019380076729735e-15 5.049024606693896650e-17
4.861217243337940999e+03 1.759936515429123563e-15 5.126919725336215297e-17
4.863965005736974490e+03 1.707753796145794135e-15 5.047803413247254067e-17
4.866712768136007981e+03 1.643731950942742259e-15 4.981269670706979011e-17
4.869460530535041471e+03 1.771247178310694458e-15 5.277692160186185799e-17
4.872208292934074962e+03 1.673426935423914935e-15 4.999065883313362406e-17
4.874956055333108452e+03 1.745706239277006227e-15 5.104875537362617629e-17
4.877703817732141943e+03 1.625134393643856044e-15 4.909367413367725338e-17
4.880451580131175433e+03 1.640843235186843149e-15 5.082529823032008666e-17
4.883199342530208924e+03 1.609011603131643684e-15 5.006406440075934255e-17
4.885947104929242414e+03 1.628168639010061642e-15 4.944093977539813526e-17
4.888694867328275905e+03 1.577705389485027454e-15 4.915306173277932880e-17
4.891442629727309395e+03 1.646143172883038693e-15 5.697650810813985191e-17
4.894190392126342886e+03 1.467627245531071071e-15 4.892080739722242911e-17
4.896938154525376376e+03 1.655414359501126155e-15 6.371996713002111350e-17
4.899685916924409867e+03 1.575376162311441608e-15 4.973426639774413689e-17
4.902433679323443357e+03 1.476782398092459063e-15 4.840475262074417413e-17
4.905181441722476848e+03 1.605950140738365099e-15 6.693927547763414301e-17
4.907929204121510338e+03 1.524028278865405963e-15 5.082348251175520546e-17
4.910676966520543829e+03 1.542305911915006741e-15 4.908395053277089866e-17
4.913424728919577319e+03 1.545436980172248641e-15 4.867307428659499482e-17
4.916172491318610810e+03 1.555939023515474191e-15 4.874281084413880830e-17
4.918920253717644300e+03 1.363185713846040218e-15 5.021710480424284418e-17
4.921668016116677791e+03 1.536854591237088198e-15 4.919256182414634561e-17
4.924415778515711281e+03 1.560705791086982329e-15 5.069068771296342003e-17
4.927163540914744772e+03 1.550398990206654631e-15 4.986355528871237912e-17
4.929911303313778262e+03 1.508039995827779701e-15 4.854365154982003881e-17
4.932659065712811753e+03 1.592276457851848094e-15 5.022527470082130798e-17
4.935406828111845243e+03 1.505925625373620890e-15 4.843755771961348976e-17
4.938154590510878734e+03 1.582383033016929442e-15 4.923439602366479115e-17
4.940902352909912224e+03 1.680926295814123346e-15 5.091741465282953894e-17
4.943650115308945715e+03 1.754317280999132542e-15 5.070675307663993111e-17
4.946397877707979205e+03 2.257226243605510150e-15 9.721828244200499843e-17
4.949145640107012696e+03 1.783018919577342258e-15 5.471024487900295347e-17
4.951893402506046186e+03 1.582234434347739103e-15 5.081727100669070402e-17
4.954641164905079677e+03 1.686593083177003679e-15 5.068672179580292186e-17
4.957388927304113167e+03 1.727098995634934603e-15 5.245712283376233443e-17
4.960136689703146658e+03 1.806954530546681672e-15 5.645217560910635144e-17
4.962884452102180148e+03 1.894278936563751362e-15 5.610019930009297620e-17
4.965632214501213639e+03 1.998102219857696850e-15 5.330940896949099346e-17
4.968379976900247129e+03 2.012044807050621218e-15 5.251128659617877517e-17
4.971127739299280620e+03 2.114898734758634538e-15 5.339946623989400764e-17
4.973875501698314110e+03 1.990128610137329354e-15 5.221750368087386970e-17
4.976623264097347601e+03 2.040828883386928421e-15 5.290640002033816602e-17
4.979371026496381091e+03 2.226792615977374565e-15 5.458817024816388153e-17
4.982118788895414582e+03 2.222928920364192044e-15 5.433907704006483527e-17
4.984866551294448072e+03 2.232463097943248544e-15 5.441784321795756193e-17
4.987614313693481563e+03 2.287999107721729342e-15 5.555411620711400469e-17
4.990362076092515053e+03 2.330388492772513048e-15 5.781887382924300220e-17
4.993109838491548544e+03 2.352674560295309286e-15 5.807617415217091378e-17
4.995857600890582034e+03 2.294720178776321241e-15 5.561794555146908399e-17
4.998605363289615525e+03 2.352031639405112676e-15 5.639953411688718876e-17
5.001353125688649016e+03 2.489952975218535394e-15 5.823531421323584134e-17
5.004100888087682506e+03 2.393226380166007002e-15 5.653289664076699464e-17
5.006848650486715997e+03 2.435536854499636873e-15 5.621489300226995652e-17
5.009596412885749487e+03 2.271973679166263406e-15 5.680798773999675321e-17
5.012344175284782978e+03 2.309472033655944375e-15 5.578319543775242095e-17
5.015091937683816468e+03 2.355245183004130871e-15 5.523721745880300937e-17
5.017839700082849959e+03 2.358707308632477390e-15 5.554271028551802729e-17
5.020587462481883449e+03 2.211645195657307732e-15 5.421161218762134575e-17
5.023335224880916940e+03 2.186662930504704710e-15 5.418513409962201303e-17
5.026082987279950430e+03 2.187732638585964925e-15 5.408018930446074672e-17
5.028830749678983921e+03 1.991619450935017808e-15 5.412862735404009109e-17
5.031578512078017411e+03 1.954920827543384265e-15 5.250547208503726404e-17
5.034326274477050902e+03 1.870313912454430957e-15 5.160297952522504653e-17
5.037074036876084392e+03 1.995710265664158752e-15 5.282394756956395989e-17
5.039821799275117883e+03 1.821072621471828425e-15 5.136588762256593922e-17
5.042569561674151373e+03 1.602291739045687680e-15 4.915913603406001558e-17
5.045317324073184864e+03 1.803950386240125617e-15 5.146502074448451903e-17
5.048065086472218354e+03 1.597720052342445196e-15 5.081217472303056311e-17
5.050812848871251845e+03 1.698105021609165418e-15 5.363536662755962403e-17
5.053560611270285335e+03 1.639878255434135650e-15 4.996086885845323811e-17
5.056308373669318826e+03 1.668451881110433132e-15 5.102226278633202374e-17
5.059056136068352316e+03 1.597101321827533566e-15 5.128588442736998456e-17
5.061803898467385807e+03 1.613023768918987851e-15 5.052494430409822609e-17
5.064551660866419297e+03 1.564713416501812600e-15 4.993910388591032972e-17
5.067299423265452788e+03 1.604824484332208827e-15 4.997942905155230408e-17
5.070047185664486278e+03 1.496874712879209721e-15 4.873698389941140043e-17
5.072794948063519769e+03 1.418957951157270052e-15 4.784599325263582472e-17
5.075542710462553259e+03 1.491283470110979726e-15 4.939170174654054213e-17
5.078290472861586750e+03 1.384274737565036695e-15 4.773408462531797652e-17
5.081038235260620240e+03 1.799407031756288689e-15 8.338248172016446003e-17
5.083785997659653731e+03 1.485634421015344287e-15 5.127304949876737509e-17
5.086533760058687221e+03 1.319451187826192166e-15 4.826601853862566495e-17
5.089281522457720712e+03 1.310602649434800837e-15 4.715759432458972392e-17
5.092029284856754202e+03 1.335688506045034895e-15 4.772898494695327533e-17
5.094777047255787693e+03 1.268128988142125622e-15 4.985584201779093699e-17
5.097524809654821183e+03 1.270767313203636149e-15 4.853692014887732024e-17
5.100272572053854674e+03 1.276160478915849255e-15 5.049388999903519009e-17
5.103020334452888164e+03 1.273802878773730302e-15 4.775733862036364328e-17
5.105768096851921655e+03 1.225951226427386525e-15 4.655550401056882526e-17
5.108515859250955145e+03 1.242352875043846504e-15 4.669762586320487832e-17
5.111263621649988636e+03 1.166973374677359333e-15 4.578089457324611403e-17
5.114011384049022126e+03 1.198772039842242590e-15 4.682449560259667689e-17
5.116759146448055617e+03 1.188326763592434022e-15 4.646543268858067183e-17
5.119506908847089107e+03 1.230902861214560839e-15 4.678227806560512361e-17
5.122254671246122598e+03 1.198608827628231095e-15 4.659777833401962487e-17
5.125002433645156088e+03 1.257959146083933133e-15 4.700471438403406712e-17
5.127750196044189579e+03 1.170204313290506643e-15 4.617772169466243076e-17
5.130497958443223069e+03 1.254528308856174568e-15 4.729897068089595960e-17
5.133245720842256560e+03 1.140510593903091632e-15 4.723804663666465188e-17
5.135993483241290051e+03 1.235121395454162395e-15 4.960330787806304669e-17
5.138741245640323541e+03 1.223421472192754454e-15 5.307905446380780549e-17
5.141489008039357032e+03 1.184757551439928118e-15 4.688196808846049923e-17
5.144236770438390522e+03 1.118164942181091055e-15 4.600786394185942502e-17
5.146984532837424013e+03 1.200081228671184457e-15 4.827195328744608880e-17
5.149732295236457503e+03 1.128819101593736509e-15 4.782270150610998559e-17
5.152480057635490994e+03 1.039444781411499462e-15 4.589875386216572872e-17
5.155227820034524484e+03 1.245435567964196708e-15 6.334021736057517799e-17
5.157975582433557975e+03 1.160859807621846399e-15 4.714726279620045662e-17
5.160723344832591465e+03 1.030683159774426841e-15 4.537004885029992489e-17
5.163471107231624956e+03 1.135014778149214386e-15 4.681604715350923345e-17
5.166218869630658446e+03 1.099083924274130217e-15 4.703654581919059986e-17
5.168966632029691937e+03 1.109990263238533620e-15 4.657029339038315063e-17
5.171714394428725427e+03 1.331486074712537493e-15 5.922027175952537390e-17
5.174462156827758918e+03 1.206949206384135112e-15 4.980621322876815629e-17
5.177209919226792408e+03 1.206810165899885929e-15 4.886900164124659834e-17
5.179957681625825899e+03 1.216992974079737289e-15 4.765804692346775058e-17
5.182705444024859389e+03 1.134413994504934856e-15 4.665368401576646233e-17
5.185453206423892880e+03 1.157785942996361897e-15 4.752091942795060031e-17
5.188200968822926370e+03 1.131239943216269952e-15 4.729216687141027454e-17
5.190948731221959861e+03 1.000123030727951392e-15 4.623107905594316496e-17
5.193696493620993351e+03 1.061432162324756895e-15 4.645170121724224628e-17
5.196444256020026842e+03 1.111021029784142283e-15 4.734776911495833448e-17
5.199192018419060332e+03 1.073145964177761040e-15 4.691157293642574754e-17
5.201939780818093823e+03 9.738836803020511808e-16 4.831308291304100865e-17
5.204687543217127313e+03 1.045091341431681710e-15 4.730414801480116503e-17
5.207435305616160804e+03 1.213890732384103470e-15 5.641835337154053025e-17
5.210183068015194294e+03 1.191527757123680479e-15 5.194273452741646893e-17
5.212930830414227785e+03 1.243535994411742892e-15 4.913260084251520266e-17
5.215678592813261275e+03 1.248120460456419114e-15 4.903842609866628370e-17
5.218426355212294766e+03 1.205323549605475655e-15 4.902340412103976221e-17
5.221174117611328256e+03 1.209979723078515327e-15 4.952123928457017529e-17
5.223921880010361747e+03 1.318766686113053683e-15 5.188608201690250003e-17
5.226669642409395237e+03 1.227697751295829487e-15 4.969875225211231984e-17
5.229417404808428728e+03 1.289291119422339136e-15 5.043361326803405011e-17
5.232165167207462218e+03 1.286741230379902845e-15 5.118125011026608090e-17
5.234912929606495709e+03 1.367972783746691234e-15 5.204749713554807088e-17
5.237660692005529199e+03 1.350784370195697096e-15 5.250219160805973343e-17
5.240408454404562690e+03 1.418478131431934466e-15 5.213673414161202301e-17
5.243156216803596180e+03 1.374898362431503815e-15 5.166865887193453640e-17
5.245903979202629671e+03 1.437414728133834313e-15 5.288700641509217957e-17
5.248651741601663161e+03 1.300856429100957169e-15 5.194000318107478963e-17
5.251399504000696652e+03 1.400994721037090436e-15 5.360281983157598633e-17
5.254147266399730142e+03 1.349221646022458161e-15 5.262289185992358828e-17
5.256895028798763633e+03 1.435671707434756474e-15 5.362421473551136479e-17
5.259642791197797123e+03 1.520927987205483527e-15 5.334768393283619469e-17
5.262390553596830614e+03 1.615970672274498770e-15 5.455406187247448256e-17
5.265138315995864104e+03 1.572868399949182319e-15 5.486007306336344863e-17
5.267886078394897595e+03 1.676382799389489428e-15 5.502396313187237113e-17
5.270633840793931085e+03 1.588769406669028602e-15 5.441912220427370602e-17
5.273381603192964576e+03 1.663294100405834528e-15 5.533083296378844251e-17
5.276129365591998067e+03 1.693152942761524719e-15 5.600605650585361613e-17
5.278877127991031557e+03 1.814926141877951616e-15 5.669885011445045395e-17
5.281624890390065048e+03 1.799310024097423651e-15 5.673590353856947200e-17
5.284372652789098538e+03 1.904267315721308940e-15 5.791660039096218446e-17
5.287120415188132029e+03 1.834089783330730713e-15 5.746704094076654020e-17
5.289868177587165519e+03 1.969105495248810067e-15 6.071388443633534814e-17
5.292615939986199010e+03 1.908200614848670064e-15 5.859022235733184621e-17
5.295363702385232500e+03 1.972325640707242831e-15 5.915559360793305438e-17
5.298111464784265991e+03 2.049356144934862709e-15 6.015942497116079132e-17
5.300859227183299481e+03 1.987283892894179900e-15 6.048349852816395382e-17
5.303606989582332972e+03 2.085312618480414358e-15 6.082954483824994098e-17
5.306354751981366462e+03 2.014533585671189053e-15 6.005435358508786565e-17
5.309102514380399953e+03 2.345356571596093335e-15 6.310594587633729100e-17
5.311850276779433443e+03 2.265197033709774946e-15 6.259845918019984953e-17
5.314598039178466934e+03 2.258404229697636521e-15 6.236380755703624230e-17
5.317345801577500424e+03 2.307835252633154705e-15 6.321540352891258199e-17
5.320093563976533915e+03 2.346172875138172040e-15 6.340258609474250542e-17
5.322841326375567405e+03 2.451432893151884232e-15 6.469699049895912827e-17
5.325589088774600896e+03 2.459301761950801373e-15 6.659460231985114877e-17
5.328336851173634386e+03 2.347909213152686226e-15 6.598194406603097525e-17
5.331084613572667877e+03 2.458263246757287103e-15 6.571263331925361425e-17
5.333832375971701367e+03 4.095354036057294336e-15 1.380026951248286663e-16
5.336580138370734858e+03 2.651552316897358627e-15 6.750287387527516711e-17
5.339327900769768348e+03 2.576410515811850971e-15 7.192096343839435108e-17
5.342075663168801839e+03 2.612089132317688297e-15 6.735773960053727958e-17
5.344823425567835329e+03 2.629395847511126930e-15 6.823821066791558851e-17
5.347571187966868820e+03 2.633338692785839952e-15 6.964763596543837364e-17
5.350318950365902310e+03 2.714667076467532661e-15 6.944445733827208721e-17
5.353066712764935801e+03 2.674327080543665921e-15 6.981572702686464701e-17
5.355814475163969291e+03 2.563825642580291137e-15 7.116187187863091953e-17
5.358562237563002782e+03 2.569988195722164792e-15 6.749519637519004584e-17
5.361309999962036272e+03 2.766095098907289020e-15 6.910043641954570723e-17
5.364057762361069763e+03 2.739561219006527574e-15 6.932211594430794256e-17
5.366805524760103253e+03 2.657970702161936371e-15 6.801755889378576557e-17
5.369553287159136744e+03 2.686929368511601871e-15 6.920801063098005399e-17
5.372301049558170234e+03 2.820557640465624217e-15 7.620212085357327164e-17
5.375048811957203725e+03 2.702024081320710266e-15 7.697637356974172848e-17
5.377796574356237215e+03 2.703878022815189010e-15 6.848371756478005128e-17
5.380544336755270706e+03 2.615324930771434934e-15 6.701031681174848712e-17
5.383292099154304196e+03 2.610512937282245356e-15 6.699510804178250573e-17
5.386039861553337687e+03 2.633876341865872172e-15 6.729797505778037462e-17
5.388787623952371177e+03 2.700466785272186265e-15 6.767049847416501697e-17
5.391535386351404668e+03 2.611981412327581074e-15 6.669243611463649534e-17
5.394283148750438158e+03 2.577300308247979209e-15 6.686527681319453761e-17
5.397030911149471649e+03 2.651768597623951300e-15 6.830994511152509186e-17
5.399778673548505139e+03 2.604909828818300554e-15 7.524917939340115669e-17
5.402526435947538630e+03 2.509138118899248270e-15 6.529368172062476460e-17
5.405274198346572120e+03 2.566761754253460300e-15 6.569708959877322125e-17
5.408021960745605611e+03 2.486050326780719168e-15 6.488779174977500799e-17
5.410769723144639102e+03 2.510296467530380642e-15 6.576973833186455281e-17
5.413517485543672592e+03 2.495512572217508247e-15 6.493561280943992440e-17
5.416265247942706083e+03 2.394372864772157812e-15 6.885418495444183857e-17
5.419013010341739573e+03 2.450336763518729536e-15 6.401571829399710204e-17
5.421760772740773064e+03 2.442763339469914332e-15 6.417146281586869329e-17
5.424508535139806554e+03 2.411799544740076984e-15 6.369671556520798385e-17
5.427256297538840045e+03 2.414126339574508852e-15 6.361133712618941546e-17
5.430004059937873535e+03 2.438425945281599288e-15 6.380086633516384628e-17
5.432751822336907026e+03 2.537472722944523609e-15 6.499552227294151350e-17
5.435499584735940516e+03 2.411081896878524510e-15 6.319525816921366901e-17
5.438247347134974007e+03 2.536763032119261878e-15 6.411990229484769892e-17
5.440995109534007497e+03 2.588836771637206130e-15 6.935339012506720486e-17
5.443742871933040988e+03 2.628034867923586101e-15 4.989741037784329517e-17
5.446490634332074478e+03 2.653764870254347162e-15 6.485841172529697636e-17
5.449238396731107969e+03 2.601642166032135957e-15 6.410872043953185334e-17
5.451986159130141459e+03 2.483953967664191673e-15 6.303444217529568044e-17
5.454733921529174950e+03 2.674815635893576218e-15 6.455010063246134506e-17
5.457481683928208440e+03 2.648018708072411889e-15 6.416352513377090082e-17
5.460229446327241931e+03 2.596433375622406967e-15 6.387380797548384757e-17
5.462977208726275421e+03 2.721876390535786265e-15 6.505912837317138863e-17
5.465724971125308912e+03 2.660026909267343581e-15 6.414134803844049606e-17
5.468472733524342402e+03 2.736755672854205954e-15 6.710588820056482159e-17
5.471220495923375893e+03 2.823670377081812133e-15 6.741441984425243078e-17
5.473968258322409383e+03 2.759532379894984136e-15 6.410837851320491428e-17
5.476716020721442874e+03 3.010124857658958632e-15 6.880304800100260003e-17
5.479463783120476364e+03 2.965248795333302049e-15 6.570834653850214988e-17
5.482211545519509855e+03 2.889327567860028227e-15 6.466873490718523126e-17
5.484959307918543345e+03 2.953829411092539838e-15 6.565823146787455806e-17
5.487707070317576836e+03 2.860156768905593649e-15 6.548051253715712353e-17
5.490454832716610326e+03 3.098936139956024680e-15 6.595681970031658281e-17
5.493202595115643817e+03 3.286734719383140750e-15 7.464345429277374694e-17
5.495950357514677307e+03 3.140924517910408970e-15 6.676281092306019537e-17
5.498698119913710798e+03 3.228686164640630383e-15 6.661294745501653659e-17
5.501445882312744288e+03 3.111265698437868204e-15 6.606359805702886076e-17
5.504193644711777779e+03 3.115721415709274911e-15 6.527305122180798870e-17
5.506941407110811269e+03 3.102640181342269146e-15 6.488273452697658701e-17
5.509689169509844760e+03 3.180262611373830508e-15 6.702439958835960902e-17
5.512436931908878250e+03 3.154267339071789145e-15 6.535663851633861571e-17
5.515184694307911741e+03 3.087391026586984689e-15 6.427833457371821377e-17
5.517932456706945231e+03 3.092150836967250096e-15 6.501374876118592273e-17
5.520680219105978722e+03 2.914326432738588632e-15 6.255292317893866469e-17
5.523427981505012212e+03 3.236626441295516039e-15 6.554662862875748081e-17
5.526175743904045703e+03 3.163364916671803033e-15 6.629457053020203416e-17
5.528923506303079193e+03 3.023752828705512546e-15 7.027677203765719681e-17
5.531671268702112684e+03 3.157047585537769176e-15 6.565824876665763445e-17
5.534419031101146174e+03 3.188641214185563296e-15 6.402674590060047282e-17
5.537166793500179665e+03 3.173740932577455496e-15 6.381858000304863081e-17
5.539914555899213155e+03 3.210151302305512725e-15 6.427085450484675260e-17
5.542662318298246646e+03 3.158694285735238159e-15 6.379998439825632128e-17
5.545410080697280137e+03 3.041362546047187329e-15 6.296188817658414142e-17
5.548157843096313627e+03 3.171997116878037605e-15 6.490156892778129825e-17
5.550905605495347118e+03 3.043213404102222037e-15 7.333499948921395668e-17
5.553653367894380608e+03 3.079075025125912101e-15 6.928461451307798124e-17
5.556401130293414099e+03 2.973501993300855472e-15 6.357857152044814295e-17
5.559148892692447589e+03 2.936441770805726872e-15 6.083544085039287048e-17
5.561896655091481080e+03 2.863755188329589689e-15 6.004899655016749614e-17
5.564644417490514570e+03 2.907896085952184787e-15 6.087441689845582707e-17
5.567392179889548061e+03 2.870672472835378802e-15 6.699510152748816981e-17
5.570139942288581551e+03 2.971733867248564358e-15 6.039844575841362468e-17
5.572887704687615042e+03 2.978669772737403730e-15 6.090487106625629845e-17
5.575635467086648532e+03 2.924824480821965894e-15 6.170107465670602622e-17
5.578383229485682023e+03 2.853772212920574704e-15 5.950016941297469119e-17
5.581130991884715513e+03 2.734390987416128767e-15 5.869755839345488132e-17
5.583878754283749004e+03 2.718078331308106200e-15 6.206524591474281375e-17
5.586626516682782494e+03 2.970297233797566806e-15 5.963947823146098387e-17
5.589374279081815985e+03 3.016908540061666258e-15 6.186342089725994270e-17
5.592122041480849475e+03 2.994410340992511280e-15 7.213549954176236929e-17
5.594869803879882966e+03 2.969750638245687802e-15 6.573120584963736506e-17
5.597617566278916456e+03 2.884731403409380691e-15 5.830022665656492247e-17
5.600365328677949947e+03 2.879430645201100972e-15 5.821745329448474641e-17
5.603113091076983437e+03 2.768747362373678083e-15 5.753098890226287706e-17
5.605860853476016928e+03 2.751630297082655161e-15 5.894643668959033795e-17
5.608608615875050418e+03 2.786758036018513210e-15 5.723922938367590205e-17
5.611356378274083909e+03 2.832771712918869527e-15 5.724569578200454969e-17
5.614104140673117399e+03 2.837565018699097160e-15 5.764362175754617890e-17
5.616851903072150890e+03 2.714856343089945654e-15 5.615997864265203070e-17
5.619599665471184380e+03 2.783893804163869037e-15 5.637306273616493299e-17
5.622347427870217871e+03 2.786755674812116146e-15 5.650966186110419489e-17
5.625095190269251361e+03 2.722790692382363965e-15 5.614398049541380364e-17
5.627842952668284852e+03 2.710226027792151667e-15 5.573484057334917105e-17
5.630590715067318342e+03 2.614695935032420615e-15 5.584442912430083257e-17
5.633338477466351833e+03 2.480425836269554005e-15 5.642218169685734913e-17
5.636086239865385323e+03 2.622273768255485011e-15 5.495079776820649170e-17
5.638834002264418814e+03 2.556881288242574503e-15 5.445977685503371939e-17
5.641581764663452304e+03 2.534746797587384296e-15 5.455922037758066520e-17
5.644329527062485795e+03 2.528570358216780634e-15 5.381267126057960391e-17
5.647077289461519285e+03 2.494630792227647277e-15 5.406715987411747426e-17
5.649825051860552776e+03 2.436456982063898271e-15 5.298591905696449580e-17
5.652572814259586266e+03 2.490634789176313578e-15 5.331559864341597412e-17
5.655320576658619757e+03 2.381798141490439981e-15 5.295010825512464780e-17
5.658068339057653247e+03 2.329091484353250292e-15 5.194113163122326234e-17
5.660816101456686738e+03 2.361059079233551342e-15 5.230170116564997779e-17
5.663563863855720228e+03 2.468142263329366837e-15 5.543131572562924076e-17
5.666311626254753719e+03 2.275371934385494098e-15 5.110463718170380544e-17
5.669059388653787209e+03 2.180289605176647105e-15 5.045749600721547671e-17
5.671807151052820700e+03 2.171508005932866302e-15 5.052264884300082434e-17
5.674554913451854190e+03 2.226189456968530692e-15 5.050774013126368152e-17
5.677302675850887681e+03 2.215531477783524953e-15 5.160957133699959174e-17
5.680050438249921172e+03 2.219386163764083987e-15 5.019579366534419337e-17
5.682798200648954662e+03 2.200220745448172340e-15 5.006672506127258646e-17
5.685545963047988153e+03 2.034512246281410657e-15 4.894200647674500408e-17
5.688293725447021643e+03 2.072369241465395834e-15 4.817792026752157266e-17
5.691041487846055134e+03 2.081584791963629133e-15 4.835140296610673600e-17
5.693789250245088624e+03 2.089704099850980691e-15 4.841434084483832278e-17
5.696537012644122115e+03 2.091506048523598164e-15 4.895104459644286635e-17
5.699284775043155605e+03 1.973604216531757640e-15 4.974198261622989303e-17
5.702032537442189096e+03 1.927124763355797306e-15 4.672266457986922829e-17
