# obs_wvl flux error
1.590000000000000000e+03 -9.853868543852296114e-15 5.618297942517635556e-15
1.593096377219601891e+03 -8.093626623376380242e-15 3.276920171165453612e-15
1.596192754439203782e+03 9.911609182172452276e-17 2.712606039275602873e-15
1.599289131658805672e+03 2.414427001782085119e-15 2.123215894147609134e-15
1.602385508878407563e+03 -3.541165514448202970e-16 1.590059351493935873e-15
1.605481886098009454e+03 -8.916557384044002894e-17 1.330562255900405895e-15
1.608578263317611345e+03 -4.073935872370792121e-16 1.086497057995557630e-15
1.611674640537213236e+03 -1.367785973243465925e-15 8.832640226978692360e-16
1.614771017756815127e+03 -1.071359289972964996e-15 7.467360635930423179e-16
1.617867394976417017e+03 1.719090396843090253e-16 6.976565439814395737e-16
1.620963772196018908e+03 3.706550107756169198e-16 6.204551530835651928e-16
1.624060149415620799e+03 1.016079241607030236e-15 5.706654019228004364e-16
1.627156526635222690e+03 -5.517281344078914908e-16 4.529007714556276217e-16
1.630252903854824581e+03 -3.224926894035810215e-16 4.163341015411050113e-16
1.633349281074426472e+03 4.612838480836979752e-16 4.085271627778936800e-16
1.636445658294028362e+03 6.158991535476240593e-17 3.524733103800079374e-16
1.639542035513630253e+03 2.838797953132009792e-16 3.319556734107922900e-16
1.642638412733232144e+03 3.480790269123606552e-16 3.154299272275898059e-16
1.645734789952834035e+03 3.843770657759415645e-16 2.919889016959655407e-16
1.648831167172435926e+03 1.068702009999495202e-16 2.636105768363472481e-16
1.651927544392037817e+03 1.085674684582921615e-16 2.560754852118679096e-16
1.655023921611639707e+03 3.621427685083254094e-16 2.539971955990972568e-16
1.658120298831241598e+03 4.806611005635233831e-16 2.442790327565974450e-16
1.661216676050843489e+03 5.054651698885254634e-16 2.284565046514932890e-16
1.664313053270445380e+03 9.360282371770074780e-17 2.040771634892295764e-16
1.667409430490047271e+03 2.606192669929795388e-16 2.030776827717211535e-16
1.670505807709649162e+03 1.225350203114185945e-16 1.905944089982645866e-16
1.673602184929251052e+03 2.347304009307767326e-16 1.866955431310428918e-16
1.676698562148852943e+03 2.960067115317074085e-16 1.845327065650583190e-16
1.679794939368454834e+03 3.955537197636435259e-16 1.761864407984837110e-16
1.682891316588056725e+03 7.054107480628491220e-16 1.822611840801497138e-16
1.685987693807658616e+03 5.367838196165115609e-16 1.754746659473529887e-16
1.689084071027260507e+03 4.083201006311594045e-16 1.664701432522827269e-16
1.692180448246862397e+03 3.387750419664254389e-16 1.615337464231646074e-16
1.695276825466464288e+03 2.519940334748264743e-16 1.499699068182200761e-16
1.698373202686066179e+03 2.659786130108974215e-16 1.482747352299386822e-16
1.701469579905668070e+03 4.427773474071003899e-16 1.510637158843524981e-16
1.704565957125269961e+03 4.696082240537663502e-16 1.488450053297304526e-16
1.707662334344871851e+03 4.555197046924252120e-16 1.447504936972985154e-16
1.710758711564473742e+03 2.041460811568632749e-16 1.348833701895462108e-16
1.713855088784075633e+03 2.182064608933145902e-16 1.316036586954335205e-16
1.716951466003677524e+03 6.070927239712018958e-16 1.422955785577533127e-16
1.720047843223279415e+03 5.385107705415511452e-16 1.364305784460749176e-16
1.723144220442881306e+03 2.972798608826847144e-16 1.267716601862590911e-16
1.726240597662483196e+03 2.237820496734181282e-16 1.206590891312835815e-16
1.729336974882085087e+03 5.033334780129264338e-16 1.277166312418112518e-16
1.732433352101686978e+03 6.302073827877326932e-16 1.314736338127657978e-16
1.735529729321288869e+03 4.209124887432132479e-16 1.197901264735663330e-16
1.738626106540890760e+03 5.587280849679611626e-16 1.212085326856780314e-16
1.741722483760492651e+03 5.764838413882120301e-16 1.203804269745171134e-16
1.744818860980094541e+03 3.367476024920575384e-16 1.102120931855823363e-16
1.747915238199696432e+03 3.961085476893116354e-16 1.120702928731024260e-16
1.751011615419298323e+03 5.319352055136726922e-16 1.145202141747699159e-16
1.754107992638900214e+03 5.127333265032762614e-16 1.112189977704520313e-16
1.757204369858502105e+03 3.982488716240871782e-16 1.071707466012601878e-16
1.760300747078103996e+03 3.655305313511356644e-16 1.033046462056390839e-16
1.763397124297705886e+03 5.175836509141062357e-16 1.064160927849067549e-16
1.766493501517307777e+03 3.136757343215163448e-16 9.782460619575771603e-17
1.769589878736909668e+03 3.506616721041321019e-16 9.881663648006372533e-17
1.772686255956511559e+03 2.785665278307753852e-16 9.443417787245795271e-17
1.775782633176113450e+03 3.577575201439770472e-16 9.692935521683750980e-17
1.778879010395715341e+03 3.617121476065642343e-16 9.461134622436357588e-17
1.781975387615317231e+03 3.530596707490593446e-16 9.370452155778617251e-17
1.785071764834919122e+03 2.990769128374575220e-16 8.978028729084516567e-17
1.788168142054521013e+03 3.057543821444707815e-16 8.818097199974233597e-17
1.791264519274122904e+03 5.411889547665302204e-16 9.569073474336126089e-17
1.794360896493724795e+03 3.803649283776746941e-16 8.810660045230346955e-17
1.797457273713326686e+03 4.919181334660287652e-16 9.113030345111541462e-17
1.800553650932928576e+03 4.538859242068940465e-16 8.955987700223567598e-17
1.803650028152530467e+03 5.042337710354955287e-16 9.056613458666024696e-17
1.806746405372132358e+03 5.835081193952135085e-16 9.078359183108355837e-17
1.809842782591734249e+03 6.422160522519140249e-16 9.175234583380144450e-17
1.812939159811336140e+03 8.035867315622385468e-16 9.459655878367711517e-17
1.816035537030938031e+03 1.037674087506378346e-15 9.953015581452912891e-17
1.819131914250539921e+03 9.462010139510332018e-16 9.517035084288297504e-17
1.822228291470141812e+03 1.369019576966306198e-15 1.051767286994894211e-16
1.825324668689743703e+03 1.237253465830045860e-15 1.009657050134129537e-16
1.828421045909345594e+03 1.468998992499579923e-15 1.043770313661149009e-16
1.831517423128947485e+03 1.832765142405437751e-15 1.108329205099917690e-16
1.834613800348549375e+03 1.838313960885038200e-15 1.110391587603419708e-16
1.837710177568151266e+03 1.844206168151939446e-15 1.102737158976818505e-16
1.840806554787753157e+03 1.925359147780425011e-15 1.112876670354169910e-16
1.843902932007355048e+03 1.948905549731242546e-15 1.106087397183607729e-16
1.846999309226956939e+03 1.670511541407735421e-15 1.051017169501333519e-16
1.850095686446558830e+03 1.801435911173930624e-15 1.061421714516977816e-16
1.853192063666160720e+03 2.012370504607117595e-15 1.107357728575703329e-16
1.856288440885762611e+03 1.978764865046753955e-15 1.095969986655466534e-16
1.859384818105364502e+03 1.718282090955343299e-15 1.011697716032597570e-16
1.862481195324966393e+03 1.751269255297400258e-15 1.030305379012452461e-16
1.865577572544568284e+03 1.561400053959981047e-15 9.918046398316523906e-17
1.868673949764170175e+03 1.872587774099771588e-15 1.048764729408824376e-16
1.871770326983772065e+03 1.820149338837306515e-15 1.015713586603215588e-16
1.874866704203373956e+03 1.637386820436569774e-15 9.830417814505923104e-17
1.877963081422975847e+03 1.617523869845348943e-15 9.667915233995078912e-17
1.881059458642577738e+03 1.738723646284967950e-15 9.972257392114667807e-17
1.884155835862179629e+03 1.746673271196917396e-15 9.911221913792998445e-17
1.887252213081781520e+03 1.773780659493507992e-15 9.937304628802183277e-17
1.890348590301383410e+03 1.974092751730029152e-15 1.027875203339170116e-16
1.893444967520985301e+03 1.948587310934716226e-15 1.006496384836659985e-16
1.896541344740587192e+03 1.861806226470024610e-15 9.911696947387128964e-17
1.899637721960189083e+03 1.802615986509175346e-15 9.703452073975963440e-17
1.902734099179790974e+03 1.743851950505773802e-15 9.588818895760936543e-17
1.905830476399392865e+03 1.870550309289643315e-15 9.736851382272193279e-17
1.908926853618994755e+03 1.872785296162393906e-15 9.751883110146368500e-17
1.912023230838596646e+03 1.745448008434134923e-15 9.367429645092980432e-17
1.915119608058198537e+03 1.644102052065771769e-15 9.212230355199679819e-17
1.918215985277800428e+03 1.666069760639356890e-15 9.180343384257941501e-17
1.921312362497402319e+03 1.536833584355767978e-15 8.824613075144255613e-17
1.924408739717004210e+03 1.608924393936154133e-15 8.995075602052244496e-17
1.927505116936606100e+03 1.434343300909047956e-15 8.553573761976791588e-17
1.930601494156207991e+03 1.461400257159974913e-15 8.650518384881852641e-17
1.933697871375809882e+03 1.354461632649317393e-15 8.318642806598926397e-17
1.936794248595411773e+03 1.411698667579938911e-15 8.414969141579395037e-17
1.939890625815013664e+03 1.274058981767082571e-15 8.130511168630046690e-17
1.942987003034615554e+03 1.265195806718756823e-15 8.051084585496443802e-17
1.946083380254217445e+03 1.190641679664761972e-15 7.821313662763207396e-17
1.949179757473819336e+03 1.356227756502231530e-15 8.158132083939277873e-17
1.952276134693421227e+03 1.163470182248902534e-15 7.771491616176280106e-17
1.955372511913023118e+03 1.070262419957378554e-15 7.432449424631574311e-17
1.958468889132625009e+03 9.835882919323674306e-16 7.241749613625875208e-17
1.961565266352226899e+03 1.095953113657574119e-15 7.452678132517215838e-17
1.964661643571828790e+03 1.144934600156984118e-15 7.467920077098988629e-17
1.967758020791430681e+03 1.029177729784098736e-15 7.210795202103036980e-17
1.970854398011032572e+03 1.083487437691206521e-15 7.282428623593661711e-17
1.973950775230634463e+03 1.013743684309694750e-15 7.054004450072999491e-17
1.977047152450236354e+03 9.907373275933519163e-16 7.008028753654247209e-17
1.980143529669838244e+03 8.881245862663382814e-16 6.691536433914922481e-17
1.983239906889440135e+03 9.192904696373566078e-16 6.701150140580326226e-17
1.986336284109042026e+03 9.769177029730774453e-16 6.809534173291065745e-17
1.989432661328643917e+03 9.817770904965515358e-16 6.795091409709348128e-17
1.992529038548245808e+03 1.092758222403466653e-15 6.975712004391481365e-17
1.995625415767847699e+03 1.189247960379131402e-15 7.122260322566989409e-17
1.998721792987449589e+03 1.189410122394607504e-15 7.037692814821678796e-17
2.001818170207051480e+03 1.130007568964003014e-15 6.864804427962983338e-17
2.004914547426653371e+03 1.151979427957095334e-15 6.922907862037803541e-17
2.008010924646255262e+03 1.058500437078210927e-15 6.614575876337222719e-17
2.011107301865857153e+03 1.101922874976411522e-15 6.640445074310639754e-17
2.014203679085459044e+03 1.176621126335703004e-15 6.812719388177340581e-17
2.017300056305060934e+03 1.200238400739425405e-15 6.809999323607970223e-17
2.020396433524662825e+03 1.206166707618940735e-15 6.828070280913621708e-17
2.023492810744264716e+03 1.177085545366120775e-15 6.732312601007708334e-17
2.026589187963866607e+03 1.173717983852421398e-15 6.625805680784141957e-17
2.029685565183468498e+03 1.210804107615114057e-15 6.643318883669299772e-17
2.032781942403070389e+03 1.247155998680549146e-15 6.651245033640544131e-17
2.035878319622672279e+03 1.355831419748274214e-15 6.878219312229098261e-17
2.038974696842274170e+03 1.172909124185750713e-15 6.437700888527063277e-17
2.042071074061876061e+03 1.247200264905351467e-15 6.562504919707928582e-17
2.045167451281477952e+03 1.197638561015722840e-15 6.463605276760815381e-17
2.048263828501079843e+03 1.088834396619281352e-15 6.150240284944552370e-17
2.051360205720681734e+03 1.163945979859204741e-15 6.296476488498423680e-17
2.054456582940283624e+03 1.225712130309533600e-15 6.369240371411363683e-17
2.057552960159885515e+03 1.188106109937731267e-15 6.301791288413609403e-17
2.060649337379487406e+03 1.193593027130949946e-15 6.235565601251992984e-17
2.063745714599089297e+03 1.125554742008083154e-15 6.089051362457424251e-17
2.066842091818691188e+03 1.254814992134972622e-15 6.314736234963090355e-17
2.069938469038293078e+03 1.312391508916330865e-15 6.329932414448251652e-17
2.073034846257894969e+03 1.189379187059465518e-15 6.103768752559132480e-17
2.076131223477496860e+03 1.156458188557136714e-15 6.015330977859640936e-17
2.079227600697098751e+03 1.172953745262743511e-15 5.977677946118760970e-17
2.082323977916700642e+03 1.035662044170167214e-15 5.648276587167094064e-17
2.085420355136302533e+03 1.000830095649865504e-15 5.582242880594296536e-17
2.088516732355904423e+03 1.034789645386217881e-15 5.583953192620627693e-17
2.091613109575506314e+03 1.096458770176979265e-15 5.690289519487972379e-17
2.094709486795108205e+03 1.023291427758043549e-15 5.533319518739810050e-17
2.097805864014710096e+03 1.126314166353802256e-15 5.669627558306658925e-17
2.100902241234311987e+03 1.004433542282772937e-15 5.384711518212036464e-17
2.103998618453913878e+03 9.366824784898285604e-16 5.216791796946601240e-17
2.107094995673515768e+03 9.367965967280536320e-16 5.200019552403548856e-17
2.110191372893117659e+03 8.918719408682523408e-16 5.087391510678906114e-17
2.113287750112719550e+03 1.009406095625873842e-15 5.310442739682568994e-17
2.116384127332321441e+03 1.009689987477282035e-15 5.276344271577802554e-17
2.119480504551923332e+03 9.268615172421915397e-16 5.067477034114556413e-17
2.122576881771525223e+03 9.117343895832780389e-16 5.011845232956850230e-17
2.125673258991127113e+03 9.525135136377907768e-16 5.092883470962224481e-17
2.128769636210729004e+03 8.865570678783293961e-16 4.965358672183821620e-17
2.131866013430330895e+03 8.485594637897909577e-16 4.811235191014911746e-17
2.134962390649932786e+03 8.738396991717472965e-16 4.843833586566705499e-17
2.138058767869534677e+03 8.674689279290702902e-16 4.803315702311941975e-17
2.141155145089136568e+03 9.117721692924288708e-16 4.924218619035372232e-17
2.144251522308738458e+03 1.047001317421171706e-15 5.138532529608307005e-17
2.147347899528340349e+03 9.872488914639864300e-16 4.964174336685287575e-17
2.150444276747942240e+03 9.515592856915519101e-16 4.913967423800286431e-17
2.153540653967544131e+03 1.036376190973596338e-15 5.041335524586429892e-17
2.156637031187146022e+03 9.614198380917403232e-16 4.859418876092473318e-17
2.159733408406747913e+03 1.070158550064347072e-15 5.038678838874312942e-17
2.162829785626349803e+03 1.047167987377865775e-15 4.986764741512264213e-17
2.165926162845951694e+03 1.076502967649137997e-15 4.985833660945954182e-17
2.169022540065553585e+03 1.048281885423047370e-15 4.920361654841557182e-17
2.172118917285155476e+03 1.114382211158922628e-15 5.064658648810344546e-17
2.175215294504757367e+03 1.004414134968867536e-15 4.789849979818403652e-17
2.178311671724359257e+03 9.912627658977360893e-16 4.773567871261958731e-17
2.181408048943961148e+03 9.824817666053623328e-16 4.748127293434282285e-17
2.184504426163563039e+03 1.073855400841904208e-15 4.901918040467699699e-17
2.187600803383164930e+03 9.526096465199874244e-16 4.645077906461299174e-17
2.190697180602766821e+03 1.001122790270627091e-15 4.731028831850626340e-17
2.193793557822368712e+03 1.015175101948564095e-15 4.737749648224246849e-17
2.196889935041970602e+03 1.025618904515566917e-15 4.725046251603173710e-17
2.199986312261572493e+03 9.887198858698947109e-16 4.675666436663715349e-17
2.203082689481174384e+03 8.712744176423917096e-16 4.406521274595069517e-17
2.206179066700776275e+03 9.221720246709047672e-16 4.489593815755241702e-17
2.209275443920378166e+03 9.568631130008921263e-16 4.540526691353505058e-17
2.212371821139980057e+03 9.535876800445923384e-16 4.528524278703510619e-17
2.215468198359581947e+03 9.495838013611120898e-16 4.520944228376812372e-17
2.218564575579183838e+03 8.740815242628010209e-16 4.328767120848001666e-17
2.221660952798785729e+03 9.593975136535108962e-16 4.463252216285485078e-17
2.224757330018387620e+03 8.995807646551697451e-16 4.340488027654843744e-17
2.227853707237989511e+03 9.654279001269624044e-16 4.477068121963090631e-17
2.230950084457591402e+03 8.920361145236215969e-16 4.319684302252851485e-17
2.234046461677193292e+03 9.294478484933967008e-16 4.373374649364248350e-17
2.237142838896795183e+03 9.544518348883201956e-16 4.356271755145423218e-17
2.240239216116397074e+03 1.038325111680716225e-15 4.527679942436121104e-17
2.243335593335998965e+03 1.044048727880225343e-15 4.492951723357358564e-17
2.246431970555600856e+03 1.021551403369502160e-15 4.502862269753227128e-17
2.249528347775202747e+03 1.079185004548442215e-15 4.532538620542804627e-17
2.252624724994804637e+03 1.061603407451569967e-15 4.470489237161193075e-17
2.255721102214406528e+03 1.084701882823618266e-15 4.566777087588983272e-17
2.258817479434008419e+03 1.164140419786898834e-15 4.691088133560395221e-17
2.261913856653610310e+03 1.062896046940705997e-15 4.494551786866899344e-17
2.265010233873212201e+03 9.520012086295007741e-16 4.295496416346813782e-17
2.268106611092814092e+03 1.010332258967165103e-15 4.384709823936546589e-17
2.271202988312415982e+03 1.051581319842324632e-15 4.442292424270069205e-17
2.274299365532017873e+03 1.069818494219605714e-15 4.461293362257867008e-17
2.277395742751619764e+03 1.054231152936209674e-15 4.445518882671935719e-17
2.280492119971221655e+03 1.084981459207571141e-15 4.427855612727386105e-17
2.283588497190823546e+03 1.115119726960858057e-15 4.519059978724948678e-17
2.286684874410425437e+03 1.056464909522653282e-15 4.412705707857172112e-17
2.289781251630027327e+03 9.977236428848344568e-16 4.265153606872229803e-17
2.292877628849629218e+03 1.023854388591873680e-15 4.303052475563253369e-17
2.295974006069231109e+03 9.940196816370664227e-16 4.234238505356121813e-17
2.299070383288833000e+03 1.038734074459747894e-15 4.284117075950615423e-17
2.302166760508434891e+03 1.055672973528335126e-15 4.315626335822253212e-17
2.305263137728036781e+03 1.065911230691077035e-15 4.338799496463802023e-17
2.308359514947638672e+03 1.094241060938228182e-15 4.387678337625103715e-17
2.311455892167240563e+03 9.734729806319242023e-16 4.158636922698267742e-17
2.314552269386842454e+03 1.017756603065889780e-15 4.219842774692541953e-17
2.317648646606444345e+03 1.005448650821396532e-15 4.179496741276556355e-17
2.320745023826046236e+03 1.032763427316640146e-15 4.225159424402642736e-17
2.323841401045648126e+03 1.069138835387670572e-15 4.273753808172791492e-17
2.326937778265250017e+03 1.176257087697582874e-15 4.425109452467539714e-17
2.330034155484851908e+03 1.145123342151008476e-15 4.364511310839197239e-17
2.333130532704453799e+03 1.224396959036953175e-15 4.488232093651247217e-17
2.336226909924055690e+03 1.310478587217259635e-15 4.623800557374637788e-17
2.339323287143657581e+03 1.363811303414500543e-15 4.730037299585031193e-17
2.342419664363259471e+03 1.330718172210383120e-15 4.624868498034434330e-17
2.345516041582861362e+03 1.188905254375880953e-15 4.419340545287177680e-17
2.348612418802463253e+03 1.222106004006880901e-15 4.430349907722620752e-17
2.351708796022065144e+03 1.491260339778663021e-15 4.868352508926096416e-17
2.354805173241667035e+03 1.529015490051709406e-15 4.886354102263015645e-17
2.357901550461268926e+03 1.660856241592215374e-15 5.039574579813556007e-17
2.360997927680870816e+03 1.666351690417532087e-15 5.064175225740109479e-17
2.364094304900472707e+03 1.696906379238995014e-15 5.119352176315325501e-17
2.367190682120074598e+03 1.742053650450607516e-15 5.143679192967902040e-17
2.370287059339676489e+03 1.782702848028680218e-15 5.193587077402021635e-17
2.373383436559278380e+03 1.805648436883718540e-15 5.221887361168714435e-17
2.376479813778880271e+03 1.617797861805002666e-15 4.960857952460116930e-17
2.379576190998482161e+03 1.680726714796002540e-15 5.077071571844486757e-17
2.382672568218084052e+03 1.594507248151595807e-15 4.989896312273124502e-17
2.385768945437685943e+03 1.312483564311715635e-15 4.465252543136725325e-17
2.388865322657287834e+03 1.894311040751335995e-15 5.316949812952486381e-17
2.391961699876889725e+03 1.954751696883056885e-15 5.396350628434406704e-17
2.395058077096491616e+03 2.120650406395818159e-15 5.567029156811469002e-17
2.398154454316093506e+03 2.078854690905115130e-15 5.488953265818147746e-17
2.401250831535695397e+03 2.076247710264036263e-15 5.520922329835073502e-17
2.404347208755297288e+03 2.174681958467017756e-15 5.607439584004423652e-17
2.407443585974899179e+03 2.094703593483143188e-15 5.497865851216242738e-17
2.410539963194501070e+03 2.130151339271683644e-15 5.561086741153702419e-17
2.413636340414102960e+03 1.989120422938784344e-15 5.392155165743920114e-17
2.416732717633704851e+03 2.074328566785644035e-15 5.473368464965500808e-17
2.419829094853306742e+03 2.111561141243993546e-15 5.507707405108200520e-17
2.422925472072908633e+03 1.951021839988702292e-15 5.322840113494598895e-17
2.426021849292510524e+03 1.901928785528581323e-15 5.272040641280926509e-17
2.429118226512112415e+03 1.848680828552606437e-15 5.165687267957392996e-17
2.432214603731714305e+03 1.999892564670169538e-15 5.347598979554217067e-17
2.435310980951316196e+03 1.961437546888397941e-15 5.280050676960384190e-17
2.438407358170918087e+03 1.864375314698983093e-15 5.174837367226958425e-17
2.441503735390519978e+03 1.860537176433896465e-15 5.171333553066471905e-17
2.444600112610121869e+03 1.904722449419501190e-15 5.247855659150792453e-17
2.447696489829723760e+03 1.896863641746513547e-15 5.185622733494546296e-17
2.450792867049325650e+03 1.878415839324951432e-15 5.175324540365248094e-17
2.453889244268927541e+03 1.849405906717332597e-15 5.124048629038383618e-17
2.456985621488529432e+03 1.813488826315898506e-15 5.134060829341384784e-17
2.460081998708131323e+03 1.786517842315019298e-15 5.036464738242045618e-17
2.463178375927733214e+03 1.873077373301894995e-15 5.129569320010614194e-17
2.466274753147335105e+03 1.843167998615059521e-15 5.147133096425378807e-17
2.469371130366936995e+03 1.749041384836147541e-15 5.003249265994255689e-17
2.472467507586538886e+03 1.727982462411148700e-15 4.943928392667150254e-17
2.475563884806140777e+03 1.604342979516473831e-15 4.801883414055460248e-17
2.478660262025742668e+03 1.623836198873323679e-15 4.868256725267298536e-17
2.481756639245344559e+03 1.645924573128230381e-15 4.861616047619888959e-17
2.484853016464946450e+03 1.550365078532483719e-15 4.706997863141946168e-17
2.487949393684548340e+03 1.581436358976176066e-15 4.799342914712106318e-17
2.491045770904150231e+03 1.521263822192724374e-15 4.658468471213629048e-17
2.494142148123752122e+03 1.364160607508648630e-15 4.449310414354848018e-17
2.497238525343354013e+03 1.432538065657456948e-15 4.560957653564458551e-17
2.500334902562955904e+03 1.480624398283970741e-15 4.606104074034406813e-17
2.503431279782557795e+03 1.403174485435253474e-15 4.488762126272473075e-17
2.506527657002159685e+03 1.401412521712576367e-15 4.500411323305275872e-17
2.509624034221761576e+03 1.347272691392545004e-15 4.409384341536701912e-17
2.512720411441363467e+03 1.435470354619544581e-15 4.524781773142321843e-17
2.515816788660965358e+03 1.368954040295665019e-15 4.446057013501633090e-17
2.518913165880567249e+03 1.361489513741247046e-15 4.407233628724321311e-17
2.522009543100169140e+03 1.334855328650681637e-15 4.374456761328232451e-17
2.525105920319771030e+03 1.454451482055957619e-15 4.528601976540760132e-17
2.528202297539372921e+03 1.497727018330144686e-15 4.586797704609290554e-17
2.531298674758974812e+03 1.684198156299010124e-15 4.860891769129070852e-17
2.534395051978576703e+03 1.780219771703726174e-15 4.977499986459824306e-17
2.537491429198178594e+03 1.980497514250163048e-15 5.197619254639592723e-17
2.540587806417780484e+03 2.106941307616819293e-15 5.340776288682994805e-17
2.543684183637382375e+03 2.267711935116836581e-15 5.553613352346804463e-17
2.546780560856984266e+03 2.319483965941970968e-15 5.600995537214280755e-17
2.549876938076586157e+03 2.351714270722165997e-15 5.653227399574469283e-17
2.552973315296188048e+03 2.387832693796052614e-15 5.615449055521227654e-17
2.556069692515789939e+03 2.351092234227170031e-15 5.595980405901394914e-17
2.559166069735391829e+03 2.471050951948524712e-15 5.715019744513714309e-17
2.562262446954993720e+03 2.426276125111690439e-15 5.723974875287653457e-17
2.565358824174595611e+03 2.389456456618913589e-15 5.675168324179688723e-17
2.568455201394197502e+03 2.407033079193232174e-15 5.641883950501831609e-17
2.571551578613799393e+03 2.426853411868048418e-15 5.682216889656927974e-17
2.574647955833401284e+03 2.509443496029062514e-15 5.789002395998839860e-17
2.577744333053003174e+03 2.331272003652041174e-15 5.563147849941289398e-17
2.580840710272605065e+03 2.525521787043309627e-15 5.812227379944754502e-17
2.583937087492206956e+03 2.404071503292352561e-15 5.647220359645019073e-17
2.587033464711808847e+03 2.188608750009507852e-15 5.385050873259367023e-17
2.590129841931410738e+03 2.032672941902763089e-15 5.220430469623824107e-17
2.593226219151012629e+03 2.424985623654606784e-15 5.703448282421865772e-17
2.596322596370614519e+03 2.392562814140088224e-15 5.586320723516721496e-17
2.599418973590216410e+03 2.207496622314959554e-15 5.448510452980194623e-17
2.602515350809818301e+03 1.651003150380485987e-15 4.759895429175384104e-17
2.605611728029420192e+03 2.094250971595185498e-15 5.292016516311136415e-17
2.608708105249022083e+03 2.419240756019349993e-15 5.669280833743530150e-17
2.611804482468623974e+03 2.556246234490379645e-15 5.817937825601519433e-17
2.614900859688225864e+03 2.549147096883178759e-15 5.788349824141113349e-17
2.617997236907827755e+03 2.390509791460576661e-15 5.601393107205810421e-17
2.621093614127429646e+03 2.440315573158269903e-15 5.715902787170241195e-17
2.624189991347031537e+03 2.318723895096638248e-15 5.575736067518964784e-17
2.627286368566633428e+03 2.205145426385635347e-15 5.428220010525468065e-17
2.630382745786235319e+03 2.197244433178390968e-15 5.400867703177979955e-17
2.633479123005837209e+03 2.014173107165878734e-15 5.205553331951119474e-17
2.636575500225439100e+03 1.959203020296474649e-15 5.167217834516635709e-17
2.639671877445040991e+03 1.835080659635173635e-15 4.992492643630905781e-17
2.642768254664642882e+03 1.781985901818324327e-15 4.926586179128472164e-17
2.645864631884244773e+03 1.690886510629995153e-15 4.801514440986997631e-17
2.648961009103846663e+03 1.555507767304511112e-15 4.627496107349287006e-17
2.652057386323448554e+03 1.535258319970666138e-15 4.619884363907306896e-17
2.655153763543050445e+03 1.472154346869078392e-15 4.559493673516921249e-17
2.658250140762652336e+03 1.439083083804530151e-15 4.463612589796858156e-17
2.661346517982254227e+03 1.351756530247977965e-15 4.353453294610095211e-17
2.664442895201856118e+03 1.367444603081113942e-15 4.379708132561030833e-17
2.667539272421458008e+03 1.194163532721743296e-15 4.179956431070657365e-17
2.670635649641059899e+03 1.070964856731861549e-15 3.957223419538514757e-17
2.673732026860661790e+03 1.150953532117187941e-15 4.073578173308154918e-17
2.676828404080263681e+03 1.016087511632103085e-15 3.905840659084555697e-17
2.679924781299865572e+03 1.059402553274268706e-15 3.969083302152800099e-17
2.683021158519467463e+03 1.156663836168207789e-15 4.095328689364851617e-17
2.686117535739069353e+03 1.394479610235827012e-15 4.444249051701950748e-17
2.689213912958671244e+03 1.664272234270930526e-15 4.856659920851480887e-17
2.692310290178273135e+03 1.922697224760777113e-15 5.137414013509129344e-17
2.695406667397875026e+03 2.365633771464023935e-15 5.672901976903238934e-17
2.698503044617476917e+03 2.671649951315866478e-15 6.025400021547571692e-17
2.701599421837078808e+03 3.064753732534035080e-15 6.339174923987960110e-17
2.704695799056680698e+03 3.392783389497688935e-15 6.700151803353766893e-17
2.707792176276282589e+03 3.699134195654692087e-15 7.025296853765481901e-17
2.710888553495884480e+03 3.982560239524300040e-15 7.224376199186889713e-17
2.713984930715486371e+03 4.136154936174819650e-15 7.357131459670229746e-17
2.717081307935088262e+03 4.078000418932513742e-15 7.332150451470528337e-17
2.720177685154690153e+03 4.042727499230200122e-15 7.295467996684297081e-17
2.723274062374292043e+03 4.171679147563805961e-15 7.401090305797804834e-17
2.726370439593893934e+03 4.269383207217752452e-15 7.529179057769669266e-17
2.729466816813495825e+03 4.157725436107891096e-15 7.446837071477462930e-17
2.732563194033097716e+03 4.138592631886658264e-15 7.439943752419487054e-17
2.735659571252699607e+03 4.178457691404887989e-15 7.434979403007316035e-17
2.738755948472301498e+03 4.064485169917430704e-15 7.356706260958201600e-17
2.741852325691903388e+03 3.897073917017153743e-15 7.252617105351600217e-17
2.744948702911505279e+03 3.968410935086925331e-15 7.332824929424888948e-17
2.748045080131107170e+03 3.925375412715888683e-15 7.264767636354846018e-17
2.751141457350709061e+03 3.997673881273030031e-15 7.326137893086417796e-17
2.754237834570310952e+03 3.994485344517759863e-15 7.375919843052387950e-17
2.757334211789912843e+03 3.946662692590861027e-15 7.341905152503157569e-17
2.760430589009514733e+03 4.011547986516130552e-15 7.428258001993753491e-17
2.763526966229116624e+03 4.118598669913828535e-15 7.451223415482972883e-17
2.766623343448718515e+03 4.011493539074517245e-15 7.386889225071581983e-17
2.769719720668320406e+03 4.139561539345849990e-15 7.483847158841608084e-17
2.772816097887922297e+03 4.240988124353120504e-15 7.707394199653346985e-17
2.775912475107524187e+03 4.225660921484163646e-15 7.647741597658646446e-17
2.779008852327126078e+03 4.340786991112865630e-15 7.718137141752087823e-17
2.782105229546727969e+03 4.445795873771550038e-15 7.884101863665619809e-17
2.785201606766329860e+03 4.452109709984894628e-15 7.907230883186158702e-17
2.788297983985931751e+03 4.595539165804800508e-15 7.988717599856544472e-17
2.791394361205533642e+03 4.598793617308739557e-15 8.019596513772255472e-17
2.794490738425135532e+03 4.504593519515863691e-15 7.961729551531478916e-17
2.797587115644737423e+03 2.926314373314322986e-15 6.428591561067213007e-17
2.800683492864339314e+03 2.837985720677151273e-15 6.385263792093214657e-17
2.803779870083941205e+03 3.253192522157016940e-15 7.180186358346134368e-17
2.806876247303543096e+03 2.876105154949877547e-15 6.354778105761489243e-17
2.809972624523144987e+03 4.307778384157682975e-15 7.825192746747079059e-17
2.813069001742746877e+03 4.830102517793825517e-15 8.298274467056518352e-17
2.816165378962348768e+03 4.628610597899376195e-15 8.004846343047960108e-17
2.819261756181950659e+03 4.599473809275767191e-15 7.983319490039806381e-17
2.822358133401552550e+03 4.468072765961276259e-15 7.877120214202716234e-17
2.825454510621154441e+03 4.452159680331801413e-15 7.835915863608784076e-17
2.828550887840756332e+03 4.377323156119934906e-15 7.787711091336134723e-17
2.831647265060358222e+03 4.355273203779235858e-15 7.815124746479137030e-17
2.834743642279960113e+03 4.395754353416705372e-15 7.813516542717295668e-17
2.837840019499562004e+03 4.417123547787974491e-15 7.831397818504049500e-17
2.840936396719163895e+03 4.280442755628146361e-15 7.737298205165340019e-17
2.844032773938765786e+03 4.428635185570801009e-15 7.864651632672938635e-17
2.847129151158367677e+03 4.404265047306746216e-15 7.928113860032481846e-17
2.850225528377969567e+03 4.286478504185496048e-15 7.770659192825367685e-17
2.853321905597571458e+03 4.090657881217409277e-15 7.643644278942633880e-17
2.856418282817173349e+03 3.939978173697429039e-15 7.502629605686806284e-17
2.859514660036775240e+03 4.199991256175256423e-15 7.737333937976652266e-17
2.862611037256377131e+03 4.545966292834340025e-15 8.053160503638728752e-17
2.865707414475979022e+03 4.430507445025892732e-15 7.989850902887798290e-17
2.868803791695580912e+03 4.618025533677549473e-15 8.081411883565173008e-17
2.871900168915182803e+03 4.558541858079207094e-15 8.041009598723021454e-17
2.874996546134784694e+03 4.602662010803175736e-15 8.064999705593858735e-17
2.878092923354386585e+03 4.737528994196917978e-15 8.305635738945595035e-17
2.881189300573988476e+03 4.802630589707737680e-15 8.290350703980196541e-17
2.884285677793590366e+03 5.009603233981523972e-15 8.457034293253991528e-17
2.887382055013192257e+03 4.995175975279009829e-15 8.492284722263322699e-17
2.890478432232794148e+03 5.300919532000153913e-15 8.762502915495855446e-17
2.893574809452396039e+03 5.518709783170576474e-15 8.876136851196806201e-17
2.896671186671997930e+03 5.875752231824801396e-15 9.282415332180718975e-17
2.899767563891599821e+03 6.389518226300800141e-15 9.645163711586243971e-17
2.902863941111201711e+03 6.734253468660516834e-15 9.891641121257481738e-17
2.905960318330803602e+03 6.900041035371540679e-15 1.003230066000066232e-16
2.909056695550405493e+03 7.481686481670790967e-15 1.056748145882766516e-16
2.912153072770007384e+03 7.370091424362939161e-15 1.032493309508930079e-16
2.915249449989609275e+03 7.630799985734232356e-15 1.065012963012879084e-16
2.918345827209211166e+03 7.601054358659466507e-15 1.067843981848897072e-16
2.921442204428813056e+03 7.582429122697915924e-15 1.060795335685808877e-16
2.924538581648414947e+03 7.671911169071695549e-15 1.071719954883392254e-16
2.927634958868016838e+03 7.687270121961060044e-15 1.078421215455600682e-16
2.930731336087618729e+03 7.644879961721556099e-15 1.072829140842159309e-16
2.933827713307220620e+03 7.759116943192555886e-15 1.083263249795239794e-16
2.936924090526822511e+03 7.909472641429245403e-15 1.101365597109905192e-16
2.940020467746424401e+03 7.744163734005583357e-15 1.088614134034308230e-16
2.943116844966026292e+03 7.841405775762033050e-15 1.098501068116179408e-16
2.946213222185628183e+03 8.081001497805999433e-15 1.125549695371859489e-16
2.949309599405230074e+03 8.029088978423715358e-15 1.121774438992829750e-16
2.952405976624831965e+03 8.072480882620154575e-15 1.128314831134448695e-16
2.955502353844433856e+03 8.093928786333017534e-15 1.137770216900084108e-16
2.958598731064035746e+03 8.073840689139444396e-15 1.136162376474174422e-16
2.961695108283637637e+03 7.752745402606659561e-15 1.116492591301619903e-16
2.964791485503239528e+03 7.893583750644841808e-15 1.137276101767190053e-16
2.967887862722841419e+03 7.984140232736035035e-15 1.151112291995434669e-16
2.970984239942443310e+03 7.741681143895141726e-15 1.130620923889445316e-16
2.974080617162045201e+03 7.931672260072740223e-15 1.145253901997378073e-16
2.977176994381647091e+03 7.854233046618163627e-15 1.153822190612604857e-16
2.980273371601248982e+03 7.818942439386923689e-15 1.161840351126110872e-16
2.983369748820850873e+03 7.718836941744641989e-15 1.163938429149558515e-16
2.986466126040452764e+03 7.766511506919400130e-15 1.157368548667757725e-16
2.989562503260054655e+03 7.651208444507435468e-15 1.159624650099424477e-16
2.992658880479656546e+03 7.601608732733582415e-15 1.175716625041982210e-16
2.995755257699258436e+03 7.180817245289087054e-15 1.143921751248859247e-16
2.998851634918860327e+03 6.741834580439718270e-15 1.106778246622125120e-16
3.001948012138462218e+03 6.650899956157220360e-15 1.115960014681459092e-16
3.005044389358064109e+03 6.451032960734364507e-15 1.096386486716785879e-16
3.008140766577666000e+03 6.419633840056177002e-15 1.103141888608311701e-16
3.011237143797267890e+03 6.375355985869318658e-15 1.114828685797442581e-16
3.014333521016869781e+03 6.301547516308586595e-15 1.116768954861553917e-16
3.017429898236471672e+03 6.269666661217336015e-15 1.107614048125478569e-16
3.020526275456073563e+03 6.233794929416940846e-15 1.126880990921482377e-16
3.023622652675675454e+03 6.231624319877187855e-15 1.136145499569816452e-16
3.026719029895277345e+03 6.166642511410534472e-15 1.124437893169436505e-16
3.029815407114879235e+03 6.613124005343042212e-15 1.174317830605994335e-16
3.032911784334481126e+03 6.484350578796246811e-15 1.184660992025318505e-16
3.036008161554083017e+03 6.541722606465461827e-15 1.186255783647725951e-16
3.039104538773684908e+03 6.569739209076827915e-15 1.199928375890744610e-16
3.042200915993286799e+03 6.573322337663467029e-15 1.213990967897546063e-16
3.045297293212888690e+03 6.534041237926089160e-15 1.217951939300987735e-16
3.048393670432490580e+03 6.632428848412709096e-15 1.222615797238109473e-16
3.051490047652092471e+03 6.764365747344986745e-15 1.259367229984408062e-16
3.054586424871694362e+03 6.625205620827124041e-15 1.258801154668077656e-16
3.057682802091296253e+03 6.601184181874835767e-15 1.265692039814140466e-16
3.060779179310898144e+03 6.253901471108174295e-15 1.237997460566067371e-16
3.063875556530500035e+03 6.038417218468825442e-15 1.239367832377018071e-16
3.066971933750101925e+03 6.039782253894548002e-15 1.242070895244408063e-16
3.070068310969703816e+03 6.323812723898825912e-15 1.290936121636917921e-16
3.073164688189305707e+03 6.288548183851972627e-15 1.290098527656322470e-16
3.076261065408907598e+03 6.227002464684022517e-15 1.305992478420120304e-16
3.079357442628509489e+03 6.080194629468761202e-15 1.288439260240273890e-16
3.082453819848111380e+03 6.338688939109270975e-15 1.331595667162938396e-16
3.085550197067713270e+03 6.529725493227245472e-15 1.369083025844544625e-16
3.088646574287315161e+03 5.976535438312387415e-15 1.334544259251186269e-16
3.091742951506917052e+03 6.195255452900764261e-15 1.364740732592245432e-16
3.094839328726518943e+03 6.204630561557979683e-15 1.377225281694659059e-16
3.097935705946120834e+03 6.174724789342299256e-15 1.393927322797001241e-16
3.101032083165722725e+03 6.083475686973831736e-15 1.394954789521850986e-16
3.104128460385324615e+03 5.921928073255820571e-15 1.386986283887476970e-16
3.107224837604926506e+03 6.502147312350623122e-15 1.481796679949279147e-16
3.110321214824528397e+03 6.276103572518225162e-15 1.467343354661562780e-16
3.113417592044130288e+03 6.136386247041432584e-15 1.468004286525400176e-16
3.116513969263732179e+03 6.389531382892583395e-15 1.503874985929348315e-16
3.119610346483334069e+03 6.502200955774119120e-15 1.538324108062748489e-16
3.122706723702935960e+03 6.435730705521601167e-15 1.537001645039539166e-16
3.125803100922537851e+03 6.782548889834221611e-15 1.612413840273135548e-16
3.128899478142139742e+03 6.632914672304733539e-15 1.602648335037137623e-16
3.131995855361741633e+03 7.129060796405756224e-15 1.667585011828532401e-16
3.135092232581343524e+03 7.230794933514375333e-15 1.708523598451949215e-16
3.138188609800945414e+03 7.027804805684449891e-15 1.715099439768567592e-16
3.141284987020547305e+03 6.787261793806654060e-15 1.692998197811356376e-16
3.144381364240149196e+03 6.982971468726994332e-15 1.730404158425690176e-16
3.147477741459751087e+03 7.190263090325023755e-15 1.778214607145712919e-16
3.150574118679352978e+03 7.324950881579427994e-15 1.818476834570788469e-16
3.153670495898954869e+03 7.743856518568091445e-15 1.901949126364359767e-16
3.156766873118556759e+03 7.924966179157516836e-15 1.927278268951735890e-16
