# obs_wvl flux error  |  merged epoch (resel): STIS MAMA
1.138000000000000000e+03 -1.159930769475248065e-14 1.442676284770996594e-18
1.139167386675120497e+03 -4.138648143334231697e-15 1.440353401141933554e-18
1.140334773350240994e+03 -1.644081501084439800e-15 4.466926521296534136e-19
1.141502160025361491e+03 -1.056373400800851024e-15 3.240670725455599149e-16
1.142669546700481988e+03 -5.094120545975821860e-16 2.784989877624205698e-16
1.143836933375602484e+03 -4.496295729162947674e-16 1.104278198603609724e-19
1.145004320050722981e+03 -3.859523859365538149e-16 1.357959741273628483e-16
1.146171706725843478e+03 -5.094120545975821860e-16 1.736959529892970933e-18
1.147339093400963975e+03 -1.754603478766090809e-16 7.464604669467869779e-17
1.148506480076084472e+03 -1.463986955751452832e-16 1.506414335005142650e-17
1.149673866751204969e+03 -1.387380006457454417e-16 3.301908982941749153e-20
1.150841253426325466e+03 -6.926799956476856895e-17 5.032360858987897409e-17
1.152008640101445963e+03 -9.277281439398477622e-17 1.085504690555078217e-17
1.153176026776566459e+03 -9.195600884255990778e-17 2.125302056840986321e-20
1.154343413451686956e+03 -8.235075511889496764e-17 1.902213464031822816e-20
1.155510800126807453e+03 -6.259533202318747065e-17 9.325114243188674492e-17
1.156678186801927950e+03 -4.031746712298248196e-17 2.772684715190087078e-17
1.157845573477048447e+03 3.620521374234254528e-17 4.187155961500335562e-17
1.159012960152168944e+03 -6.259533202318747065e-17 1.398719051147380939e-20
1.160180346827289441e+03 3.093557563033005449e-17 3.882435253713065410e-17
1.161347733502409938e+03 -4.690279425806847999e-18 2.795672386411334028e-17
1.162515120177530434e+03 -1.721614256317683008e-18 2.771229407629768373e-17
1.163682506852650931e+03 -6.985709602247621239e-18 2.950179585680697005e-17
1.164849893527771428e+03 -6.220569278669227060e-17 2.046341340384710360e-17
1.166017280202891925e+03 3.091144325217009580e-17 3.141520890387557851e-17
1.167184666878012422e+03 5.536858818575483946e-17 3.580182766181762742e-17
1.168352053553132919e+03 -1.264595848061186335e-17 1.959965727902243793e-17
1.169519440228253416e+03 1.739437087054048439e-17 2.749503725688415299e-17
1.170686826903373913e+03 -1.622080784081533418e-17 2.197014546908833601e-17
1.171854213578494409e+03 3.292104837906743848e-18 2.396990075614820612e-17
1.173021600253614906e+03 -2.583089971164760263e-17 1.924240536965407342e-17
1.174188986928735403e+03 -1.855990823452842270e-17 1.681697081458241296e-17
1.175356373603855900e+03 -2.040379012205888351e-17 1.951925232924735918e-17
1.176523760278976397e+03 -6.810352911449026226e-18 1.663391478340199839e-17
1.177691146954096894e+03 -3.598197845367813440e-17 7.670285716312068037e-21
1.178858533629217391e+03 -8.501076851592863458e-18 1.369153202622410123e-17
1.180025920304337888e+03 1.008756323814669159e-17 1.989733270989053545e-17
1.181193306979458384e+03 -1.699153457191893281e-17 1.459074645097836232e-17
1.182360693654578881e+03 -1.605154588699783270e-17 1.404972801643325018e-17
1.183528080329699378e+03 -1.259837334058961732e-17 1.418477413500061612e-17
1.184695467004819875e+03 -1.504132892598505463e-17 1.511147223459021710e-17
1.185862853679940372e+03 -6.423261579566281848e-18 1.447341324728765166e-17
1.187030240355060869e+03 -2.911202401435393223e-17 1.066951749373479240e-18
1.188197627030181366e+03 4.358063433875441809e-18 1.533598408337817961e-17
1.189365013705301863e+03 -1.815558169233418458e-17 7.883546910294957812e-18
1.190532400380422359e+03 2.299196979595452462e-17 1.986925610955329798e-17
1.191699787055542856e+03 3.339186424441209722e-17 1.858664267923767273e-17
1.192867173730663353e+03 1.279849861894822835e-17 1.638744537624917236e-17
1.194034560405783850e+03 8.955969664171866959e-18 1.467567673895691012e-17
1.195201947080904347e+03 1.715859441297731549e-17 1.572520775848568180e-17
1.196369333756024844e+03 4.084734810724808787e-17 1.865575273067224232e-17
1.197536720431145341e+03 6.750835417638832911e-17 2.013903794962449855e-17
1.198704107106265838e+03 1.965652548838337839e-17 1.530729409196706992e-17
1.199871493781386334e+03 7.726006328143170730e-17 1.959410013159635833e-17
1.201038880456506831e+03 6.732485645037503645e-17 2.017635438146125663e-17
1.202206267131627328e+03 4.562223361987514486e-17 1.884690833830572957e-17
1.203373653806747825e+03 7.501684261176159585e-17 2.006967940350568703e-17
1.204541040481868322e+03 4.084355410168997753e-17 2.244962039101651279e-17
1.205708427156988819e+03 1.132353777411692264e-17 2.376553253777046516e-17
1.206875813832109316e+03 3.798682238164332280e-17 2.944810175651454587e-17
1.208043200507229813e+03 -2.248605167145040425e-17 3.465816821077912839e-17
1.209210587182350309e+03 -2.687056011374757319e-16 7.578000598686201680e-17
1.210377973857470806e+03 -6.553625050022044779e-16 1.422790964909097946e-16
1.211545360532591303e+03 -4.104475411743027738e-16 1.310722285569699973e-16
1.212712747207711800e+03 -2.744795767887019226e-16 1.323967482970887103e-16
1.213880133882832297e+03 -3.980395180765721182e-16 1.331213643062668279e-16
1.215047520557952794e+03 -3.473454594899183901e-16 1.195733904590885437e-16
1.216214907233073291e+03 -3.237220356740949959e-16 1.248775103681741783e-16
1.217382293908193788e+03 -2.744795767887019226e-16 1.236832496722976167e-16
1.218549680583314284e+03 -2.744795767887019226e-16 1.133499082585626065e-16
1.219717067258434781e+03 -3.317753635343339441e-16 1.120247346795879514e-16
1.220884453933555278e+03 -1.050105519382319507e-16 1.087225705261042803e-16
1.222051840608675775e+03 -3.213463327762025549e-17 5.626366221134265027e-17
1.223219227283796272e+03 -3.849202804790205004e-17 2.732658269164308952e-17
1.224386613958916769e+03 -3.213463327762025549e-17 3.208926624965671981e-17
1.225554000634037266e+03 -6.646301571757072733e-18 1.809898981358279808e-17
1.226721387309157763e+03 -4.546533369195208742e-17 1.073174751501219904e-17
1.227888773984278259e+03 5.360887794525883384e-17 1.432631680841058452e-17
1.229056160659398756e+03 4.836182719481351939e-17 1.356796294356023944e-17
1.230223547334519253e+03 2.439293762658028653e-17 1.087506761942361220e-17
1.231390934009639750e+03 1.806482737627867717e-17 1.005882887039178383e-17
1.232558320684760247e+03 4.038526911682110651e-17 1.663495141153013027e-17
1.233725707359880744e+03 1.179522323884452231e-17 8.804239778999369631e-18
1.234893094035001241e+03 3.080479680033540786e-17 1.187737586907581146e-17
1.236060480710121738e+03 1.478440462042718666e-17 1.137800980504902827e-17
1.237227867385242234e+03 4.881509434789018738e-18 5.928836830102617037e-18
1.238395254060362731e+03 2.378352622550996931e-18 7.215580233638674658e-18
1.239562640735483228e+03 1.604081300633663616e-17 9.180651349641870190e-18
1.240730027410603725e+03 1.686582962997626827e-17 9.740556942538693544e-18
1.241897414085724222e+03 8.173657252178144679e-18 7.595085663053457555e-18
1.243064800760844719e+03 2.694655501219660001e-17 9.938475093113822294e-18
1.244232187435965216e+03 -5.316226932047411638e-18 6.048433349012467949e-18
1.245399574111085713e+03 -2.096748505416631587e-17 4.761636594856060364e-18
1.246566960786206209e+03 -8.075497147233053101e-18 6.336662357498415184e-18
1.247734347461326706e+03 -1.061392907673184380e-17 1.650888822071720624e-18
1.248901734136447203e+03 -2.990004082441940612e-18 5.674465762609478083e-18
1.250069120811567700e+03 7.475739484070236876e-18 8.144839063820496805e-18
1.251236507486688197e+03 -2.990004082441940612e-18 1.919320822848139511e-17
1.252403894161808694e+03 1.505379732475412392e-18 6.608583056109491650e-18
1.253571280836929191e+03 6.014220064093063638e-18 6.791520415452762859e-18
1.254738667512049688e+03 -3.691482179235339348e-18 5.713960123520322084e-18
1.255906054187170184e+03 -8.768533002972942555e-18 4.437091616068292375e-18
1.257073440862290681e+03 2.042951165985071586e-17 8.716252556061483054e-18
1.258240827537411178e+03 1.666996185590762959e-18 5.740349752990873842e-18
1.259408214212531675e+03 2.407946401915080899e-18 7.487821728570087481e-18
1.260575600887652172e+03 1.632004379432017554e-17 8.245885229195694950e-18
1.261742987562772669e+03 -8.318900957182935770e-18 2.692901257057929951e-18
1.262910374237893166e+03 -7.687117169352055825e-18 4.045414038432919816e-18
1.264077760913013663e+03 -4.346306057382237493e-18 4.738208467006983907e-18
1.265245147588134159e+03 -9.512668338118264453e-18 4.474555984578697568e-18
1.266412534263254656e+03 2.305101181453463461e-18 5.938152991409382880e-18
1.267579920938375153e+03 -6.311331288796528524e-18 2.638192763207184026e-18
1.268747307613495650e+03 4.079865697223081058e-18 6.347262000790302448e-18
1.269914694288616147e+03 -5.080382051484353577e-18 4.955431880236255575e-18
1.271082080963736644e+03 -7.125372617080009384e-18 4.854192773392841244e-18
1.272249467638857141e+03 3.931262460990588497e-18 5.766755604270086165e-18
1.273416854313977638e+03 -1.302479204550832740e-18 4.460011594974902449e-18
1.274584240989098134e+03 -5.673727011619274030e-18 5.403868218198836654e-18
1.275751627664218631e+03 1.510480078157383644e-18 5.509999144487488821e-18
1.276919014339339128e+03 -6.396248686882865718e-18 2.418071253237952422e-18
1.278086401014459625e+03 -9.394805669976879886e-19 5.324911066714654018e-18
1.279253787689580122e+03 1.237882081252619216e-18 5.722517776973386484e-18
1.280421174364700619e+03 -7.063837133520847844e-18 2.401879020363032321e-18
1.281588561039821116e+03 -8.221415344443510038e-19 4.448157641856029334e-18
1.282755947714941613e+03 1.252120462256924637e-18 5.953153887880647217e-18
1.283923334390062109e+03 -4.093983592387446747e-18 4.076871348119567120e-18
1.285090721065182606e+03 -5.734023146876927274e-18 3.857771954259850405e-18
1.286258107740303103e+03 -2.907954274986033880e-18 3.969871537018658462e-18
1.287425494415423600e+03 -3.506494112257122813e-18 4.084984790311598411e-18
1.288592881090544097e+03 -1.095672975787777160e-17 1.723457183148860993e-18
1.289760267765664594e+03 -4.955399481770338226e-18 5.188002783981599685e-18
1.290927654440785091e+03 -1.357495068370082574e-17 5.601505870115169732e-18
1.292095041115905588e+03 2.691943591197903229e-17 9.836562983962682811e-18
1.293262427791026084e+03 6.537473602595576883e-18 7.326980376852154253e-18
1.294429814466146581e+03 -4.821809978549437322e-18 4.626039277427998394e-18
1.295597201141267078e+03 1.677160037000427235e-17 1.011055205966501799e-17
1.296764587816387575e+03 2.104398311124818856e-19 1.132570292029581279e-17
1.297931974491508072e+03 -2.135075559851659969e-17 1.158814581003242852e-17
1.299099361166628569e+03 -2.604440847252500038e-17 1.361725836568501261e-17
1.300266747841749066e+03 9.813714112095102124e-18 1.766806450250685705e-17
1.301434134516869563e+03 2.430030010837625034e-17 2.087397343641127352e-17
1.302601521191990059e+03 2.327475975070115058e-17 1.874056342388839989e-17
1.303768907867110556e+03 3.611530032146963574e-18 1.757631776191664649e-17
1.304936294542231053e+03 3.611530032146963574e-18 1.719410182874266302e-17
1.306103681217351550e+03 -8.800782833478962498e-18 1.857245213875839983e-17
1.307271067892472047e+03 2.324386592396115621e-18 1.751275569299397989e-17
1.308438454567592544e+03 -1.960507616706352494e-18 1.476230419723549787e-17
1.309605841242713041e+03 2.341105384957485064e-18 1.432898303486383289e-17
1.310773227917833538e+03 1.299334735193824483e-18 1.246968947816364038e-17
1.311940614592954034e+03 2.306017234000005296e-18 9.274048233908320728e-18
1.313108001268074531e+03 1.299334735193824483e-18 6.912860421179253626e-18
1.314275387943195028e+03 -1.071857790221324368e-17 5.383170978774320193e-18
1.315442774618315525e+03 -9.185726672662958823e-18 2.218481488349659432e-21
1.316610161293436022e+03 2.306017234000005296e-18 5.760668180452906512e-18
1.317777547968556519e+03 3.230889909450685112e-18 6.079454463481516100e-18
1.318944934643677016e+03 3.230547685574231827e-18 6.164209507379121128e-18
1.320112321318797513e+03 -1.318703425678153199e-17 4.263747798095183925e-18
1.321279707993918009e+03 1.487972094942099594e-18 6.277260405801299372e-18
1.322447094669038506e+03 3.555014896240560022e-18 6.673435791031080173e-18
1.323614481344159003e+03 1.984926030889032177e-18 6.866113735920989723e-18
1.324781868019279500e+03 1.497085892378201944e-18 5.460195515477713963e-18
1.325949254694399997e+03 -3.986942391604553565e-18 2.760642412569612784e-18
1.327116641369520494e+03 -8.854941526159912142e-18 2.237634603436210040e-21
1.328284028044640991e+03 -9.930833977311398865e-18 4.245267219659807402e-18
1.329451414719761488e+03 -4.006645430630823791e-18 5.076388709720864551e-18
1.330618801394881984e+03 -1.619121923556477992e-17 5.723507899793121159e-18
1.331786188070002481e+03 -8.674083231203136390e-18 6.001711095061044194e-18
1.332953574745122978e+03 -6.297967653128192713e-18 2.061157498752465594e-18
1.334120961420243475e+03 -9.989335528814365292e-19 5.220973999233412640e-18
1.335288348095363972e+03 -8.706823534567700601e-18 2.323444855898072063e-21
1.336455734770484469e+03 -8.674083231203136390e-18 2.310515041556448011e-21
1.337623121445604966e+03 -7.612697933724454785e-19 4.988467518448914106e-18
1.338790508120725463e+03 -8.826338296322803664e-18 3.774593311856097117e-18
1.339957894795845959e+03 -1.324792615505267998e-17 1.987312017123608503e-18
1.341125281470966456e+03 -1.274932401749475112e-17 4.968899917836058564e-19
1.342292668146086953e+03 -8.529197384561287268e-18 2.369703088390757172e-21
1.343460054821207450e+03 -1.359466474358080042e-17 3.875390181320549269e-18
1.344627441496327947e+03 -6.580908711285609664e-18 6.243092659489434292e-18
1.345794828171448444e+03 -4.826492228056776219e-18 5.501100267956413441e-18
1.346962214846568941e+03 -1.538174033150978216e-18 6.079379843740754719e-18
1.348129601521689438e+03 -3.788560388434092347e-18 5.347819194965671692e-18
1.349296988196809934e+03 -6.580908711285609664e-18 4.825595066527418960e-18
1.350464374871930431e+03 -3.788560388434092347e-18 6.511757621254940989e-18
1.351631761547050928e+03 -6.580908711285609664e-18 8.291415244863807833e-18
1.352799148222171425e+03 -6.580908711285609664e-18 8.049633535248304092e-18
1.353966534897291922e+03 -6.580908711285609664e-18 6.751835134976478655e-18
1.355133921572412419e+03 -8.139626777757015278e-18 2.419782699607251840e-21
1.356301308247532916e+03 -8.093182744290968709e-18 2.795565279940170037e-21
1.357468694922653413e+03 -8.055519352548764015e-18 2.829703589907524282e-21
1.358636081597773909e+03 -8.042363039686901131e-18 2.496237807309823717e-21
1.359803468272894406e+03 -1.044470916556676293e-17 7.929993624843753553e-18
1.360970854948014903e+03 -9.725368370655641796e-18 3.794145680020391289e-19
1.362138241623135400e+03 -1.091502558609510973e-17 4.663455498178355533e-19
1.363305628298255897e+03 -8.326667613695608948e-18 1.085256627772762645e-19
1.364473014973376394e+03 -8.993526860611023515e-18 3.688482305251679093e-19
1.365640401648496891e+03 -8.345265800046165481e-18 1.846163319996464915e-19
1.366807788323617388e+03 -9.097205935434595855e-18 2.580568418916740259e-19
1.367975174998737884e+03 -9.404940120648598358e-18 3.229701027443865895e-19
1.369142561673858381e+03 -7.683899849386735905e-18 2.545318450940559784e-21
1.370309948348978878e+03 -7.700506549424851152e-18 2.659722089003559856e-21
1.371477335024099375e+03 -7.621781359607350237e-18 2.578042443034138448e-21
1.372644721699219872e+03 -7.583730833576054219e-18 3.515840288885428681e-21
1.373812108374340369e+03 -7.523729854600651072e-18 2.967840439938576475e-21
1.374979495049460866e+03 -7.495718019342806017e-18 3.110003034118640989e-21
1.376146881724581363e+03 -7.456775113816393941e-18 3.224274318515368696e-21
1.377314268399701859e+03 -7.411937071073047510e-18 3.101783273474771402e-21
1.378481655074822356e+03 -7.500800172559655454e-18 3.249153628537523951e-21
1.379649041749942853e+03 -9.160629420599420260e-18 3.816544387436803429e-19
1.380816428425063350e+03 -7.839763258724490673e-18 1.107953534144275681e-19
1.381983815100183847e+03 -7.341452738939151819e-18 3.205775659799616092e-21
1.383151201775304344e+03 -7.318111165876194200e-18 3.244451386630607421e-21
1.384318588450424841e+03 -7.233135654108280419e-18 2.760349932087656282e-21
1.385485975125545338e+03 -7.182482275093255471e-18 3.292764095781893832e-21
1.386653361800665834e+03 -1.102544093682019935e-17 6.989837269495101335e-18
1.387820748475786331e+03 -7.099607386916899160e-18 2.802566943249195351e-21
1.388988135150906828e+03 -7.072337473204171432e-18 2.836196535940893135e-21
1.390155521826027325e+03 -7.000533599511979447e-18 2.788775594239388007e-21
1.391322908501147822e+03 -6.914505721489040352e-18 3.380642480466809275e-21
1.392490295176268319e+03 -6.896045492412981820e-18 3.369104007731537272e-21
1.393657681851388816e+03 -6.884627821187262100e-18 3.456930853587073376e-21
1.394825068526509313e+03 -6.829884568576389558e-18 3.454772737551625251e-21
1.395992455201629809e+03 -8.111410408921856295e-18 1.323323190421380361e-19
1.397159841876750306e+03 -1.715377650872613462e-17 1.098962653277183523e-18
1.398327228551870803e+03 -6.665622494386379502e-18 3.553315383084504141e-21
1.399494615226991300e+03 -6.675450873039792680e-18 3.652606280041919636e-21
1.400662001902111797e+03 -6.604170983233870195e-18 3.722772052855506647e-21
1.401829388577232294e+03 -2.223950294083051354e-17 6.705410856694274358e-18
1.402996775252352791e+03 -6.493780772508936281e-18 4.103108652121223109e-21
1.404164161927473288e+03 -6.452068661313727109e-18 3.041515808058065287e-21
1.405331548602593784e+03 -6.392126575763146034e-18 3.050196977450083706e-21
1.406498935277714281e+03 -6.349445975761291279e-18 3.634749615162706028e-21
1.407666321952834778e+03 -6.327123489828943742e-18 3.783180965884899385e-21
1.408833708627955275e+03 -6.174012321267583355e-18 3.674036927469157086e-21
1.410001095303075772e+03 -6.169800984777873032e-18 3.693605007572507380e-21
1.411168481978196269e+03 -6.106309497370679990e-18 4.153462723256143263e-21
1.412335868653316766e+03 -6.224322134591510860e-17 8.770423686731752559e-18
1.413503255328437263e+03 -5.791483358061668571e-18 5.080320059131794053e-18
1.414670642003557759e+03 -5.916711725435862415e-18 3.712945360582520872e-21
1.415838028678678256e+03 -5.870350937124333065e-18 3.117753870323146857e-21
1.417005415353798753e+03 -5.828935015191547915e-18 3.158870168822601922e-21
1.418172802028919250e+03 -5.774928736449188699e-18 3.167179416282895549e-21
1.419340188704039747e+03 -5.676731761125793285e-18 4.204868047823437036e-21
1.420507575379160244e+03 -5.652864462257358842e-18 4.441399364885550835e-21
1.421674962054280741e+03 -5.628042493722357078e-18 3.782943501462050985e-21
1.422842348729401238e+03 -4.894420825638046390e-17 2.470625904676873351e-18
1.424009735404521734e+03 -5.528869379842917275e-18 4.940491594973249662e-21
1.425177122079642231e+03 -5.482187681707441112e-18 4.098724673020195415e-21
1.426344508754762728e+03 -5.417287535419949780e-18 3.390713817343580628e-21
1.427511895429883225e+03 -5.412008153817796316e-18 4.010338436528028215e-21
1.428679282105003722e+03 -5.290136125298329205e-18 3.375263007411134905e-21
1.429846668780124219e+03 -1.391120039503513027e-17 1.850409156942872171e-18
1.431014055455244716e+03 -5.290136125298329205e-18 7.541074115455256047e-19
1.432181442130365213e+03 -5.100141223016014152e-18 3.978264726262214233e-21
1.433348828805485709e+03 -5.015809341183751437e-18 3.980034016645728354e-21
1.434516215480606206e+03 -2.493532606303690402e-17 1.474615541465825194e-18
1.435683602155726703e+03 -4.907256528916397258e-18 3.521448581604840570e-21
1.436850988830847200e+03 -4.755892173009545878e-18 3.973630157185860065e-21
1.438018375505967697e+03 -4.723427944104907770e-18 3.507656661831384020e-21
1.439185762181088194e+03 -4.665383772791995450e-18 3.562440370724180397e-21
1.440353148856208691e+03 -4.571994187885781932e-18 3.561802088899742895e-21
1.441520535531329188e+03 -4.571994187885781932e-18 3.639879813427995518e-21
1.442687922206449684e+03 -4.532731672422695264e-18 3.562832840035838962e-21
1.443855308881570181e+03 -4.532731672422695264e-18 3.600656323158249988e-21
1.445022695556690678e+03 -4.433689831532699354e-18 3.798388474545985314e-21
1.446190082231811175e+03 -1.281196963109930658e-17 1.171963918873641049e-18
1.447357468906931672e+03 -3.997550726502915105e-18 2.822512811064023367e-18
1.448524855582052169e+03 -3.997550726502915105e-18 7.041700079142522179e-19
1.449692242257172666e+03 -3.997550726502915105e-18 3.673841243206331728e-21
1.450859628932293163e+03 -3.997550726502915105e-18 3.767706642577159422e-21
1.452027015607413659e+03 -3.997550726502915105e-18 3.759258516706134616e-21
1.453194402282534156e+03 -3.954366445238916571e-18 3.902067901045565150e-21
1.454361788957654653e+03 -2.592507376049893992e-17 1.383371003424484473e-18
1.455529175632775150e+03 -3.652695337565625608e-17 2.226644232498129471e-18
1.456696562307895647e+03 -3.498301045623976523e-18 5.516195172421965015e-21
1.457863948983016144e+03 -3.498301045623976523e-18 4.609819173035167500e-21
1.459031335658136641e+03 -3.478213146879290296e-18 3.968539724520039301e-21
1.460198722333257138e+03 -3.478213146879290296e-18 3.992099645950165699e-21
1.461366109008377634e+03 -3.478213146879290296e-18 4.552245282764614373e-21
1.462533495683498131e+03 -3.382610158216637280e-18 4.025367580904472367e-21
1.463700882358618628e+03 -3.382610158216637280e-18 4.717052214380465891e-21
1.464868269033739125e+03 -1.256364767112418866e-17 3.156787796349877247e-21
1.466035655708859622e+03 -2.974952889436081815e-18 4.071395528427941382e-21
1.467203042383980119e+03 -2.849521904815718254e-18 5.413098764925840174e-21
1.468370429059100616e+03 -2.730496994519672505e-18 4.615410489695850896e-21
1.469537815734221113e+03 -2.684841811869294785e-18 4.867196421159073822e-21
1.470705202409341609e+03 -2.640004307950302628e-18 4.142002466059652557e-21
1.471872589084462106e+03 -2.602273820168993131e-18 4.240175384961146591e-21
1.473039975759582603e+03 -2.456223984341786560e-18 4.146828738206922358e-21
1.474207362434703100e+03 -2.438301905408884226e-18 4.292259915294128350e-21
1.475374749109823597e+03 -2.344787051668108053e-18 4.304686323157740427e-21
1.476542135784944094e+03 -2.198850491824737269e-18 1.392605223244126819e-17
1.477709522460064591e+03 -2.198850491824737269e-18 4.292616595030777318e-21
1.478876909135185088e+03 -2.198850491824737269e-18 5.642961337461035100e-21
1.480044295810305584e+03 -2.198850491824737269e-18 5.300146859907009106e-21
1.481211682485426081e+03 -2.156915101806576678e-18 4.872383351571110243e-21
1.482379069160546578e+03 -2.019590631463267760e-18 5.451493382867338957e-21
1.483546455835667075e+03 -4.192043692972999737e-18 5.113679540465481394e-18
1.484713842510787572e+03 -1.530715103801959905e-18 1.086740854552440878e-17
1.485881229185908069e+03 -1.530715103801959905e-18 6.546728310441777171e-21
1.487048615861028566e+03 -1.457770694387462150e-18 5.369712004445043166e-21
1.488216002536149063e+03 -1.399817505180689714e-18 5.244538460446787021e-21
1.489383389211269559e+03 -1.292558001462322451e-18 5.580675967393638780e-21
1.490550775886390056e+03 -1.215250610658624133e-18 5.515809954220984651e-21
1.491718162561510553e+03 -1.158330945126120254e-18 4.673309161432944737e-21
1.492885549236631050e+03 -1.042121007653196260e-18 5.704373925426028483e-21
1.494052935911751547e+03 -9.615625195297658380e-19 5.574907615501130431e-21
1.495220322586872044e+03 -8.747625777380954602e-19 4.694015422387931114e-21
1.496387709261992541e+03 -8.014221251922241895e-19 4.784059029138912419e-21
1.497555095937113038e+03 -7.063822240708041332e-19 4.796297074823454418e-21
1.498722482612233534e+03 -6.027560137335171468e-19 5.877140123646193165e-21
1.499889869287354031e+03 -5.487032159179044497e-19 5.910485537301465792e-21
1.501057255962474528e+03 -4.700960132674894267e-19 6.783100048154580964e-21
1.502224642637595025e+03 -3.516791734583672010e-19 1.534877553809440585e-17
1.503392029312715522e+03 -3.516791734583672010e-19 5.878538307937940302e-21
1.504559415987836019e+03 -3.516791734583672010e-19 5.019456329220716611e-21
1.505726802662956516e+03 -3.516791734583672010e-19 4.984821893957268912e-21
1.506894189338077013e+03 -1.876471657221388277e-19 5.068386019200760486e-21
1.508061576013197509e+03 -7.732255723794926366e-18 3.956283561659855227e-21
1.509228962688318006e+03 1.300196515263601138e-19 5.214898402329946014e-21
1.510396349363438503e+03 2.929459797409390333e-19 6.257250868329050257e-21
1.511563736038559000e+03 3.430568117405841299e-19 6.206398415946681419e-21
1.512731122713679497e+03 4.653096171881421077e-19 6.412376643950584857e-21
1.513898509388799994e+03 4.653096171881421077e-19 6.190101300316545947e-21
1.515065896063920491e+03 4.653096171881421077e-19 6.032713191430724914e-21
1.516233282739040988e+03 4.653096171881421077e-19 5.565427151759800913e-21
1.517400669414161484e+03 5.579402663793579135e-19 5.497099520854292067e-21
1.518568056089281981e+03 -9.080167131320770055e-18 2.391519883964974387e-18
1.519735442764402478e+03 8.546704332583514891e-19 5.865147736015200647e-21
1.520902829439522975e+03 9.319414295922750523e-19 7.795443055761070552e-21
1.522070216114643472e+03 9.319414295922750523e-19 8.435580119868245227e-21
1.523237602789763969e+03 1.197323906428527068e-18 5.786365494319690338e-21
1.524404989464884466e+03 1.322764973217540896e-18 7.153720458822684713e-21
1.525572376140004963e+03 1.396121312093291864e-18 6.974380428950390935e-21
1.526739762815125459e+03 1.534516019758832024e-18 6.733690447363156450e-21
1.527907149490245956e+03 1.637801329078083231e-18 5.943268189911831086e-21
1.529074536165366453e+03 1.666875093162855163e-18 8.294003467142565733e-21
1.530241922840486950e+03 1.800863845618376287e-18 8.370192972473182583e-21
1.531409309515607447e+03 1.860863778458905409e-18 6.149262566129195319e-21
1.532576696190727944e+03 1.978080061846577519e-18 6.127886293356123440e-21
1.533744082865848441e+03 2.058975837406840893e-18 6.218768588044587359e-21
1.534911469540968938e+03 2.236050395532789560e-18 6.106978458196910510e-21
1.536078856216089434e+03 2.280975978582998235e-18 6.263125494676081048e-21
1.537246242891209931e+03 2.336527906228092693e-18 7.330496762831149019e-21
1.538413629566330428e+03 2.396578417297551143e-18 7.917084838728420284e-21
1.539581016241450925e+03 2.543434702772682811e-18 1.998197011842190674e-17
1.540748402916571422e+03 2.543434702772682811e-18 9.418597982919672816e-21
1.541915789591691919e+03 2.661489664804599235e-18 1.071613528161269378e-20
1.543083176266812416e+03 2.808523214523108492e-18 6.591009373745501895e-21
1.544250562941932913e+03 2.929940186332912293e-18 6.630793174219960051e-21
1.545417949617053409e+03 3.065667727533649078e-18 8.030183145378350075e-21
1.546585336292173906e+03 3.065667727533649078e-18 7.996766725779689033e-21
1.547752722967294403e+03 3.177814920755878088e-18 7.843732031312745731e-21
1.548920109642414900e+03 3.271659253902398552e-18 6.922530893145108354e-21
1.550087496317535397e+03 3.375648829304450709e-18 6.905509889724642519e-21
1.551254882992655894e+03 3.387430319278263168e-18 8.157402570524703131e-21
1.552422269667776391e+03 3.387430319278263168e-18 6.894751121282330805e-21
1.553589656342896888e+03 3.387430319278263168e-18 1.097358242907673152e-17
1.554757043018017384e+03 3.387430319278263168e-18 1.066346409356562039e-17
1.555924429693137881e+03 3.626753323086199422e-18 8.420713620300671006e-21
1.557091816368258378e+03 -1.318777514639269369e-18 6.091419599722048487e-21
1.558259203043378875e+03 3.898303675097126639e-18 7.397567533760189742e-21
1.559426589718499372e+03 3.925249219528299217e-18 9.302893737811260168e-21
1.560593976393619869e+03 4.159457966842247709e-18 1.895343394329774276e-17
1.561761363068740366e+03 4.159457966842247709e-18 7.461338520994957650e-21
1.562928749743860863e+03 4.159457966842247709e-18 7.772561320766349979e-21
1.564096136418981359e+03 4.362120000139782783e-18 8.735563506603435286e-21
1.565263523094101856e+03 4.362120000139782783e-18 9.651293066504049125e-21
1.566430909769222353e+03 4.362120000139782783e-18 9.271591827861195782e-21
1.567598296444342850e+03 4.384405393267673383e-18 7.963642809883910361e-21
1.568765683119463347e+03 4.473839375301248443e-18 8.080251912987730910e-21
1.569933069794583844e+03 5.876171132330791578e-19 5.891044574968458744e-21
1.571100456469704341e+03 4.755150282617169700e-18 8.290442986985868971e-21
1.572267843144824838e+03 4.869186916883313590e-18 1.138710601169954575e-20
1.573435229819945334e+03 4.971203188240292864e-18 1.148342006325109134e-20
1.574602616495065831e+03 5.005646870494242792e-18 9.732836622322010339e-21
1.575770003170186328e+03 4.971203188240292864e-18 1.073459070214215987e-20
1.576937389845306825e+03 5.005646870494242792e-18 9.854038272958946330e-21
1.578104776520427322e+03 5.005646870494242792e-18 8.808466509355153042e-21
1.579000000000000000e+03 5.099427806338227112e-18 7.025089280858558742e-21
1.579272163195547819e+03 5.224599684523172489e-18 8.760687323949453428e-21
1.580439549870668316e+03 9.767443014760925600e-19 7.130856454308618125e-21
1.581606936545788813e+03 5.262654069445791923e-18 1.035842480802075791e-20
1.582096740578216213e+03 5.262654069445791923e-18 7.480366884526038964e-21
1.582774323220909309e+03 5.327208118452319414e-18 1.060750078401198755e-20
1.583941709896029806e+03 5.365932991917620975e-18 9.397662975230002707e-21
1.585109096571150303e+03 -4.073175286044164257e-18 6.633866291128965463e-21
1.585193481156432426e+03 -3.383828692754120054e-18 6.193001117544108091e-21
1.586276483246270800e+03 5.365932991917620975e-18 9.558551803735464485e-21
1.587443869921391297e+03 5.463329818589294586e-18 1.614549351508116256e-17
1.588290221734648640e+03 5.463329818589294586e-18 4.440100080239808162e-18
1.588611256596511794e+03 1.872395083688816195e-18 7.585651725606413785e-21
1.589778643271632291e+03 5.647747098541779256e-18 1.093591404155539282e-20
1.590946029946752788e+03 5.647747098541779256e-18 9.939139668792992515e-21
1.591386962312864853e+03 5.699321857617574840e-18 7.207975586101804567e-21
1.592113416621873284e+03 5.784293319456832204e-18 9.799558134517083559e-21
1.593280803296993781e+03 5.697615476178399549e-18 1.161033208476240380e-20
1.594448189972114278e+03 1.469457016767419154e-18 9.027411729665587763e-21
1.594483702891081066e+03 1.598927893136147260e-18 8.763790225668801043e-21
1.595615576647234775e+03 5.725445478372696997e-18 1.442958056193492763e-20
1.596782963322355272e+03 5.947573529149002550e-18 1.546067484244008530e-17
1.597580443469297279e+03 5.955228496899096070e-18 4.899168430945603181e-18
1.597950349997475769e+03 5.947573529149002550e-18 1.180275941849739389e-20
1.599117736672596266e+03 5.996188280702135625e-18 1.038323204226721117e-20
1.600285123347716763e+03 5.955228496899096070e-18 1.061172234875854438e-20
1.600677184047513492e+03 5.978766683554717971e-18 7.882157512967275005e-21
1.601452510022837259e+03 6.025314972646202865e-18 1.050894656954516297e-20
1.602619896697957756e+03 5.909599922259872971e-18 1.088360532425580867e-20
1.603773924625729705e+03 5.904492064692696065e-18 1.092969075544868301e-20
1.603787283373078253e+03 5.904432939597583797e-18 1.105549237329061562e-20
1.604954670048198750e+03 5.906134303375246693e-18 1.107693409350568230e-20
1.606122056723319247e+03 5.839169068412778154e-18 1.127104247490657301e-20
1.606870665203945919e+03 5.892903724486520157e-18 8.216669364235717736e-21
1.607289443398439744e+03 5.922963348848361158e-18 1.115446919665208381e-20
1.608456830073560241e+03 3.682425147147174398e-18 9.002813528560814551e-21
1.609624216748680738e+03 3.476791800716060616e-18 8.635982933386015480e-21
1.609967405782162132e+03 3.535915460638974645e-18 6.639898757979498521e-21
1.610791603423801234e+03 3.677906016971144882e-18 8.943487797921411118e-21
1.611958990098921731e+03 5.614089226442731633e-18 1.179154943431565153e-20
1.613064146360378345e+03 5.505630394902903441e-18 1.132459240985674671e-20
1.613126376774042228e+03 5.499523171388261766e-18 1.194382934476769936e-20
1.614293763449162725e+03 5.495331317245577445e-18 1.186278845361603375e-20
1.615461150124283222e+03 5.376290128838612621e-18 1.200722000102329656e-20
1.616160886938594558e+03 5.532150352638977166e-18 9.530316868965645744e-21
1.616628536799403719e+03 5.636315607653216096e-18 1.372599299939340671e-20
1.617795923474524216e+03 5.251452368156875168e-18 1.370386511574517865e-20
1.618963310149644713e+03 2.933248138329499545e-18 9.082018319791743224e-21
1.619257627516810771e+03 2.891513237669270186e-18 7.299329058078585503e-21
1.620130696824765209e+03 2.767710077586799291e-18 1.060227521501502524e-20
1.621298083499885706e+03 4.799688962885632787e-18 1.429821604404327888e-20
1.622354368095026985e+03 4.754340391354079895e-18 1.151571113700498728e-20
1.622465470175006203e+03 4.749570634730655148e-18 1.263778678316998323e-20
1.623632856850126700e+03 4.520233706879144337e-18 1.300159921608514302e-20
1.624800243525247197e+03 4.453358943723879163e-18 1.288673852970588569e-20
1.625451108673243198e+03 4.520233706879144337e-18 1.339558885724752315e-17
1.625967630200367694e+03 4.453358943723879163e-18 2.399389761349914725e-17
1.627135016875488191e+03 4.124976096569738312e-18 1.475214795130538679e-20
1.628302403550608688e+03 3.873376998110020420e-18 1.336719174103540531e-20
1.628547849251459411e+03 3.414058373464808405e-18 1.078262281629305453e-20
1.629469790225729184e+03 1.688769356843823487e-18 1.044289262715499896e-20
1.630637176900849681e+03 1.627036414137957783e-18 1.016150628787025391e-20
1.631644589829675624e+03 1.174577349321269601e-18 9.401178936454086215e-21
1.631804563575970178e+03 1.102728200749334061e-18 1.077388836705123564e-20
1.632971950251090675e+03 1.102728200749334061e-18 1.026602843112804236e-20
1.634139336926211172e+03 8.710887415537194761e-19 1.080941301802050606e-20
1.634741330407891837e+03 -1.157760457824899988e-18 7.548357624930349354e-21
1.635306723601331669e+03 -3.063258637484269326e-18 1.054501223318377862e-20
1.636474110276452166e+03 -1.954107767938694517e-19 2.033358424829801374e-20
1.637641496951572663e+03 -1.954107767938694517e-19 1.193620761589261681e-20
1.637838070986108050e+03 -2.075408989297560966e-19 1.015447191929629635e-20
1.638808883626693159e+03 -2.674471272073184470e-19 1.271209782678205528e-20
1.639976270301813656e+03 1.440289670416989916e-18 3.172847261477064342e-17
1.640934811564324264e+03 1.372843564402134446e-18 5.730401574729706434e-18
1.641143656976934153e+03 1.801260975735712425e-18 1.393794715866155982e-20
1.642311043652054650e+03 1.440289670416989916e-18 1.426140605838581666e-20
1.643478430327175147e+03 1.372843564402134446e-18 1.596747744332941882e-20
1.644031552142540477e+03 3.692377848161833048e-19 9.877268927639051747e-21
1.644645817002295644e+03 -7.453068635334447200e-19 1.096031802167618687e-20
1.645813203677416141e+03 -3.963418319954481766e-18 1.576181955802803690e-20
1.646980590352536638e+03 -1.854496599873129207e-18 1.119561837576110442e-20
1.647128292720756690e+03 -1.844253464357115595e-18 9.880752381835006883e-21
1.648147977027657134e+03 -1.773537703145448899e-18 1.117291437577353173e-20
1.649315363702777631e+03 -3.286726081647486590e-18 1.124787666292466182e-20
1.650225033298972903e+03 -3.286726081647486590e-18 1.024071722267305129e-20
1.650482750377898128e+03 -3.605825324645706725e-18 1.274980774712005334e-20
1.651650137053018625e+03 -4.038517709445005918e-18 1.407662885238071635e-20
1.652817523728139122e+03 -3.959885454201302882e-18 1.187298039796832388e-20
1.653321773877189116e+03 -4.038517709445005918e-18 9.734730092558978817e-21
1.653984910403259619e+03 -4.038517709445005918e-18 1.625141236175607367e-20
1.655152297078380116e+03 -4.038517709445005918e-18 1.812953536964013385e-17
1.656319683753500613e+03 -4.541790970008257703e-18 1.176103503255962866e-20
1.656418514455405329e+03 -4.890656301896575785e-18 1.080395028251212233e-20
1.657487070428621109e+03 -8.662581014398485369e-18 1.077817614299573977e-20
1.658654457103741606e+03 -9.782919726155685115e-18 1.001438413620038821e-20
1.659515255033621543e+03 -1.106641286437511171e-17 7.585655827859349542e-21
1.659821843778862103e+03 -1.152355213189808685e-17 9.649300904102676951e-21
1.660989230453982600e+03 -1.198678388520717064e-17 9.458594104635337109e-21
1.662156617129103097e+03 -1.213236538370709693e-17 9.128344837319497807e-21
1.662611995611837756e+03 -1.198678388520717064e-17 8.808321559034507541e-21
1.663324003804223594e+03 -1.198678388520717064e-17 1.749785214502205102e-20
1.664491390479344091e+03 -1.213236538370709693e-17 1.549125050998351534e-20
1.665658777154464588e+03 -1.374137057842402727e-17 1.019671394544500800e-20
1.665708736190053969e+03 -1.380312600191703809e-17 9.768925572712140521e-21
1.666826163829585084e+03 -1.518440146927292395e-17 9.568568530864641230e-21
1.667993550504705581e+03 -1.584962616480523541e-17 1.017412717770198339e-20
1.668805476768270182e+03 -1.518440146927292395e-17 9.005811926249608722e-21
1.669160937179826078e+03 -1.518440146927292395e-17 1.215832070175392228e-20
1.670328323854946575e+03 -1.584962616480523541e-17 1.201224051624873861e-20
1.671495710530067072e+03 -1.769625666822586765e-17 1.065284599580469721e-20
1.671902217346486395e+03 -1.742697592174350132e-17 7.903654615752973242e-21
1.672663097205187569e+03 -1.692295039692683198e-17 1.084370683675315338e-20
1.673830483880308066e+03 -1.784314914739453652e-17 1.329426226702214358e-20
1.674997870555428563e+03 -2.002680440882282538e-17 1.284301809637020265e-20
1.674998957924702609e+03 -2.003036834656216445e-17 1.283105902053505735e-20
1.676165257230549059e+03 -2.385300315592308896e-17 1.036152154817396339e-20
1.677332643905669556e+03 -2.340260770881905050e-17 1.109108403364642353e-20
1.678095698502918822e+03 -2.278043159327444367e-17 8.259044347367145993e-21
1.678500030580790053e+03 -2.245074804178272807e-17 1.118543716475000124e-20
1.679667417255910550e+03 -2.549753801448892355e-17 1.352088702807964946e-20
1.680834803931031047e+03 -2.021814102831842277e-17 1.900851864677166989e-20
1.681192439081135035e+03 -2.021814102831842277e-17 1.388364974319984206e-20
1.682002190606151544e+03 -2.021814102831842277e-17 1.419351369227003815e-20
1.683169577281272041e+03 -1.962723826735525273e-17 1.390688650859247667e-20
1.684289179659351248e+03 -1.962723826735525273e-17 1.853864310418732399e-20
1.684336963956392538e+03 -1.962723826735525273e-17 1.932075208726257305e-20
1.685504350631513034e+03 -2.021814102831842277e-17 1.734582669777977201e-20
1.686671737306633531e+03 -2.281609589039090059e-17 1.294482810737073059e-20
1.687385920237567461e+03 -2.934964433238502006e-17 8.722508548150173883e-21
1.687839123981754028e+03 -3.349568156673603812e-17 1.165339562483574445e-20
1.689006510656874525e+03 -3.699461637468911009e-17 1.091183504199558592e-20
1.690173897331995022e+03 -3.673153753374407525e-17 1.143404644004344902e-20
1.690482660815783674e+03 -3.888941410181208458e-17 9.141724321758845798e-21
1.691341284007115519e+03 -4.489013417572871370e-17 1.355087602217346492e-20
1.692508670682236016e+03 -4.518475146622675836e-17 1.326111439059886549e-20
1.693579401393999888e+03 -4.126252882289748842e-17 1.036025545921792976e-20
1.693676057357356513e+03 -4.090846569709528082e-17 1.123187327551909888e-20
1.694843444032477009e+03 -4.696763898890769797e-17 1.309531376638475355e-20
1.696010830707597506e+03 -5.196793739831732542e-17 1.419823935733961769e-20
1.696676141972216101e+03 -3.618183856263532170e-17 1.378447354807802999e-20
1.697178217382718003e+03 -4.090846569709528082e-17 2.168413316635395095e-20
1.698345604057838500e+03 -3.453886529841385055e-17 1.402195805647366805e-20
1.699512990732958997e+03 -4.813662261107528461e-17 1.220573884060685454e-20
1.699772882550432314e+03 -4.562863160477539614e-17 9.988962247378219700e-21
1.700680377408079494e+03 -3.687117986730741933e-17 1.402527358906772358e-20
1.701847764083199991e+03 -5.873976827647725473e-17 1.184832834353627424e-20
1.702869623128648527e+03 -6.062119618008466907e-17 1.088802428078612422e-20
1.703015150758320488e+03 -6.088913840367486140e-17 1.232365506736111251e-20
1.704182537433440984e+03 -6.047334297491777220e-17 1.148004205099995413e-20
1.705349924108561481e+03 -6.254972053328218879e-17 1.150666966186402833e-20
1.705966363706864740e+03 -6.615442439727608080e-17 8.733769611734576506e-21
1.706517310783681978e+03 -6.937615303234261199e-17 1.295359054984827879e-20
1.707684697458802475e+03 -7.151036401709987006e-17 1.274889233628729588e-20
1.708852084133922972e+03 -7.127932398644471960e-17 1.282067959458832424e-20
1.709063104285080954e+03 -6.688765108304380624e-17 1.091866177310103604e-20
1.710019470809043469e+03 -4.698410650929649172e-17 1.650428653068449670e-20
1.711186857484163966e+03 -1.747198886620407435e-18 1.352335800773921079e-20
1.712159844863297167e+03 -2.856549451992808889e-19 2.605887826467553207e-20
1.712354244159284463e+03 2.271482783791945559e-17 8.527352966738378431e-17
1.715256585441513380e+03 -1.747198886620407435e-18 9.146184572866078412e-17
1.718353326019729593e+03 -1.834617693085923742e-17 8.494189530682017403e-17
1.721450066597945806e+03 3.155079369190662631e-17 8.358418272382659169e-17
1.724546807176162019e+03 -1.045120756382878736e-16 7.945194606207011905e-17
1.727643547754378233e+03 -8.027318734726669389e-17 7.862984455141694418e-17
1.730740288332594446e+03 6.994568806033280032e-19 7.925508290137746049e-17
1.733837028910810659e+03 -3.308475718583440011e-17 7.582553284615573459e-17
1.736933769489026872e+03 7.235242677558662867e-17 7.665338915215340518e-17
1.740030510067243085e+03 -2.259895533608014565e-18 7.423596887002552981e-17
1.743127250645459299e+03 -8.083774395733528630e-17 7.066787733606983277e-17
1.746223991223675512e+03 -6.059695118980257432e-17 6.906610245611482259e-17
1.749320731801891725e+03 -8.767127377173965822e-17 6.661521171896282982e-17
1.752417472380107938e+03 -1.127446901342360315e-17 6.794036180079439083e-17
1.755514212958324151e+03 -1.059976676321584937e-16 6.402670140294553997e-17
1.758610953536540364e+03 5.476183087996522942e-17 6.694780078112172116e-17
1.761707694114756578e+03 3.017372860970172832e-17 6.499062103070229739e-17
1.764804434692972791e+03 -1.043062966354343892e-17 6.218335346856486851e-17
1.767901175271189004e+03 5.117773048070592881e-17 6.291270798217396098e-17
1.770997915849405217e+03 -1.423347021045394221e-17 6.029324479077431417e-17
1.774094656427621430e+03 3.554097202466132074e-17 6.014702113695254196e-17
1.777191397005837644e+03 2.174629355778921248e-17 5.923850428271452796e-17
1.780288137584053857e+03 -1.051620783024494042e-16 5.502059695558195232e-17
1.783384878162270070e+03 -4.411684913997733567e-17 5.583813359144024185e-17
1.786481618740486283e+03 -1.974611031985715379e-18 5.649958766137246221e-17
1.789578359318702496e+03 -2.054724925072350465e-17 5.321979324037117760e-17
1.792675099896918709e+03 1.179868802488550374e-16 5.751870826717168675e-17
1.795771840475134923e+03 4.369619533329391843e-17 5.467720319462368634e-17
1.798868581053351136e+03 -2.069262880196225992e-17 5.229170403493773890e-17
1.801965321631567349e+03 7.176631388342038138e-17 5.328160044957236149e-17
1.805062062209783562e+03 7.040428366632135807e-17 5.245749461023892686e-17
1.808158802787999775e+03 -5.055735995809650664e-17 4.878178622094881020e-17
1.811255543366215988e+03 3.355022267908656889e-17 4.983131363458641846e-17
1.814352283944432202e+03 9.725421731739066403e-17 5.043513748566223735e-17
1.817449024522648415e+03 5.112951650845072347e-19 4.728299708990224357e-17
1.820545765100864628e+03 -1.327729344165390295e-18 4.647120756583084762e-17
1.823642505679080841e+03 1.378493309981570028e-17 4.689509316178650441e-17
1.826739246257297054e+03 5.730197032172702694e-17 4.700879582410507801e-17
1.829835986835513268e+03 1.358216130589594114e-16 4.877345751278450948e-17
1.832932727413729481e+03 -1.125651646280821951e-17 4.388874076838109183e-17
1.836029467991945694e+03 -3.016490042643993177e-18 4.404012017184906475e-17
1.839126208570161907e+03 3.467966212692599298e-17 4.346608124198430159e-17
1.842222949148378120e+03 8.880665851538985051e-17 4.425190167807064400e-17
1.845319689726594333e+03 4.912341429316925716e-17 4.350677755310162147e-17
1.848416430304810547e+03 -1.589023810236195814e-17 4.160311441884352772e-17
1.851513170883026760e+03 1.443221247511117979e-17 4.183577485163826582e-17
1.854609911461242973e+03 1.073811127715424652e-17 4.131923229443524336e-17
1.857706652039459186e+03 3.197011030568796144e-17 4.080022562337500929e-17
1.860803392617675399e+03 6.601321306303607301e-17 4.168799018450644662e-17
1.863900133195891613e+03 -1.958428269094899438e-17 3.887704134570821570e-17
1.866996873774107826e+03 -4.459687678782773443e-17 3.847494652062830719e-17
1.870093614352324039e+03 1.227766429698456157e-17 4.007835338435222521e-17
1.873190354930540252e+03 -1.784357133420373190e-18 3.843234364537776603e-17
1.876287095508756465e+03 9.814593403390469298e-18 3.751311070489421080e-17
1.879383836086972678e+03 7.271798363963851415e-17 3.978637125568712801e-17
1.882480576665188892e+03 2.601128421598322076e-17 3.791813709772047179e-17
1.885577317243405105e+03 -2.806029973440856151e-17 3.610202531770886961e-17
1.888674057821621318e+03 -3.344208564135801818e-17 3.560464408060117518e-17
1.891770798399837531e+03 -2.237655340386494385e-17 3.516314174573632367e-17
1.894867538978053744e+03 9.140319167603655526e-17 3.812123604847402154e-17
1.897964279556269958e+03 4.675594456507198977e-18 3.576349118665265206e-17
1.901061020134486171e+03 -1.927953140087079627e-18 3.516884934151990270e-17
1.904157760712702384e+03 3.714861147396134033e-17 3.506293080516322048e-17
1.907254501290918597e+03 2.229758052885042304e-17 3.406377383039949305e-17
1.910351241869134810e+03 3.210655440921688219e-17 3.455102725295696181e-17
1.913447982447351023e+03 -1.386747975356446939e-17 3.282442289856153978e-17
1.916544723025567237e+03 1.739393387055773374e-17 3.387569632082628001e-17
1.919641463603783450e+03 7.451296161836961777e-17 3.455652078359751940e-17
1.922738204181999663e+03 6.511397376754712506e-17 3.385506492808025190e-17
1.925834944760215876e+03 7.437568730528164180e-17 3.391505477439914351e-17
1.928931685338432089e+03 6.563984146764823654e-17 3.367681224744126954e-17
1.932028425916648303e+03 -3.457173164118083688e-18 3.111845275073578001e-17
1.935125166494864516e+03 5.106801985277373292e-17 3.319721588497696095e-17
1.938221907073080729e+03 4.766331981181053876e-17 3.238144353789023620e-17
1.941318647651296942e+03 7.926951162193295287e-18 3.155409230536181482e-17
1.944415388229513155e+03 2.099526527640741146e-17 3.195313242734861327e-17
1.947512128807729368e+03 3.168245029999898943e-17 3.126594814031016620e-17
1.950608869385945582e+03 1.580872740043369528e-17 3.085936487942025118e-17
1.953705609964161795e+03 4.459505483117764308e-17 3.148065344844355445e-17
1.956802350542378008e+03 3.268638502489437791e-17 3.063699541161839641e-17
1.959899091120594221e+03 6.451362288497256565e-17 3.099823234821433873e-17
1.962995831698810434e+03 4.121648632225146099e-17 3.004397158886917053e-17
1.966092572277026647e+03 8.313758026872728953e-17 3.165813487498291624e-17
1.969189312855242861e+03 6.323966619144158943e-17 3.080481209127829559e-17
1.972286053433459074e+03 6.551268502384884367e-17 3.025418355949848250e-17
1.975382794011675287e+03 2.353557641412773543e-17 2.899940825120848652e-17
1.978479534589891500e+03 4.133394629650477652e-17 2.931722939987963834e-17
1.981576275168107713e+03 1.887810275284532837e-17 2.868830406034663867e-17
1.984673015746323927e+03 5.148050500146416004e-18 2.821637711707375071e-17
1.987769756324540140e+03 1.479374261943889683e-17 2.797341551226132697e-17
1.990866496902756353e+03 7.339910925358041007e-17 2.837930102372626356e-17
1.993963237480972566e+03 1.284676040337236435e-16 3.021499095811171204e-17
1.997059978059188779e+03 4.846332476623477273e-17 2.820086868406954945e-17
2.000156718637404992e+03 2.675296233540266518e-17 2.700912769536621057e-17
2.003253459215621206e+03 2.346251206665469132e-17 2.637053769860104171e-17
2.006350199793837419e+03 2.462932986665570690e-17 2.637802628022992108e-17
2.009446940372053632e+03 1.816028693108291937e-17 2.602541640167557158e-17
2.012543680950269845e+03 4.561633109636106361e-18 2.575975797440492062e-17
2.015640421528486058e+03 2.478434784523585612e-17 2.564468218311078458e-17
2.018737162106702272e+03 4.140968275945824313e-17 2.593796548679125377e-17
2.021833902684918485e+03 5.047991753540580199e-17 2.582892540086410157e-17
2.024930643263134698e+03 3.142373558685760760e-17 2.476120929867254465e-17
2.028027383841350911e+03 -9.512970266200130399e-18 2.330963507975765956e-17
2.031124124419567124e+03 2.408799228859538297e-17 2.444164354825988221e-17
2.034220864997783337e+03 1.718658363956588636e-17 2.425326394106384669e-17
2.037317605575999551e+03 3.172124304709948516e-17 2.463708493876146676e-17
2.040414346154215764e+03 6.911977630598808762e-18 2.349418617963462291e-17
2.043511086732431977e+03 2.797025635239339818e-17 2.416896696403007255e-17
2.046607827310648190e+03 4.759517844535717483e-18 2.301584786808913087e-17
2.049704567888864403e+03 -7.096125656484502170e-18 2.288689972292840690e-17
2.052801308467080617e+03 3.548529716828204869e-17 2.382365668163090420e-17
2.055898049045296830e+03 3.239813343842106016e-17 2.336289154451858040e-17
2.058994789623513043e+03 4.831858473132123947e-18 2.242640955840198314e-17
2.062091530201729256e+03 1.906187944939249470e-17 2.240220942542026118e-17
2.065188270779945469e+03 3.470913773378150756e-17 2.284077864657752211e-17
2.068285011358161682e+03 2.348569928200318610e-17 2.256539146088976047e-17
2.071381751936377896e+03 -1.046194508090543361e-17 2.101578965861050602e-17
2.074478492514594109e+03 8.696764137209697701e-18 2.129144150200205306e-17
2.077575233092810322e+03 -9.977527973489717289e-18 2.089508177831185109e-17
2.080671973671026535e+03 -1.760649844867069544e-17 2.060364053547884950e-17
2.083768714249242748e+03 -9.986307645971505192e-18 2.051877337732676322e-17
2.086865454827458962e+03 3.755738546429516349e-17 2.161833771145673653e-17
2.089962195405675175e+03 -1.259998203431086133e-17 1.994147806059643645e-17
2.093058935983891388e+03 1.707061902853514261e-17 2.027274701236266619e-17
2.096155676562107601e+03 3.551159003437224747e-17 2.069688162067421144e-17
2.099252417140323814e+03 1.051209434306363720e-17 1.993771985307777265e-17
2.102349157718540027e+03 5.064179492838101225e-17 2.100860435639886635e-17
2.105445898296756241e+03 4.963208465374517111e-18 1.918136896655796138e-17
2.108542638874972454e+03 4.187704750092602159e-17 2.061302226041291150e-17
2.111639379453188667e+03 -5.420266310756366970e-18 1.877302315176527616e-17
2.114736120031404880e+03 5.954988283698706608e-17 2.041111627306434934e-17
2.117832860609621093e+03 1.357629883964949145e-17 1.879447229290395032e-17
2.120929601187837306e+03 -4.364984877745055441e-18 1.833745652237575004e-17
2.124026341766053520e+03 3.023559335374993872e-17 1.924980438663521129e-17
2.127123082344269733e+03 5.221183369524493486e-17 1.972342831259616351e-17
2.130219822922485946e+03 4.129866790848711589e-17 1.922559239251385769e-17
2.133316563500702159e+03 4.913686636123999948e-17 1.941195913235104708e-17
2.136413304078918372e+03 3.049409766360401924e-17 1.864411289540484846e-17
2.139510044657134586e+03 5.850547675446281939e-17 1.930947141084315122e-17
2.142606785235350799e+03 1.377466691673835255e-17 1.825642932438642113e-17
2.145703525813567012e+03 7.113790628228571947e-18 1.771707847175808778e-17
2.148800266391783225e+03 2.272737241466544310e-17 1.815271865034823102e-17
2.151897006969999438e+03 3.602179112481345243e-17 1.839661424147758511e-17
2.154993747548215651e+03 4.588992799116972188e-17 1.839228935009356499e-17
2.158090488126431865e+03 3.018538105584620413e-17 1.789924554259205743e-17
2.161187228704648078e+03 5.728548249646681762e-17 1.848659886948828228e-17
2.164283969282864291e+03 6.410150898295903981e-17 1.849425015677496074e-17
2.167380709861080504e+03 4.576308890877143521e-17 1.811126657322222509e-17
2.170477450439296717e+03 2.003099076062760060e-17 1.713621229675520841e-17
2.173574191017512931e+03 2.114820530546950086e-17 1.699568785619451433e-17
2.176670931595729144e+03 5.803834888956008291e-18 1.677531459340150738e-17
2.179767672173945357e+03 2.812689651732398052e-17 1.712482078334930917e-17
2.182864412752161570e+03 1.820629432272674167e-17 1.670374574990356056e-17
2.185961153330377783e+03 1.616234293256429763e-17 1.653291701267430022e-17
2.189057893908593996e+03 2.330996904420860456e-17 1.672518134666901338e-17
2.192154634486810210e+03 3.055825682239404347e-17 1.671050933719230541e-17
2.195251375065026423e+03 5.020742377785011972e-17 1.706747161686917336e-17
2.198348115643242636e+03 2.594964163889289989e-17 1.648195377757055426e-17
2.201444856221458849e+03 3.235573499504272508e-17 1.652558016761143805e-17
2.204541596799675062e+03 5.374085829426290638e-17 1.692138120033879038e-17
2.207638337377891276e+03 3.192647650557818362e-17 1.631314786450910388e-17
2.210735077956107489e+03 2.204771887845117942e-17 1.620728559565108746e-17
2.213831818534323702e+03 1.387279544836633640e-17 1.588622250743632988e-17
2.216928559112539915e+03 4.742663983030014550e-17 1.640714110690833995e-17
2.220025299690756128e+03 2.332424324820314314e-17 1.568787538281197920e-17
2.223122040268972341e+03 3.384961074573085994e-17 1.592096080558233874e-17
2.226218780847188555e+03 5.224141728058109090e-17 1.625229534984017499e-17
2.229315521425404768e+03 5.474100336147798716e-17 1.606420135842815582e-17
2.232412262003620981e+03 2.230977685912828425e-17 1.535604566677502754e-17
2.235509002581837194e+03 3.770607903172070351e-17 1.571834646586369928e-17
2.238605743160053407e+03 2.514377366345260515e-17 1.531692600761649687e-17
2.241702483738269621e+03 2.180486691948806652e-17 1.520163462317628562e-17
2.244799224316485834e+03 5.281895185295453483e-17 1.567520439713430954e-17
2.247895964894702047e+03 1.613749561326689259e-17 1.463663636660112750e-17
2.250992705472918260e+03 4.676243073792918025e-17 1.593590904838696100e-17
2.254089446051134473e+03 4.737910705940853749e-17 1.568410620899892675e-17
2.257186186629350686e+03 1.838289737727365637e-17 1.475604427660227200e-17
2.260282927207566900e+03 4.895635491155810583e-17 1.539863496931192769e-17
2.263379667785783113e+03 1.851060779414772042e-17 1.491464284056908923e-17
2.266476408363999326e+03 1.006810202776149146e-17 1.474211366843259144e-17
2.269573148942215539e+03 3.949785868515445461e-17 1.523547337031269869e-17
2.272669889520431752e+03 6.008245378443160573e-17 1.546729059735572801e-17
2.275766630098647965e+03 5.208686613526023957e-17 1.525921384943010260e-17
2.278863370676864179e+03 4.491446018005946488e-17 1.490325301828896327e-17
2.281960111255080392e+03 8.888123035505734991e-18 1.390396207587094954e-17
2.285056851833296605e+03 3.313883024995520817e-17 1.484813674900232567e-17
2.288153592411512818e+03 2.911388810627099632e-17 1.458509013302433850e-17
2.291250332989729031e+03 1.167303427018510481e-17 1.377758682563041505e-17
2.294347073567945245e+03 3.652215743081108656e-17 1.453557751875210128e-17
2.297443814146161458e+03 5.243749387134325275e-17 1.504052801705053630e-17
2.300540554724377671e+03 2.741263553163154008e-17 1.437364693953077528e-17
2.303637295302593884e+03 3.490644622754179748e-17 1.442486588885159293e-17
2.306734035880810097e+03 5.818561629404089916e-17 1.509654069252011341e-17
2.309830776459026310e+03 2.420631808438677223e-17 1.391469108642618191e-17
2.312927517037242524e+03 2.939739552280850670e-17 1.410533776086504252e-17
2.316024257615458737e+03 1.927291783772277511e-17 1.379144512317196524e-17
2.319120998193674950e+03 8.399523098614768567e-18 1.332530084501097163e-17
2.322217738771891163e+03 4.835929309860645451e-17 1.443867895292270355e-17
2.325314479350107376e+03 3.528590793460741561e-17 1.416045259119835454e-17
2.328411219928323590e+03 3.414119060057940547e-17 1.392718852886061908e-17
2.331507960506539803e+03 5.046383806450180456e-17 1.434697931580494989e-17
2.334604701084756016e+03 3.491396111500370478e-17 1.398169226219347813e-17
2.337701441662972229e+03 3.152938588889165191e-17 1.384148738426134227e-17
2.340798182241188442e+03 2.536547195987733966e-17 1.384682943674844198e-17
2.343894922819404655e+03 1.058191782197513214e-17 1.327918690067113801e-17
2.346991663397620869e+03 1.602325768003251233e-17 1.345080551419796992e-17
2.350088403975837082e+03 5.265830618710061184e-17 1.438605097418831257e-17
2.353185144554053295e+03 6.873209348856713489e-17 1.449475332554218252e-17
2.356281885132269508e+03 5.637003945166550596e-17 1.427461690622024841e-17
2.359378625710485721e+03 6.786975433890788920e-17 1.447762276581719268e-17
2.362475366288701935e+03 6.366468410858530616e-17 1.451213913610495709e-17
2.365572106866918148e+03 4.979027723083417895e-17 1.409300683203537716e-17
2.368668847445134361e+03 2.887288391047752377e-17 1.346400092819514371e-17
2.371765588023350574e+03 1.558857711483797721e-17 1.320845514814421292e-17
2.374862328601566787e+03 2.551366237156046914e-17 1.353597302437442949e-17
2.377959069179783000e+03 4.601583988675113796e-17 1.398039314712351901e-17
2.381055809757999214e+03 4.359079579529991620e-17 1.380754638063661781e-17
2.384152550336215427e+03 2.965435668873028344e-17 1.326356793624823780e-17
2.387249290914431640e+03 5.333122374896472225e-17 1.398419212356959805e-17
2.390346031492647853e+03 5.284292695710105847e-17 1.372870653480966524e-17
2.393442772070864066e+03 3.185009732185457721e-17 1.342555749000273838e-17
2.396539512649080280e+03 5.170935955903223703e-17 1.390233666314702499e-17
2.399636253227296493e+03 5.750555508006942702e-17 1.388699460674625465e-17
2.402732993805512706e+03 7.769186055261382408e-17 1.432682391083218970e-17
2.405829734383728919e+03 5.263727526475087278e-17 1.368225977219741419e-17
2.408926474961945132e+03 7.372473644600130797e-17 1.424605914891977195e-17
2.412023215540161345e+03 5.209577195339839135e-17 1.370966097569539822e-17
2.415119956118377559e+03 5.013648957918454442e-17 1.350956484223480110e-17
2.418216696696593772e+03 5.176847110906330529e-17 1.365774985223241911e-17
2.421313437274809985e+03 3.908874531468443152e-17 1.334816997989398816e-17
2.424410177853026198e+03 6.924887478632878670e-17 1.411039036102365729e-17
2.427506918431242411e+03 6.890970420209555482e-17 1.384319052669469524e-17
2.430603659009458624e+03 5.327621958339295049e-17 1.349185146332525371e-17
2.433700399587674838e+03 4.252898081792837393e-17 1.328600079018747655e-17
2.436797140165891051e+03 5.288586143407210793e-17 1.352924526462883564e-17
2.439893880744107264e+03 3.569290891824229480e-17 1.290106992341985223e-17
2.442990621322323477e+03 6.777469853376508518e-17 1.394987858867258385e-17
2.446087361900539690e+03 4.780748311821469072e-17 1.304424976704006912e-17
2.449184102478755904e+03 6.185674273934752614e-17 1.370923727522958995e-17
2.452280843056972117e+03 6.950841817360129711e-17 1.384122784256457799e-17
2.455377583635188330e+03 2.627020071859567218e-17 1.265641714461867512e-17
2.458474324213404543e+03 3.899553094555642925e-17 1.295781326917697807e-17
2.461571064791620756e+03 6.799734951917836182e-17 1.359799026264129891e-17
2.464667805369836969e+03 6.380185865775337363e-17 1.355275347912543351e-17
2.467764545948053183e+03 6.209899704906977271e-17 1.342715560761302262e-17
2.470861286526269396e+03 4.948187101038248385e-17 1.292884559078207315e-17
2.473958027104485609e+03 6.810991081589045037e-17 1.348016050317375088e-17
2.477054767682701822e+03 6.341556555056609274e-17 1.370875388771830574e-17
2.480151508260918035e+03 6.706786058369629204e-17 1.340712335374121940e-17
2.483248248839134249e+03 5.106836944585422413e-17 1.302771004948063636e-17
2.486344989417350462e+03 5.868787768761700596e-17 1.326986876181735362e-17
2.489441729995566675e+03 4.425187322970916228e-17 1.288641914635152222e-17
2.492538470573782888e+03 4.012913419383294096e-17 1.277279109248407122e-17
2.495635211151999101e+03 6.198172399297030130e-17 1.328389651334579012e-17
2.498731951730215314e+03 6.278668694585647074e-17 1.307974762606191296e-17
2.501828692308431528e+03 4.910597961573499490e-17 1.288680009149872826e-17
2.504925432886647741e+03 7.231505947839271948e-17 1.352465355105874989e-17
2.508022173464863954e+03 5.682788982548151111e-17 1.310835222204533265e-17
2.511118914043080167e+03 3.700211379499609481e-17 1.257918357779340841e-17
2.514215654621296380e+03 5.786743596974170394e-17 1.311025719427521227e-17
2.517312395199512594e+03 4.402272952782591229e-17 1.243490224574159406e-17
2.520409135777728807e+03 5.894832021302747049e-17 1.305686562956933375e-17
2.523505876355945020e+03 5.941782118853784758e-17 1.304511323914431108e-17
2.526602616934161233e+03 5.861748430066524326e-17 1.276226408033568495e-17
2.529699357512377446e+03 6.032751694862918509e-17 1.296335585550908406e-17
2.532796098090593659e+03 6.482321930497211324e-17 1.306819500335045448e-17
2.535892838668809873e+03 4.506833896918777119e-17 1.258807982793628845e-17
2.538989579247026086e+03 6.501263056606894971e-17 1.323790111515473847e-17
2.542086319825242299e+03 4.571101303787386020e-17 1.246214599883948854e-17
2.545183060403458512e+03 7.963356497965384576e-17 1.340293693414868981e-17
2.548279800981674725e+03 4.496452565798408620e-17 1.255495093393641581e-17
2.551376541559890939e+03 4.206719960786236298e-17 1.235747493089805016e-17
2.554473282138107152e+03 3.922396460935489679e-17 1.209345236689770320e-17
2.557570022716323365e+03 5.076492442565109359e-17 1.240239981471254121e-17
2.560666763294539578e+03 4.641224070255913002e-17 1.241458530926334813e-17
2.563763503872755791e+03 5.681020911170493222e-17 1.275815385416005635e-17
2.566860244450972004e+03 7.100050608724803841e-17 1.300983797101524876e-17
2.569956985029188218e+03 5.607565226708528996e-17 1.255268370075832323e-17
2.573053725607404431e+03 5.232190150734060389e-17 1.251562812250422225e-17
2.576150466185620644e+03 8.546405079973430294e-17 1.316833880387905675e-17
2.579247206763836857e+03 5.882078471183367829e-17 1.255115614761198673e-17
2.582343947342053070e+03 2.493543828028471455e-17 1.171988041004085367e-17
2.585440687920269283e+03 4.092190045436706058e-17 1.228092632992070680e-17
2.588537428498485497e+03 3.662303559857405917e-17 1.191327099105720614e-17
2.591634169076701710e+03 6.146816482380382558e-17 1.275570232032014876e-17
2.594730909654917923e+03 3.466378207359777495e-17 1.190413264684203404e-17
2.597827650233134136e+03 4.585623239659688425e-17 1.236645391114623801e-17
2.600924390811350349e+03 5.956743746702483024e-17 1.235945116994015138e-17
2.604021131389566563e+03 7.319709483650371274e-17 1.292047069797182064e-17
2.607117871967782776e+03 4.945610711476396011e-17 1.234117712502266285e-17
2.610214612545998989e+03 6.439517380008553315e-17 1.269178224826468660e-17
2.613311353124215202e+03 5.870556967329093174e-17 1.250343297428451049e-17
2.616408093702431415e+03 6.551076280770895362e-17 1.276266281233001862e-17
2.619504834280647628e+03 6.396053500137532752e-17 1.278412185329226306e-17
2.622601574858863842e+03 8.030438149875616185e-17 1.321739567005200449e-17
2.625698315437080055e+03 5.376437813824773983e-17 1.235946739546430597e-17
2.628795056015296268e+03 6.036836196313854830e-17 1.260572313284851384e-17
2.631891796593512481e+03 8.611789958790375001e-17 1.311147578411788190e-17
2.634988537171728694e+03 6.137220799868944927e-17 1.245297548890062569e-17
2.638085277749944908e+03 5.099183305778168642e-17 1.248210631066706562e-17
2.641182018328161121e+03 4.573573005317396742e-17 1.234673494312366395e-17
2.644278758906377334e+03 5.374274107053232457e-17 1.225784358293619863e-17
2.647375499484593547e+03 7.067418596921290680e-17 1.264750187709051950e-17
2.650472240062809760e+03 5.696297368905436875e-17 1.244692175692290095e-17
2.653568980641025973e+03 4.941788649345641804e-17 1.214393975532586267e-17
2.656665721219242187e+03 6.011885226550106331e-17 1.248503465796101185e-17
2.659762461797458400e+03 8.372368812757912819e-17 1.311426254351697433e-17
2.662859202375674613e+03 7.049880748420769935e-17 1.275114219655730956e-17
2.665955942953890826e+03 5.443998919627977050e-17 1.229687326791324928e-17
2.669052683532107039e+03 8.017672237651016249e-17 1.282017609300686398e-17
2.672149424110323253e+03 8.015618197129137166e-17 1.326195238324115201e-17
2.675246164688539466e+03 8.077955123040898217e-17 1.312168990480460347e-17
2.678342905266755679e+03 8.603422816893590905e-17 1.314443517302758210e-17
2.681439645844971892e+03 5.720368487814978334e-17 1.260999395951106978e-17
2.684536386423188105e+03 4.787223351335523792e-17 1.233515125069119927e-17
2.687633127001404318e+03 8.531045648304826312e-17 1.316112695026078913e-17
2.690729867579620532e+03 6.611934477251045873e-17 1.289124923270847311e-17
2.693826608157836745e+03 9.380087497548997428e-17 1.340991057776534265e-17
2.696923348736052958e+03 1.021972457822481354e-16 1.355565782810502236e-17
2.700020089314269171e+03 7.522110683958431442e-17 1.291104651372483904e-17
2.703116829892485384e+03 7.444733382151087576e-17 1.314201449581376296e-17
2.706213570470701598e+03 6.400592070937840997e-17 1.289461291132787785e-17
2.709310311048917811e+03 8.267848271920281010e-17 1.305395606091292857e-17
2.712407051627134024e+03 7.487783736410033431e-17 1.314354478333502655e-17
2.715503792205350237e+03 6.228068571437507908e-17 1.280938336092047761e-17
2.718600532783566450e+03 9.221365558900530592e-17 1.341900808042447710e-17
2.721697273361782663e+03 6.423671090280992563e-17 1.278436934644538193e-17
2.724794013939998877e+03 1.014270971467885487e-16 1.346442047071952370e-17
2.727890754518215090e+03 9.227507551585868209e-17 1.348081912600287568e-17
2.730987495096431303e+03 7.701030671227462247e-17 1.307223953806609975e-17
2.734084235674647516e+03 7.705272670627240645e-17 1.306865208429993734e-17
2.737180976252863729e+03 9.358256284446097435e-17 1.346106965863196261e-17
2.740277716831079942e+03 8.141875060072372054e-17 1.308105855223026936e-17
2.743374457409296156e+03 8.078615038346352861e-17 1.322653088601005522e-17
2.746471197987512369e+03 5.432419545441842212e-17 1.266301639756548854e-17
2.749567938565728582e+03 7.251379554055484450e-17 1.302398677485005770e-17
2.752664679143944795e+03 5.862656413580282195e-17 1.264120067269265686e-17
2.755761419722161008e+03 7.669917295517802523e-17 1.314917310865277398e-17
2.758858160300377222e+03 8.691930970164219677e-17 1.357717085648510159e-17
2.761954900878593435e+03 6.124676378246671708e-17 1.290541133969121098e-17
2.765051641456809648e+03 7.086514536925155799e-17 1.321698427953807406e-17
2.768148382035025861e+03 6.500771437136775169e-17 1.302397775265411546e-17
2.771245122613242074e+03 8.232958053706626681e-17 1.348382324086529160e-17
2.774341863191458287e+03 6.624673033825804771e-17 1.307919737950269635e-17
2.777438603769674501e+03 6.767282254898522537e-17 1.334003637929473176e-17
2.780535344347890714e+03 6.360017694633381306e-17 1.307489232225251678e-17
2.783632084926106927e+03 5.694825985027732966e-17 1.279904177157585755e-17
2.786728825504323140e+03 5.451429507734087896e-17 1.291357001604004552e-17
2.789825566082539353e+03 5.296727390605616073e-17 1.318857709488216334e-17
2.792922306660755567e+03 6.084898525628809213e-17 1.339680429204723466e-17
2.796019047238971780e+03 5.018820803195035343e-17 1.306041631338543481e-17
2.799115787817187993e+03 5.439776040414370599e-17 1.314986739501627771e-17
2.802212528395404206e+03 5.248717353840359361e-17 1.325872266794920238e-17
2.805309268973620419e+03 5.610354877999858460e-17 1.342996633449957860e-17
2.808406009551836632e+03 7.290475389203186028e-17 1.378123525029774302e-17
2.811502750130052846e+03 6.946813992823988714e-17 1.371322991843104703e-17
2.814599490708269059e+03 5.163460166536650444e-17 1.319763193896705623e-17
2.817696231286485272e+03 6.335895018265118980e-17 1.359837378174678278e-17
2.820792971864701485e+03 8.948454227309558395e-17 1.410572399068762433e-17
2.823889712442917698e+03 9.181225860890904159e-17 1.412171653510398034e-17
2.826986453021133912e+03 8.539535399046442990e-17 1.397915325534344373e-17
2.830083193599350125e+03 7.885690802512501085e-17 1.388508297289042598e-17
2.833179934177566338e+03 9.328558295068134043e-17 1.438618527404486214e-17
2.836276674755782551e+03 7.144805547769898597e-17 1.382558642838525439e-17
2.839373415333998764e+03 8.170657001753127670e-17 1.417944189527441436e-17
2.842470155912214977e+03 8.233889145569095771e-17 1.411246332365993252e-17
2.845566896490431191e+03 7.504299189949279872e-17 1.412931141662505112e-17
2.848663637068647404e+03 8.986565227345290401e-17 1.455164838635469567e-17
2.851760377646863617e+03 7.870237971707479459e-17 1.415184832816277788e-17
2.854857118225079830e+03 7.131895800175891924e-17 1.410716021402993768e-17
2.857953858803296043e+03 1.069733152725696832e-16 1.510413523140017415e-17
2.861050599381512257e+03 1.062758909860043070e-16 1.534711167691434423e-17
2.864147339959728470e+03 7.729342582752705245e-17 1.452494613293832621e-17
2.867244080537944683e+03 6.793490841620276982e-17 1.436373475481552249e-17
2.870340821116160896e+03 8.294307672827317667e-17 1.510110025335150866e-17
2.873437561694377109e+03 9.400991247310736359e-17 1.550013196818459511e-17
2.876534302272593322e+03 7.800192221359716735e-17 1.499125641477494850e-17
2.879631042850809536e+03 7.647245460906172604e-17 1.492598166114866089e-17
2.882727783429025749e+03 8.911980581585066406e-17 1.504293868483687008e-17
2.885824524007241962e+03 9.659015053400550367e-17 1.532675451033359007e-17
2.888921264585458175e+03 1.347853474250799241e-16 1.626827693436264850e-17
2.892018005163674388e+03 7.712450103803330846e-17 1.498315680197942985e-17
2.895114745741890601e+03 9.493718339774387286e-17 1.565719768722714469e-17
2.898211486320106815e+03 7.680325387043788818e-17 1.537261957260702877e-17
2.901308226898323028e+03 1.191381638640560089e-16 1.661131740537283443e-17
2.904404967476539241e+03 8.518829228520823446e-17 1.599156243632141084e-17
2.907501708054755454e+03 6.460290919779054345e-17 1.553038405294811315e-17
2.910598448632971667e+03 6.277841349187100157e-17 1.559342465163699423e-17
2.913695189211187881e+03 1.004506528933308951e-16 1.653243211958167099e-17
2.916791929789404094e+03 1.214137229459461562e-16 1.736491737169635196e-17
2.919888670367620307e+03 8.440309650073869718e-17 1.660125751681488409e-17
2.922985410945836520e+03 1.147145024320181091e-16 1.742827885348760754e-17
2.926082151524052733e+03 8.036866882937419127e-17 1.670134132377260877e-17
2.929178892102268946e+03 6.914817632328848884e-17 1.637458740143294061e-17
2.932275632680485160e+03 9.917205716784229286e-17 1.706106697357176838e-17
2.935372373258701373e+03 1.039605869734208602e-16 1.729321593241287021e-17
2.938469113836917586e+03 8.458616492058614689e-17 1.722906138966310041e-17
2.941565854415133799e+03 9.519426094692964552e-17 1.760493574198449845e-17
2.944662594993350012e+03 5.350543745169368469e-17 1.658043317794449692e-17
2.947759335571566226e+03 9.462301413982355123e-17 1.773205403954681968e-17
2.950856076149782439e+03 9.901651054964396769e-17 1.794619293055378233e-17
2.953952816727998652e+03 9.403057746495792696e-17 1.797908563903121894e-17
2.957049557306214865e+03 7.487838832345074542e-17 1.788864680724642525e-17
2.960146297884431078e+03 1.034654738198354494e-16 1.878743649222393052e-17
2.963243038462647291e+03 9.743757417633591189e-17 1.863601411056135280e-17
2.966339779040863505e+03 5.619403933859835315e-17 1.784626387538543256e-17
2.969436519619079718e+03 6.417121023676664825e-17 1.827468481400470221e-17
2.972533260197295931e+03 8.700359604481490165e-17 1.882796430409302389e-17
2.975630000775512144e+03 7.647904605082871808e-17 1.908541814945073910e-17
2.978726741353728357e+03 7.465861052587470229e-17 1.904893215416910217e-17
2.981823481931944571e+03 1.098896681106882216e-16 2.000703404365005307e-17
2.984920222510160784e+03 1.072034371593053781e-16 2.044927043083660245e-17
2.988016963088376997e+03 5.577468322530299797e-17 1.964204835253288707e-17
2.991113703666593210e+03 7.125657003485682937e-17 2.015502226710166448e-17
2.994210444244809423e+03 6.788584826618098205e-17 2.025509109423224770e-17
2.997307184823025636e+03 6.658121145885381436e-17 2.075038376324757537e-17
3.000403925401241850e+03 9.263657807878534795e-17 2.134142613713966500e-17
3.003500665979458063e+03 9.524412496923007835e-17 2.160870563464473071e-17
3.006597406557674276e+03 6.181095990160203874e-17 2.126258605145968669e-17
3.009694147135890489e+03 6.787433239919245383e-17 2.174679521607238218e-17
3.012790887714106702e+03 8.515664602841388946e-17 2.233254685626775019e-17
3.015887628292322916e+03 6.843596686294915885e-17 2.233096107227966838e-17
3.018984368870539129e+03 8.413899117839353685e-17 2.297074983594735914e-17
3.022081109448755342e+03 6.177603158601209999e-17 2.288790477481322239e-17
3.025177850026971555e+03 8.841053308246277706e-17 2.407994727335206975e-17
3.028274590605187768e+03 1.039785386563271750e-16 2.436554504264983251e-17
3.031371331183403981e+03 9.888956333674898550e-17 2.473953555190886293e-17
3.034468071761620195e+03 9.179099888311697562e-17 2.449678835619487317e-17
3.037564812339836408e+03 1.439053722070548515e-16 2.621247547469080010e-17
3.040661552918052621e+03 7.015948428934528254e-17 2.518800777606144597e-17
3.043758293496268834e+03 1.045938983240341697e-16 2.656038908543110308e-17
3.046855034074485047e+03 1.111754697144749914e-16 2.681985150501562221e-17
3.049951774652701260e+03 8.251198207814363612e-17 2.675451677527912277e-17
3.053048515230917474e+03 6.967628577144247043e-17 2.692911171729312844e-17
3.056145255809133687e+03 9.705538842611107748e-17 2.834340646098916156e-17
3.059241996387349900e+03 1.006985932532441030e-16 2.906272337616343980e-17
3.062338736965566113e+03 1.534431349708912418e-16 3.021812523331071525e-17
3.065435477543782326e+03 9.848693355433096212e-17 2.958763540853864853e-17
3.068532218121998540e+03 4.593310917764894407e-17 2.866057995953942932e-17
3.071628958700214753e+03 1.152106648576921858e-16 3.129914598135826077e-17
3.074725699278430966e+03 9.267439640832451424e-17 3.144200895561311393e-17
3.077822439856647179e+03 3.334383488208169084e-17 3.044681036927649652e-17
3.080919180434863392e+03 6.393598456175322266e-17 3.193608793741873412e-17
3.084015921013079605e+03 5.728073084403369653e-17 3.215368564809850488e-17
3.087112661591295819e+03 7.980740701690490474e-17 3.367255284961619820e-17
3.090209402169512032e+03 4.148080063964633236e-17 3.301201957719043572e-17
3.093306142747728245e+03 7.924061628520797820e-17 3.542557714584484541e-17
3.096402883325944458e+03 4.469015201457187408e-17 3.478548058473634905e-17
3.099499623904160671e+03 7.406951919427636830e-17 3.695106975421434870e-17
3.102596364482376885e+03 5.522725934093280147e-17 3.663166834063258786e-17
3.105693105060593098e+03 7.907805836512436585e-17 3.765434524449440249e-17
3.108789845638809311e+03 1.545244611588216617e-16 4.111918523697493948e-17
3.111886586217025524e+03 9.865629879757363551e-18 3.811200231643921161e-17
3.114983326795241737e+03 1.094312683884897149e-16 4.102661611221504936e-17
3.118080067373457950e+03 7.984227679678820406e-17 4.040897278844664488e-17
3.121176807951674164e+03 1.667540618032517263e-16 4.432713336009241565e-17
3.124273548529890377e+03 8.393552685221134273e-17 4.327746942619708237e-17
3.127370289108106590e+03 6.404591461671258615e-17 4.295287531823703435e-17
3.130467029686322803e+03 1.015504914051920672e-16 4.433530242125372704e-17
3.133563770264539016e+03 1.471907638427928130e-16 4.736310987226329891e-17
3.136660510842755230e+03 1.104562524577031355e-16 4.675809442801708454e-17
3.139757251420971443e+03 8.253017424292035319e-17 4.820709976721737414e-17
