# PTF12GZK obp006010 G230L MAMA z=0.014 a2center=398.9 extrsize=11 exptime=1005.0 mode=fixed flags=low_detect,center_mismatch(399vs573)
# rest_wvl obs_wvl flux error net dq mask
1569.8275 1591.8050 -2.658826e-16 8.971238e-15 -1.505961e-04 2564 0
1571.3491 1593.3480 3.890590e-15 9.785166e-15 2.492469e-03 2564 0
1572.8708 1594.8910 -6.626995e-15 3.375289e-15 -4.837567e-03 2564 0
1574.3925 1596.4340 1.857015e-15 5.451116e-15 1.524795e-03 2564 0
1575.9141 1597.9769 4.129780e-15 4.609763e-15 3.833019e-03 2048 0
1577.4358 1599.5199 -3.904697e-16 4.307005e-15 -4.047101e-04 0 0
1578.9575 1601.0629 -1.848078e-15 3.868143e-15 -2.143448e-03 0 0
1580.4792 1602.6060 4.630795e-15 3.605790e-15 5.946250e-03 0 0
1582.0010 1604.1490 3.798270e-15 3.527123e-15 5.404426e-03 0 0
1583.5227 1605.6920 7.899476e-16 3.135766e-15 1.234060e-03 0 0
1585.0444 1607.2350 -5.288041e-15 2.066327e-15 -9.076754e-03 0 0
1586.5662 1608.7781 4.810255e-16 2.539949e-15 9.000713e-04 0 0
1588.0879 1610.3211 -2.017510e-15 2.011233e-15 -4.117743e-03 0 0
1589.6097 1611.8642 -1.552629e-15 1.880672e-15 -3.433704e-03 0 0
1591.1314 1613.4073 -2.747298e-15 1.619410e-15 -6.583801e-03 0 0
1592.6532 1614.9503 -1.758431e-15 1.586758e-15 -4.541124e-03 0 0
1594.1750 1616.4934 6.382027e-16 1.692988e-15 1.774908e-03 0 0
1595.6968 1618.0365 6.602149e-16 1.624312e-15 1.968186e-03 0 0
1597.2186 1619.5796 -1.361524e-15 1.309419e-15 -4.345473e-03 0 0
1598.7404 1621.1227 -2.328952e-15 1.072063e-15 -7.927077e-03 0 0
1600.2622 1622.6658 -4.476063e-17 1.262037e-15 -1.622097e-04 0 0
1601.7840 1624.2090 9.454306e-16 1.295777e-15 3.635922e-03 0 0
1603.3058 1625.7521 1.524168e-16 1.142784e-15 6.208496e-04 0 0
1604.8277 1627.2952 7.450683e-16 1.151010e-15 3.205608e-03 0 0
1606.3495 1628.8384 -5.290670e-16 9.330244e-16 -2.399372e-03 0 0
1607.8713 1630.3815 -1.047041e-15 8.262874e-16 -4.993349e-03 0 0
1609.3932 1631.9247 4.462277e-16 9.839575e-16 2.233225e-03 0 0
1610.9151 1633.4679 -9.762572e-16 7.581852e-16 -5.116812e-03 0 0
1612.4370 1635.0111 5.926371e-16 9.125036e-16 3.246522e-03 0 0
1613.9588 1636.5543 -6.230332e-16 7.217938e-16 -3.560922e-03 0 0
1615.4807 1638.0975 -8.646676e-16 6.710236e-16 -5.146429e-03 0 0
1617.0026 1639.6407 1.347179e-15 8.723972e-16 8.337003e-03 0 0
1618.5245 1641.1839 6.344811e-16 8.035054e-16 4.075537e-03 0 0
1620.0465 1642.7271 -2.924379e-16 6.484913e-16 -1.947082e-03 0 0
1621.5684 1644.2703 2.716092e-16 7.165288e-16 1.871597e-03 0 0
1623.0903 1645.8136 -4.802899e-16 5.877011e-16 -3.421066e-03 0 0
1624.6122 1647.3568 -2.942282e-16 5.904703e-16 -2.163486e-03 0 0
1626.1342 1648.9001 5.820491e-16 6.554019e-16 4.413450e-03 0 0
1627.6562 1650.4433 -9.841798e-16 4.743172e-16 -7.686623e-03 0 0
1629.1781 1651.9866 -1.173315e-16 5.529218e-16 -9.429102e-04 0 0
1630.7001 1653.5299 -1.110607e-15 4.173522e-16 -9.174258e-03 0 0
1632.2221 1655.0732 8.168817e-16 6.282268e-16 6.930382e-03 0 0
1633.7441 1656.6165 -5.154393e-16 4.490131e-16 -4.487026e-03 0 0
1635.2661 1658.1598 -1.117162e-16 4.969269e-16 -9.971007e-04 0 0
1636.7881 1659.7031 5.564467e-16 5.632874e-16 5.087711e-03 0 0
1638.3101 1661.2464 -4.616810e-16 4.364843e-16 -4.321166e-03 0 0
1639.8321 1662.7897 3.622379e-16 5.155698e-16 3.468049e-03 0 0
1641.3541 1664.3331 -9.678642e-17 4.599385e-16 -9.472087e-04 0 0
1642.8762 1665.8764 4.085927e-16 4.968890e-16 4.084827e-03 0 0
1644.3982 1667.4198 4.333869e-16 4.924080e-16 4.423271e-03 0 0
1645.9203 1668.9631 3.440910e-16 4.698733e-16 3.583236e-03 0 0
1647.4423 1670.5065 2.883291e-16 4.618233e-16 3.061845e-03 0 0
1648.9644 1672.0499 2.800813e-16 4.533266e-16 3.031504e-03 0 0
1650.4865 1673.5933 -4.513691e-16 3.578912e-16 -4.977041e-03 0 0
1652.0085 1675.1367 -5.204520e-16 3.454328e-16 -5.843923e-03 0 0
1653.5306 1676.6801 1.944178e-16 4.191033e-16 2.222066e-03 0 0
1655.0527 1678.2235 1.723788e-16 4.112654e-16 2.004657e-03 0 0
1656.5748 1679.7669 4.738931e-16 4.318832e-16 5.605289e-03 0 0
1658.0970 1681.3103 1.924987e-16 3.986534e-16 2.315033e-03 0 0
1659.6191 1682.8538 2.343860e-16 4.095285e-16 2.864868e-03 0 0
1661.1412 1684.3972 6.372405e-16 4.356624e-16 7.913760e-03 0 0
1662.6634 1685.9407 5.368662e-16 4.240790e-16 6.771594e-03 0 0
1664.1855 1687.4841 1.062340e-16 3.679871e-16 1.360532e-03 0 0
1665.7077 1689.0276 -1.059129e-16 3.465008e-16 -1.376763e-03 0 0
1667.2298 1690.5711 4.340572e-16 3.886367e-16 5.725440e-03 0 0
1668.7520 1692.1145 5.248855e-16 3.951487e-16 7.023122e-03 0 0
1670.2742 1693.6580 -2.917439e-16 3.008035e-16 -3.958849e-03 0 0
1671.7964 1695.2015 1.022814e-16 3.428137e-16 1.407099e-03 0 0
1673.3186 1696.7450 -1.543468e-16 3.122923e-16 -2.152262e-03 0 0
1674.8408 1698.2886 -2.091705e-16 2.983790e-16 -2.955527e-03 0 0
1676.3630 1699.8321 2.888685e-16 3.534001e-16 4.135187e-03 0 0
1677.8852 1701.3756 5.770436e-16 3.619386e-16 8.365742e-03 0 0
1679.4074 1702.9192 -2.076934e-16 2.916350e-16 -3.048865e-03 0 0
1680.9297 1704.4627 4.562502e-16 3.446772e-16 6.780011e-03 0 0
1682.4519 1706.0063 1.830866e-16 3.238484e-16 2.753789e-03 0 0
1683.9742 1707.5498 -3.165837e-16 2.646756e-16 -4.818483e-03 0 0
1685.4964 1709.0934 1.290596e-16 3.131264e-16 1.987478e-03 0 0
1687.0187 1710.6370 -1.634973e-16 2.680415e-16 -2.546981e-03 0 0
1688.5410 1712.1806 9.751445e-17 3.052979e-16 1.536512e-03 0 0
1690.0633 1713.7242 6.699111e-17 2.959616e-16 1.067492e-03 0 0
1691.5856 1715.2678 -1.415220e-16 2.690388e-16 -2.280367e-03 0 0
1693.1079 1716.8114 1.845611e-16 3.011221e-16 3.006750e-03 0 0
1694.6302 1718.3550 5.476470e-16 3.297697e-16 9.019687e-03 0 0
1696.1525 1719.8986 4.863963e-16 3.239615e-16 8.097948e-03 0 0
1697.6748 1721.4423 7.420322e-17 2.781158e-16 1.248709e-03 0 0
1699.1972 1722.9859 -1.640225e-16 2.491386e-16 -2.789799e-03 0 0
1700.7195 1724.5296 7.023980e-17 2.728848e-16 1.207382e-03 0 0
1702.2419 1726.0732 3.073635e-16 2.966173e-16 5.339502e-03 0 0
1703.7642 1727.6169 -2.263024e-16 2.352027e-16 -3.972699e-03 0 0
1705.2866 1729.1606 -1.228701e-16 2.424193e-16 -2.179636e-03 0 0
1706.8089 1730.7043 -1.581609e-16 2.348584e-16 -2.834912e-03 0 0
1708.3313 1732.2480 1.429499e-17 2.504319e-16 2.588882e-04 0 0
1709.8537 1733.7917 1.068226e-16 2.651255e-16 1.954531e-03 0 0
1711.3761 1735.3354 -1.039560e-16 2.252030e-16 -1.921565e-03 0 0
1712.8985 1736.8791 -2.993343e-16 2.091454e-16 -5.589230e-03 0 0
1714.4209 1738.4228 2.890735e-16 2.758945e-16 5.452065e-03 0 0
1715.9434 1739.9666 2.566919e-16 2.709436e-16 4.889756e-03 0 0
1717.4658 1741.5103 -3.283046e-16 1.913113e-16 -6.315830e-03 0 0
1718.9882 1743.0541 -2.355179e-16 2.101634e-16 -4.575312e-03 0 0
1720.5107 1744.5978 2.890651e-16 2.568663e-16 5.670055e-03 0 0
1722.0331 1746.1416 1.208170e-16 2.440592e-16 2.392655e-03 0 0
1723.5556 1747.6854 -2.221728e-16 1.959159e-16 -4.441643e-03 0 0
1725.0781 1749.2292 -5.595317e-17 2.240552e-16 -1.129128e-03 0 0
1726.6005 1750.7730 2.614494e-16 2.457072e-16 5.325760e-03 0 0
1728.1230 1752.3168 1.452170e-17 2.220228e-16 2.986312e-04 0 0
1729.6455 1753.8606 -9.053473e-17 2.022386e-16 -1.879291e-03 0 0
1731.1680 1755.4044 3.458688e-16 2.539184e-16 7.246287e-03 0 0
1732.6905 1756.9482 5.323459e-16 2.678835e-16 1.125548e-02 0 0
1734.2131 1758.4920 1.136931e-16 2.220865e-16 2.425689e-03 0 0
1735.7356 1760.0359 -1.967521e-16 1.890012e-16 -4.235400e-03 0 0
1737.2581 1761.5797 5.692725e-17 2.100610e-16 1.236332e-03 0 0
1738.7807 1763.1236 1.308528e-16 2.200746e-16 2.866724e-03 0 0
1740.3032 1764.6675 3.247708e-18 2.075917e-16 7.176859e-05 0 0
1741.8258 1766.2113 -2.144305e-16 1.787654e-16 -4.779147e-03 0 0
1743.3483 1767.7552 6.888574e-17 2.101760e-16 1.548342e-03 0 0
1744.8709 1769.2991 1.789248e-16 2.201095e-16 4.055436e-03 0 0
1746.3935 1770.8430 -5.296949e-18 1.968536e-16 -1.210572e-04 0 0
1747.9161 1772.3869 -1.120383e-16 1.863060e-16 -2.581596e-03 0 0
1749.4387 1773.9308 2.038627e-18 1.942822e-16 4.735726e-05 0 0
1750.9613 1775.4748 -3.686947e-17 1.882021e-16 -8.633873e-04 0 0
1752.4839 1777.0187 2.690826e-17 1.974350e-16 6.351631e-04 0 0
1754.0065 1778.5626 9.752708e-18 1.924532e-16 2.320358e-04 0 0
1755.5292 1780.1066 -1.349197e-16 1.717699e-16 -3.235260e-03 0 0
1757.0518 1781.6505 1.964808e-16 2.095275e-16 4.748269e-03 0 0
1758.5745 1783.1945 4.247684e-16 2.280989e-16 1.034493e-02 0 0
1760.0971 1784.7385 1.019068e-16 1.934298e-16 2.501047e-03 0 0
1761.6198 1786.2825 -2.145731e-16 1.569515e-16 -5.306654e-03 0 0
1763.1424 1787.8264 -1.231275e-16 1.668507e-16 -3.068438e-03 0 0
1764.6651 1789.3704 -8.394580e-17 1.702576e-16 -2.107982e-03 0 0
1766.1878 1790.9144 1.465880e-16 1.937267e-16 3.709090e-03 0 0
1767.7105 1792.4585 -2.043272e-17 1.747281e-16 -5.209441e-04 0 0
1769.2332 1794.0025 -1.388948e-17 1.770075e-16 -3.568187e-04 0 0
1770.7559 1795.5465 -1.576700e-16 1.541191e-16 -4.081395e-03 0 0
1772.2786 1797.0905 -1.644896e-16 1.548997e-16 -4.290440e-03 0 0
1773.8014 1798.6346 -2.970188e-16 1.343486e-16 -7.806572e-03 0 0
1775.3241 1800.1786 3.096745e-16 1.986320e-16 8.201674e-03 0 0
1776.8469 1801.7227 -8.499677e-17 1.600418e-16 -2.268479e-03 0 0
1778.3696 1803.2668 1.512308e-16 1.834589e-16 4.067335e-03 0 0
1779.8924 1804.8109 4.893680e-17 1.717395e-16 1.326333e-03 0 0
1781.4151 1806.3549 -1.472507e-16 1.472579e-16 -4.021758e-03 0 0
1782.9379 1807.8990 1.900443e-17 1.653714e-16 5.230650e-04 0 0
1784.4607 1809.4431 1.404952e-16 1.781928e-16 3.896645e-03 0 0
1785.9835 1810.9873 -1.389754e-16 1.448594e-16 -3.884062e-03 0 0
1787.5063 1812.5314 -1.063431e-17 1.593873e-16 -2.994720e-04 0 0
1789.0291 1814.0755 9.531572e-17 1.678157e-16 2.704508e-03 0 0
1790.5519 1815.6196 -8.025583e-17 1.456168e-16 -2.294310e-03 0 0
1792.0747 1817.1638 1.349842e-16 1.743366e-16 3.887551e-03 0 0
1793.5976 1818.7079 3.890965e-17 1.570029e-16 1.128854e-03 0 0
1795.1204 1820.2521 7.563994e-17 1.607268e-16 2.210394e-03 0 0
1796.6433 1821.7963 -1.580571e-16 1.340816e-16 -4.651979e-03 0 0
1798.1661 1823.3404 3.806256e-17 1.551553e-16 1.128141e-03 0 0
1799.6890 1824.8846 1.180085e-16 1.619043e-16 3.521973e-03 0 0
1801.2119 1826.4288 -9.237948e-17 1.370419e-16 -2.775737e-03 0 0
1802.7347 1827.9730 -7.563864e-18 1.481192e-16 -2.287952e-04 0 0
1804.2576 1829.5172 -1.068675e-16 1.342645e-16 -3.253674e-03 0 0
1805.7805 1831.0614 -8.093008e-17 1.364369e-16 -2.479932e-03 0 0
1807.3034 1832.6057 2.719894e-16 1.758348e-16 8.387246e-03 0 0
1808.8263 1834.1499 1.325934e-16 1.575142e-16 4.114412e-03 0 0
1810.3493 1835.6941 1.629058e-17 1.431772e-16 5.086146e-04 0 0
1811.8722 1837.2384 1.696368e-16 1.602848e-16 5.328730e-03 0 0
1813.3951 1838.7827 1.826869e-16 1.611679e-16 5.773290e-03 0 0
1814.9181 1840.3269 1.263676e-16 1.503234e-16 4.017466e-03 0 0
1816.4410 1841.8712 -1.659878e-16 1.246351e-16 -5.308433e-03 0 0
1817.9640 1843.4155 1.428449e-16 1.510098e-16 4.595353e-03 0 0
1819.4870 1844.9598 3.423374e-17 1.438978e-16 1.107796e-03 0 0
1821.0099 1846.5041 -6.910440e-17 1.305591e-16 -2.249335e-03 0 0
1822.5329 1848.0484 -6.106699e-17 1.312339e-16 -1.999407e-03 0 0
1824.0559 1849.5927 -1.683462e-16 1.149189e-16 -5.544166e-03 0 0
1825.5789 1851.1370 1.291620e-16 1.473866e-16 4.277197e-03 0 0
1827.1019 1852.6813 -1.225981e-16 1.214108e-16 -4.081519e-03 0 0
1828.6249 1854.2257 2.500665e-16 1.601371e-16 8.369999e-03 0 0
1830.1480 1855.7700 3.901693e-16 1.711056e-16 1.312941e-02 0 0
1831.6710 1857.3144 9.067694e-17 1.403823e-16 3.067771e-03 0 0
1833.1940 1858.8588 -5.622263e-18 1.284900e-16 -1.912326e-04 0 0
1834.7171 1860.4031 1.543381e-16 1.500091e-16 5.277840e-03 0 0
1836.2401 1861.9475 2.985903e-16 1.608125e-16 1.026556e-02 0 0
1837.7632 1863.4919 2.717780e-16 1.556839e-16 9.393882e-03 0 0
1839.2863 1865.0363 1.262456e-16 1.406326e-16 4.386947e-03 0 0
1840.8094 1866.5807 -2.847168e-17 1.225161e-16 -9.946460e-04 0 0
1842.3325 1868.1251 -2.567388e-16 9.308397e-17 -9.016696e-03 0 0
1843.8556 1869.6695 -1.672210e-17 1.267993e-16 -5.903874e-04 0 0
1845.3787 1871.2140 3.119280e-16 1.548779e-16 1.107088e-02 0 0
1846.9018 1872.7584 -7.076261e-17 1.183199e-16 -2.524628e-03 0 0
1848.4249 1874.3029 -1.266467e-16 1.081685e-16 -4.541965e-03 0 0
1849.9480 1875.8473 1.286530e-17 1.238826e-16 4.637731e-04 0 0
1851.4712 1877.3918 1.355759e-16 1.375144e-16 4.912398e-03 0 0
1852.9943 1878.9362 2.553682e-16 1.462745e-16 9.300078e-03 0 0
1854.5175 1880.4807 -2.514190e-17 1.204605e-16 -9.202729e-04 0 0
1856.0406 1882.0252 2.144699e-16 1.435582e-16 7.889898e-03 0 0
1857.5638 1883.5697 -1.337450e-17 1.194245e-16 -4.944926e-04 0 0
1859.0870 1885.1142 -3.668499e-17 1.151546e-16 -1.363137e-03 0 0
1860.6102 1886.6587 3.310428e-17 1.227068e-16 1.236221e-03 0 0
1862.1334 1888.2032 -1.335379e-17 1.186162e-16 -5.011584e-04 0 0
1863.6566 1889.7478 1.129070e-16 1.292506e-16 4.258368e-03 0 0
1865.1798 1891.2923 2.888301e-16 1.459706e-16 1.094757e-02 0 0
1866.7030 1892.8368 -2.993776e-17 1.147007e-16 -1.140362e-03 0 0
1868.2262 1894.3814 4.480711e-17 1.206557e-16 1.715235e-03 0 0
1869.7495 1895.9260 1.176966e-16 1.285638e-16 4.527844e-03 0 0
1871.2727 1897.4705 -8.563894e-17 1.063122e-16 -3.310986e-03 0 0
1872.7960 1899.0151 -1.599458e-17 1.132022e-16 -6.214651e-04 0 0
1874.3192 1900.5597 -1.222946e-16 9.924254e-17 -4.775511e-03 0 0
1875.8425 1902.1043 4.336557e-17 1.169034e-16 1.701878e-03 0 0
1877.3658 1903.6489 -9.116687e-17 1.009466e-16 -3.595821e-03 0 0
1878.8890 1905.1935 2.381960e-16 1.371017e-16 9.442212e-03 0 0
1880.4123 1906.7381 8.085463e-18 1.110085e-16 3.221235e-04 0 0
1881.9356 1908.2827 -1.455860e-16 9.392218e-17 -5.829246e-03 0 0
1883.4589 1909.8274 -2.053659e-16 8.606697e-17 -8.264014e-03 0 0
1884.9823 1911.3720 -8.846116e-17 9.843408e-17 -3.577498e-03 0 0
1886.5056 1912.9167 1.393939e-16 1.230542e-16 5.665300e-03 0 0
1888.0289 1914.4613 1.084584e-17 1.092166e-16 4.429797e-04 0 0
1889.5523 1916.0060 4.472615e-17 1.152173e-16 1.835730e-03 0 0
1891.0756 1917.5507 1.352087e-16 1.200927e-16 5.576535e-03 0 0
1892.5990 1919.0953 1.110617e-16 1.200945e-16 4.602740e-03 0 0
1894.1223 1920.6400 -5.753075e-17 9.906919e-17 -2.395654e-03 0 0
1895.6457 1922.1847 -1.121711e-17 1.056776e-16 -4.693024e-04 0 0
1897.1691 1923.7294 2.416465e-16 1.309797e-16 1.015721e-02 0 0
1898.6925 1925.2742 2.973266e-16 1.330028e-16 1.255520e-02 0 0
1900.2159 1926.8189 -4.874603e-17 9.943868e-17 -2.067736e-03 0 0
1901.7393 1928.3636 8.949857e-17 1.140086e-16 3.813403e-03 0 0
1903.2627 1929.9083 1.066026e-17 1.052058e-16 4.562206e-04 0 0
1904.7861 1931.4531 6.349306e-17 1.109828e-16 2.729119e-03 0 0
1906.3095 1932.9979 -2.838293e-17 9.830154e-17 -1.225222e-03 0 0
1907.8330 1934.5426 1.335513e-16 1.155406e-16 5.789600e-03 0 0
1909.3564 1936.0874 -5.424985e-18 9.995254e-17 -2.361655e-04 0 0
1910.8799 1937.6322 -2.894600e-17 9.958854e-17 -1.265344e-03 0 0
1912.4033 1939.1770 1.070212e-16 1.121012e-16 4.697526e-03 0 0
1913.9268 1940.7218 7.145844e-17 1.084212e-16 3.149346e-03 0 0
1915.4503 1942.2666 -6.904959e-17 8.964403e-17 -3.055459e-03 0 0
1916.9737 1943.8114 2.012679e-16 1.199189e-16 8.941870e-03 0 0
1918.4972 1945.3562 1.505300e-16 1.137267e-16 6.714286e-03 0 0
1920.0207 1946.9010 7.628465e-17 1.077340e-16 3.416084e-03 0 0
1921.5442 1948.4459 1.675568e-16 1.165628e-16 7.532792e-03 0 0
1923.0678 1949.9907 6.819854e-18 9.875108e-17 3.077980e-04 0 0
1924.5913 1951.5356 1.027255e-16 1.101157e-16 4.654908e-03 0 0
1926.1148 1953.0804 -4.692273e-17 9.110956e-17 -2.134802e-03 0 0
1927.6384 1954.6253 -8.522167e-17 8.845332e-17 -3.892827e-03 0 0
1929.1619 1956.1702 9.985640e-17 1.060340e-16 4.579638e-03 0 0
1930.6855 1957.7151 1.238963e-17 9.650311e-17 5.705095e-04 0 0
1932.2090 1959.2600 4.615370e-17 1.013385e-16 2.133841e-03 0 0
1933.7326 1960.8049 3.365693e-17 1.000511e-16 1.562431e-03 0 0
1935.2562 1962.3498 -4.732576e-17 8.779833e-17 -2.205958e-03 0 0
1936.7798 1963.8947 -4.713539e-17 8.689819e-17 -2.206226e-03 0 0
1938.3034 1965.4396 1.307761e-16 1.077904e-16 6.146636e-03 0 0
1939.8270 1966.9846 1.949902e-16 1.132466e-16 9.203838e-03 0 0
1941.3506 1968.5295 1.193547e-16 1.056829e-16 5.657780e-03 0 0
1942.8742 1970.0745 -9.082632e-17 8.235185e-17 -4.324350e-03 0 0
1944.3978 1971.6194 -3.371216e-17 8.860857e-17 -1.612133e-03 0 0
1945.9215 1973.1644 4.310065e-17 9.495133e-17 2.070470e-03 0 0
1947.4451 1974.7094 -4.747604e-17 8.729301e-17 -2.291034e-03 0 0
1948.9688 1976.2544 6.829291e-17 9.741248e-17 3.311160e-03 0 0
1950.4924 1977.7993 8.310427e-18 9.123982e-17 4.048310e-04 0 0
1952.0161 1979.3443 1.003720e-16 1.022608e-16 4.913399e-03 0 0
1953.5398 1980.8894 1.647912e-17 9.046388e-17 8.106209e-04 0 0
1955.0635 1982.4344 7.719944e-17 9.703150e-17 3.816606e-03 0 0
1956.5872 1983.9794 9.511483e-17 9.829111e-17 4.725890e-03 0 0
1958.1109 1985.5244 1.040391e-16 9.817467e-17 5.195884e-03 0 0
1959.6346 1987.0695 6.364720e-17 9.484256e-17 3.194929e-03 0 0
1961.1583 1988.6145 6.479520e-17 9.465182e-17 3.269562e-03 0 0
1962.6820 1990.1596 8.995610e-17 9.375371e-17 4.562829e-03 0 0
1964.2058 1991.7047 2.006709e-17 8.974620e-17 1.023239e-03 0 0
1965.7295 1993.2497 -1.124047e-16 7.173050e-17 -5.761816e-03 0 0
1967.2533 1994.7948 1.686592e-17 8.723029e-17 8.691344e-04 0 0
1968.7770 1996.3399 -3.741503e-17 8.136226e-17 -1.938286e-03 0 0
1970.3008 1997.8850 -5.889711e-17 7.498582e-17 -3.067403e-03 0 0
1971.8246 1999.4301 6.951752e-17 9.270457e-17 3.639729e-03 0 0
1973.3483 2000.9752 1.084443e-16 9.366308e-17 5.707669e-03 0 0
1974.8721 2002.5204 1.236234e-16 9.579905e-17 6.540638e-03 0 0
1976.3959 2004.0655 7.007013e-17 9.142700e-17 3.726579e-03 0 0
1977.9197 2005.6106 -8.215656e-17 7.245265e-17 -4.392067e-03 0 0
1979.4436 2007.1558 1.446324e-16 9.690124e-17 7.771989e-03 0 0
1980.9674 2008.7009 -6.004376e-17 7.444363e-17 -3.243139e-03 0 0
1982.4912 2010.2461 4.337402e-17 8.608649e-17 2.354764e-03 0 0
1984.0151 2011.7913 -5.725453e-17 7.391666e-17 -3.124200e-03 0 0
1985.5389 2013.3364 7.511286e-17 8.927649e-17 4.119460e-03 0 0
1987.0628 2014.8816 1.546499e-16 9.532748e-17 8.524382e-03 0 0
1988.5866 2016.4268 -4.752566e-17 7.277098e-17 -2.632758e-03 0 0
1990.1105 2017.9720 2.978649e-18 7.824406e-17 1.658292e-04 0 0
1991.6344 2019.5173 7.950920e-17 8.838125e-17 4.448340e-03 0 0
1993.1583 2021.0625 2.167143e-16 9.919012e-17 1.218415e-02 0 0
1994.6822 2022.6077 1.309088e-16 9.189940e-17 7.395754e-03 0 0
1996.2061 2024.1529 9.157687e-17 8.714938e-17 5.198676e-03 0 0
1997.7300 2025.6982 1.534562e-16 9.319783e-17 8.753066e-03 0 0
1999.2539 2027.2434 6.890655e-17 8.507911e-17 3.949032e-03 0 0
2000.7778 2028.7887 5.413382e-18 7.637058e-17 3.116968e-04 0 0
2002.3018 2030.3340 2.119677e-16 9.742151e-17 1.226178e-02 0 0
2003.8257 2031.8793 9.346872e-18 7.662067e-17 5.431900e-04 0 0
2005.3497 2033.4246 5.343361e-17 8.108423e-17 3.119529e-03 0 0
2006.8736 2034.9698 -9.533648e-17 6.307932e-17 -5.591229e-03 0 0
2008.3976 2036.5152 1.207215e-16 8.749356e-17 7.112050e-03 0 0
2009.9216 2038.0605 2.016285e-17 7.470378e-17 1.193198e-03 0 0
2011.4455 2039.6058 -1.198639e-17 7.356029e-17 -7.125079e-04 0 0
2012.9695 2041.1511 3.448847e-17 7.470874e-17 2.059239e-03 0 0
2014.4935 2042.6964 4.198325e-17 7.868159e-17 2.517865e-03 0 0
2016.0175 2044.2418 -9.056169e-17 6.213542e-17 -5.455284e-03 0 0
2017.5416 2045.7871 4.867620e-17 7.748227e-17 2.945096e-03 0 0
2019.0656 2047.3325 -4.334915e-17 6.733266e-17 -2.634323e-03 0 0
2020.5896 2048.8779 -3.591982e-17 6.811561e-17 -2.192419e-03 0 0
2022.1137 2050.4233 1.579291e-16 8.758753e-17 9.682030e-03 0 0
2023.6377 2051.9686 7.220926e-17 7.924419e-17 4.446930e-03 0 0
2025.1618 2053.5140 4.932605e-17 7.600327e-17 3.051464e-03 0 0
2026.6858 2055.0594 -5.353584e-18 6.987032e-17 -3.326920e-04 0 0
2028.2099 2056.6048 -4.301051e-17 6.425450e-17 -2.684990e-03 0 0
2029.7340 2058.1503 1.271077e-16 8.432578e-17 7.971055e-03 0 0
2031.2581 2059.6957 -5.844374e-18 6.833197e-17 -3.681848e-04 0 0
2032.7822 2061.2411 3.610773e-17 7.319314e-17 2.285191e-03 0 0
2034.3063 2062.7866 1.682037e-16 8.518535e-17 1.069455e-02 0 0
2035.8304 2064.3320 1.169932e-16 8.139163e-17 7.473212e-03 0 0
2037.3545 2065.8775 -6.875052e-17 6.060967e-17 -4.412196e-03 0 0
2038.8786 2067.4229 -2.422913e-17 6.448455e-17 -1.562318e-03 0 0
2040.4028 2068.9684 2.286865e-17 6.989605e-17 1.481629e-03 0 0
2041.9269 2070.5139 3.387162e-17 7.216443e-17 2.205101e-03 0 0
2043.4511 2072.0594 2.210063e-17 6.883317e-17 1.445795e-03 0 0
2044.9752 2073.6049 1.317950e-16 8.063782e-17 8.664473e-03 0 0
2046.4994 2075.1504 -5.111715e-17 5.964436e-17 -3.377283e-03 0 0
2048.0236 2076.6959 1.366044e-16 7.767634e-17 9.071111e-03 0 0
2049.5478 2078.2415 9.453552e-17 7.480855e-17 6.309522e-03 0 0
2051.0720 2079.7870 -6.964699e-17 5.634270e-17 -4.672410e-03 0 0
2052.5962 2081.3325 9.075613e-17 7.368440e-17 6.120059e-03 0 0
2054.1204 2082.8781 -6.651753e-18 6.321288e-17 -4.508969e-04 0 0
2055.6446 2084.4236 1.438153e-16 7.879353e-17 9.799545e-03 0 0
2057.1688 2085.9692 6.342900e-17 7.006254e-17 4.344673e-03 0 0
2058.6931 2087.5148 2.149950e-17 6.492648e-17 1.480332e-03 0 0
2060.2173 2089.0604 5.986005e-17 6.911376e-17 4.143097e-03 0 0
2061.7416 2090.6059 3.881565e-17 6.652374e-17 2.700482e-03 0 0
2063.2658 2092.1515 4.658022e-17 6.719386e-17 3.257354e-03 0 0
2064.7901 2093.6972 1.195321e-16 7.353172e-17 8.401622e-03 0 0
2066.3144 2095.2428 1.513980e-16 7.802565e-17 1.069506e-02 0 0
2067.8386 2096.7884 1.212288e-16 7.341014e-17 8.606700e-03 0 0
2069.3629 2098.3340 -4.730418e-17 5.564211e-17 -3.374822e-03 0 0
2070.8872 2099.8797 1.913111e-16 7.876166e-17 1.371496e-02 0 0
2072.4115 2101.4253 1.511006e-16 7.603756e-17 1.088335e-02 0 0
2073.9359 2102.9710 6.509520e-17 6.721721e-17 4.710554e-03 0 0
2075.4602 2104.5166 7.848015e-17 6.861961e-17 5.704867e-03 0 0
2076.9845 2106.0623 -3.156584e-17 5.476921e-17 -2.304904e-03 0 0
2078.5089 2107.6080 2.647604e-17 6.254519e-17 1.941675e-03 0 0
2080.0332 2109.1537 -1.661133e-18 5.959674e-17 -1.223503e-04 0 0
2081.5576 2110.6994 -4.194426e-17 5.322931e-17 -3.102334e-03 0 0
2083.0819 2112.2451 4.794777e-17 6.440927e-17 3.561159e-03 0 0
2084.6063 2113.7908 1.288455e-16 7.241490e-17 9.608188e-03 0 0
2086.1307 2115.3365 -4.110388e-17 5.207014e-17 -3.077498e-03 0 0
2087.6551 2116.8822 -8.968312e-17 4.551142e-17 -6.740799e-03 0 0
2089.1795 2118.4280 -3.128645e-17 5.409345e-17 -2.360682e-03 0 0
2090.7039 2119.9737 8.034974e-17 6.569453e-17 6.085448e-03 0 0
2092.2283 2121.5195 6.082423e-17 6.422920e-17 4.623892e-03 0 0
2093.7527 2123.0652 5.651588e-17 6.322869e-17 4.311959e-03 0 0
2095.2771 2124.6110 9.317169e-17 6.617529e-17 7.134403e-03 0 0
2096.8016 2126.1568 1.149918e-16 6.890274e-17 8.836180e-03 0 0
2098.3260 2127.7026 9.115840e-17 6.583662e-17 7.029333e-03 0 0
2099.8505 2129.2484 1.164860e-17 5.851254e-17 9.013195e-04 0 0
2101.3749 2130.7942 8.562835e-17 6.354103e-17 6.648223e-03 0 0
2102.8994 2132.3400 7.777363e-17 6.447185e-17 6.058785e-03 0 0
2104.4239 2133.8858 4.808635e-17 6.143611e-17 3.758688e-03 0 0
2105.9484 2135.4316 4.139832e-17 5.927850e-17 3.246798e-03 0 0
2107.4728 2136.9775 1.206274e-17 5.688350e-17 9.492352e-04 0 0
2108.9973 2138.5233 9.698272e-17 6.505686e-17 7.657496e-03 0 0
2110.5219 2140.0692 3.300683e-17 5.753380e-17 2.614927e-03 0 0
2112.0464 2141.6150 3.684858e-17 5.749422e-17 2.929286e-03 0 0
2113.5709 2143.1609 2.317695e-17 5.688330e-17 1.848772e-03 0 0
2115.0954 2144.7068 1.131743e-16 6.683322e-17 9.059338e-03 0 0
2116.6200 2146.2527 9.319244e-17 6.340281e-17 7.486092e-03 0 0
2118.1445 2147.7985 9.325194e-17 6.432456e-17 7.518025e-03 0 0
2119.6691 2149.3444 5.915219e-17 6.005287e-17 4.786249e-03 0 0
2121.1936 2150.8904 5.957827e-17 5.954711e-17 4.839289e-03 0 0
2122.7182 2152.4363 1.098797e-17 5.396249e-17 8.960315e-04 0 0
2124.2428 2153.9822 8.191566e-17 6.194308e-17 6.706936e-03 0 0
2125.7674 2155.5281 2.371199e-17 5.543803e-17 1.949329e-03 0 0
2127.2920 2157.0741 1.235199e-16 6.511473e-17 1.019607e-02 0 0
2128.8166 2158.6200 5.709467e-17 5.876365e-17 4.732314e-03 0 0
2130.3412 2160.1660 2.471728e-17 5.422431e-17 2.057114e-03 0 0
2131.8658 2161.7120 -1.816405e-17 4.933167e-17 -1.517912e-03 0 0
2133.3905 2163.2579 1.631860e-17 5.332065e-17 1.369219e-03 0 0
2134.9151 2164.8039 3.041279e-17 5.526330e-17 2.562074e-03 0 0
2136.4397 2166.3499 -1.316914e-17 5.018274e-17 -1.113782e-03 0 0
2137.9644 2167.8959 2.629945e-17 5.378230e-17 2.232940e-03 0 0
2139.4891 2169.4419 3.030228e-17 5.420447e-17 2.582491e-03 0 0
2141.0137 2170.9879 5.830842e-17 5.729078e-17 4.987680e-03 0 0
2142.5384 2172.5339 1.028642e-16 6.089371e-17 8.830092e-03 0 0
2144.0631 2174.0800 2.666229e-17 5.214708e-17 2.296637e-03 0 0
2145.5878 2175.6260 1.793038e-16 6.686048e-17 1.549523e-02 0 0
2147.1125 2177.1721 9.534701e-17 6.021922e-17 8.265705e-03 0 0
2148.6372 2178.7181 1.053030e-16 6.067697e-17 9.156086e-03 0 0
2150.1619 2180.2642 -5.161603e-17 4.303934e-17 -4.500946e-03 0 0
2151.6867 2181.8103 1.545603e-16 6.430627e-17 1.351510e-02 0 0
2153.2114 2183.3563 1.072896e-16 5.945432e-17 9.406874e-03 0 0
2154.7361 2184.9024 -6.179559e-17 4.191695e-17 -5.432277e-03 0 0
2156.2609 2186.4485 1.171754e-16 6.136182e-17 1.032698e-02 0 0
2157.7856 2187.9946 2.884344e-18 4.814749e-17 2.548492e-04 0 0
2159.3104 2189.5408 1.035856e-16 6.067927e-17 9.175367e-03 0 0
2160.8352 2191.0869 7.756540e-18 4.906558e-17 6.887832e-04 0 0
2162.3600 2192.6330 8.090991e-17 5.683784e-17 7.202927e-03 0 0
2163.8848 2194.1791 -8.007706e-18 4.787957e-17 -7.147036e-04 0 0
2165.4096 2195.7253 8.821859e-17 5.643394e-17 7.894184e-03 0 0
2166.9344 2197.2715 6.089427e-17 5.453718e-17 5.463652e-03 0 0
2168.4592 2198.8176 1.018176e-16 5.800171e-17 9.160602e-03 0 0
2169.9840 2200.3638 8.699499e-17 5.621882e-17 7.849260e-03 0 0
2171.5088 2201.9100 1.621429e-17 5.066872e-17 1.467287e-03 0 0
2173.0337 2203.4562 1.351047e-16 6.106710e-17 1.226320e-02 0 0
2174.5585 2205.0024 7.600709e-17 5.515981e-17 6.920705e-03 0 0
2176.0834 2206.5486 7.054125e-17 5.535095e-17 6.443541e-03 0 0
2177.6083 2208.0948 5.964447e-17 5.349282e-17 5.466025e-03 0 0
2179.1331 2209.6410 6.758768e-17 5.329506e-17 6.214441e-03 0 0
2180.6580 2211.1872 5.517422e-17 5.395230e-17 5.090106e-03 0 0
2182.1829 2212.7335 1.021668e-16 5.681039e-17 9.457150e-03 0 0
2183.7078 2214.2797 1.508201e-16 6.105673e-17 1.400809e-02 0 0
2185.2327 2215.8260 3.730956e-17 5.007248e-17 3.477004e-03 0 0
2186.7576 2217.3722 1.765989e-17 4.755199e-17 1.651331e-03 0 0
2188.2825 2218.9185 4.226032e-17 5.150971e-17 3.964875e-03 0 0
2189.8075 2220.4648 8.635631e-17 5.399777e-17 8.128697e-03 0 0
2191.3324 2222.0111 4.164302e-17 5.145302e-17 3.932630e-03 0 0
2192.8573 2223.5573 7.677246e-17 5.307415e-17 7.273178e-03 0 0
2194.3823 2225.1036 8.071847e-17 5.417671e-17 7.670956e-03 0 0
2195.9073 2226.6500 6.286008e-17 5.273948e-17 5.991816e-03 0 0
2197.4322 2228.1963 7.994832e-17 5.338723e-17 7.643290e-03 0 0
2198.9572 2229.7426 7.761139e-17 5.317379e-17 7.440950e-03 0 0
2200.4822 2231.2889 -2.614456e-18 4.453696e-17 -2.513618e-04 0 0
2202.0072 2232.8353 1.453675e-16 5.907015e-17 1.401347e-02 0 0
2203.5322 2234.3816 8.766626e-17 5.363115e-17 8.473372e-03 0 0
2205.0572 2235.9280 8.791356e-17 5.343275e-17 8.518643e-03 0 0
2206.5822 2237.4744 3.246516e-17 4.820477e-17 3.153626e-03 0 0
2208.1072 2239.0207 1.467047e-17 4.611971e-17 1.428438e-03 0 0
2209.6323 2240.5671 3.822471e-17 4.829445e-17 3.730573e-03 0 0
2211.1573 2242.1135 -1.209637e-17 4.300614e-17 -1.183171e-03 0 0
2212.6824 2243.6599 1.365954e-16 5.715132e-17 1.339001e-02 0 0
2214.2074 2245.2063 1.463732e-17 4.570298e-17 1.437829e-03 0 0
2215.7325 2246.7527 8.314099e-17 5.189978e-17 8.183779e-03 0 0
2217.2576 2248.2992 1.112669e-16 5.460366e-17 1.097353e-02 0 0
2218.7826 2249.8456 1.618364e-16 5.957569e-17 1.599164e-02 0 0
2220.3077 2251.3920 1.089122e-16 5.429058e-17 1.078033e-02 0 0
2221.8328 2252.9385 1.213207e-16 5.670731e-17 1.202867e-02 0 0
2223.3579 2254.4850 4.578969e-17 4.877407e-17 4.547145e-03 0 0
2224.8831 2256.0314 1.696832e-16 5.981665e-17 1.687705e-02 0 0
2226.4082 2257.5779 -1.299783e-17 4.189936e-17 -1.294762e-03 0 0
2227.9333 2259.1244 7.810611e-17 5.122294e-17 7.792287e-03 0 0
2229.4585 2260.6709 4.484893e-17 4.812135e-17 4.481044e-03 0 0
2230.9836 2262.2174 1.098664e-16 5.347035e-17 1.099357e-02 0 0
2232.5088 2263.7639 2.701701e-17 4.645659e-17 2.707441e-03 0 0
2234.0339 2265.3104 1.617890e-16 5.831442e-17 1.623746e-02 0 0
2235.5591 2266.8569 1.270913e-16 5.605445e-17 1.277463e-02 0 0
2237.0843 2268.4035 1.691840e-17 4.478683e-17 1.703158e-03 0 0
2238.6095 2269.9500 1.025609e-16 5.349830e-17 1.034117e-02 0 0
2240.1347 2271.4965 -1.326295e-17 4.159265e-17 -1.339433e-03 0 0
2241.6599 2273.0431 1.670090e-17 4.354842e-17 1.689488e-03 0 0
2243.1851 2274.5897 2.019495e-17 4.491575e-17 2.046418e-03 0 0
2244.7103 2276.1362 -3.203820e-17 3.902839e-17 -3.252432e-03 0 0
2246.2355 2277.6828 2.609110e-17 4.440800e-17 2.653537e-03 0 0
2247.7608 2279.2294 1.672222e-16 5.775422e-17 1.703975e-02 0 0
2249.2860 2280.7760 4.516564e-17 4.680810e-17 4.611246e-03 0 0
2250.8113 2282.3226 3.874679e-17 4.666352e-17 3.963848e-03 0 0
2252.3365 2283.8692 1.764657e-16 5.852676e-17 1.808907e-02 0 0
2253.8618 2285.4158 3.345282e-17 4.584103e-17 3.436228e-03 0 0
2255.3871 2286.9625 3.130359e-17 4.411784e-17 3.222103e-03 0 0
2256.9123 2288.5091 1.077916e-16 5.248561e-17 1.111819e-02 0 0
2258.4376 2290.0558 4.780902e-17 4.703510e-17 4.941555e-03 0 0
2259.9629 2291.6024 5.095147e-18 4.158991e-17 5.277294e-04 0 0
2261.4882 2293.1491 3.577698e-17 4.639190e-17 3.713278e-03 0 0
2263.0136 2294.6958 5.353098e-17 4.655373e-17 5.567291e-03 0 0
2264.5389 2296.2424 1.175367e-17 4.252705e-17 1.224878e-03 0 0
2266.0642 2297.7891 4.642653e-17 4.604675e-17 4.847761e-03 0 0
2267.5896 2299.3358 8.305636e-17 4.893629e-17 8.689519e-03 0 0
2269.1149 2300.8825 5.388037e-17 4.640161e-17 5.647671e-03 0 0
2270.6403 2302.4292 8.104681e-17 4.860441e-17 8.510984e-03 0 0
2272.1656 2303.9760 2.181695e-16 6.181877e-17 2.295157e-02 0 0
2273.6910 2305.5227 7.895672e-17 4.806270e-17 8.320899e-03 0 0
2275.2164 2307.0694 7.518481e-17 4.884769e-17 7.936890e-03 0 0
2276.7418 2308.6162 1.166137e-16 5.202961e-17 1.233102e-02 0 0
2278.2672 2310.1629 4.876351e-17 4.549841e-17 5.164809e-03 0 0
2279.7926 2311.7097 8.602772e-17 4.958440e-17 9.126381e-03 0 0
2281.3180 2313.2565 5.390752e-17 4.554078e-17 5.727908e-03 0 0
2282.8434 2314.8032 9.760723e-17 4.995736e-17 1.038742e-02 0 0
2284.3689 2316.3500 3.135710e-17 4.386749e-17 3.342187e-03 0 0
2285.8943 2317.8968 4.250223e-17 4.438408e-17 4.537020e-03 0 0
2287.4197 2319.4436 1.496351e-16 5.491051e-17 1.599749e-02 0 0
2288.9452 2320.9904 6.531218e-17 4.675295e-17 6.993093e-03 0 0
2290.4707 2322.5372 1.808690e-16 5.742455e-17 1.939521e-02 0 0
2291.9961 2324.0841 3.492445e-17 4.410464e-17 3.750717e-03 0 0
2293.5216 2325.6309 3.908488e-17 4.443758e-17 4.203875e-03 0 0
2295.0471 2327.1778 1.058597e-16 5.132213e-17 1.140326e-02 0 0
2296.5726 2328.7246 4.715101e-17 4.472352e-17 5.086830e-03 0 0
2298.0981 2330.2715 1.891752e-16 5.756988e-17 2.043988e-02 0 0
2299.6236 2331.8183 -5.642493e-18 3.922264e-17 -6.105765e-04 0 0
2301.1491 2333.3652 5.709956e-17 4.498043e-17 6.188051e-03 0 0
2302.6747 2334.9121 1.467480e-16 5.337513e-17 1.592719e-02 0 0
2304.2002 2336.4590 7.078736e-17 4.768369e-17 7.694195e-03 0 0
2305.7257 2338.0059 1.360217e-16 5.183499e-17 1.480633e-02 0 0
2307.2513 2339.5528 1.618288e-17 4.070797e-17 1.764079e-03 0 0
2308.7768 2341.0997 6.004341e-17 4.499159e-17 6.554493e-03 0 0
2310.3024 2342.6466 1.289364e-16 5.222098e-17 1.409445e-02 0 0
2311.8280 2344.1936 9.870741e-17 4.937609e-17 1.080458e-02 0 0
2313.3536 2345.7405 7.965647e-17 4.733737e-17 8.730713e-03 0 0
2314.8792 2347.2875 7.444416e-17 4.724410e-17 8.169849e-03 0 0
2316.4048 2348.8344 1.813680e-16 5.537531e-17 1.992867e-02 0 0
2317.9304 2350.3814 1.373089e-16 5.270534e-17 1.510542e-02 0 0
2319.4560 2351.9284 9.507230e-17 4.852649e-17 1.047068e-02 0 0
2320.9816 2353.4754 9.328701e-17 4.826948e-17 1.028529e-02 0 0
2322.5072 2355.0223 1.266059e-16 5.122925e-17 1.397346e-02 0 0
2324.0329 2356.5693 1.126316e-16 4.981981e-17 1.244391e-02 0 0
2325.5585 2358.1164 1.450643e-16 5.397648e-17 1.604316e-02 0 0
2327.0842 2359.6634 5.218685e-17 4.395087e-17 5.777233e-03 0 0
2328.6099 2361.2104 8.914300e-17 4.698443e-17 9.877999e-03 0 0
2330.1355 2362.7574 1.097209e-16 5.026318e-17 1.217010e-02 0 0
2331.6612 2364.3045 1.038917e-16 4.839050e-17 1.153477e-02 0 0
2333.1869 2365.8515 1.815640e-16 5.549213e-17 2.017828e-02 0 0
2334.7126 2367.3986 1.131408e-16 5.008309e-17 1.258659e-02 0 0
2336.2383 2368.9456 9.433708e-17 4.771154e-17 1.050539e-02 0 0
2337.7640 2370.4927 1.017722e-16 4.880040e-17 1.134531e-02 0 0
2339.2897 2372.0398 7.719920e-17 4.671139e-17 8.615211e-03 0 0
2340.8155 2373.5869 5.194514e-17 4.320224e-17 5.803477e-03 0 0
2342.3412 2375.1340 8.066789e-17 4.842962e-17 9.022865e-03 0 0
2343.8670 2376.6811 6.730826e-17 4.547191e-17 7.537782e-03 0 0
2345.3927 2378.2282 8.846830e-17 4.687528e-17 9.919785e-03 0 0
2346.9185 2379.7753 1.117562e-16 4.946542e-17 1.254738e-02 0 0
2348.4442 2381.3225 7.947929e-17 4.644047e-17 8.935261e-03 0 0
2349.9700 2382.8696 1.142240e-16 4.995726e-17 1.285882e-02 0 0
2351.4958 2384.4167 4.110568e-17 4.159424e-17 4.633814e-03 0 0
2353.0216 2385.9639 1.239112e-16 5.003969e-17 1.398784e-02 0 0
2354.5474 2387.5111 1.500542e-16 5.259242e-17 1.696258e-02 0 0
2356.0732 2389.0582 1.004214e-16 4.820733e-17 1.136776e-02 0 0
2357.5990 2390.6054 7.241868e-17 4.587353e-17 8.209235e-03 0 0
2359.1249 2392.1526 7.850466e-17 4.578832e-17 8.911333e-03 0 0
2360.6507 2393.6998 9.423701e-17 4.663643e-17 1.071176e-02 0 0
2362.1765 2395.2470 4.784070e-17 4.325172e-17 5.445158e-03 0 0
2363.7024 2396.7942 4.851587e-17 4.312787e-17 5.529256e-03 0 0
2365.2282 2398.3414 1.000181e-16 4.728383e-17 1.141309e-02 0 0
2366.7541 2399.8887 1.838886e-17 4.065495e-17 2.100960e-03 0 0
2368.2800 2401.4359 6.197323e-17 4.307072e-17 7.088486e-03 0 0
2369.8059 2402.9832 1.517555e-16 5.260742e-17 1.737701e-02 0 0
2371.3318 2404.5304 8.526435e-17 4.649760e-17 9.773436e-03 0 0
2372.8577 2406.0777 1.692365e-16 5.345285e-17 1.941876e-02 0 0
2374.3836 2407.6249 5.856268e-17 4.404913e-17 6.726203e-03 0 0
2375.9095 2409.1722 1.473792e-16 5.181924e-17 1.694362e-02 0 0
2377.4354 2410.7195 1.173881e-16 4.912652e-17 1.350819e-02 0 0
2378.9613 2412.2668 8.542247e-17 4.556663e-17 9.838931e-03 0 0
2380.4873 2413.8141 7.984079e-17 4.502705e-17 9.204391e-03 0 0
2382.0132 2415.3614 9.666147e-17 4.629388e-17 1.115368e-02 0 0
2383.5392 2416.9087 1.428520e-16 5.032042e-17 1.649852e-02 0 0
2385.0652 2418.4561 3.909667e-17 4.161770e-17 4.519520e-03 0 0
2386.5911 2420.0034 1.572487e-16 5.196975e-17 1.819459e-02 0 0
2388.1171 2421.5507 1.187617e-16 4.929566e-17 1.375418e-02 0 0
2389.6431 2423.0981 1.369537e-16 5.003283e-17 1.587641e-02 0 0
2391.1691 2424.6455 5.942241e-17 4.234028e-17 6.895253e-03 0 0
2392.6951 2426.1928 1.480205e-16 5.181040e-17 1.719359e-02 0 0
2394.2211 2427.7402 6.270331e-17 4.268282e-17 7.290918e-03 0 0
2395.7471 2429.2876 1.150421e-16 4.868452e-17 1.339106e-02 0 0
2397.2732 2430.8350 1.156033e-16 4.845260e-17 1.347092e-02 0 0
2398.7992 2432.3824 1.771157e-16 5.392785e-17 2.066167e-02 0 0
2400.3252 2433.9298 1.574463e-16 5.221643e-17 1.838756e-02 0 0
2401.8513 2435.4772 6.913378e-17 4.449725e-17 8.082969e-03 0 0
2403.3774 2437.0246 1.681198e-16 5.259116e-17 1.967838e-02 0 0
2404.9034 2438.5721 1.502036e-16 5.083218e-17 1.760122e-02 0 0
2406.4295 2440.1195 1.403101e-16 5.004773e-17 1.646052e-02 0 0
2407.9556 2441.6670 8.656620e-17 4.522263e-17 1.016690e-02 0 0
2409.4817 2443.2144 1.304454e-16 4.935843e-17 1.533743e-02 0 0
2411.0078 2444.7619 1.107285e-16 4.748443e-17 1.303336e-02 0 0
2412.5339 2446.3094 8.438339e-17 4.507277e-17 9.943163e-03 0 0
2414.0600 2447.8569 5.442858e-17 4.190150e-17 6.420196e-03 0 0
2415.5861 2449.4043 1.581824e-16 5.185026e-17 1.867791e-02 0 0
2417.1123 2450.9518 1.022683e-16 4.615233e-17 1.208901e-02 0 0
2418.6384 2452.4994 6.275549e-17 4.317192e-17 7.426977e-03 0 0
2420.1646 2454.0469 9.647744e-17 4.571748e-17 1.143081e-02 0 0
2421.6907 2455.5944 1.412374e-16 5.013583e-17 1.675268e-02 0 0
2423.2169 2457.1419 1.041855e-16 4.636398e-17 1.237109e-02 0 0
2424.7431 2458.6895 1.423152e-16 4.961850e-17 1.691649e-02 0 0
2426.2693 2460.2370 3.086346e-17 3.878137e-17 3.672366e-03 0 0
2427.7954 2461.7846 4.988225e-17 4.251698e-17 5.941309e-03 0 0
2429.3216 2463.3321 9.910775e-17 4.614562e-17 1.181584e-02 0 0
2430.8479 2464.8797 1.267616e-16 4.891188e-17 1.512722e-02 0 0
2432.3741 2466.4273 1.224782e-16 4.820274e-17 1.462958e-02 0 0
2433.9003 2467.9749 1.077397e-16 4.636955e-17 1.288083e-02 0 0
2435.4265 2469.5225 9.642312e-17 4.606304e-17 1.153807e-02 0 0
2436.9528 2471.0701 2.849651e-17 3.861832e-17 3.412880e-03 0 0
2438.4790 2472.6177 9.860376e-17 4.595432e-17 1.181927e-02 0 0
2440.0053 2474.1653 6.898150e-17 4.337292e-17 8.275450e-03 0 0
2441.5315 2475.7130 1.882439e-16 5.325995e-17 2.260137e-02 0 0
2443.0578 2477.2606 1.239714e-16 4.800270e-17 1.489654e-02 0 0
2444.5841 2478.8083 1.450805e-16 4.960325e-17 1.744681e-02 0 0
2446.1104 2480.3559 9.841082e-17 4.521663e-17 1.184371e-02 0 0
2447.6367 2481.9036 6.589411e-17 4.234261e-17 7.936455e-03 0 0
2449.1630 2483.4513 1.420592e-16 4.979953e-17 1.712307e-02 0 0
2450.6893 2484.9989 8.757909e-17 4.452185e-17 1.056436e-02 0 0
2452.2156 2486.5466 8.704557e-17 4.452373e-17 1.050795e-02 0 0
2453.7419 2488.0943 1.669639e-16 5.088925e-17 2.017076e-02 0 0
2455.2683 2489.6420 5.870375e-17 4.167998e-17 7.097316e-03 0 0
2456.7946 2491.1897 8.462842e-17 4.479720e-17 1.023940e-02 0 0
2458.3210 2492.7375 9.146319e-17 4.437377e-17 1.107482e-02 0 0
2459.8473 2494.2852 1.661151e-16 5.130731e-17 2.012956e-02 0 0
2461.3737 2495.8329 1.731045e-16 5.209841e-17 2.099287e-02 0 0
2462.9001 2497.3807 1.771298e-16 5.075335e-17 2.149801e-02 0 0
2464.4265 2498.9284 1.412300e-16 4.916952e-17 1.715467e-02 0 0
2465.9529 2500.4762 1.663415e-16 5.118845e-17 2.022133e-02 0 0
2467.4793 2502.0240 7.037835e-17 4.212499e-17 8.562658e-03 0 0
2469.0057 2503.5718 1.269745e-16 4.738052e-17 1.546149e-02 0 0
2470.5321 2505.1195 -5.175081e-18 3.414475e-17 -6.307029e-04 0 0
2472.0585 2506.6673 4.715471e-17 4.013598e-17 5.751866e-03 0 0
2473.5850 2508.2151 9.250329e-17 4.481434e-17 1.129333e-02 0 0
2475.1114 2509.7630 9.661251e-17 4.451513e-17 1.180541e-02 0 0
2476.6378 2511.3108 1.601084e-16 5.012755e-17 1.958161e-02 0 0
2478.1643 2512.8586 1.339543e-16 4.772775e-17 1.639752e-02 0 0
2479.6908 2514.4064 6.195155e-17 4.169818e-17 7.590388e-03 0 0
2481.2172 2515.9543 5.357313e-17 3.995948e-17 6.569751e-03 0 0
2482.7437 2517.5021 1.045525e-16 4.539250e-17 1.283294e-02 0 0
2484.2702 2519.0500 1.660887e-16 5.051970e-17 2.040429e-02 0 0
2485.7967 2520.5979 1.047263e-16 4.547857e-17 1.287732e-02 0 0
2487.3232 2522.1458 3.533646e-17 3.886040e-17 4.348903e-03 0 0
2488.8497 2523.6936 1.115787e-16 4.614365e-17 1.374424e-02 0 0
2490.3763 2525.2415 1.424357e-16 4.883663e-17 1.756061e-02 0 0
2491.9028 2526.7894 1.265933e-16 4.708491e-17 1.562095e-02 0 0
2493.4293 2528.3373 1.164360e-16 4.628692e-17 1.437996e-02 0 0
2494.9559 2529.8853 5.801890e-17 4.164587e-17 7.171434e-03 0 0
2496.4824 2531.4332 1.260524e-16 4.661859e-17 1.559378e-02 0 0
2498.0090 2532.9811 1.395060e-16 4.818900e-17 1.727228e-02 0 0
2499.5356 2534.5291 2.000825e-16 5.357798e-17 2.479245e-02 0 0
2501.0622 2536.0770 1.656862e-16 4.931635e-17 2.054663e-02 0 0
2502.5887 2537.6250 4.744525e-17 3.999364e-17 5.888274e-03 0 0
2504.1153 2539.1730 5.096634e-17 4.001059e-17 6.330064e-03 0 0
2505.6419 2540.7209 1.365977e-16 4.792990e-17 1.697831e-02 0 0
2507.1686 2542.2689 7.868956e-17 4.258075e-17 9.787726e-03 0 0
2508.6952 2543.8169 1.386790e-16 4.746181e-17 1.726181e-02 0 0
2510.2218 2545.3649 1.394688e-16 4.803988e-17 1.737198e-02 0 0
2511.7484 2546.9129 8.735765e-17 4.302681e-17 1.088848e-02 0 0
2513.2751 2548.4609 5.040343e-17 4.032015e-17 6.286437e-03 0 0
2514.8017 2550.0090 9.537082e-17 4.397599e-17 1.190243e-02 0 0
2516.3284 2551.5570 6.310791e-17 4.081122e-17 7.880283e-03 0 0
2517.8551 2553.1050 1.166031e-16 4.627236e-17 1.456812e-02 0 0
2519.3818 2554.6531 3.755378e-17 3.840276e-17 4.694266e-03 0 0
2520.9084 2556.2012 1.605530e-16 4.916435e-17 2.007945e-02 0 0
2522.4351 2557.7492 6.824170e-17 4.185558e-17 8.538649e-03 0 0
2523.9618 2559.2973 6.536841e-17 4.052001e-17 8.182998e-03 0 0
2525.4885 2560.8454 1.451086e-16 4.826016e-17 1.817324e-02 0 0
2527.0153 2562.3935 1.991077e-16 5.191384e-17 2.494716e-02 0 0
2528.5420 2563.9416 1.006385e-16 4.408471e-17 1.261489e-02 0 0
2530.0687 2565.4897 1.521116e-16 4.870556e-17 1.907513e-02 0 0
2531.5955 2567.0378 1.828551e-16 5.046144e-17 2.294002e-02 0 0
2533.1222 2568.5859 2.058114e-16 5.335377e-17 2.583081e-02 0 0
2534.6490 2570.1341 1.008633e-16 4.401213e-17 1.266429e-02 0 0
2536.1757 2571.6822 1.831373e-16 5.084191e-17 2.300403e-02 0 0
2537.7025 2573.2304 8.045317e-17 4.229414e-17 1.010999e-02 0 0
2539.2293 2574.7785 8.752098e-17 4.278837e-17 1.100271e-02 0 0
2540.7561 2576.3267 1.443624e-16 4.709810e-17 1.815627e-02 0 0
2542.2829 2577.8749 8.069831e-17 4.329430e-17 1.015364e-02 0 0
2543.8097 2579.4230 1.419666e-16 4.751215e-17 1.787012e-02 0 0
2545.3365 2580.9712 7.954987e-17 4.210686e-17 1.001762e-02 0 0
2546.8633 2582.5194 1.824459e-16 5.173088e-17 2.298462e-02 0 0
2548.3902 2584.0676 6.801248e-17 4.011834e-17 8.571740e-03 0 0
2549.9170 2585.6158 1.076180e-16 4.522244e-17 1.356852e-02 0 0
2551.4439 2587.1641 6.009619e-17 4.028379e-17 7.579844e-03 0 0
2552.9707 2588.7123 6.368328e-17 4.063562e-17 8.035049e-03 0 0
2554.4976 2590.2605 9.937969e-17 4.423408e-17 1.254319e-02 0 0
2556.0244 2591.8088 1.616431e-16 4.881694e-17 2.040774e-02 0 0
2557.5513 2593.3570 8.406668e-17 4.243083e-17 1.061660e-02 0 0
2559.0782 2594.9053 1.284667e-16 4.595276e-17 1.622750e-02 0 0
2560.6051 2596.4536 8.747101e-17 4.246250e-17 1.105147e-02 0 0
2562.1320 2598.0019 1.067327e-16 4.501526e-17 1.348713e-02 0 0
2563.6589 2599.5502 1.098933e-16 4.439834e-17 1.388841e-02 0 0
2565.1859 2601.0985 1.556517e-16 4.937021e-17 1.967268e-02 0 0
2566.7128 2602.6468 4.294926e-17 3.793943e-17 5.428578e-03 0 0
2568.2397 2604.1951 1.857864e-16 5.064818e-17 2.348231e-02 0 0
2569.7667 2605.7434 7.973216e-17 4.229570e-17 1.007743e-02 0 0
2571.2936 2607.2917 3.874859e-17 3.760726e-17 4.897167e-03 0 0
2572.8206 2608.8401 1.390308e-16 4.737815e-17 1.756982e-02 0 0
2574.3475 2610.3884 1.325920e-16 4.703513e-17 1.675455e-02 0 0
2575.8745 2611.9368 1.333563e-16 4.668062e-17 1.684945e-02 0 0
2577.4015 2613.4851 1.911489e-16 5.124137e-17 2.414903e-02 0 0
2578.9285 2615.0335 1.580626e-16 4.877056e-17 1.996699e-02 0 0
2580.4555 2616.5819 4.006139e-17 3.862777e-17 5.060254e-03 0 0
2581.9825 2618.1303 1.344806e-16 4.704891e-17 1.698525e-02 0 0
2583.5095 2619.6787 5.039347e-17 3.969201e-17 6.364521e-03 0 0
2585.0366 2621.2271 1.880154e-16 5.056296e-17 2.374488e-02 0 0
2586.5636 2622.7755 1.401121e-16 4.771688e-17 1.769529e-02 0 0
2588.0906 2624.3239 1.755266e-16 5.043344e-17 2.216871e-02 0 0
2589.6177 2625.8723 2.131642e-16 5.232425e-17 2.692478e-02 0 0
2591.1447 2627.4208 1.674838e-16 4.953517e-17 2.115750e-02 0 0
2592.6718 2628.9692 1.817416e-16 5.094827e-17 2.296245e-02 0 0
2594.1989 2630.5177 1.283326e-16 4.639533e-17 1.621749e-02 0 0
2595.7260 2632.0661 9.670521e-17 4.353722e-17 1.222336e-02 0 0
2597.2531 2633.6146 1.541324e-16 4.874248e-17 1.948660e-02 0 0
2598.7802 2635.1631 8.265224e-17 4.212993e-17 1.045206e-02 0 0
2600.3073 2636.7116 1.870905e-16 5.064852e-17 2.366504e-02 0 0
2601.8344 2638.2601 1.690462e-16 4.985033e-17 2.138777e-02 0 0
2603.3615 2639.8086 9.599598e-17 4.336398e-17 1.214831e-02 0 0
2604.8886 2641.3571 8.641629e-17 4.250485e-17 1.093834e-02 0 0
2606.4158 2642.9056 9.749249e-17 4.364033e-17 1.234276e-02 0 0
2607.9429 2644.4541 4.081450e-17 3.905943e-17 5.168030e-03 0 0
2609.4701 2646.0027 1.035189e-16 4.440007e-17 1.310950e-02 0 0
2610.9972 2647.5512 9.115917e-17 4.333464e-17 1.154520e-02 0 0
2612.5244 2649.0998 1.163722e-16 4.528521e-17 1.473892e-02 0 0
2614.0516 2650.6483 1.492641e-16 4.761309e-17 1.890402e-02 0 0
2615.5788 2652.1969 5.937287e-17 4.041483e-17 7.518513e-03 0 0
2617.1060 2653.7455 1.097046e-16 4.377688e-17 1.388959e-02 0 0
2618.6332 2655.2941 1.888418e-17 3.646263e-17 2.390328e-03 0 0
2620.1604 2656.8427 9.481205e-17 4.306246e-17 1.199769e-02 0 0
2621.6876 2658.3913 1.773287e-16 4.986410e-17 2.243179e-02 0 0
2623.2149 2659.9399 8.262720e-17 4.270117e-17 1.044818e-02 0 0
2624.7421 2661.4885 1.145826e-16 4.490987e-17 1.448262e-02 0 0
2626.2693 2663.0371 1.751947e-16 5.111487e-17 2.213320e-02 0 0
2627.7966 2664.5857 1.115152e-16 4.467183e-17 1.408096e-02 0 0
2629.3239 2666.1344 9.066266e-17 4.264571e-17 1.144165e-02 0 0
2630.8511 2667.6830 7.456133e-17 4.181815e-17 9.404113e-03 0 0
2632.3784 2669.2317 7.668945e-17 4.116916e-17 9.666594e-03 0 0
2633.9057 2670.7804 1.171046e-16 4.547694e-17 1.475130e-02 0 0
2635.4330 2672.3290 8.487195e-17 4.250798e-17 1.068390e-02 0 0
2636.9603 2673.8777 8.682325e-17 4.345196e-17 1.092187e-02 0 0
2638.4876 2675.4264 9.796667e-17 4.454442e-17 1.231483e-02 0 0
2640.0149 2676.9751 1.436346e-16 4.784919e-17 1.804216e-02 0 0
2641.5422 2678.5238 1.023186e-16 4.462112e-17 1.284280e-02 0 0
2643.0696 2680.0725 1.776185e-16 5.043413e-17 2.227730e-02 0 0
2644.5969 2681.6213 2.235892e-16 5.368419e-17 2.802159e-02 0 0
2646.1243 2683.1700 1.198090e-16 4.609019e-17 1.500367e-02 0 0
2647.6516 2684.7188 1.706029e-16 5.081088e-17 2.134821e-02 0 0
2649.1790 2686.2675 1.799080e-16 5.117972e-17 2.249550e-02 0 0
2650.7064 2687.8163 1.614082e-16 4.980703e-17 2.016713e-02 0 0
2652.2338 2689.3650 3.962280e-17 3.906810e-17 4.947049e-03 0 0
2653.7611 2690.9138 1.482127e-16 4.800260e-17 1.849155e-02 0 0
2655.2885 2692.4626 1.401980e-16 4.817190e-17 1.747952e-02 0 0
2656.8160 2694.0114 8.275052e-17 4.290269e-17 1.031015e-02 0 0
2658.3434 2695.5602 2.726321e-16 5.709051e-17 3.394679e-02 0 0
2659.8708 2697.1090 2.583227e-16 5.781433e-17 3.214535e-02 0 0
2661.3982 2698.6578 1.732118e-16 5.035994e-17 2.154234e-02 0 0
2662.9257 2700.2066 1.067677e-16 4.503667e-17 1.327156e-02 0 0
2664.4531 2701.7555 1.974956e-16 5.280382e-17 2.453792e-02 0 0
2665.9806 2703.3043 1.965287e-16 5.225800e-17 2.440667e-02 0 0
2667.5080 2704.8531 8.406086e-17 4.353937e-17 1.043518e-02 0 0
2669.0355 2706.4020 1.663104e-16 5.079938e-17 2.063719e-02 0 0
2670.5630 2707.9509 1.871496e-16 5.148654e-17 2.321421e-02 0 0
2672.0905 2709.4997 1.226551e-16 4.669831e-17 1.520840e-02 0 0
2673.6180 2711.0486 2.178724e-16 5.425205e-17 2.700404e-02 0 0
2675.1455 2712.5975 1.473603e-16 4.880187e-17 1.825714e-02 0 0
2676.6730 2714.1464 2.635586e-16 5.761240e-17 3.263902e-02 0 0
2678.2005 2715.6953 3.137472e-16 6.163021e-17 3.883674e-02 0 0
2679.7280 2717.2442 1.186807e-16 4.621351e-17 1.468296e-02 0 0
2681.2556 2718.7932 1.180347e-16 4.656018e-17 1.459513e-02 0 0
2682.7831 2720.3421 2.277484e-16 5.511236e-17 2.814315e-02 0 0
2684.3107 2721.8910 1.765705e-16 5.100401e-17 2.180463e-02 0 0
2685.8382 2723.4400 1.012467e-16 4.559538e-17 1.249288e-02 0 0
2687.3658 2724.9889 1.459320e-16 4.895900e-17 1.799190e-02 0 0
2688.8934 2726.5379 2.004294e-16 5.330442e-17 2.468651e-02 0 0
2690.4210 2728.0869 2.095365e-16 5.419516e-17 2.578254e-02 0 0
2691.9486 2729.6359 1.457607e-16 4.874085e-17 1.791482e-02 0 0
2693.4762 2731.1848 2.451066e-16 5.642797e-17 3.009057e-02 0 0
2695.0038 2732.7338 1.483046e-16 4.890562e-17 1.818406e-02 0 0
2696.5314 2734.2828 1.954446e-16 5.277606e-17 2.393420e-02 0 0
2698.0590 2735.8319 1.979257e-16 5.310609e-17 2.420653e-02 0 0
2699.5867 2737.3809 2.522374e-16 5.750399e-17 3.080865e-02 0 0
2701.1143 2738.9299 1.350416e-16 4.828193e-17 1.647252e-02 0 0
2702.6420 2740.4790 1.747225e-16 5.155131e-17 2.128473e-02 0 0
2704.1696 2742.0280 2.920855e-16 6.006168e-17 3.553633e-02 0 0
2705.6973 2743.5771 2.312982e-16 5.542058e-17 2.810457e-02 0 0
2707.2250 2745.1261 1.389151e-16 4.860467e-17 1.685895e-02 0 0
2708.7527 2746.6752 2.041224e-16 5.380064e-17 2.474280e-02 0 0
2710.2803 2748.2243 2.218752e-16 5.560380e-17 2.686552e-02 0 0
2711.8080 2749.7734 1.828999e-16 5.206050e-17 2.212233e-02 0 0
2713.3358 2751.3225 2.574135e-16 5.752682e-17 3.110638e-02 0 0
2714.8635 2752.8716 2.905953e-16 6.109528e-17 3.508441e-02 0 0
2716.3912 2754.4207 1.668314e-16 5.086211e-17 2.012580e-02 0 0
2717.9189 2755.9698 2.436130e-16 5.743835e-17 2.936498e-02 0 0
2719.4467 2757.5189 2.058927e-16 5.426991e-17 2.479942e-02 0 0
2720.9744 2759.0681 2.787317e-16 5.949027e-17 3.354748e-02 0 0
2722.5022 2760.6172 2.566149e-16 5.875210e-17 3.086180e-02 0 0
2724.0299 2762.1664 2.656313e-16 5.904131e-17 3.192142e-02 0 0
2725.5577 2763.7155 2.178737e-16 5.656148e-17 2.616001e-02 0 0
2727.0855 2765.2647 3.631365e-16 6.515084e-17 4.356378e-02 0 0
2728.6133 2766.8139 2.517127e-16 5.834583e-17 3.016668e-02 0 0
2730.1411 2768.3631 2.388988e-16 5.769259e-17 2.860154e-02 0 0
2731.6689 2769.9122 2.738803e-16 5.883615e-17 3.274998e-02 0 0
2733.1967 2771.4615 3.257762e-16 6.393132e-17 3.890661e-02 0 0
2734.7245 2773.0107 3.741423e-16 6.628272e-17 4.461660e-02 0 0
2736.2524 2774.5599 2.760573e-16 6.021220e-17 3.286889e-02 0 0
2737.7802 2776.1091 2.333621e-16 5.730212e-17 2.773523e-02 0 0
2739.3080 2777.6583 2.921105e-16 6.028617e-17 3.465195e-02 0 0
2740.8359 2779.2076 2.907957e-16 6.204322e-17 3.442415e-02 0 0
2742.3638 2780.7568 2.942041e-16 6.133309e-17 3.475261e-02 0 0
2743.8916 2782.3061 2.253089e-16 5.583336e-17 2.655409e-02 0 0
2745.4195 2783.8554 2.144516e-16 5.779494e-17 2.521599e-02 0 0
2746.9474 2785.4047 1.979263e-16 5.536571e-17 2.321819e-02 0 0
2748.4753 2786.9539 3.428953e-16 6.489516e-17 4.012879e-02 0 0
2750.0032 2788.5032 3.425790e-16 6.662871e-17 3.999821e-02 0 0
2751.5311 2790.0525 3.341349e-16 6.387889e-17 3.892169e-02 0 0
2753.0590 2791.6018 3.903071e-16 6.827766e-17 4.536414e-02 0 0
2754.5869 2793.1512 2.662262e-16 6.034878e-17 3.087549e-02 0 0
2756.1149 2794.7005 2.694462e-16 5.930804e-17 3.118651e-02 0 0
2757.6428 2796.2498 3.112387e-16 6.419898e-17 3.595485e-02 0 0
2759.1708 2797.7992 2.418948e-16 5.826725e-17 2.789722e-02 0 0
2760.6987 2799.3485 1.600906e-16 5.247176e-17 1.843431e-02 0 0
2762.2267 2800.8979 2.150194e-16 5.761328e-17 2.472742e-02 0 0
2763.7547 2802.4473 2.945313e-16 6.315674e-17 3.383293e-02 0 0
2765.2827 2803.9966 1.333110e-16 5.058689e-17 1.529960e-02 0 0
2766.8107 2805.5460 2.796001e-16 6.151204e-17 3.206434e-02 0 0
2768.3387 2807.0954 2.471578e-16 5.991001e-17 2.832690e-02 0 0
2769.8667 2808.6448 4.194418e-16 7.104822e-17 4.804904e-02 0 0
2771.3947 2810.1942 3.087242e-16 6.371980e-17 3.535193e-02 0 0
2772.9227 2811.7436 2.007879e-16 5.732127e-17 2.298480e-02 0 0
2774.4507 2813.2931 3.108182e-16 6.265178e-17 3.557025e-02 0 0
2775.9788 2814.8425 2.409736e-16 5.964344e-17 2.757023e-02 0 0
2777.5068 2816.3919 2.655243e-16 6.135457e-17 3.037086e-02 0 0
2779.0349 2817.9414 3.380433e-16 6.595556e-17 3.865439e-02 0 0
2780.5630 2819.4908 3.808484e-16 6.979016e-17 4.353328e-02 0 0
2782.0910 2821.0403 2.929089e-16 6.286778e-17 3.346688e-02 0 0
2783.6191 2822.5898 2.824066e-16 6.252116e-17 3.224915e-02 0 0
2785.1472 2824.1393 3.631254e-16 6.695439e-17 4.143878e-02 0 0
2786.6753 2825.6888 3.361618e-16 6.570041e-17 3.833001e-02 0 0
2788.2034 2827.2383 3.299386e-16 6.561300e-17 3.758297e-02 0 0
2789.7315 2828.7878 2.537306e-16 6.045201e-17 2.886912e-02 0 0
2791.2597 2830.3373 1.922852e-16 5.570005e-17 2.184911e-02 0 0
2792.7878 2831.8868 3.544099e-16 6.705906e-17 4.021290e-02 0 0
2794.3159 2833.4363 4.259503e-16 7.144628e-17 4.825262e-02 0 0
2795.8441 2834.9859 3.225012e-16 6.500385e-17 3.647104e-02 0 0
2797.3722 2836.5354 3.272264e-16 6.576541e-17 3.693654e-02 0 0
2798.9004 2838.0850 2.982839e-16 6.390692e-17 3.360381e-02 0 0
2800.4286 2839.6346 2.594401e-16 6.110838e-17 2.916682e-02 0 0
2801.9567 2841.1841 4.084131e-16 7.150023e-17 4.581542e-02 0 0
2803.4849 2842.7337 3.781286e-16 6.984922e-17 4.232150e-02 0 0
2805.0131 2844.2833 3.979430e-16 7.082667e-17 4.443493e-02 0 0
2806.5413 2845.8329 3.216946e-16 6.592469e-17 3.583324e-02 0 0
2808.0695 2847.3825 4.586323e-16 7.517014e-17 5.095942e-02 0 0
2809.5978 2848.9321 3.182148e-16 6.596357e-17 3.526651e-02 0 0
2811.1260 2850.4818 3.488025e-16 6.861850e-17 3.855561e-02 0 0
2812.6542 2852.0314 2.941483e-16 6.483012e-17 3.242741e-02 0 0
2814.1825 2853.5810 3.089709e-16 6.606590e-17 3.396946e-02 0 0
2815.7107 2855.1307 2.481120e-16 6.203916e-17 2.720340e-02 0 0
2817.2390 2856.6803 2.390855e-16 6.116395e-17 2.614110e-02 0 0
2818.7673 2858.2300 3.186166e-16 6.738931e-17 3.473931e-02 0 0
2820.2955 2859.7797 2.696400e-16 6.360022e-17 2.931656e-02 0 0
2821.8238 2861.3294 3.746218e-16 7.052775e-17 4.061536e-02 0 0
2823.3521 2862.8790 2.960051e-16 6.629305e-17 3.200088e-02 0 0
2824.8804 2864.4287 3.441812e-16 6.864212e-17 3.710366e-02 0 0
2826.4087 2865.9784 3.506843e-16 7.023602e-17 3.769743e-02 0 0
2827.9370 2867.5282 1.876690e-16 5.785764e-17 2.011694e-02 0 0
2829.4654 2869.0779 2.764428e-16 6.430348e-17 2.954947e-02 0 0
2830.9937 2870.6276 4.353042e-16 7.707549e-17 4.640109e-02 0 0
2832.5220 2872.1774 2.700638e-16 6.413245e-17 2.870749e-02 0 0
2834.0504 2873.7271 2.426787e-16 6.405929e-17 2.572638e-02 0 0
2835.5788 2875.2769 3.747936e-16 7.232442e-17 3.962421e-02 0 0
2837.1071 2876.8266 3.098639e-16 6.785074e-17 3.267307e-02 0 0
2838.6355 2878.3764 4.288532e-16 7.613214e-17 4.510022e-02 0 0
2840.1639 2879.9262 3.780189e-16 7.191583e-17 3.965098e-02 0 0
2841.6923 2881.4760 4.539726e-16 7.758695e-17 4.749381e-02 0 0
2843.2207 2883.0258 4.139572e-16 7.566181e-17 4.319493e-02 0 0
2844.7491 2884.5756 3.602377e-16 7.198553e-17 3.749126e-02 0 0
2846.2775 2886.1254 2.904900e-16 6.796256e-17 3.015234e-02 0 0
2847.8059 2887.6752 3.528772e-16 7.186302e-17 3.653033e-02 0 0
2849.3343 2889.2250 3.253563e-16 7.021566e-17 3.358916e-02 0 0
2850.8628 2890.7749 3.448016e-16 7.163704e-17 3.549838e-02 0 0
2852.3912 2892.3247 2.513166e-16 6.448709e-17 2.579955e-02 0 0
2853.9197 2893.8746 4.540848e-16 7.875953e-17 4.648016e-02 0 0
2855.4482 2895.4244 3.335628e-16 7.149285e-17 3.403941e-02 0 0
2856.9766 2896.9743 4.675945e-16 8.025991e-17 4.757017e-02 0 0
2858.5051 2898.5242 3.308646e-16 7.119999e-17 3.354990e-02 0 0
2860.0336 2900.0741 3.834114e-16 7.541377e-17 3.874975e-02 0 0
2861.5621 2901.6240 3.778396e-16 7.467876e-17 3.805193e-02 0 0
2863.0906 2903.1739 3.799170e-16 7.502684e-17 3.812518e-02 0 0
2864.6191 2904.7238 2.863474e-16 6.856439e-17 2.862759e-02 0 0
2866.1476 2906.2737 3.508460e-16 7.357024e-17 3.494347e-02 0 0
2867.6762 2907.8236 3.212774e-16 7.193362e-17 3.187306e-02 0 0
2869.2047 2909.3736 4.176529e-16 7.731277e-17 4.127083e-02 0 0
2870.7333 2910.9235 3.170672e-16 7.155444e-17 3.120470e-02 0 0
2872.2618 2912.4735 4.114688e-16 7.758175e-17 4.033079e-02 0 0
2873.7904 2914.0234 3.967737e-16 7.818454e-17 3.873036e-02 0 0
2875.3189 2915.5734 2.255400e-16 6.551675e-17 2.192455e-02 0 0
2876.8475 2917.1234 2.737586e-16 6.967423e-17 2.650164e-02 0 0
2878.3761 2918.6734 2.377956e-16 6.644707e-17 2.292432e-02 0 0
2879.9047 2920.2234 3.430021e-16 7.360927e-17 3.293046e-02 0 0
2881.4333 2921.7734 2.748056e-16 7.137448e-17 2.627400e-02 0 0
2882.9619 2923.3234 3.606064e-16 7.494094e-17 3.433791e-02 0 0
2884.4905 2924.8734 2.503974e-16 6.831884e-17 2.374670e-02 0 0
2886.0192 2926.4234 1.755514e-16 6.340433e-17 1.658300e-02 0 0
2887.5478 2927.9735 3.627498e-16 7.632433e-17 3.413086e-02 0 0
2889.0764 2929.5235 3.345560e-16 7.608476e-17 3.135684e-02 0 0
2890.6051 2931.0736 3.478102e-16 7.635864e-17 3.247321e-02 0 0
2892.1337 2932.6236 4.014909e-16 7.951939e-17 3.734246e-02 0 0
2893.6624 2934.1737 4.269759e-16 8.166677e-17 3.956126e-02 0 0
2895.1911 2935.7238 3.875854e-16 8.003504e-17 3.577529e-02 0 0
2896.7198 2937.2739 2.950055e-16 7.314572e-17 2.712615e-02 0 0
2898.2485 2938.8239 2.294165e-16 6.813592e-17 2.101446e-02 0 0
2899.7772 2940.3740 3.506490e-16 7.781062e-17 3.199578e-02 0 0
2901.3059 2941.9242 2.870752e-16 7.285969e-17 2.609285e-02 0 0
2902.8346 2943.4743 2.685519e-16 7.310177e-17 2.431354e-02 0 0
2904.3633 2945.0244 2.752325e-16 7.277696e-17 2.481862e-02 0 0
2905.8921 2946.5745 3.428660e-16 7.834053e-17 3.079248e-02 0 0
2907.4208 2948.1247 2.483358e-16 7.200748e-17 2.221028e-02 0 0
2908.9495 2949.6748 3.639181e-16 7.960821e-17 3.241106e-02 0 0
2910.4783 2951.2250 2.508226e-16 7.237010e-17 2.224106e-02 0 0
2912.0071 2952.7752 3.747763e-16 8.119455e-17 3.308492e-02 0 0
2913.5358 2954.3253 2.931558e-16 7.640356e-17 2.576128e-02 0 0
2915.0646 2955.8755 4.138183e-16 8.424197e-17 3.619629e-02 0 0
2916.5934 2957.4257 2.708519e-16 7.465675e-17 2.357856e-02 0 0
2918.1222 2958.9759 2.943797e-16 7.638882e-17 2.550338e-02 0 0
2919.6510 2960.5261 2.570105e-16 7.410687e-17 2.215613e-02 0 0
2921.1798 2962.0763 1.970165e-16 7.048762e-17 1.689942e-02 0 0
2922.7087 2963.6266 4.222423e-16 8.599845e-17 3.603368e-02 0 0
2924.2375 2965.1768 3.363924e-16 8.134159e-17 2.855901e-02 0 0
2925.7663 2966.7271 4.358641e-16 8.803804e-17 3.680901e-02 0 0
2927.2952 2968.2773 2.741907e-16 7.700963e-17 2.303213e-02 0 0
2928.8240 2969.8276 3.510990e-16 8.305861e-17 2.933241e-02 0 0
2930.3529 2971.3778 3.783971e-16 8.621216e-17 3.143944e-02 0 0
2931.8818 2972.9281 2.593618e-16 7.632564e-17 2.142907e-02 0 0
2933.4106 2974.4784 4.331883e-16 9.127837e-17 3.558904e-02 0 0
2934.9395 2976.0287 3.319112e-16 8.266802e-17 2.711240e-02 0 0
2936.4684 2977.5790 2.959712e-16 8.117709e-17 2.403668e-02 0 0
2937.9973 2979.1293 3.457726e-16 8.471398e-17 2.791667e-02 0 0
2939.5262 2980.6796 2.910407e-16 8.013660e-17 2.335869e-02 0 0
2941.0552 2982.2299 4.014704e-16 9.053040e-17 3.202895e-02 0 0
2942.5841 2983.7803 3.081419e-16 8.260957e-17 2.443486e-02 0 0
2944.1130 2985.3306 2.196491e-16 7.629371e-17 1.731159e-02 0 0
2945.6420 2986.8810 4.305984e-16 9.453637e-17 3.372928e-02 0 0
2947.1709 2988.4313 2.937548e-16 8.164268e-17 2.286800e-02 0 0
2948.6999 2989.9817 3.349203e-16 8.699043e-17 2.591038e-02 0 0
2950.2289 2991.5321 2.842193e-16 8.344271e-17 2.185043e-02 0 0
2951.7578 2993.0824 2.821137e-16 8.216257e-17 2.155203e-02 0 0
2953.2868 2994.6328 5.093457e-16 1.011017e-16 3.866541e-02 0 0
2954.8158 2996.1832 4.702776e-16 9.704893e-17 3.547292e-02 0 0
2956.3448 2997.7336 3.158581e-16 8.629488e-17 2.367333e-02 0 0
2957.8738 2999.2841 1.823165e-16 7.736526e-17 1.357712e-02 0 0
2959.4028 3000.8345 1.297659e-16 7.137049e-17 9.601741e-03 0 0
2960.9319 3002.3849 3.496467e-16 9.127720e-17 2.570505e-02 0 0
2962.4609 3003.9354 2.976938e-16 8.708354e-17 2.174442e-02 0 0
2963.9899 3005.4858 3.499264e-16 9.136979e-17 2.539412e-02 0 0
2965.5190 3007.0363 3.412000e-16 9.124508e-17 2.459960e-02 0 0
2967.0481 3008.5867 2.705448e-16 8.596364e-17 1.937782e-02 0 0
2968.5771 3010.1372 4.814163e-16 1.033330e-16 3.425411e-02 0 0
2970.1062 3011.6877 2.766148e-16 8.644366e-17 1.955119e-02 0 0
2971.6353 3013.2382 1.913502e-16 8.232251e-17 1.343407e-02 0 0
2973.1644 3014.7887 2.049952e-16 8.210572e-17 1.429479e-02 0 0
2974.6935 3016.3392 1.184891e-16 7.504627e-17 8.206127e-03 0 0
2976.2226 3017.8897 3.192373e-16 9.514573e-17 2.195673e-02 0 0
2977.7517 3019.4402 2.264404e-16 8.578590e-17 1.546566e-02 0 0
2979.2808 3020.9907 3.042004e-16 9.476154e-17 2.062991e-02 0 0
2980.8100 3022.5413 1.747907e-16 8.294625e-17 1.176907e-02 0 0
2982.3391 3024.0918 3.152101e-16 9.330667e-17 2.107014e-02 0 0
2983.8682 3025.6424 3.530882e-16 9.907480e-17 2.342902e-02 0 0
2985.3974 3027.1930 2.323095e-16 8.900907e-17 1.530009e-02 0 0
2986.9266 3028.7435 5.553057e-16 1.144562e-16 3.629767e-02 0 0
2988.4557 3030.2941 8.327145e-17 7.713058e-17 5.401574e-03 0 0
2989.9849 3031.8447 1.710758e-16 8.518129e-17 1.101181e-02 0 0
2991.5141 3033.3953 5.597745e-16 1.159390e-16 3.575157e-02 0 0
2993.0433 3034.9459 3.187814e-16 9.897155e-17 2.020033e-02 0 0
2994.5725 3036.4965 4.567720e-16 1.112329e-16 2.871588e-02 0 0
2996.1017 3038.0471 1.735290e-16 8.769482e-17 1.082248e-02 0 0
2997.6309 3039.5978 3.907203e-16 1.060472e-16 2.417322e-02 0 0
2999.1602 3041.1484 1.265984e-16 8.498444e-17 7.769427e-03 0 0
3000.6894 3042.6991 5.134924e-16 1.157676e-16 3.125931e-02 0 0
3002.2187 3044.2497 2.333892e-16 9.547299e-17 1.409260e-02 0 0
3003.7479 3045.8004 2.575551e-16 9.890942e-17 1.542574e-02 0 0
3005.2772 3047.3511 5.643424e-16 1.224090e-16 3.352487e-02 0 0
3006.8064 3048.9017 3.535962e-16 1.087591e-16 2.083487e-02 0 0
3008.3357 3050.4524 2.147616e-16 9.541036e-17 1.255101e-02 0 0
3009.8650 3052.0031 1.927676e-16 9.575534e-17 1.117372e-02 0 0
3011.3943 3053.5538 3.885543e-16 1.127982e-16 2.233774e-02 0 0
3012.9236 3055.1045 2.187180e-16 9.705150e-17 1.247124e-02 0 0
3014.4529 3056.6553 2.699550e-16 1.050847e-16 1.526625e-02 0 0
3015.9822 3058.2060 1.734051e-16 9.407075e-17 9.725798e-03 0 0
3017.5116 3059.7567 4.382547e-16 1.203601e-16 2.437741e-02 0 0
3019.0409 3061.3075 5.088279e-16 1.257126e-16 2.806916e-02 0 0
3020.5702 3062.8582 4.510909e-16 1.202134e-16 2.467699e-02 0 0
3022.0996 3064.4090 3.529602e-16 1.157094e-16 1.914766e-02 0 0
3023.6290 3065.9598 2.356562e-16 1.040150e-16 1.267652e-02 0 0
3025.1583 3067.5105 1.972856e-16 1.034263e-16 1.052282e-02 0 0
3026.6877 3069.0613 5.348826e-16 1.316841e-16 2.828642e-02 0 0
3028.2171 3070.6121 6.011700e-16 1.382164e-16 3.151938e-02 0 0
3029.7465 3072.1629 2.736015e-16 1.105316e-16 1.422080e-02 0 0
3031.2759 3073.7137 3.069402e-16 1.162592e-16 1.581443e-02 0 0
3032.8053 3075.2646 3.992585e-16 1.226975e-16 2.038967e-02 0 0
3034.3347 3076.8154 4.404821e-16 1.267876e-16 2.229487e-02 0 0
3035.8641 3078.3662 2.870995e-16 1.153680e-16 1.440095e-02 0 0
3037.3936 3079.9171 3.181766e-16 1.179221e-16 1.581529e-02 0 0
3038.9230 3081.4679 3.865462e-16 1.274776e-16 1.903800e-02 0 0
3040.4525 3083.0188 2.535453e-16 1.137910e-16 1.237262e-02 0 0
3041.9819 3084.5697 2.856679e-16 1.205360e-16 1.381065e-02 0 0
3043.5114 3086.1205 3.893535e-16 1.290974e-16 1.864772e-02 0 0
3045.0409 3087.6714 3.773415e-16 1.268416e-16 1.790211e-02 0 0
3046.5703 3089.2223 3.473807e-16 1.285876e-16 1.632501e-02 0 0
3048.0998 3090.7732 1.451149e-16 1.081493e-16 6.754536e-03 0 0
3049.6293 3092.3241 4.565048e-16 1.380856e-16 2.104563e-02 0 0
3051.1588 3093.8751 5.026189e-16 1.425468e-16 2.294802e-02 0 0
3052.6884 3095.4260 2.147606e-16 1.198454e-16 9.710812e-03 0 0
3054.2179 3096.9769 3.760095e-16 1.364803e-16 1.683641e-02 0 0
3055.7474 3098.5279 2.714120e-16 1.252225e-16 1.203487e-02 0 0
3057.2769 3100.0788 1.850064e-16 1.216054e-16 8.122965e-03 0 0
3058.8065 3101.6298 2.242598e-16 1.225523e-16 9.750222e-03 0 0
3060.3361 3103.1808 4.497439e-16 1.436480e-16 1.936048e-02 0 0
3061.8656 3104.7317 2.743918e-16 1.311196e-16 1.169588e-02 0 0
3063.3952 3106.2827 2.513574e-16 1.299768e-16 1.060760e-02 0 0
3064.9248 3107.8337 2.793997e-17 1.105592e-16 1.167451e-03 0 0
3066.4544 3109.3847 4.787838e-16 1.501902e-16 1.980582e-02 0 0
3067.9840 3110.9357 2.564042e-16 1.332108e-16 1.050131e-02 0 0
3069.5136 3112.4867 4.039162e-16 1.490911e-16 1.637678e-02 0 0
3071.0432 3114.0378 1.995328e-16 1.297375e-16 8.009316e-03 0 0
3072.5728 3115.5888 2.863850e-16 1.402964e-16 1.137969e-02 0 0
3074.1024 3117.1399 3.046976e-16 1.427627e-16 1.198601e-02 0 0
3075.6321 3118.6909 6.434423e-16 1.724102e-16 2.505514e-02 0 0
3077.1617 3120.2420 3.778848e-16 1.500647e-16 1.456647e-02 0 0
3078.6914 3121.7930 3.169091e-16 1.456061e-16 1.209189e-02 0 0
3080.2210 3123.3441 2.288425e-16 1.413339e-16 8.643483e-03 0 0
3081.7507 3124.8952 3.143755e-16 1.494344e-16 1.175307e-02 0 0
3083.2804 3126.4463 3.990806e-16 1.575515e-16 1.476866e-02 0 0
3084.8101 3127.9974 3.165906e-16 1.541906e-16 1.159621e-02 0 0
3086.3398 3129.5485 4.981671e-16 1.669908e-16 1.806169e-02 0 0
3087.8695 3131.0996 2.631493e-16 1.479738e-16 9.443034e-03 0 0
3089.3992 3132.6508 1.016255e-16 1.379223e-16 3.609662e-03 0 0
3090.9289 3134.2019 7.898407e-17 1.334019e-16 2.776643e-03 0 0
3092.4586 3135.7530 6.618289e-16 1.911154e-16 2.302880e-02 0 0
3093.9883 3137.3042 5.926540e-16 1.843973e-16 2.040967e-02 0 0
3095.5181 3138.8553 2.976331e-16 1.576570e-16 1.014503e-02 0 0
3097.0478 3140.4065 2.960492e-16 1.623497e-16 9.987083e-03 0 0
3098.5776 3141.9577 3.467578e-16 1.663460e-16 1.157797e-02 0 0
3100.1074 3143.5089 1.119834e-16 1.463124e-16 3.700487e-03 0 0
3101.6371 3145.0601 4.141458e-16 1.735250e-16 1.354518e-02 0 0
3103.1669 3146.6113 7.384928e-16 2.018950e-16 2.390414e-02 0 0
3104.6967 3148.1625 3.008695e-16 1.679408e-16 9.638928e-03 0 0
3106.2265 3149.7137 2.342202e-16 1.639306e-16 7.426256e-03 0 0
3107.7563 3151.2649 4.705574e-16 1.879632e-16 1.476383e-02 0 0
3109.2862 3152.8162 3.369967e-16 1.769049e-16 1.046162e-02 0 0
3110.8160 3154.3674 2.549135e-16 1.697655e-16 7.828845e-03 0 0
3112.3458 3155.9187 1.141853e-16 1.624228e-16 3.468889e-03 0 0
3113.8757 3157.4699 2.267454e-16 1.715163e-16 6.812964e-03 0 0
3115.4055 3159.0212 2.385036e-16 1.769956e-16 7.086813e-03 0 0
3116.9354 3160.5725 6.025895e-16 2.085139e-16 1.770418e-02 0 0
3118.4652 3162.1237 4.449015e-16 1.918620e-16 1.292274e-02 0 0
3119.9951 3163.6750 -1.562525e-17 1.580673e-16 -4.486324e-04 0 0
3121.5250 3165.2263 4.139430e-16 1.998461e-16 1.174661e-02 0 0
3123.0549 3166.7776 4.791815e-16 2.016997e-16 1.343735e-02 0 0
3124.5848 3168.3290 1.543133e-17 1.309597e-16 4.275534e-04 2560 0
3126.1147 3169.8803 2.500831e-16 1.673891e-16 6.845025e-03 2564 0
3127.6446 3171.4316 6.241520e-16 2.276846e-16 1.687380e-02 2564 0
3129.1745 3172.9830 9.518365e-16 3.040435e-16 2.541225e-02 2564 0
3130.7044 3174.5343 1.769807e-17 3.788089e-17 4.665393e-04 2564 0
