# obs_wvl flux error
1.138000000000000000e+03 -1.156749025533130708e-14 2.773070605288870258e-18
1.139167656510083361e+03 -7.100392847981067961e-15 1.150032759177133648e-18
1.140335313020166723e+03 -1.413121079735990912e-15 5.330257507919208424e-19
1.141502969530250084e+03 -8.103127113484709942e-16 2.498187124215209500e-19
1.142670626040333445e+03 -5.246580628457802010e-16 1.861975016027430460e-19
1.143838282550416807e+03 -1.011017800980347674e-17 1.964503801225468032e-16
1.145005939060500168e+03 -2.475066699311723896e-16 7.388854212320871143e-20
1.146173595570583529e+03 -1.884834033593118409e-16 5.792404995378121401e-20
1.147341252080666891e+03 -1.509375463557865347e-16 5.201384994842704585e-20
1.148508908590750252e+03 -1.256135135237948921e-16 4.330045612883109995e-20
1.149676565100833614e+03 -1.075521715314960243e-16 3.757513016111585275e-20
1.150844221610916975e+03 -9.311568843025522197e-17 3.362787779115966704e-20
1.152011878121000336e+03 -7.909273537634832587e-17 2.846715586560159193e-20
1.153179534631083698e+03 -7.058231856379864673e-17 2.018280671020240034e-20
1.154347191141167059e+03 -6.398831393255586193e-17 2.429191391327059372e-20
1.155514847651250420e+03 -5.775222765788580901e-17 1.866265005743276851e-20
1.156682504161333782e+03 -5.302110002897356891e-17 1.842113742843394510e-20
1.157850160671417143e+03 -5.056728800796339085e-17 1.446120863412110110e-20
1.159017817181500504e+03 -4.790872977106303032e-17 1.649963284173652112e-20
1.160185473691583866e+03 -3.929610013618867705e-18 2.091794051731501124e-17
1.161353130201667227e+03 -4.380009355780452332e-17 1.228385555733943355e-20
1.162520786711750588e+03 -4.188028104854526340e-17 1.190892747935272293e-20
1.163688443221833950e+03 -4.008207031141129131e-17 1.127747507318735550e-20
1.164856099731917311e+03 -3.856820070104295040e-17 1.065883847216531916e-20
1.166023756242000673e+03 -3.742582222081042121e-17 1.044922612958560397e-20
1.167191412752084034e+03 -7.445078532114999944e-18 1.732918750118867871e-17
1.168359069262167395e+03 -1.606924235610768101e-17 1.252673826082685242e-17
1.169526725772250757e+03 2.223445784917096773e-17 2.086528550241821263e-17
1.170694382282334118e+03 -3.328500800224149012e-17 9.076232496334876732e-21
1.171862038792417479e+03 -3.210690436046021090e-17 8.669632582130220462e-21
1.173029695302500841e+03 -3.110022976989917587e-17 8.589192066062927611e-21
1.174197351812584202e+03 -2.991332031225139359e-17 7.968778974546518557e-21
1.175365008322667563e+03 -2.911204655818265797e-17 7.892763513085041997e-21
1.176532664832750925e+03 -2.832246735892765589e-17 9.546129259080046399e-21
1.177700321342834286e+03 -2.757194372725504646e-17 9.281046127192337367e-21
1.178867977852917647e+03 -2.705757504083994369e-17 9.114065948414213899e-21
1.180035634363001009e+03 -2.636403694149268086e-17 8.719434895220750409e-21
1.181203290873084370e+03 -1.667450264361727511e-17 7.027650995000972282e-18
1.182370947383167731e+03 -2.607881688514182103e-17 6.527387863832929322e-21
1.183538603893251093e+03 -2.458412894954653469e-17 7.402403698774419688e-21
1.184706260403334454e+03 -2.462051274872801919e-17 4.828866571831365905e-21
1.185873916913417816e+03 -2.345805083184132580e-17 7.621087684487335303e-21
1.187041573423501177e+03 -2.306187300296582564e-17 7.582897081099211816e-21
1.188209229933584538e+03 3.144778467048141335e-17 1.712187967998732820e-17
1.189376886443667900e+03 -1.055531567966961521e-17 7.911867426521204252e-18
1.190544542953751261e+03 1.124895955451428190e-17 1.245709124754338525e-17
1.191712199463834622e+03 -2.111097555163704452e-17 6.825673972213797796e-21
1.192879855973917984e+03 -2.056085775130341695e-17 6.594117125886489323e-21
1.194047512484001345e+03 1.480470365860914408e-17 1.273885841310283006e-17
1.195215168994084706e+03 2.571258474595383377e-18 9.845224005790161660e-18
1.196382825504168068e+03 2.297717519316020353e-17 2.141822651498799276e-17
1.197550482014251429e+03 -5.436862622744760573e-18 9.781783525609829436e-18
1.198718138524334790e+03 2.893212231334054237e-17 1.364638966961444518e-17
1.199885795034418152e+03 2.351441470555925625e-17 1.349051494712997935e-17
1.201053451544501513e+03 1.774376905347643166e-17 1.172028481171625566e-17
1.202221108054584874e+03 1.476118717798192217e-17 9.393627349858359844e-18
1.203388764564668236e+03 2.089411715013017094e-17 1.049555311331052871e-17
1.204556421074751597e+03 4.611138798208769205e-17 1.492439150866138230e-17
1.205724077584834959e+03 9.753742755577025772e-17 1.968035970269381233e-17
1.206891734094918320e+03 8.343435342123495718e-17 1.863865359642987599e-17
1.208059390605001681e+03 4.812711759020778543e-17 1.659095606615484047e-17
1.209227047115085043e+03 -4.116020845360868682e-18 1.730612112556503453e-17
1.210394703625168404e+03 6.745768016835439745e-18 2.268528563867510105e-17
1.211562360135251765e+03 1.463280775210120048e-17 2.958143329187469200e-17
1.212730016645335127e+03 -1.011639030045523853e-17 5.632471115479373162e-17
1.213897673155418488e+03 1.193363267031346249e-16 1.600337908989142660e-16
1.215065329665501849e+03 3.801402031274098351e-16 1.554087413486565470e-16
1.216232986175585211e+03 2.617017922976853946e-16 1.486669643631024858e-16
1.217400642685668572e+03 -1.057774282963414487e-16 1.319401792629858658e-16
1.218568299195751933e+03 -2.946804492001226703e-17 7.305025208780639925e-17
1.219735955705835295e+03 -1.418429231337669264e-17 2.942930299580293752e-17
1.220903612215918656e+03 2.499998735938310483e-17 2.253963478891204425e-17
1.222071268726002018e+03 -1.624144419729869823e-17 1.634242161224236024e-17
1.223238925236085379e+03 -1.807935087822655298e-17 1.396194495112923262e-17
1.224406581746168740e+03 3.477883996179861015e-17 1.249429605297739494e-17
1.225574238256252102e+03 2.953772597958195557e-17 1.070785717384076697e-17
1.226741894766335463e+03 3.301396297093106545e-17 1.073922709605663857e-17
1.227909551276418824e+03 1.359962118411009289e-17 8.319070088625593655e-18
1.229077207786502186e+03 2.166394555183294248e-18 6.110675346066548415e-18
1.230244864296585547e+03 1.378016797852861930e-17 8.399017739928743739e-18
1.231412520806668908e+03 6.551752624799114997e-18 6.818943449431424756e-18
1.232580177316752270e+03 1.711616227609228954e-18 5.613675885071783590e-18
1.233747833826835631e+03 2.881591803692196115e-17 1.043528259969357602e-17
1.234915490336918992e+03 1.066719035280111326e-18 5.265207760192018940e-18
1.236083146847002354e+03 2.592635729876928539e-18 5.615446783591872188e-18
1.237250803357085715e+03 -1.129992573118992487e-17 2.998741419932292173e-21
1.238418459867169076e+03 6.915436952843897134e-18 7.668514261937354488e-18
1.239586116377252438e+03 -1.099025457605650409e-17 2.883444911982220040e-21
1.240753772887335799e+03 2.912014732179381502e-18 5.868583185371950775e-18
1.241921429397419161e+03 3.045533132998655050e-18 6.067929919874642004e-18
1.243089085907502522e+03 1.722657311073118207e-18 8.291582586259040228e-18
1.244256742417585883e+03 -1.694594061341755101e-19 6.138513940395907376e-18
1.245424398927669245e+03 -1.581415262760941976e-18 5.770555932721338880e-18
1.246592055437752606e+03 -1.034653510822563126e-17 2.754202769612032606e-21
1.247759711947835967e+03 2.338788561132191579e-18 6.362268758944562427e-18
1.248927368457919329e+03 -1.013665357826172380e-17 3.065016308631715245e-21
1.250095024968002690e+03 -1.003602169428669025e-17 3.035049950968348074e-21
1.251262681478086051e+03 -9.530816920264470323e-19 5.860101956652684046e-18
1.252430337988169413e+03 -1.300568997041483210e-17 5.041400437406363094e-19
1.253597994498252774e+03 -9.784889287169862904e-18 2.589700294515954453e-21
1.254765651008336135e+03 -9.723817091997347037e-18 2.995686431820449410e-21
1.255933307518419497e+03 -9.665655034443483401e-18 2.586083693415970644e-21
1.257100964028502858e+03 -9.590773538135467934e-18 2.964217414719667938e-21
1.258268620538586219e+03 4.400578145400999572e-18 6.746545110402684391e-18
1.259436277048669581e+03 -9.444653956518099012e-18 2.464581224995564870e-21
1.260603933558752942e+03 -9.410350662555980629e-18 2.511276396538230671e-21
1.261771590068836304e+03 -9.326821332322565419e-18 2.493785496766480366e-21
1.262939246578919665e+03 -1.025354831100766756e-17 2.884396736626707127e-18
1.264106903089003026e+03 -2.246379099718665757e-19 4.182824689121821738e-18
1.265274559599086388e+03 -6.775161800679827825e-18 4.085153774752269932e-18
1.266442216109169749e+03 -1.074288794448771610e-17 2.495886807586577597e-21
1.267609872619253110e+03 -8.956394507683135394e-18 2.431264463493081133e-21
1.268777529129336472e+03 -8.930451086610935068e-18 2.447914711172067880e-21
1.269945185639419833e+03 -9.928589263774498186e-18 2.047484348535199603e-19
1.271112842149503194e+03 -9.825763955308231332e-18 1.964966103604632699e-19
1.272280498659586556e+03 -8.765604695639380261e-18 2.416900200319823741e-21
1.273448155169669917e+03 -8.720755038013434644e-18 2.435924609507314514e-21
1.274615811679753278e+03 -8.678866821661751420e-18 2.461618377597418615e-21
1.275783468189836640e+03 -8.635167973312406012e-18 3.180134418919955501e-21
1.276951124699920001e+03 -8.581837497035814550e-18 3.220840026355684782e-21
1.278118781210003363e+03 -8.985385399439942352e-18 1.351614375352484524e-19
1.279286437720086724e+03 -8.934061488211378588e-18 1.318035656137889221e-19
1.280454094230170085e+03 -8.397339467296767346e-18 2.780603023914655853e-21
1.281621750740253447e+03 -8.343461736421912059e-18 2.428450256911517912e-21
1.282789407250336808e+03 -8.276261411554532257e-18 2.386722476056097994e-21
1.283957063760420169e+03 -8.233218717551949176e-18 2.361017289127503332e-21
1.285124720270503531e+03 -8.222776374224436921e-18 2.783824745664836279e-21
1.286292376780586892e+03 -8.160630374188741234e-18 2.386159969887205591e-21
1.287460033290670253e+03 7.355851601797463972e-18 6.133633052389907784e-18
1.288627689800753615e+03 -8.096393834027059184e-18 2.392431349310233764e-21
1.289795346310836976e+03 -8.018135608219093768e-18 2.995770809425203567e-21
1.290963002820920337e+03 -7.994713067068865686e-18 3.043471399011631552e-21
1.292130659331003699e+03 -8.009652305052516828e-18 3.145537642474838995e-21
1.293298315841087060e+03 -1.657470446920610890e-20 3.066899712864480585e-21
1.294465972351170421e+03 -1.980495321196290773e-20 2.796104281765937278e-21
1.295633628861253783e+03 -1.004044007164232891e-20 3.074266735872525948e-21
1.296801285371337144e+03 -7.754793993884951699e-18 2.974907416977809325e-21
1.297968941881420506e+03 -8.832549056469013763e-18 4.890181441570685298e-18
1.299136598391503867e+03 -1.271444711396231236e-17 5.336312436703911715e-18
1.300304254901587228e+03 -4.617380783331705490e-18 1.212196719646766025e-17
1.301471911411670590e+03 -5.419972894595636533e-18 1.546700778808853092e-17
1.302639567921753951e+03 -3.019164995447540019e-17 1.512751802378695687e-17
1.303807224431837312e+03 5.034011707112106620e-18 2.016666103344387951e-17
1.304974880941920674e+03 7.380662693039947462e-18 1.721895040828587339e-17
1.306142537452004035e+03 1.714398528422191245e-18 1.745932746723502790e-17
1.307310193962087396e+03 -2.125529973642621156e-17 1.263918777045086993e-17
1.308477850472170758e+03 3.889249378689107066e-17 1.173503417316162309e-17
1.309645506982254119e+03 3.216732274499848465e-18 5.653128263760148595e-18
1.310813163492337480e+03 -4.009725420570161873e-18 3.308423347727705323e-18
1.311980820002420842e+03 -7.345056351732346373e-18 2.777208141566607049e-21
1.313148476512504203e+03 -8.303498007285611144e-18 1.895502142789262365e-19
1.314316133022587564e+03 -3.733633271789355186e-17 1.481804004002754821e-18
1.315483789532670926e+03 -7.247698273559374120e-18 2.402680662107589233e-21
1.316651446042754287e+03 -7.240515829789091787e-18 2.480005323579520650e-21
1.317819102552837649e+03 6.154897480473789732e-18 6.479793609237922226e-18
1.318986759062921010e+03 -6.040772667495166525e-18 3.913914535676833285e-18
1.320154415573004371e+03 -7.096500436480836416e-18 2.797314683776945507e-21
1.321322072083087733e+03 -7.917171722533957981e-18 1.579745230577608782e-19
1.322489728593171094e+03 -7.854205695379066825e-18 1.656322035258950128e-19
1.323657385103254455e+03 1.103997860815015335e-18 5.236520656574704665e-18
1.324825041613337817e+03 -7.037867140309083269e-18 2.596593604762433900e-21
1.325992698123421178e+03 -8.600296345715496050e-18 3.608960380483904293e-19
1.327160354633504539e+03 -6.900368093546511261e-18 2.460522133492174999e-21
1.328328011143587901e+03 -6.881871643897842967e-18 3.201951981307727848e-21
1.329495667653671262e+03 4.417953443006813621e-18 5.247630205788131843e-18
1.330663324163754623e+03 -1.033879099862741649e-17 5.191942378395725149e-19
1.331830980673837985e+03 -6.773150074434147118e-18 3.201191040326957860e-21
1.332998637183921346e+03 -6.774866279514117552e-18 3.306388399735132544e-21
1.334166293694004708e+03 -6.768111796020070858e-18 3.015334585711323377e-21
1.335333950204088069e+03 -6.697126485972673892e-18 2.531656055178660285e-21
1.336501606714171430e+03 -8.579078426620517357e-18 3.774273931154782700e-19
1.337669263224254792e+03 -7.576512384129169498e-18 1.962428483078752501e-19
1.338836919734338153e+03 -6.595068878185114537e-18 2.543103052099132962e-21
1.340004576244421514e+03 -9.070045501984078021e-18 3.101520535417518905e-19
1.341172232754504876e+03 -1.036969450931025502e-17 2.473657694446609975e-19
1.342339889264588237e+03 -6.458580376379403994e-18 2.544935401525859608e-21
1.343507545774671598e+03 -7.925766171546664151e-18 3.378766618655347934e-19
1.344675202284754960e+03 -6.404326628054857101e-18 2.582261393310819898e-21
1.345842858794838321e+03 -6.352922832685919081e-18 2.579529306815140470e-21
1.347010515304921682e+03 -6.302132909871968881e-18 2.576292008153472580e-21
1.348178171815005044e+03 -6.255464665864784549e-18 3.287936115106697519e-21
1.349345828325088405e+03 -6.223738310114606471e-18 3.361298537733805346e-21
1.350513484835171766e+03 -6.204499088821235203e-18 3.385713482650853473e-21
1.351681141345255128e+03 -6.162241154527790517e-18 3.390811395635173418e-21
1.352848797855338489e+03 -6.114088408201007485e-18 2.620381331975129744e-21
1.354016454365421851e+03 -6.058512959316056093e-18 2.605336481840261378e-21
1.355184110875505212e+03 -6.026780314156264171e-18 2.628486092380439252e-21
1.356351767385588573e+03 -6.003133342385589470e-18 2.713555667351951224e-21
1.357519423895671935e+03 -5.937357410343724461e-18 2.681626802991465777e-21
1.358687080405755296e+03 -5.921556315102668592e-18 2.712037350508913887e-21
1.359854736915838657e+03 -5.923249694263479727e-18 3.585122627238322906e-21
1.361022393425922019e+03 -6.595682712758958100e-18 1.636931451599218026e-19
1.362190049936005380e+03 -8.879186539754744839e-18 4.351747014616850026e-19
1.363357706446088741e+03 2.487217889116135885e-17 1.044153618080306647e-17
1.364525362956172103e+03 -5.710001470868833258e-18 3.515208607075562660e-21
1.365693019466255464e+03 -5.642030575287863514e-18 3.559399648548183578e-21
1.366860675976338825e+03 -5.590661401085013198e-18 2.744392824500605339e-21
1.368028332486422187e+03 -5.589732636232903259e-18 2.817432203406605007e-21
1.369195988996505548e+03 -5.500565287419530995e-18 2.737214907310131978e-21
1.370363645506588909e+03 -1.271681428718467013e-17 5.290489882383787588e-19
1.371531302016672271e+03 -5.489490017999380164e-18 8.843120027021014348e-21
1.372698958526755632e+03 -1.654815535889977370e-17 9.509161020973635164e-19
1.373866615036838994e+03 -5.362439444837289623e-18 2.798625031026393099e-21
1.375034271546922355e+03 -5.325413320381241928e-18 2.837567493489556872e-21
1.376201928057005716e+03 -5.256018438373029581e-18 3.613133269992129789e-21
1.377369584567089078e+03 -5.238069629442187730e-18 3.737698095743056808e-21
1.378537241077172439e+03 -5.160215358658312340e-18 2.798788616685792410e-21
1.379704897587255800e+03 -1.572781473742378736e-17 8.410565251561219062e-19
1.380872554097339162e+03 -6.884313310520423067e-18 5.098932528148832204e-18
1.382040210607422523e+03 4.270585470334143384e-18 6.725395450797390579e-18
1.383207867117505884e+03 -6.824461992392886635e-18 1.801606380992709678e-19
1.384375523627589246e+03 -7.358193395149146705e-18 1.622140028165240489e-19
1.385543180137672607e+03 -6.367342249170827637e-18 2.117803299645288523e-21
1.386710836647755968e+03 -6.696029074986763526e-18 2.359970101688759578e-21
1.387878493157839330e+03 -6.379569107337419917e-18 2.721623625742256441e-21
1.389046149667922691e+03 -7.787800980695320034e-18 3.905593845798148720e-21
1.390213806178006053e+03 -7.777013856692220374e-18 3.615154927169563950e-21
1.391381462688089414e+03 -5.950575936500993407e-18 2.350334280173817974e-21
1.392549119198172775e+03 -7.714892523502248170e-18 3.680232537117149015e-21
1.393716775708256137e+03 -5.635422137248714400e-18 2.460560065368619360e-21
1.394884432218339498e+03 -5.614887100969999903e-18 2.954588645554320780e-21
1.396052088728422859e+03 -5.652112522790683256e-18 2.499812045992693560e-21
1.397219745238506221e+03 -5.904574692753086484e-18 2.488785760802002633e-21
1.398387401748589582e+03 -5.870763816538224077e-18 2.183186031956445990e-21
1.399555058258672943e+03 -5.544906918581453453e-18 2.522743939013440835e-21
1.400722714768756305e+03 -5.411674903486535350e-18 2.481629860951044995e-21
1.401890371278839666e+03 -5.533110240118851805e-18 2.369199378952469551e-21
1.403058027788923027e+03 -5.432015999528503030e-18 2.370225451322345134e-21
1.404225684299006389e+03 -5.475139087994272061e-18 2.418894604805674989e-21
1.405393340809089750e+03 -5.770401136036339863e-18 2.412027906111402289e-21
1.406560997319173111e+03 -3.921794997710480228e-18 3.113025337583719413e-21
1.407728653829256473e+03 -5.154449795214670648e-18 2.607869015396624050e-21
1.408896310339339834e+03 -5.426902771903099547e-18 2.251568078720704326e-21
1.410063966849423196e+03 -5.425378487119627183e-18 2.318415374845019701e-21
1.411231623359506557e+03 -3.767054177754764142e-18 3.279550541741962201e-21
1.412399279869589918e+03 -5.644821578214072417e-18 2.533967638340568188e-21
1.413566936379673280e+03 -5.368314060424603196e-18 2.849442129586058443e-21
1.414734592889756641e+03 -4.856121433682278127e-18 2.572137118535388467e-21
1.415902249399840002e+03 -4.469006149312714824e-18 2.782760516975101852e-21
1.417069905909923364e+03 -3.466103185097134570e-18 3.347199136188389012e-21
1.418237562420006725e+03 -3.399558814036330282e-18 3.328832739537097505e-21
1.419405218930090086e+03 -6.797457478352486744e-18 4.862279651235942802e-21
1.420572875440173448e+03 -4.493549738108673726e-18 2.746585890044539830e-21
1.421740531950256809e+03 2.423284589226040926e-19 5.506886079602392637e-18
1.422908188460340170e+03 -1.614983133263187704e-17 1.277421493844481511e-18
1.424075844970423532e+03 -3.121432244306117020e-18 3.507313524875962263e-21
1.425243501480506893e+03 -3.066058776766441395e-18 3.571237740113612949e-21
1.426411157990590254e+03 -2.989927786752773913e-18 3.532949821837348232e-21
1.427578814500673616e+03 -4.597037040071133310e-18 3.018354452967165862e-21
1.428746471010756977e+03 -4.535673649841580845e-18 3.070896642023716918e-21
1.429914127520840339e+03 -4.233700712490435940e-18 2.718347432263196467e-21
1.431081784030923700e+03 -3.945235136872898581e-18 2.867757670920539846e-21
1.432249440541007061e+03 -3.926303032953091732e-18 2.875497851245485613e-21
1.433417097051090423e+03 -3.965151651572613406e-18 2.832602402154523471e-21
1.434584753561173784e+03 -2.551807331725067353e-18 4.728347034295707382e-21
1.435752410071257145e+03 -2.613106250647577782e-18 4.751709568427687785e-21
1.436920066581340507e+03 -5.916045755829551469e-18 3.704927235262008460e-21
1.438087723091423868e+03 -3.591833964570730628e-18 2.953943052178622833e-21
1.439255379601507229e+03 -3.559988692247098729e-18 3.021318092873971159e-21
1.440423036111590591e+03 -3.936507448846180562e-18 2.642954398127527506e-21
1.441590692621673952e+03 -3.463952999110646041e-18 2.997581746467458735e-21
1.442758349131757313e+03 -3.690676318967604055e-18 3.292680473331199161e-21
1.443926005641840675e+03 -3.502265936740533608e-18 2.880562375266734710e-21
1.445093662151924036e+03 -5.606562388595102074e-18 5.051035184778130789e-21
1.446261318662007398e+03 -6.079383652187978513e-18 2.817892979794795273e-19
1.447428975172090759e+03 -1.787158639117289118e-18 3.846057034086317740e-21
1.448596631682174120e+03 -1.671345749040828651e-18 3.774763741086820868e-21
1.449764288192257482e+03 -2.877934737074962325e-18 3.084913690688851898e-21
1.450931944702340843e+03 -2.868091883741117026e-18 3.126955415491827691e-21
1.452099601212424204e+03 -2.795434581116439385e-18 3.112811911496677078e-21
1.453267257722507566e+03 -2.442562397056943493e-18 3.361235630486271696e-21
1.454434914232590927e+03 -1.008334868429501234e-17 1.226991951357966791e-18
1.455602570742674288e+03 -1.295562237339054415e-18 5.171170169970314575e-21
1.456770227252757650e+03 -3.066712533269313973e-18 2.827054560033822867e-21
1.457937883762841011e+03 -2.695443215986994035e-18 3.137852110661078931e-21
1.459105540272924372e+03 -2.972303809809836532e-18 2.931111188928084382e-21
1.460273196783007734e+03 -2.900122733255471780e-18 2.964809204649189017e-21
1.461440853293091095e+03 -3.244002715339497586e-18 3.252076694484969738e-21
1.462608509803174456e+03 -3.216134104163413113e-18 3.326099659597043081e-21
1.463776166313257818e+03 -2.708946839692203975e-18 3.010714396868676003e-21
1.464943822823341179e+03 -6.268328979556129315e-18 2.658248027992987335e-21
1.466111479333424541e+03 -5.057850997766643786e-18 2.857801937025675116e-21
1.467279135843507902e+03 -2.159031491659431293e-18 3.273247114285360717e-21
1.468446792353591263e+03 -2.387693522360060627e-18 3.011247864930011313e-21
1.469614448863674625e+03 -2.287101708386429245e-18 3.002126133926560917e-21
1.470782105373757986e+03 -5.506403959555444014e-18 2.466120895605208093e-21
1.471949761883841347e+03 -5.000864825506527948e-18 2.835497531474779825e-21
1.473117418393924709e+03 -2.093185779030603803e-18 3.572158675231305940e-21
1.474285074904008070e+03 -2.033943846094465086e-18 3.109703954546070184e-21
1.475452731414091431e+03 -4.996695302127686880e-18 2.543275377508600657e-19
1.476620387924174793e+03 -1.088949761283013526e-17 3.234521597144068950e-19
1.477788044434258154e+03 8.927916415944191646e-20 4.341646252306385514e-21
1.478955700944341515e+03 -1.346410018685032920e-18 3.623264813069248467e-21
1.480123357454424877e+03 -1.399368131085473900e-18 3.854619627536834168e-21
1.481291013964508238e+03 4.115093411354598218e-19 4.431604961645984535e-21
1.482458670474591599e+03 -1.065534670688255864e-18 3.548542372588852047e-21
1.483626326984674961e+03 -3.366803453193158028e-18 7.166559484982204055e-21
1.484793983494758322e+03 -3.355036926369750248e-18 5.916833907196139929e-21
1.485961640004841684e+03 -4.512248504763350885e-18 2.905944822380053606e-21
1.487129296514925045e+03 -3.173484608147770651e-18 7.564138279951861681e-21
1.488296953025008406e+03 -3.166664781576762494e-18 6.080085781122522297e-21
1.489464609535091768e+03 -3.999739628387657326e-18 2.731515319861302100e-21
1.490632266045175129e+03 -1.046244605367780087e-18 3.437681037312041858e-21
1.491799922555258490e+03 -4.242859192908213662e-18 3.402290960953600605e-21
1.492967579065341852e+03 -8.102335049360550710e-19 4.226068270120993754e-21
1.494135235575425213e+03 -2.797845312830986257e-18 5.645282054242219378e-21
1.495302892085508574e+03 1.277499331867854860e-18 6.246697339213863838e-21
1.496470548595591936e+03 1.319804750308437383e-18 5.770483134941334269e-21
1.497638205105675297e+03 -1.219082796248396501e-19 3.870396855180055152e-21
1.498805861615758658e+03 1.458336644968135270e-18 5.084421192374697993e-21
1.499973518125842020e+03 4.572651758569844757e-19 4.321123188654688107e-21
1.501141174635925381e+03 1.679746960827262646e-18 5.085568316659176822e-21
1.502308831146008743e+03 -2.310663714002115941e-18 3.060976197119079031e-21
1.503476487656092104e+03 -1.860533349892482517e-19 3.587370662535639588e-21
1.504644144166175465e+03 -1.072217018170080659e-19 3.643408335423362766e-21
1.505811800676258827e+03 8.003275597070466417e-21 3.607243666337820540e-21
1.506979457186342188e+03 3.485805931842886106e-19 3.953809127371204259e-21
1.508147113696425549e+03 2.181946090734858162e-18 5.173065584122097663e-21
1.509314770206508911e+03 2.216786336498086532e-18 5.292705581896574017e-21
1.510482426716592272e+03 6.120933013797701455e-19 4.006733983575266858e-21
1.511650083226675633e+03 6.375103435698837416e-19 4.052400261447334106e-21
1.512817739736758995e+03 -1.642353060213924735e-18 5.348149627744756058e-21
1.513985396246842356e+03 -1.562176627371814029e-18 5.345460459582962092e-21
1.515153052756925717e+03 1.033313607567449360e-18 4.409759036441614470e-21
1.516320709267009079e+03 1.574932287982096092e-18 4.751537314173555261e-21
1.517488365777092440e+03 -3.567510351784919632e-18 4.334456137635879582e-19
1.518656022287175801e+03 -8.493670048704123340e-18 8.843295144701726804e-19
1.519823678797259163e+03 1.270946642607427093e-18 4.757191393594836200e-21
1.520991335307342524e+03 9.581220190676027547e-19 5.229751934787968181e-21
1.522158991817425886e+03 9.068870515723093406e-19 4.995513559121452384e-21
1.523326648327509247e+03 1.036986625567024524e-18 4.199946847991460678e-21
1.524494304837592608e+03 -1.005669208791812173e-18 3.660466122037350740e-21
1.525661961347675970e+03 1.260804509444033778e-18 5.448861932700430959e-21
1.526829617857759331e+03 -7.678044170305416279e-19 7.638266529922329359e-21
1.527997274367842692e+03 -4.849718636409253718e-18 6.086794941035828873e-21
1.529164930877926054e+03 -1.195574072687926033e-18 3.811139694587679791e-21
1.530332587388009415e+03 1.022159833579594551e-18 4.911491894322124966e-21
1.531500243898092776e+03 6.711422867393092651e-19 5.292150587326223145e-21
1.532667900408176138e+03 8.211793399676757467e-19 5.263776494963841232e-21
1.533835556918259499e+03 1.246821192628283577e-18 5.035411701142767031e-21
1.535003213428342860e+03 2.266022769632710090e-18 4.757850753864171678e-21
1.536170869938426222e+03 2.282720519921208634e-18 4.831225930459953246e-21
1.537338526448509583e+03 2.017782668050077055e-18 4.571228325889614842e-21
1.538506182958592944e+03 2.558956967925805970e-18 5.214073827213851067e-21
1.539673839468676306e+03 2.691749724073815249e-18 5.239837619293616579e-21
1.540841495978759667e+03 2.256929211845501901e-18 4.654141182302901852e-21
1.542009152488843029e+03 4.541769281692616256e-18 6.603188745584349013e-21
1.543176808998926390e+03 1.015205028279995216e-18 4.110040563792807360e-21
1.544344465509009751e+03 2.488346231654298393e-19 4.225789028539599872e-21
1.545512122019093113e+03 2.696779318862015923e-19 5.147479139510705925e-21
1.546679778529176474e+03 8.585387009777297642e-19 4.526913849797655265e-21
1.547847435039259835e+03 1.668142288681555275e-18 6.063724345556570611e-21
1.549015091549343197e+03 1.923920945740009521e-18 4.737019705031517218e-21
1.550182748059426558e+03 3.434246989709200449e-18 5.535958570241662903e-21
1.551350404569509919e+03 2.987481153477451758e-18 5.007013807092302767e-21
1.552518061079593281e+03 3.087105679381727791e-18 5.037324675334334879e-21
1.553685717589676642e+03 5.276766183553241604e-18 7.359978041135388825e-21
1.554853374099760003e+03 2.397123417969508200e-18 5.056003221673071833e-21
1.556021030609843365e+03 2.466152015426533951e-18 4.748196845258865413e-21
1.557188687119926726e+03 2.549463642098216181e-18 5.054873616436217523e-21
1.558356343630010088e+03 2.147879781226580352e-18 4.569549727974276442e-21
1.559524000140093449e+03 2.756505031347768320e-18 4.970986798877308898e-21
1.560691656650176810e+03 2.655957013865889177e-18 5.796676930312026920e-21
1.561859313160260172e+03 2.077684715181934386e-18 4.578535966952725401e-21
1.563026969670343533e+03 2.804588292194154569e-18 5.220796947100523268e-21
1.564194626180426894e+03 3.365803388629702527e-18 5.644128621483178178e-21
1.565362282690510256e+03 3.267131148417200147e-18 5.366262548159210526e-21
1.566529939200593617e+03 3.279211163560821828e-18 5.293300975240471101e-21
1.567697595710676978e+03 3.253876066398400286e-18 5.041253774800070241e-21
1.568865252220760340e+03 1.406828323760292086e-18 5.768143797448043047e-21
1.570032908730843701e+03 3.739424007128952319e-18 5.873224744419701808e-21
1.571200565240927062e+03 4.170110435542367390e-18 6.349080255203975846e-21
1.572368221751010424e+03 1.722619034221338958e-18 7.367778908106075051e-21
1.573535878261093785e+03 1.856346302554419686e-18 7.853176644567051117e-21
1.574703534771177146e+03 1.936058320033768863e-18 8.102334148490471207e-21
1.575871191281260508e+03 1.953360507955698020e-18 7.016749002953527421e-21
1.577038847791343869e+03 2.344398523125329152e-18 1.112828207490985379e-20
1.578206504301427231e+03 2.249813620035757500e-18 1.222329273632205099e-20
1.579374160811510592e+03 4.960766075167916612e-18 7.063724524961470209e-21
1.580541817321593953e+03 5.006578639309262587e-18 7.153624980131534323e-21
1.581709473831677315e+03 2.551848704126419732e-18 6.995901914203153344e-21
1.582877130341760676e+03 4.331352787069554115e-18 6.085495204327991316e-21
1.584044786851844037e+03 4.125840575170539771e-18 5.924905958675513953e-21
1.585212443361927399e+03 4.586681764061929117e-18 6.146522263832058481e-21
1.586380099872010760e+03 4.244407228015959050e-18 6.130701618720405439e-21
1.587547756382094121e+03 4.647618416765608062e-18 6.818439649768192319e-21
1.588715412892177483e+03 4.880586781525126610e-18 6.925973314132285944e-21
1.589883069402260844e+03 4.848617848701127792e-18 6.506550397805123202e-21
1.591050725912344205e+03 4.395828033558583895e-18 6.435309439231294157e-21
1.592218382422427567e+03 4.204362110643977934e-18 6.754857540887460091e-21
1.593386038932510928e+03 4.731537610719389835e-18 7.229233941549148256e-21
1.594553695442594289e+03 6.670648078137585774e-18 1.097496396293574947e-20
1.595721351952677651e+03 4.687672337467109305e-18 6.549804366952373425e-21
1.596889008462761012e+03 4.646408904476031433e-18 6.129007454433725468e-21
1.598056664972844374e+03 4.692658363338101856e-18 6.935256679931941209e-21
1.599224321482927735e+03 5.277149157597838338e-18 7.608451161425484358e-21
1.600391977993011096e+03 5.411940967056903287e-18 7.031876614808640431e-21
1.601559634503094458e+03 5.171983469390665634e-18 7.567526207842639186e-21
1.602727291013177819e+03 6.205497664603249154e-18 1.073553118982602918e-20
1.603894947523261180e+03 6.320083341986269155e-18 9.647810756429273218e-21
1.605062604033344542e+03 5.244962634121135043e-18 7.507825845814658999e-21
1.606230260543427903e+03 6.148919876552277775e-18 8.694050167320240666e-21
1.607397917053511264e+03 6.255428693674594194e-18 8.939113709629983951e-21
1.608565573563594626e+03 5.155826136293640577e-18 8.174021166904832636e-21
1.609733230073677987e+03 6.224584010617421539e-18 9.169782483160737356e-21
1.610900886583761348e+03 6.131630011635516326e-18 8.338283646479160118e-21
1.612068543093844710e+03 6.045601773944546901e-18 8.457202925493346372e-21
1.613236199603928071e+03 4.858519619216516968e-18 7.658362615165806542e-21
1.614403856114011433e+03 6.058715583083801314e-18 9.415517211744189219e-21
1.615571512624094794e+03 5.944088362478293670e-18 9.456847561552481628e-21
1.616739169134178155e+03 4.744156333121749665e-18 7.878262844785345077e-21
1.617906825644261517e+03 4.446484955507374227e-18 9.750317846181484281e-21
1.619074482154344878e+03 4.276225646033414135e-18 9.867978390997555786e-21
1.620242138664428239e+03 5.609866242864198837e-18 8.964701050110349090e-21
1.621409795174511601e+03 5.449004475292213321e-18 9.094710816297460783e-21
1.622577451684594962e+03 5.261261347758014507e-18 1.012456642498447312e-20
1.623745108194678323e+03 4.925572266620193284e-18 1.395069818910647571e-20
1.624912764704761685e+03 3.936084172252573745e-18 9.689200123094957105e-21
1.626080421214845046e+03 4.033172343500839951e-18 8.505612333281734614e-21
1.627248077724928407e+03 4.611128966301598319e-18 1.034098852576224740e-20
1.628415734235011769e+03 3.339322611330488378e-18 9.358872230024681834e-21
1.629583390745095130e+03 4.604757937127889122e-18 1.028103972976558376e-20
1.630751047255178491e+03 4.301024551780071054e-18 1.023589546768316385e-20
1.631918703765261853e+03 4.158343988439641474e-18 1.054389128039778035e-20
1.633086360275345214e+03 3.055552177442671995e-18 9.103344771608425379e-21
1.634254016785428576e+03 3.638306163303859647e-18 1.123449459020948086e-20
1.635421673295511937e+03 3.669362415051286654e-18 1.068422925101798121e-20
1.636589329805595298e+03 2.462017388926317255e-18 8.867494695383470810e-21
1.637756986315678660e+03 2.320255358358173698e-18 8.513908156435071432e-21
1.638924642825762021e+03 2.271433553589916214e-18 9.061492988727077119e-21
1.640092299335845382e+03 2.072693880863497048e-18 8.738304460437023918e-21
1.641259955845928744e+03 1.632947948197289748e-18 9.011745362479009496e-21
1.642427612356012105e+03 9.852037650580867090e-19 8.896788178164198040e-21
1.643595268866095466e+03 1.020244412647636431e-18 8.591414821159638709e-21
1.644762925376178828e+03 1.144799900731792748e-18 8.552640337663332801e-21
1.645930581886262189e+03 6.060018041412458071e-19 8.362898042944452567e-21
1.647098238396345550e+03 4.666708860118339399e-19 8.987049365645100111e-21
1.648265894906428912e+03 8.651239310107658803e-20 9.161496301255278733e-21
1.649433551416512273e+03 -1.593966231205546197e-19 9.618902206701912698e-21
1.650601207926595634e+03 -6.369293206910895390e-19 9.617652082884649311e-21
1.651768864436678996e+03 -8.959917389146219465e-19 8.486107071236608932e-21
1.652936520946762357e+03 -2.273973241607291068e-18 1.121190876063269405e-20
1.654104177456845719e+03 -2.362643977424542070e-18 1.040349798338224835e-20
1.655271833966929080e+03 -2.648867656809914313e-18 1.037967086919943601e-20
1.656439490477012441e+03 -3.257178541864886363e-18 1.134272497233298425e-20
1.657607146987095803e+03 -2.661820185541077748e-18 9.857317640495902225e-21
1.658774803497179164e+03 -2.631011470246331277e-18 1.171559838831645798e-20
1.659942460007262525e+03 -2.377855356454850305e-18 1.139911625520452623e-20
1.661110116517345887e+03 -3.841644307857383775e-18 9.302758175589975779e-21
1.662277773027429248e+03 -4.172278446175016870e-18 9.302680629766992165e-21
1.663445429537512609e+03 -4.787625909165356390e-18 1.033996785641755093e-20
1.664613086047595971e+03 -5.713300715634621546e-18 1.195261521063786849e-20
1.665780742557679332e+03 -6.295497127534655724e-18 1.344616650383675111e-20
1.666948399067762693e+03 -6.711191979443860432e-18 1.217808669276727989e-20
1.668116055577846055e+03 -7.021966210158513719e-18 1.185419271191372401e-20
1.669283712087929416e+03 -7.301788420809667392e-18 9.855874527965969933e-21
1.670451368598012778e+03 -7.341950676352491773e-18 1.040627030368011566e-20
1.671619025108096139e+03 -8.424419826337327557e-18 1.442451999171550498e-20
1.672786681618179500e+03 -8.761048937740831492e-18 1.098198550271654282e-20
1.673954338128262862e+03 -9.311783091665382036e-18 1.026536835229136551e-20
1.675121994638346223e+03 -9.678352535604854984e-18 9.424382570160285052e-21
1.676289651148429584e+03 -1.024054976858896057e-17 9.869528555872891000e-21
1.677457307658512946e+03 -1.048309230011766492e-17 1.157121144680736917e-20
1.678624964168596307e+03 -1.113868479092136600e-17 1.183517947866095746e-20
1.679792620678679668e+03 -1.205188943831268681e-17 1.009143711052814294e-20
1.680960277188763030e+03 -1.273573337067637783e-17 1.004424525466855253e-20
1.682127933698846391e+03 -1.340595639455212600e-17 9.735018087620686758e-21
1.683295590208929752e+03 -1.410193600768174396e-17 1.019514565226268677e-20
1.684463246719013114e+03 -1.479554148993070681e-17 1.026857505823923491e-20
1.685630903229096475e+03 -1.538897683525298584e-17 1.054475832847364294e-20
1.686798559739179836e+03 -1.619574438948863436e-17 1.102483229015925454e-20
1.687966216249263198e+03 -1.810656667580060845e-17 1.477260039569401596e-20
1.689133872759346559e+03 -1.782136462444057620e-17 1.193286967814365148e-20
1.690301529269429921e+03 -1.986045709827375645e-17 1.287612209062658313e-20
1.691469185779513282e+03 -1.950103404738604262e-17 1.114477663898367707e-20
1.692636842289596643e+03 -2.052299458330997443e-17 1.125880691343909571e-20
1.693804498799680005e+03 -2.145620247917165412e-17 1.072384874530920100e-20
1.694972155309763366e+03 -2.250041444000914416e-17 1.114493489349107163e-20
1.696139811819846727e+03 -2.326062050999925966e-17 1.079823356873939378e-20
1.697307468329930089e+03 -2.401791140907208842e-17 1.244724225305085151e-20
1.698475124840013450e+03 -2.547158463847892820e-17 1.340236479722179876e-20
1.699642781350096811e+03 -2.641905129992823408e-17 1.142442047381995971e-20
1.700810437860180173e+03 -2.704783841773899221e-17 1.089412401382592694e-20
1.701978094370263534e+03 -2.857665345247733680e-17 1.165319505243128906e-20
1.703145750880346895e+03 -2.961779341613821145e-17 1.384682709903719235e-20
1.704313407390430257e+03 -3.018295130772960203e-17 1.319515289025358441e-20
1.705481063900513618e+03 -3.180432256426975994e-17 1.267680047737153180e-20
1.706648720410596979e+03 -3.309300893928767285e-17 1.291581796799470618e-20
1.707816376920680341e+03 -3.417135593228584981e-17 1.183645996343879493e-20
1.708984033430763702e+03 -3.458892501310097768e-17 1.318781912183750497e-20
1.710151689940847064e+03 -3.593210999059321096e-17 1.343356318419175412e-20
1.711319346450930425e+03 -2.636833240303997413e-17 1.325592114304153599e-20
1.712487002961013786e+03 -1.003267373258484038e-18 1.404916525508030937e-20
