# obs_wvl flux error
1.138000000000000000e+03 -1.156749025533130708e-14 2.773070605288870258e-18
1.138583828255041681e+03 -1.136454661332337186e-14 2.665585058853650286e-18
1.139167656510083361e+03 -5.424575208759432171e-15 1.179995959768856413e-18
1.139751484765125042e+03 -1.883774950244221216e-15 9.911468370410169425e-19
1.140335313020166723e+03 -1.362458889704473435e-15 5.069076470180869203e-19
1.140919141275208403e+03 -9.808241587572899341e-16 3.536539762418576901e-19
1.141502969530250084e+03 -7.997267025284555763e-16 3.594543801040016280e-19
1.142086797785291765e+03 2.290892158565924379e-16 6.335217276084297915e-16
1.142670626040333445e+03 -5.015900876485710215e-16 1.478376887630911471e-19
1.143254454295375126e+03 -4.159809508300408579e-16 1.852573795437690448e-19
1.143838282550416807e+03 1.197555904140300989e-16 3.379530048270764637e-16
1.144422110805458487e+03 -2.896086469692144798e-16 1.315986053878121562e-19
1.145005939060500168e+03 -2.449829870091905092e-16 1.065571728255146535e-19
1.145589767315541849e+03 -2.128830756342096882e-16 9.493607644584313670e-20
1.146173595570583529e+03 -1.878317430232563137e-16 8.527824088314861825e-20
1.146757423825625210e+03 -1.688066267134263147e-16 8.266720226158417072e-20
1.147341252080666891e+03 -1.466001559544967994e-16 4.191050167815855999e-20
1.147925080335708572e+03 -1.327866543572872575e-16 4.604732837017547246e-20
1.148508908590750252e+03 -1.244649376224790652e-16 4.340372440693962345e-20
1.149092736845791933e+03 -1.164282084392423006e-16 5.719575647719962359e-20
1.149676565100833614e+03 -1.043036531130760191e-16 2.954721035725716384e-20
1.150260393355875294e+03 -9.753323214274293035e-17 3.277189862119028315e-20
1.150844221610916975e+03 -9.212062456385753298e-17 4.279416030514926396e-20
1.151428049865958656e+03 -8.498103864527032107e-17 2.830692154885224183e-20
1.152011878121000336e+03 -7.991976926627750592e-17 3.373196220873243904e-20
1.152595706376042017e+03 2.935188027335683808e-17 7.734833195080658138e-17
1.153179534631083698e+03 -7.013701504931000587e-17 2.906769195704333567e-20
1.153763362886125378e+03 -6.669046289120187471e-17 2.863591230672349622e-20
1.154347191141167059e+03 -6.322643908201262893e-17 2.924352706986839186e-20
1.154931019396208740e+03 -6.321999354237025266e-17 2.923816861008891508e-20
1.155514847651250420e+03 -5.724109833185872423e-17 1.858810857821648462e-20
1.156098675906292101e+03 1.303363848481884509e-17 5.293871198715609072e-17
1.156682504161333782e+03 -7.993611245386466125e-17 1.584677224378443589e-20
1.157266332416375462e+03 -5.219293242047022916e-17 2.249242484404824676e-20
1.157850160671417143e+03 -5.051921387999100737e-17 2.132908264339000510e-20
1.158433988926458824e+03 -4.906044146957696471e-17 2.032658239617295364e-20
1.159017817181500504e+03 -4.770898842942597156e-17 2.111143391313818697e-20
1.159601645436542185e+03 6.446107451926904684e-17 5.945721859525998249e-17
1.160185473691583866e+03 -4.560678793230753714e-17 1.840450006912721076e-20
1.160769301946625546e+03 -4.500557193741116731e-17 1.905259355819832315e-20
1.161353130201667227e+03 -4.383573728115458159e-17 1.827883059123191558e-20
1.161936958456708908e+03 -4.260893915864069460e-17 1.715685312489619785e-20
1.162520786711750588e+03 -4.218214788580744855e-17 1.819020026264910188e-20
1.163104614966792269e+03 -4.056231385737571206e-17 1.590626993471571312e-20
1.163688443221833950e+03 7.059832387068065935e-18 3.806674043868754306e-17
1.164272271476875630e+03 -3.907731593106595289e-17 1.562389487374084452e-20
1.164856099731917311e+03 7.378374342140146092e-18 3.613082421630101893e-17
1.165439927986958992e+03 -3.808940010085071150e-17 1.591619709955185247e-20
1.166023756242000673e+03 -3.745538975115485716e-17 1.561039269294369548e-20
1.166607584497042353e+03 -3.672703389387887875e-17 1.487202371593179131e-20
1.167191412752084034e+03 -2.386649874604378737e-17 1.034019893189926698e-17
1.167775241007125715e+03 3.568707523554085323e-17 3.906362089443985028e-17
1.168359069262167395e+03 -3.537744093502873274e-17 1.534508912414924572e-20
1.168942897517209076e+03 -3.486365800794294117e-17 1.835932086224439114e-19
1.169526725772250757e+03 2.235679016417910883e-17 3.274578647267042694e-17
1.170110554027292437e+03 -3.370309347814975768e-17 1.341008506701870613e-20
1.170694382282334118e+03 -3.336670517362759081e-17 1.367016143174680376e-20
1.171278210537375799e+03 -3.268753168652689483e-17 1.316653159682846309e-20
1.171862038792417479e+03 -3.216916461413441049e-17 1.308193019180292343e-20
1.172445867047459160e+03 -3.143343283676145230e-17 1.239320093926292898e-20
1.173029695302500841e+03 -3.146780718778192849e-17 9.622840237884594023e-21
1.173613523557542521e+03 -3.068608246423524872e-17 9.022215091438535468e-21
1.174197351812584202e+03 -3.011856514087716809e-17 8.740337812191800938e-21
1.174781180067625883e+03 -2.948701477781323454e-17 1.189549316514568940e-20
1.175365008322667563e+03 -2.911019849226769260e-17 1.132165406542746643e-20
1.175948836577709244e+03 -2.880441331555143605e-17 1.197733620032818727e-20
1.176532664832750925e+03 -2.821083375685274016e-17 1.217600265181596348e-20
1.177116493087792605e+03 -2.787121250109828630e-17 8.655113955412118502e-21
1.177700321342834286e+03 3.890900061609778465e-18 2.607720187187285507e-17
1.178284149597875967e+03 -2.741964853185012065e-17 1.124884752238660082e-20
1.178867977852917647e+03 -2.698244070766675052e-17 1.163645199775173869e-20
1.179451806107959328e+03 -2.662927215289761723e-17 8.165590062422537789e-21
1.180035634363001009e+03 -3.245195072675162907e-19 2.244466860711789355e-17
1.180619462618042689e+03 -2.629863725775143386e-17 1.090099352193841896e-20
1.181203290873084370e+03 -2.633269246535643678e-17 2.179939231316742208e-19
1.181787119128126051e+03 -2.657119618697101817e-17 1.126660100689072083e-20
1.182370947383167731e+03 -2.603488307329683907e-17 1.048488907910963622e-20
1.182954775638209412e+03 -2.523358499922935138e-17 7.230028881888408895e-21
1.183538603893251093e+03 -2.457048912653434723e-17 7.474372742925201627e-21
1.184122432148292773e+03 -2.437735464819522097e-17 9.793895390479418883e-21
1.184706260403334454e+03 -2.440878299857864492e-17 6.949538679417549268e-21
1.185290088658376135e+03 -2.406143627071608838e-17 5.816690096931584423e-21
1.185873916913417816e+03 -2.394953708540803117e-17 6.682237489352801156e-21
1.186457745168459496e+03 1.296348292356734338e-19 2.045727513177462706e-17
1.187041573423501177e+03 -2.299323216282937576e-17 9.666222433205725991e-21
1.187625401678542858e+03 2.426914136055069459e-17 2.661402521870333401e-17
1.188209229933584538e+03 -2.239406603230490308e-17 8.546511033719701210e-21
1.188793058188626219e+03 -2.234892958205911096e-17 8.936671999948872801e-21
1.189376886443667900e+03 -2.068939532177866009e-17 2.341084995791894120e-18
1.189960714698709580e+03 -7.844707817962531741e-18 1.598684972195128969e-17
1.190544542953751261e+03 1.308504967405358045e-17 1.963741618419393217e-17
1.191128371208792942e+03 1.831314227627672392e-17 2.398445326312741492e-17
1.191712199463834622e+03 -2.104198518909394239e-17 8.692994319176311642e-21
1.192296027718876303e+03 -2.078549154220137558e-17 6.116523111341082553e-21
1.192879855973917984e+03 -2.057283312747218130e-17 7.976953106304981855e-21
1.193463684228959664e+03 -1.558259839659898503e-17 3.968325341747941710e-18
1.194047512484001345e+03 2.371692650163254831e-17 2.197072322668786404e-17
1.194631340739043026e+03 -2.031211099012161023e-17 5.799380458993363877e-19
1.195215168994084706e+03 1.194930415434201162e-17 1.784826750986933140e-17
1.195798997249126387e+03 -1.181235912364649625e-17 5.057459049755742446e-18
1.196382825504168068e+03 -3.743103823959722270e-17 2.249720086414629558e-18
1.196966653759209748e+03 -4.327471348813140445e-17 2.477166610572298456e-18
1.197550482014251429e+03 3.555218680841966379e-18 1.671179008609552981e-17
1.198134310269293110e+03 1.958364748499205017e-18 1.518574686106075544e-17
1.198718138524334790e+03 3.082123314886133596e-17 2.170930507059563501e-17
1.199301966779376471e+03 2.530108420028211437e-17 2.235252799840527809e-17
1.199885795034418152e+03 1.055242830761822320e-17 2.003799218336678703e-17
1.200469623289459832e+03 2.271728417284388341e-17 2.094712582654483704e-17
1.201053451544501513e+03 1.266079881152305545e-17 1.754155288602132634e-17
1.201637279799543194e+03 4.052923926510961502e-18 1.542412971016760870e-17
1.202221108054584874e+03 -1.885069951141223850e-17 5.524912000094799745e-19
1.202804936309626555e+03 6.986742170632236924e-17 2.680152674835093472e-17
1.203388764564668236e+03 -1.662342802375775014e-17 1.099726921531806928e-18
1.203972592819709917e+03 1.649746904877338848e-17 1.822023751009278553e-17
1.204556421074751597e+03 5.117999373600732235e-17 2.443479853009935794e-17
1.205140249329793278e+03 3.600839671563822489e-17 2.022783275507941541e-17
1.205724077584834959e+03 1.172160888018560169e-16 3.256799117611827935e-17
1.206307905839876639e+03 6.805163662890009140e-17 2.666064788846187440e-17
1.206891734094918320e+03 1.027005298139106590e-16 3.121900877195652429e-17
1.207475562349960001e+03 3.653283126201527064e-17 2.086702175233047822e-17
1.208059390605001681e+03 7.193335203033739176e-17 2.698064345533324328e-17
1.208643218860043362e+03 -2.013394617336988156e-20 2.888429302969609101e-17
1.209227047115085043e+03 -2.973751458402402531e-17 2.677565895015229382e-17
1.209810875370126723e+03 1.009966533761298514e-16 3.829671404691945586e-17
1.210394703625168404e+03 -4.716459564600076862e-17 3.363935752826380294e-17
1.210978531880210085e+03 -4.353217376296334841e-18 4.128491815824337313e-17
1.211562360135251765e+03 1.731412423060658370e-17 4.455590331900357148e-17
1.212146188390293446e+03 -7.637896358333068560e-18 6.115554113104163024e-17
1.212730016645335127e+03 -7.622289965425427518e-17 7.427525038879189753e-17
1.213313844900376807e+03 -2.364755505846814474e-17 9.660668393369604761e-17
1.213897673155418488e+03 6.124010981395584784e-17 2.107061724904880632e-16
1.214481501410460169e+03 1.349517554398828266e-16 1.823831670494402343e-16
1.215065329665501849e+03 3.239845230748199316e-16 2.259030862520566285e-16
1.215649157920543530e+03 3.828758449954390824e-16 2.307029031308696691e-16
1.216232986175585211e+03 3.030351423402054524e-16 1.864603941829782440e-16
1.216816814430626891e+03 2.820649683062982663e-16 2.220425621907092214e-16
1.217400642685668572e+03 -2.986989484344249159e-16 2.071404112807380878e-16
1.217984470940710253e+03 -1.242564529178895434e-16 1.762011780981663722e-16
1.218568299195751933e+03 2.098387985470006601e-17 9.815731148478391831e-17
1.219152127450793614e+03 -4.382622113289542701e-17 6.369484643283185954e-17
1.219735955705835295e+03 -2.721867282333625266e-17 4.224400330653583673e-17
1.220319783960876975e+03 1.176007022628392514e-17 3.518662059043519949e-17
1.220903612215918656e+03 4.583479705631714253e-17 3.741640980851619834e-17
1.221487440470960337e+03 -3.866506304126088317e-17 2.498444872965411072e-17
1.222071268726002018e+03 -1.303340653590196520e-17 2.609836684967716697e-17
1.222655096981043698e+03 -1.985280071451740205e-17 2.415452093665054288e-17
1.223238925236085379e+03 -3.967179359367931361e-17 1.935689500371471822e-17
1.223822753491127060e+03 3.443657576273745053e-19 2.290707397428001678e-17
1.224406581746168740e+03 3.782283519612411320e-17 1.767107608710424705e-17
1.224990410001210421e+03 2.323133059727519504e-17 1.710732358434548094e-17
1.225574238256252102e+03 1.776324604347598595e-17 1.523246146736796665e-17
1.226158066511293782e+03 5.411977784000741499e-17 2.074410064730879258e-17
1.226741894766335463e+03 2.450460020227464868e-17 1.556813034157812819e-17
1.227325723021377144e+03 1.628984968513549853e-17 1.515495784913487430e-17
1.227909551276418824e+03 8.390248041809838974e-18 1.122868458936406160e-17
1.228493379531460505e+03 -1.363948801480032345e-17 6.120288959857551999e-19
1.229077207786502186e+03 -1.259752947254782812e-17 5.019873034399304068e-21
1.229661036041543866e+03 -1.104142058403453619e-17 1.324491884900709224e-18
1.230244864296585547e+03 1.161556724599092052e-17 1.282169074118973448e-17
1.230828692551627228e+03 -1.088821829696389675e-17 1.279239403141706584e-18
1.231412520806668908e+03 -6.100331947675135398e-18 6.261882176613711713e-18
1.231996349061710589e+03 3.369911690672517038e-18 1.049131988811543877e-17
1.232580177316752270e+03 -1.284075067684515733e-17 6.653137006529789887e-19
1.233164005571793950e+03 -9.406269154245874471e-18 1.634290982953557281e-18
1.233747833826835631e+03 4.346563273545518277e-17 1.780887557358380169e-17
1.234331662081877312e+03 1.520962219043117774e-17 1.273137858287189384e-17
1.234915490336918992e+03 2.114159262775245509e-17 1.966046586422907788e-17
1.235499318591960673e+03 2.275263846016898141e-18 1.032043314780181916e-17
1.236083146847002354e+03 -1.139389026342312585e-17 4.551438898405799348e-21
1.236666975102044034e+03 -1.137518777800811390e-17 4.686352232950848095e-21
1.237250803357085715e+03 -1.137147438369653812e-17 4.875691184799908309e-21
1.237834631612127396e+03 -1.108482088727426831e-17 4.329709496174952508e-21
1.238418459867169076e+03 -1.114716237537048264e-17 4.654876799948307825e-21
1.239002288122210757e+03 -1.101519576176604827e-17 4.481563652102705341e-21
1.239586116377252438e+03 -1.099843100808512348e-17 4.588516136988444071e-21
1.240169944632294118e+03 -1.094802807068839054e-17 4.603692886961308981e-21
1.240753772887335799e+03 -9.894831784773050544e-18 9.093870181764077206e-19
1.241337601142377480e+03 7.123106372005217486e-18 9.795599511054674514e-18
1.241921429397419161e+03 4.965844615753793848e-18 9.966788825271579641e-18
1.242505257652460841e+03 -1.064539124556712444e-17 4.468428569518447803e-21
1.243089085907502522e+03 -1.064139831352122090e-17 4.354973583463391552e-21
1.243672914162544203e+03 -1.049155918068559405e-17 4.394751939453027729e-21
1.244256742417585883e+03 -1.088650845695380279e-17 8.072188637134699145e-19
1.244840570672627564e+03 2.139270031200257249e-17 1.830200816241647876e-17
1.245424398927669245e+03 -1.047538970831861327e-17 4.449538836009504404e-21
1.246008227182710925e+03 -1.034452643542129106e-17 4.224927731307089392e-21
1.246592055437752606e+03 -1.040730220768487795e-17 4.491286493788685169e-21
1.247175883692794287e+03 -1.022653007227579305e-17 4.147985797828169506e-21
1.247759711947835967e+03 -1.027516690071591990e-17 4.369274546388146193e-21
1.248343540202877648e+03 -1.024526657771674818e-17 4.499001021525298740e-21
1.248927368457919329e+03 -1.013429145981607297e-17 3.062218345027288727e-21
1.249511196712961009e+03 -1.003276962070078421e-17 4.176383306910968612e-21
1.250095024968002690e+03 -1.003609195714401365e-17 3.040458733756808349e-21
1.250678853223044371e+03 -1.003792401801452641e-17 4.302512708690607650e-21
1.251262681478086051e+03 -1.009632155904205897e-17 2.171304895692850889e-20
1.251846509733127732e+03 -1.666440410282570486e-17 7.810226918414449765e-19
1.252430337988169413e+03 -1.299195916457393686e-17 4.944682778657677249e-19
1.253014166243211093e+03 -9.832997944810396861e-18 4.175209487661228351e-21
1.253597994498252774e+03 -9.789985383035624065e-18 4.156316813991374715e-21
1.254181822753294455e+03 -9.727420558373008713e-18 4.164437521042642416e-21
1.254765651008336135e+03 -9.723872401067522396e-18 2.999064578562297816e-21
1.255349479263377816e+03 -9.718972062311845811e-18 4.223144659097537081e-21
1.255933307518419497e+03 -9.645698416992292468e-18 4.114000068650240131e-21
1.256517135773461177e+03 -9.653685426050338957e-18 4.275772804024458616e-21
1.257100964028502858e+03 -9.589714473699499666e-18 2.963515113941832415e-21
1.257684792283544539e+03 -9.530018002772771948e-18 4.042231830133266998e-21
1.258268620538586219e+03 -9.530707612850687716e-18 4.106799146938608649e-21
1.258852448793627900e+03 -9.567412383688252426e-18 4.271959037657392660e-21
1.259436277048669581e+03 -9.337762571227716693e-18 3.772845680648608773e-21
1.260020105303711262e+03 -9.536220128805309922e-18 4.343389296496696791e-21
1.260603933558752942e+03 -9.314091331506637562e-18 3.870004426925217669e-21
1.261187761813794623e+03 -9.477102305732789797e-18 4.362976682292152107e-21
1.261771590068836304e+03 -9.247971010207529547e-18 3.876403525627117373e-21
1.262355418323877984e+03 -9.466012972611256413e-18 1.651361996125636639e-20
1.262939246578919665e+03 -1.814564939695425199e-17 8.550471361800606755e-19
1.263523074833961346e+03 -4.905506563699010207e-18 5.812388166799885659e-18
1.264106903089003026e+03 -1.051140961097473979e-17 4.680099609115532667e-19
1.264690731344044707e+03 -8.770750802473468313e-18 3.836384318384141235e-19
1.265274559599086388e+03 -2.352545103218249368e-17 4.530149386384009584e-19
1.265858387854128068e+03 -1.002428311418887838e-17 6.895240431505290661e-19
1.266442216109169749e+03 -9.962449668289792276e-18 2.779269230516440459e-21
1.267026044364211430e+03 -9.866591057932574490e-18 2.660241521288369498e-21
1.267609872619253110e+03 -8.950977745714218137e-18 3.914176653649331705e-21
1.268193700874294791e+03 -8.964208031431672406e-18 4.007790245713281732e-21
1.268777529129336472e+03 -8.892955185497542650e-18 3.889074707876976764e-21
1.269361357384378152e+03 -8.971006646654339229e-18 4.141791027783350651e-21
1.269945185639419833e+03 -8.875634083202136065e-18 9.188094178390379927e-21
1.270529013894461514e+03 -1.134559454308097701e-17 5.455691095752193348e-19
1.271112842149503194e+03 -8.765461234423378409e-18 3.812320141431286518e-21
1.271696670404544875e+03 -8.849193186155557632e-18 4.082986317029738176e-21
1.272280498659586556e+03 -8.727953440970355505e-18 3.847591268930514468e-21
1.272864326914628236e+03 -8.758040172295898831e-18 3.983573491125540082e-21
1.273448155169669917e+03 -8.705110856266235886e-18 3.914942297647921303e-21
1.274031983424711598e+03 -4.134913782557458287e-18 6.132773688118493781e-18
1.274615811679753278e+03 -8.685806331133029143e-18 3.997654639766779377e-21
1.275199639934794959e+03 -8.629433242575813581e-18 3.920058211456614023e-21
1.275783468189836640e+03 -8.637242173236457169e-18 4.036002538494216370e-21
1.276367296444878320e+03 -8.627560771264750775e-18 2.883075150837266673e-21
1.276951124699920001e+03 -8.617199984345874118e-18 4.086135560493773937e-21
1.277534952954961682e+03 -8.474873962991128204e-18 3.794869784215118393e-21
1.278118781210003363e+03 -8.489195350361847855e-18 5.184857047678819317e-21
1.278702609465045043e+03 -1.045624723349848001e-17 5.289997116593992783e-19
1.279286437720086724e+03 -8.411470827831833687e-18 3.824653496995803013e-21
1.279870265975128405e+03 -8.464069497348166795e-18 4.038306035289072807e-21
1.280454094230170085e+03 -8.396970837469013602e-18 2.779896191352831351e-21
1.281037922485211766e+03 -8.331719788343247701e-18 3.806048905653389282e-21
1.281621750740253447e+03 -8.402871954586573432e-18 4.040686347883235899e-21
1.282205578995295127e+03 -8.238193307567639579e-18 3.691878444294269478e-21
1.282789407250336808e+03 -8.322305944712947853e-18 3.953578889876484413e-21
1.283373235505378489e+03 -8.221880274025265924e-18 3.762820734887585089e-21
1.283957063760420169e+03 -8.227651923410385338e-18 3.829767912642635379e-21
1.284540892015461850e+03 -9.247908829760706038e-18 2.686609633148012320e-21
1.285124720270503531e+03 -8.222661441284629547e-18 2.783723502194838845e-21
1.285708548525545211e+03 -8.190079605202387900e-18 3.893867387949055858e-21
1.286292376780586892e+03 -8.177066789242498808e-18 3.911946669657174927e-21
1.286876205035628573e+03 1.729408689887429940e-17 1.176068886312496786e-17
1.287460033290670253e+03 -8.129329006713568426e-18 2.761961481680130874e-21
1.288043861545711934e+03 -8.159996531111163291e-18 4.019704473713772598e-21
1.288627689800753615e+03 -8.086416431576450723e-18 3.881827645727508068e-21
1.289211518055795295e+03 -8.053001178442595217e-18 3.844372629337363529e-21
1.289795346310836976e+03 -8.006548771994409821e-18 3.783121771727907124e-21
1.290379174565878657e+03 -8.003711261591412285e-18 2.700254694388861957e-21
1.290963002820920337e+03 -8.000867053285971279e-18 3.849421732016305285e-21
1.291546831075962018e+03 -9.008821305507467475e-18 2.591080213670105942e-21
1.292130659331003699e+03 -9.056218408591430383e-18 2.709428357449705365e-21
1.292714487586045379e+03 -4.015367240234923151e-18 2.779357615581369539e-21
1.293298315841087060e+03 -1.552882387784357465e-20 3.865009116826731441e-21
1.293882144096128741e+03 -1.971051830113757522e-20 4.002515880192411802e-21
1.294465972351170421e+03 -1.985068818805955690e-20 2.796109648259433217e-21
1.295049800606212102e+03 -1.989904070485858756e-20 3.905439694632582120e-21
1.295633628861253783e+03 -1.989851374450727598e-20 3.905439591421220762e-21
1.296217457116295463e+03 1.955720562819502976e-20 3.720507076155847847e-21
1.296801285371337144e+03 1.771155903499196778e-20 3.722868140115601240e-21
1.297385113626378825e+03 -2.375311998643331174e-17 2.767481193934205834e-21
1.297968941881420506e+03 -3.114558043780260976e-17 4.092375213239790919e-21
1.298552770136462186e+03 -1.868505173142468544e-17 9.913745545342718727e-19
1.299136598391503867e+03 -2.504118479410014706e-17 6.873784577363053785e-18
1.299720426646545548e+03 1.592776776520749495e-17 1.448631438357120197e-17
1.300304254901587228e+03 -3.566311719919635681e-17 1.786082226609497503e-17
1.300888083156628909e+03 4.133840160851798060e-17 2.492532396908836989e-17
1.301471911411670590e+03 -1.986426834000861830e-17 2.337309843557240717e-17
1.302055739666712270e+03 -3.144237403976749082e-17 1.906299145503012869e-17
1.302639567921753951e+03 -3.378913944939239733e-17 2.292718293310489397e-17
1.303223396176795632e+03 -2.144985180942648688e-17 2.845385243213734864e-17
1.303807224431837312e+03 -1.024573692066981445e-17 2.898184733812528469e-17
1.304391052686878993e+03 2.769042693949945853e-17 3.137140388870557186e-17
1.304974880941920674e+03 -5.398110586685196287e-18 2.291609501225095617e-17
1.305558709196962354e+03 -5.601982984364330566e-18 2.795575621645567038e-17
1.306142537452004035e+03 -1.204869289927907626e-17 2.493796716138768161e-17
1.306726365707045716e+03 2.431462948521903490e-17 2.585359282217464005e-17
1.307310193962087396e+03 -6.578595633935980264e-17 1.517403852537644737e-17
1.307894022217129077e+03 1.956955867983852539e-17 2.108144172219000783e-17
1.308477850472170758e+03 5.121414733555851460e-17 1.707571381814104676e-17
1.309061678727212438e+03 1.983637145858591287e-17 1.197093184781715863e-17
1.309645506982254119e+03 -1.799865556266270817e-18 6.957836809565511294e-18
1.310229335237295800e+03 2.254606618228453395e-18 8.417467713731270968e-18
1.310813163492337480e+03 -7.252907677286423862e-18 1.463735661945252549e-19
1.311396991747379161e+03 -7.353920112097388933e-18 3.879116502986451834e-21
1.311980820002420842e+03 -7.345121332400993121e-18 2.777113464986276911e-21
1.312564648257462522e+03 -7.336248290705796877e-18 3.954799934192468432e-21
1.313148476512504203e+03 -7.316653286840752446e-18 3.927454582449439427e-21
1.313732304767545884e+03 -1.127995949820805527e-17 7.589269478081587954e-19
1.314316133022587564e+03 -6.464208592923970960e-17 2.912533352976111115e-18
1.314899961277629245e+03 -8.453365445690226097e-18 2.340599414290802239e-18
1.315483789532670926e+03 -7.198726642091039337e-18 3.813823581724320615e-21
1.316067617787712607e+03 -7.294763332424310903e-18 4.102612292363388338e-21
1.316651446042754287e+03 -7.253274805755204422e-18 4.040634959082254722e-21
1.317235274297795968e+03 9.339507611530508006e-18 9.925115536361818316e-18
1.317819102552837649e+03 6.802036725516142442e-18 8.638103509034518223e-18
1.318402930807879329e+03 -6.747121384992413519e-18 1.096755938579660736e-17
1.318986759062921010e+03 -7.205517214902911531e-18 2.138108667833155537e-19
1.319570587317962691e+03 -7.132855551367185674e-18 3.972743668362164187e-21
1.320154415573004371e+03 -7.096791201682162371e-18 2.798103732108045518e-21
1.320738243828046052e+03 -8.257314341999751693e-18 2.644823310703131258e-21
1.321322072083087733e+03 -8.327500723495666999e-18 2.803614842337104635e-21
1.321905900338129413e+03 -1.014433721404911094e-17 6.375063765789271012e-19
1.322489728593171094e+03 -7.135031748055128610e-18 6.818275623893667118e-21
1.323073556848212775e+03 -7.015921724352311911e-18 3.948858232412910092e-21
1.323657385103254455e+03 -6.943041934251919721e-18 3.818707732875291034e-21
1.324241213358296136e+03 -7.032641986084429066e-18 4.087789841410936330e-21
1.324825041613337817e+03 -7.091229633334636752e-18 4.292971624421648169e-21
1.325408869868379497e+03 -6.934206869396740217e-18 3.937153723672397938e-21
1.325992698123421178e+03 -1.052328914378924330e-17 6.210892011124148702e-19
1.326576526378462859e+03 -6.970395395374955266e-18 7.777153743559752953e-21
1.327160354633504539e+03 -1.443170786200887821e-17 2.717480249029834508e-21
1.327744182888546220e+03 -6.891569422264456026e-18 4.015082801230931627e-21
1.328328011143587901e+03 -8.108546133583904863e-18 2.728693978448754974e-21
1.328911839398629581e+03 -6.883362513513985134e-18 2.918235607006478261e-21
1.329495667653671262e+03 -6.888364335848928543e-18 4.189305854032246243e-21
1.330079495908712943e+03 -6.827376868715689718e-18 4.042199108910221048e-21
1.330663324163754623e+03 -1.377931768865230475e-17 1.024058829102289368e-18
1.331247152418796304e+03 -6.877270450962978772e-18 1.121281212991893673e-20
1.331830980673837985e+03 -6.762885856846825493e-18 4.018460021467499219e-21
1.332414808928879665e+03 -6.768258052436787811e-18 2.914005462442288434e-21
1.332998637183921346e+03 -6.774285931069633138e-18 4.185188088379791789e-21
1.333582465438963027e+03 -6.776880043000587105e-18 4.196021751539892841e-21
1.334166293694004708e+03 -6.768206016664820751e-18 3.015472011762730105e-21
1.334750121949046388e+03 -6.759160516857512504e-18 4.289071100108370057e-21
1.335333950204088069e+03 -6.642186666154121317e-18 3.995088518098859789e-21
1.335917778459129750e+03 1.782119147892044782e-18 8.282746013661925065e-18
1.336501606714171430e+03 -8.496646215264376715e-18 3.531384367964050077e-19
1.337085434969213111e+03 -1.045024847274929179e-17 7.646772946440261016e-19
1.337669263224254792e+03 -6.579795437355608070e-18 9.344732375547250816e-21
1.338253091479296472e+03 -6.670859222872785942e-18 4.318305431480841270e-21
1.338836919734338153e+03 -6.507039755209422843e-18 3.953077505086384160e-21
1.339420747989379834e+03 -6.696556804039210118e-18 4.480476906447410896e-21
1.340004576244421514e+03 -6.473218962188355613e-18 3.965685830618654887e-21
1.340588404499463195e+03 -1.762814638184461299e-17 8.522247100541749648e-19
1.341172232754504876e+03 -9.891986714503746928e-18 1.198785220028949189e-19
1.341756061009546556e+03 -7.812669554212939123e-18 2.831620082666089162e-21
1.342339889264588237e+03 -6.427985603418422211e-18 4.056648677835669615e-21
1.342923717519629918e+03 -6.479532386388113378e-18 4.234433025090361045e-21
1.343507545774671598e+03 -9.345231713738374988e-18 6.668382571186699234e-19
1.344091374029713279e+03 -6.505431238639180217e-18 9.080963396408345800e-21
1.344675202284754960e+03 -6.364422857960582888e-18 4.098868265056858991e-21
1.345259030539796640e+03 1.206487590073295979e-17 1.117581691784466464e-17
1.345842858794838321e+03 -6.336865092438994263e-18 4.133306803911014440e-21
1.346426687049880002e+03 -6.318078661123287603e-18 4.141601772120341951e-21
1.347010515304921682e+03 -6.298106061655474567e-18 4.150641524365595072e-21
1.347594343559963363e+03 -7.640416212532928008e-18 2.851518408510489534e-21
1.348178171815005044e+03 -7.596005406742957539e-18 2.795825477600841686e-21
1.348762000070046724e+03 -6.239581221337693318e-18 2.983546405089047624e-21
1.349345828325088405e+03 -6.237004349000370994e-18 4.269273389992844343e-21
1.349929656580130086e+03 -6.183150013349957916e-18 4.139505858456673677e-21
1.350513484835171766e+03 -7.573979839112690872e-18 2.888683646848046075e-21
1.351097313090213447e+03 -6.179628715445431843e-18 3.041110628432817499e-21
1.351681141345255128e+03 -6.147064964875762853e-18 4.279227188173891610e-21
1.352264969600296808e+03 -6.206956206962560447e-18 4.430291555882561619e-21
1.352848797855338489e+03 -6.072891745062488819e-18 4.154548451964359941e-21
1.353432626110380170e+03 -6.103265698823385895e-18 4.288663538679254882e-21
1.354016454365421851e+03 -6.010575575740485160e-18 4.120601518002949120e-21
1.354600282620463531e+03 -6.110519354016922702e-18 4.431089518190898096e-21
1.355184110875505212e+03 -5.972024839096127065e-18 4.142583377007106710e-21
1.355767939130546893e+03 -7.441738610412164648e-18 2.992199599069661890e-21
1.356351767385588573e+03 -6.038481118965898976e-18 4.429055957883793801e-21
1.356935595640630254e+03 -5.880134376728306407e-18 4.094274041334676612e-21
1.357519423895671935e+03 -5.963840234080698910e-18 4.370433709802588991e-21
1.358103252150713615e+03 -5.943394768257578749e-18 4.369808786193694124e-21
1.358687080405755296e+03 -5.913013691947903051e-18 4.359193331879012194e-21
1.359270908660796977e+03 -7.329463379664862853e-18 3.001020204210726924e-21
1.359854736915838657e+03 -5.925219106903332051e-18 4.508461063518160667e-21
1.360438565170880338e+03 -5.906761462791014553e-18 3.238072817468290117e-21
1.361022393425922019e+03 -5.886796374632722252e-18 4.590458456776867157e-21
1.361606221680963699e+03 -8.635544885988091555e-18 6.627234141202960873e-19
1.362190049936005380e+03 -9.429395036689553433e-18 6.490660466581004844e-19
1.362773878191047061e+03 -9.284768677570678527e-18 7.538710526539288699e-19
1.363357706446088741e+03 3.465851614850545897e-17 1.551755046020101058e-17
1.363941534701130422e+03 -5.779941779386478107e-18 4.572391832686692755e-21
1.364525362956172103e+03 -5.686556923893768681e-18 4.392764761010171331e-21
1.365109191211213783e+03 1.844558104891284581e-18 8.189085671999713451e-18
1.365693019466255464e+03 -5.671600137311179820e-18 4.536228973288804285e-21
1.366276847721297145e+03 -5.551524622832196173e-18 4.238497270283100090e-21
1.366860675976338825e+03 -5.619495920759605059e-18 4.473678914772929839e-21
1.367444504231380506e+03 -7.036165080126900656e-18 2.996995241696751101e-21
1.368028332486422187e+03 -5.617380169284966928e-18 4.588544713032230728e-21
1.368612160741463867e+03 -5.551263118843728313e-18 4.482558140923978180e-21
1.369195988996505548e+03 -5.490361421217583824e-18 4.395078410649987245e-21
1.369779817251547229e+03 -6.948716183417297710e-18 2.990902683129260312e-21
1.370363645506588909e+03 -1.570378117987454714e-17 8.508050572557184381e-19
1.370947473761630590e+03 -9.140831626154955622e-18 1.190987133568757988e-19
1.371531302016672271e+03 -5.433049399923439253e-18 4.564510997171034504e-21
1.372115130271713952e+03 -5.423590719041333718e-18 4.545060201534140202e-21
1.372698958526755632e+03 -2.714687386056239965e-17 1.874635603056561426e-18
1.373282786781797313e+03 -5.741783491425514244e-18 2.455745316712816089e-20
1.373866615036838994e+03 -5.275252168443386292e-18 4.361501197111107700e-21
1.374450443291880674e+03 -5.444488469994725626e-18 4.858039293314697188e-21
1.375034271546922355e+03 -5.270388024987468633e-18 4.478333104286748988e-21
1.375618099801964036e+03 -5.314884654566747201e-18 4.660292412563787835e-21
1.376201928057005716e+03 -5.236550941733729331e-18 4.521368625456167885e-21
1.376785756312047397e+03 -5.235562773683770062e-18 4.577652283666876172e-21
1.377369584567089078e+03 -5.238912814857768805e-18 4.712775266445467008e-21
1.377953412822130758e+03 -6.782298554294183491e-18 3.219146420319217229e-21
1.378537241077172439e+03 2.987023250586466264e-18 8.708675324666620559e-18
1.379121069332214120e+03 -5.269785915406417792e-18 4.929263373564135577e-21
1.379704897587255800e+03 -1.767895901848061328e-17 1.445771370351984510e-18
1.380288725842297481e+03 -2.295096478781210200e-17 1.206774816087601378e-18
1.380872554097339162e+03 1.699209052975279067e-18 8.971160397291963841e-18
1.381456382352380842e+03 -5.093755400493022982e-18 4.804058145484077400e-21
1.382040210607422523e+03 1.410290287168676863e-17 1.193063705430038755e-17
1.382624038862464204e+03 -5.088868865954743209e-18 4.874274475015498448e-21
1.383207867117505884e+03 -4.902873828354319340e-18 4.468729929061172795e-21
1.383791695372547565e+03 -1.169912540824467331e-17 5.530536316295858710e-19
1.384375523627589246e+03 -5.552532300859885912e-18 1.057699712040856097e-20
1.384959351882630926e+03 -6.494989038700661366e-18 3.199537969615004882e-21
1.385543180137672607e+03 -6.535006666177488013e-18 3.315528759442730402e-21
1.386127008392714288e+03 -6.417515919337752776e-18 3.132026586760973702e-21
1.386710836647755968e+03 -6.473047182387733873e-18 3.295662004554175133e-21
1.387294664902797649e+03 -6.004859464594046763e-18 2.732225615990825747e-21
1.387878493157839330e+03 -6.476336262442546276e-18 3.354112551194827430e-21
1.388462321412881010e+03 -6.732296642340143671e-18 2.878556058974800375e-21
1.389046149667922691e+03 -6.273969307694970755e-18 3.518934288597736479e-21
1.389629977922964372e+03 -6.425474081733171762e-18 3.396544635233033294e-21
1.390213806178006053e+03 -7.777469729056369432e-18 3.654983460239968439e-21
1.390797634433047733e+03 -4.833649142125276939e-18 1.080549055967173408e-20
1.391381462688089414e+03 -6.595665192185595184e-18 2.945947425306739124e-21
1.391965290943131095e+03 -4.759126109134265503e-18 5.200535504134091861e-21
1.392549119198172775e+03 -4.588668623725200198e-18 4.842304935521428733e-21
1.393132947453214456e+03 -6.122058465893608965e-18 3.574718259891076020e-21
1.393716775708256137e+03 -6.016350760512202091e-18 3.508741150977825574e-21
1.394300603963297817e+03 -6.249563508522243427e-18 3.407902456929564795e-21
1.394884432218339498e+03 -9.323619343303661082e-18 2.495514450023449587e-21
1.395468260473381179e+03 -6.568103003110297329e-18 2.988253785146312444e-21
1.396052088728422859e+03 -6.056049118297040483e-18 3.696931192070902047e-21
1.396635916983464540e+03 -6.005126119363372625e-18 3.238204127060046746e-21
1.397219745238506221e+03 -5.891957147348498257e-18 2.496170105987734228e-21
1.397803573493547901e+03 -5.937391209295515811e-18 3.635259265028844281e-21
1.398387401748589582e+03 -5.981665743264410229e-18 3.344313719807866804e-21
1.398971230003631263e+03 -5.994583569700448565e-18 3.420709716553316082e-21
1.399555058258672943e+03 -6.066664028209736167e-18 3.597796150942641479e-21
1.400138886513714624e+03 -6.253397523899832892e-18 3.026692161301570601e-21
1.400722714768756305e+03 -5.811623708349674462e-18 3.664677737671094021e-21
1.401306543023797985e+03 -5.842945626515986703e-18 3.352647701602069104e-21
1.401890371278839666e+03 -4.214227068867309923e-18 5.150141975905176309e-21
1.402474199533881347e+03 -4.152856196598593202e-18 5.074807143013151270e-21
1.403058027788923027e+03 -6.139295233241367050e-18 2.975856259211082661e-21
1.403641856043964708e+03 -5.683779637709253182e-18 3.666867649527833920e-21
1.404225684299006389e+03 -6.219333182355284507e-18 3.037505802019945406e-21
1.404809512554048069e+03 -5.559362487579890862e-18 3.542285258678715290e-21
1.405393340809089750e+03 -5.136591271394477937e-18 2.905583881174594199e-21
1.405977169064131431e+03 -5.716692049574337945e-18 3.502993234057453784e-21
1.406560997319173111e+03 -5.609949004997762452e-18 3.403566444984428479e-21
1.407144825574214792e+03 -6.009403952091768620e-18 3.023974197063238315e-21
1.407728653829256473e+03 -3.995341367345553464e-18 5.422242587191099392e-21
1.408312482084298153e+03 -5.622860616377266230e-18 3.560961348288637959e-21
1.408896310339339834e+03 -5.520357270243367971e-18 3.439533313466542440e-21
1.409480138594381515e+03 -5.600208443649111135e-18 3.634531511587331958e-21
1.410063966849423196e+03 -5.531722427281181852e-18 3.559973247828136128e-21
1.410647795104464876e+03 -5.587159978498992917e-18 3.707031699379167814e-21
1.411231623359506557e+03 -3.722880789724026310e-18 5.243158436608388404e-21
1.411815451614548238e+03 -5.385904040796980509e-18 3.869585927049464215e-21
1.412399279869589918e+03 -5.351420873903509826e-18 3.460958827721890917e-21
1.412983108124631599e+03 -4.749572150649695690e-18 2.953906659367794745e-21
1.413566936379673280e+03 -5.713312050542220147e-18 3.151373772986998144e-21
1.414150764634714960e+03 -5.305212856638548071e-18 3.944882272066342003e-21
1.414734592889756641e+03 -5.300326152143310126e-18 3.589787089571003305e-21
1.415318421144798322e+03 -5.709196174443094630e-18 3.130865335803434235e-21
1.415902249399840002e+03 -5.105273414275415207e-18 3.773052443951083988e-21
1.416486077654881683e+03 -5.707796882981270508e-18 3.169892620885228547e-21
1.417069905909923364e+03 -5.054232354699782247e-18 3.800767104963119265e-21
1.417653734164965044e+03 -3.482545647686015715e-18 5.612203386844866655e-21
1.418237562420006725e+03 -3.292534313416741413e-18 5.221229925948930797e-21
1.418821390675048406e+03 -9.318428134367446673e-18 3.265451925095628122e-21
1.419405218930090086e+03 -4.824632544539610608e-18 3.948395595205186470e-21
1.419989047185131767e+03 -5.212888071419670635e-18 3.838925545875023798e-21
1.420572875440173448e+03 -4.930519787083207213e-18 3.931695627191458373e-21
1.421156703695215128e+03 -5.054051446078670576e-18 3.787634289465395081e-21
1.421740531950256809e+03 -3.194463603712649013e-18 5.517841011147673734e-21
1.422324360205298490e+03 -1.228536251070855870e-17 5.506811980953259435e-19
1.422908188460340170e+03 -2.235279208096661665e-17 1.284343471665585309e-18
1.423492016715381851e+03 -3.239262548474882461e-18 8.302218454831665620e-21
1.424075844970423532e+03 -3.137456709106694043e-18 5.737580635550122375e-21
1.424659673225465212e+03 -3.029513913174314168e-18 5.554107632355297903e-21
1.425243501480506893e+03 -4.844749941497262112e-18 4.227756205078036329e-21
1.425827329735548574e+03 -2.935269868542033691e-18 5.500446250500828061e-21
1.426411157990590254e+03 -3.014829313853330916e-18 5.798835985353568776e-21
1.426994986245631935e+03 -2.996317898555208225e-18 5.842776545446727480e-21
1.427578814500673616e+03 -4.292684291683174375e-18 3.260984438458536267e-21
1.428162642755715297e+03 -5.244951471897005902e-18 3.358235375047257223e-21
1.428746471010756977e+03 -4.130253616472367392e-18 3.399977502327710673e-21
1.429330299265798658e+03 -4.778865452630505727e-18 4.082646096457442032e-21
1.429914127520840339e+03 -2.722958316180088997e-18 5.642683245397177596e-21
1.430497955775882019e+03 -4.544387482602565021e-18 4.217133014359443550e-21
1.431081784030923700e+03 -4.381899376697554597e-18 4.113764857409436871e-21
1.431665612285965381e+03 -4.654088010963526682e-18 4.022540519098877463e-21
1.432249440541007061e+03 -4.376940401127382410e-18 4.118271849036660604e-21
1.432833268796048742e+03 -4.541615823878259154e-18 4.046991789548813187e-21
1.433417097051090423e+03 -4.476675850835937330e-18 4.005540515316008425e-21
1.434000925306132103e+03 -2.575589383878226563e-18 5.950800649044158985e-21
1.434584753561173784e+03 -2.543947441190899764e-18 5.986057377344186577e-21
1.435168581816215465e+03 -2.541967672045189035e-18 4.299849135494892404e-21
1.435752410071257145e+03 -4.293822470184172415e-18 4.366818489820588569e-21
1.436336238326298826e+03 -4.213807752567055401e-18 3.862808325996399460e-21
1.436920066581340507e+03 -4.330706305776220050e-18 4.147865684606891224e-21
1.437503894836382187e+03 -4.277204152369771352e-18 4.110479838581673214e-21
1.438087723091423868e+03 -4.056078594296988307e-18 4.237910862739090517e-21
1.438671551346465549e+03 -4.242580283036491757e-18 4.200836489581557271e-21
1.439255379601507229e+03 -4.071678350189069626e-18 4.367739681491882659e-21
1.439839207856548910e+03 -4.105025563932580319e-18 4.086583831111177045e-21
1.440423036111590591e+03 -4.100439361125875700e-18 4.164359679867910085e-21
1.441006864366632271e+03 -4.005245220234986071e-18 4.038365227235273534e-21
1.441590692621673952e+03 -4.014850627963965107e-18 4.323450208552992676e-21
1.442174520876715633e+03 -7.675982747574306806e-18 3.334703599957086529e-21
1.442758349131757313e+03 -3.349193462068914474e-18 3.567279875476426001e-21
1.443342177386798994e+03 -4.054276160440671995e-18 4.415167089366430527e-21
1.443926005641840675e+03 -4.339570036117394513e-18 3.638791628032906945e-21
1.444509833896882355e+03 -3.596498850811486682e-18 4.133364076224159670e-21
1.445093662151924036e+03 -5.667157276938780089e-18 6.194182509399690178e-21
1.445677490406965717e+03 -5.689127379395446248e-18 6.686754274628148673e-21
1.446261318662007398e+03 -6.439449034117675393e-18 3.870529567749951991e-19
1.446845146917049078e+03 -1.844250849099566967e-18 6.302797479292482261e-21
1.447428975172090759e+03 -1.879682783889004236e-18 6.098484534106978907e-21
1.448012803427132440e+03 -1.780513767440826097e-18 6.349044383146285063e-21
1.448596631682174120e+03 -1.602256964981886578e-18 6.002607554943999695e-21
1.449180459937215801e+03 -3.498517684188872716e-18 4.535161817944755597e-21
1.449764288192257482e+03 -3.339022534897778469e-18 4.432241194522039489e-21
1.450348116447299162e+03 -7.162043703592538536e-18 3.520543794029128385e-21
1.450931944702340843e+03 -3.371727467306797233e-18 4.507018403101640750e-21
1.451515772957382524e+03 -3.460011768019659733e-18 4.321978967824641781e-21
1.452099601212424204e+03 -3.267236076556502979e-18 4.458471571736937345e-21
1.452683429467465885e+03 -3.454835298408336619e-18 4.391690721015619479e-21
1.453267257722507566e+03 -3.185472090935644943e-18 4.476052543374185638e-21
1.453851085977549246e+03 -1.246649322231921413e-17 5.892129570507155904e-21
1.454434914232590927e+03 -2.059367266101738571e-17 1.474356536674984616e-18
1.455018742487632608e+03 -1.011786356316264670e-17 5.680520161860725389e-19
1.455602570742674288e+03 -1.376677019006010287e-17 6.296929428615937434e-21
1.456186398997715969e+03 -3.300890995128940738e-18 4.610727503225976517e-21
1.456770227252757650e+03 -3.076733563784843575e-18 4.296384330566130412e-21
1.457354055507799330e+03 -3.279628183065846625e-18 4.731776863278196479e-21
1.457937883762841011e+03 -3.478955328922711332e-18 3.922551107087628239e-21
1.458521712017882692e+03 -3.108930490688774112e-18 4.987837424729398085e-21
1.459105540272924372e+03 -3.004503650094243598e-18 4.487558902692289284e-21
1.459689368527966053e+03 -3.115699690799216959e-18 4.732186687459720223e-21
1.460273196783007734e+03 -3.022011925583186008e-18 4.644967715956590360e-21
1.460857025038049414e+03 -2.899020937171281725e-18 4.498009094467723925e-21
1.461440853293091095e+03 -2.910430327238343245e-18 4.587028508872936064e-21
1.462024681548132776e+03 -2.259620433428095140e-18 3.830738156567318473e-21
1.462608509803174456e+03 -2.856589889441732841e-18 4.661326497675367455e-21
1.463192338058216137e+03 -2.841449952984875361e-18 4.711439614349136743e-21
1.463776166313257818e+03 -2.801700747846207416e-18 4.697572679685865809e-21
1.464359994568299498e+03 -6.160012911745779637e-18 3.894120025047215757e-21
1.464943822823341179e+03 -6.190587728973106924e-18 3.928900873892787927e-21
1.465527651078382860e+03 -5.971114467187636869e-18 3.836233132914038364e-21
1.466111479333424541e+03 -5.974807599946075314e-18 3.873535597639925140e-21
1.466695307588466221e+03 -4.536948016257638798e-18 6.908835227070484298e-21
1.467279135843507902e+03 -2.986471690784697123e-18 4.097709947953946320e-21
1.467862964098549583e+03 -2.445685639400770515e-18 4.977404788177590238e-21
1.468446792353591263e+03 -2.437188246160248026e-18 4.655817750093616368e-21
1.469030620608632944e+03 -2.485182893134059618e-18 4.836910531700878861e-21
1.469614448863674625e+03 -2.332738050577602249e-18 4.640933389755663187e-21
1.470198277118716305e+03 -2.371762213542214623e-18 4.790028413116860864e-21
1.470782105373757986e+03 -5.542874640081298199e-18 3.829277837317869643e-21
1.471365933628799667e+03 -5.594562389060748395e-18 3.962910645440362194e-21
1.471949761883841347e+03 -4.366686309902781663e-18 3.468386819064267551e-21
1.472533590138883028e+03 -4.117438587411441891e-18 6.830322112006576989e-21
1.473117418393924709e+03 -2.080392883748039817e-18 3.584786233206696331e-21
1.473701246648966389e+03 -1.965635897990555072e-18 4.909870391556681588e-21
1.474285074904008070e+03 -2.099311131197311524e-18 4.858563418489309242e-21
1.474868903159049751e+03 -2.197902702292054679e-18 5.084777847921773689e-21
1.475452731414091431e+03 -3.962079618197849649e-18 6.946784776823398429e-21
1.476036559669133112e+03 -7.913554423541624949e-18 8.487573822779222540e-19
1.476620387924174793e+03 -1.127584279847457053e-17 7.014357572329041568e-21
1.477204216179216473e+03 -7.530384460445405130e-18 4.075178020383714599e-21
1.477788044434258154e+03 -4.876071763903432445e-18 4.088251588647810894e-21
1.478371872689299835e+03 -1.787274637781033078e-18 5.190361778860742136e-21
1.478955700944341515e+03 -1.912882537470382355e-18 5.178260095949035031e-21
1.479539529199383196e+03 -2.293429594897145322e-18 4.324443388007996133e-21
1.480123357454424877e+03 -9.518314963904810733e-19 4.230804353422245299e-21
1.480707185709466557e+03 -1.663510733692111927e-18 4.942279237680716752e-21
1.481291013964508238e+03 3.800780148873454062e-19 7.116416422131116635e-21
1.481874842219549919e+03 4.510677957702141229e-19 6.734018709776345650e-21
1.482458670474591599e+03 -1.561225887547927303e-18 5.023446620715912631e-21
1.483042498729633280e+03 -2.250580663252848877e-18 4.363088558014221282e-21
1.483626326984674961e+03 -7.024392085658037898e-18 5.130790791890996749e-21
1.484210155239716642e+03 -3.355030047654765897e-18 5.287641762067718150e-21
1.484793983494758322e+03 -1.316504237043563344e-18 5.239047777842608739e-21
1.485377811749800003e+03 -4.450162572822928166e-18 4.250155379834734507e-21
1.485961640004841684e+03 -4.359017932779378227e-18 4.278300715242420740e-21
1.486545468259883364e+03 -4.219579749949440231e-18 4.363171646523139410e-21
1.487129296514925045e+03 -4.125798667474203356e-18 4.317543544115546965e-21
1.487713124769966726e+03 -1.172966281251950565e-18 5.298673766641035765e-21
1.488296953025008406e+03 -1.201814116371007693e-18 5.303019439607862658e-21
1.488880781280050087e+03 -4.100101078437586641e-18 4.454139694208338618e-21
1.489464609535091768e+03 -3.936489154295578383e-18 4.245344257992385201e-21
1.490048437790133448e+03 -3.972286237363186520e-18 4.414374357027443210e-21
1.490632266045175129e+03 -1.123214104502594498e-18 5.434929422197718329e-21
1.491216094300216810e+03 -9.511622693023489180e-19 5.185635852537559674e-21
1.491799922555258490e+03 -4.203372644115716732e-18 5.399858060844527049e-21
1.492383750810300171e+03 -4.345150410870529142e-18 5.473365831947776032e-21
1.492967579065341852e+03 -2.753694918165349605e-18 3.958898475773255699e-21
1.493551407320383532e+03 -9.239233865599106017e-19 5.641575767313358934e-21
1.494135235575425213e+03 -1.431105095886804640e-18 4.598494306772141695e-21
1.494719063830466894e+03 -6.553383379680621731e-20 4.594768315314843649e-21
1.495302892085508574e+03 -6.476285721912333015e-19 5.542673984511398446e-21
1.495886720340550255e+03 1.258109033573357475e-18 8.166893936696979751e-21
1.496470548595591936e+03 -2.237674840221086541e-18 4.678409374192103306e-21
1.497054376850633616e+03 -3.340880804031931304e-18 4.547685567763377879e-21
1.497638205105675297e+03 -5.124282731697969111e-19 5.389041288625241415e-21
1.498222033360716978e+03 -1.286867443270401651e-18 4.711973103560789448e-21
1.498805861615758658e+03 -4.220956380625544813e-19 5.686086113282637231e-21
1.499389689870800339e+03 -1.150994866969808594e-18 4.771653716682533652e-21
1.499973518125842020e+03 -3.818491686474624742e-19 5.811954750151531727e-21
1.500557346380883700e+03 -1.936840278258452149e-19 5.672337216408024481e-21
1.501141174635925381e+03 -3.506936156348906438e-19 5.722574070364250625e-21
1.501725002890967062e+03 -2.712859695594331749e-19 5.869187705156777419e-21
1.502308831146008743e+03 -3.785074589731754804e-18 4.040556669510115858e-21
1.502892659401050423e+03 -2.848582859139132677e-18 4.868530802577463692e-21
1.503476487656092104e+03 -1.089708805112141158e-19 5.512806205312221780e-21
1.504060315911133785e+03 -1.824243454076566148e-19 5.782687989117758093e-21
1.504644144166175465e+03 -1.110247047640854562e-19 5.705748314796902529e-21
1.505227972421217146e+03 -1.580831172567117141e-20 5.643840418093704889e-21
1.505811800676258827e+03 5.124988311474891654e-20 5.612610529043757393e-21
1.506395628931300507e+03 -2.026939508810853029e-20 5.811730875528241629e-21
1.506979457186342188e+03 -5.173001682930298431e-19 4.865389470876040025e-21
1.507563285441383869e+03 1.015906740596152516e-19 6.029892738965564352e-21
1.508147113696425549e+03 2.219085493533625263e-18 7.999593258055908065e-21
1.508730941951467230e+03 2.216448099442883263e-18 8.145619874664299156e-21
1.509314770206508911e+03 2.229940396894883830e-18 8.220913087715212338e-21
1.509898598461550591e+03 2.195822126679009627e-18 8.443448579843694300e-21
1.510482426716592272e+03 -2.016560718217853794e-18 4.244936551344801402e-21
1.511066254971633953e+03 4.020630153411767026e-19 6.014199609475522868e-21
1.511650083226675633e+03 -2.488724324165273674e-19 4.980975620512943058e-21
1.512233911481717314e+03 3.547986990509602240e-19 6.246851954733562277e-21
1.512817739736758995e+03 9.563871834736937744e-19 5.045967606596785476e-21
1.513401567991800675e+03 -1.892375682625483121e-18 5.041322391849458478e-21
1.513985396246842356e+03 2.688239075290059517e-18 8.069739255076993446e-21
1.514569224501884037e+03 4.397103515667653792e-19 6.266277024218999164e-21
1.515153052756925717e+03 5.102808424886350570e-19 6.275226774067645106e-21
1.515736881011967398e+03 1.845334646802144146e-19 5.095112551940377455e-21
1.516320709267009079e+03 -1.649166411896583098e-18 5.202070756418913740e-21
1.516904537522050759e+03 6.425857031395360296e-20 5.165103671394491013e-21
1.517488365777092440e+03 8.638906230053087089e-19 6.178525421917065721e-21
1.518072194032134121e+03 -7.902118733435785496e-18 8.384581499110176485e-19
1.518656022287175801e+03 -1.106119834073481581e-17 1.363195912345970910e-18
1.519239850542217482e+03 2.934655060411947539e-18 8.268096608849529785e-21
1.519823678797259163e+03 -1.549424176543887457e-18 5.683899826041499229e-21
1.520407507052300843e+03 3.412835461441452469e-19 5.451625258550730269e-21
1.520991335307342524e+03 9.241439491602500905e-19 6.670456963159166272e-21
1.521575163562384205e+03 1.712676147556852474e-18 5.327313982295268086e-21
1.522158991817425886e+03 5.232988407366508901e-19 5.406448190230687249e-21
1.522742820072467566e+03 9.111228429131440332e-19 7.083060106067317439e-21
1.523326648327509247e+03 1.136496034110637231e-18 6.469244852925319278e-21
1.523910476582550928e+03 -8.870768700333434944e-19 5.412574410437358741e-21
1.524494304837592608e+03 -8.671700570880632601e-19 5.444699504212738113e-21
1.525078133092634289e+03 -7.671286157835569427e-19 4.731353770587341057e-21
1.525661961347675970e+03 1.231922536414651158e-18 6.945474752766082557e-21
1.526245789602717650e+03 1.987950223162029635e-18 5.699131923488893184e-21
1.526829617857759331e+03 4.519286757000709792e-20 6.103753123817493995e-21
1.527413446112801012e+03 -4.847947898302786817e-18 9.633060103358844936e-21
1.527997274367842692e+03 -4.897646279351258821e-18 1.001524998579820260e-20
1.528581102622884373e+03 -8.758893131399593786e-19 3.586953015816647198e-20
1.529164930877926054e+03 -4.438890387244838608e-19 5.681015925337723891e-21
1.529748759132967734e+03 1.585800143445353307e-18 6.816715161281644590e-21
1.530332587388009415e+03 1.502986142380248800e-18 7.124731324446841261e-21
1.530916415643051096e+03 5.962806842656204530e-19 5.171559294798306608e-21
1.531500243898092776e+03 1.551721283768823294e-18 7.117898271268552890e-21
1.532084072153134457e+03 2.443472881263154695e-18 5.872477879189632099e-21
1.532667900408176138e+03 1.816042279969652000e-18 6.969975167787616343e-21
1.533251728663217818e+03 2.007299699837797036e-18 6.900887162832966160e-21
1.533835556918259499e+03 1.824806597081391877e-18 7.209767651559224744e-21
1.534419385173301180e+03 1.990504730815932689e-18 6.970009130575003575e-21
1.535003213428342860e+03 1.387385769541093284e-18 5.797135631679475142e-21
1.535587041683384541e+03 2.063903423800766714e-18 7.116308709375330556e-21
1.536170869938426222e+03 1.388691631226303692e-18 5.880121524808000512e-21
1.536754698193467902e+03 2.159929948638960463e-18 7.108316397430193780e-21
1.537338526448509583e+03 2.178903578768162212e-18 7.114556770969899307e-21
1.537922354703551264e+03 2.103962480828960865e-18 7.356885815202513507e-21
1.538506182958592944e+03 2.202723500694775686e-18 7.265869448120222400e-21
1.539090011213634625e+03 2.137247042935731398e-18 7.421083932660843054e-21
1.539673839468676306e+03 2.337615803238391129e-18 7.332511133573402976e-21
1.540257667723717987e+03 2.365254448121841683e-18 7.389638343510458166e-21
1.540841495978759667e+03 2.495082175840305377e-18 7.153235043027194347e-21
1.541425324233801348e+03 2.310902194798066313e-18 7.662171554784400945e-21
1.542009152488843029e+03 9.086758239448215432e-19 5.880357391263998427e-21
1.542592980743884709e+03 7.768595134612673312e-19 6.317484811228434062e-21
1.543176808998926390e+03 9.740942222489305179e-20 5.444167932372489774e-21
1.543760637253968071e+03 8.724957765361718371e-19 6.300680799979620975e-21
1.544344465509009751e+03 7.827535134318142244e-19 6.397533397876474524e-21
1.544928293764051432e+03 1.884964935427237984e-18 5.532854714113052150e-21
1.545512122019093113e+03 2.473642216874413693e-19 5.527431904324819733e-21
1.546095950274134793e+03 1.078004601828302159e-18 6.338105398611727605e-21
1.546679778529176474e+03 2.099968134697596102e-18 5.620917215225465408e-21
1.547263606784218155e+03 1.225766443568460785e-18 6.608424052528277563e-21
1.547847435039259835e+03 1.898635708421473918e-18 7.445118583515152529e-21
1.548431263294301516e+03 6.811344417930144821e-19 6.136577854626174674e-21
1.549015091549343197e+03 1.418669935550176920e-18 6.391815821038392519e-21
1.549598919804384877e+03 3.006701287347425597e-18 7.768273891133976995e-21
1.550182748059426558e+03 3.182691201415487098e-18 7.606690424524907742e-21
1.550766576314468239e+03 2.954079227615836524e-18 8.163260101957777056e-21
1.551350404569509919e+03 3.261819223312876492e-18 7.687449023202671292e-21
1.551934232824551600e+03 3.192125824125672692e-18 7.948246927122577512e-21
1.552518061079593281e+03 3.302464633850329185e-18 7.802013367866765300e-21
1.553101889334634961e+03 3.291627160382304330e-18 7.915921897454440278e-21
1.553685717589676642e+03 1.829957323561066366e-18 6.635887132281155318e-21
1.554269545844718323e+03 1.572846803879207454e-18 5.911020700340926861e-21
1.554853374099760003e+03 1.905852027568827360e-18 6.848229732480820780e-21
1.555437202354801684e+03 2.103032785990181527e-18 6.689394082024541926e-21
1.556021030609843365e+03 1.563101260030980159e-18 5.835573721158968337e-21
1.556604858864885045e+03 2.049453802893101742e-18 5.830380998601227481e-21
1.557188687119926726e+03 2.127220016351873609e-18 6.741407042812406766e-21
1.557772515374968407e+03 2.011438285218246517e-18 7.116941069682496409e-21
1.558356343630010088e+03 1.999908231371378925e-18 5.981669933364582291e-21
1.558940171885051768e+03 2.379663338716788427e-18 6.824800330122526415e-21
1.559524000140093449e+03 2.263088906490455813e-18 6.990513063351597058e-21
1.560107828395135130e+03 1.861415879581744700e-18 6.085493153964507668e-21
1.560691656650176810e+03 2.119254586999434248e-18 6.276787992265980280e-21
1.561275484905218491e+03 3.368399453245745239e-18 6.133197607690340472e-21
1.561859313160260172e+03 2.857271355106256973e-18 6.452735395055481483e-21
1.562443141415301852e+03 2.404892870505132596e-18 7.437388899908938045e-21
1.563026969670343533e+03 2.045943312656525115e-18 6.367409117798516961e-21
1.563610797925385214e+03 2.359922042520604759e-18 6.277501629773094968e-21
1.564194626180426894e+03 2.777808578033249505e-18 7.269845634854274016e-21
1.564778454435468575e+03 2.211771215175891556e-18 5.681631928506687760e-21
1.565362282690510256e+03 2.814350726795053264e-18 7.171803959497913851e-21
1.565946110945551936e+03 2.914680852974862431e-18 7.164347929755352159e-21
1.566529939200593617e+03 2.639306593474538954e-18 6.426498163205952929e-21
1.567113767455635298e+03 3.107783699620349676e-18 7.107152232529905001e-21
1.567697595710676978e+03 3.177416293523084612e-18 7.304370088946593376e-21
1.568281423965718659e+03 1.285793008080093169e-18 9.231155973961038302e-21
1.568865252220760340e+03 1.463170758603026093e-18 9.039214765313409497e-21
1.569449080475802020e+03 1.387148452574425528e-18 9.335361634099079048e-21
1.570032908730843701e+03 1.218464592240111760e-18 1.295585052140237483e-20
1.570616736985885382e+03 4.090945592579167836e-18 8.999509611087667513e-21
1.571200565240927062e+03 3.276130758535369696e-18 7.604845707415596444e-21
1.571784393495968743e+03 1.644416133686547939e-18 9.557793094510503813e-21
1.572368221751010424e+03 1.759350036106492776e-18 8.036425986587409846e-21
1.572952050006052104e+03 1.731656286930143272e-18 9.474266499370746281e-21
1.573535878261093785e+03 1.895064672245061196e-18 9.868327154973889470e-21
1.574119706516135466e+03 1.906122869413013601e-18 8.140756936345148722e-21
1.574703534771177146e+03 1.935715449287596548e-18 8.169669084207755540e-21
1.575287363026218827e+03 1.931500113489671814e-18 8.196294078052482395e-21
1.575871191281260508e+03 1.949871287205704864e-18 9.898070558198066922e-21
1.576455019536302188e+03 1.979701349071128749e-18 1.013312877754041915e-20
1.577038847791343869e+03 2.452755866661839926e-18 1.370284457065719248e-20
1.577622676046385550e+03 2.432906140959355097e-18 1.304725744537803730e-20
1.578206504301427231e+03 4.887089773296172614e-18 9.711965424173441503e-21
1.578790332556468911e+03 2.064909992349158378e-18 1.039901289334526371e-20
1.579374160811510592e+03 4.774280718518640362e-18 9.632336223578574573e-21
1.579957989066552273e+03 4.031447723501405084e-18 8.109014275011413660e-21
1.580541817321593953e+03 4.701945752052269409e-18 9.644008042855058141e-21
1.581125645576635634e+03 2.427976847895390672e-18 1.045919808483852870e-20
1.581709473831677315e+03 3.774343158429335128e-18 7.163777188554705075e-21
1.582293302086718995e+03 2.494050816974790681e-18 1.060833032722187072e-20
1.582877130341760676e+03 3.807090342258591814e-18 7.381270626011437205e-21
1.583460958596802357e+03 3.913432283707185583e-18 7.400334759212109269e-21
1.584044786851844037e+03 4.097257785619415625e-18 8.418241562238532733e-21
1.584628615106885718e+03 4.268450425772960068e-18 8.431619630796624862e-21
1.585212443361927399e+03 4.073742098233177363e-18 7.377586975830849003e-21
1.585796271616969079e+03 4.307762344147910366e-18 8.246033721282305105e-21
1.586380099872010760e+03 4.286569561829620676e-18 8.733583369593692454e-21
1.586963928127052441e+03 4.676743009105734884e-18 1.054508622131499754e-20
1.587547756382094121e+03 4.991091805065203035e-18 9.958300322390879233e-21
1.588131584637135802e+03 4.781178215291201633e-18 1.085757609657268479e-20
1.588715412892177483e+03 4.586063937875171139e-18 8.647292914661673623e-21
1.589299241147219163e+03 4.371065319201804679e-18 7.753894993120319244e-21
1.589883069402260844e+03 4.672322820885780846e-18 8.377454223625764973e-21
1.590466897657302525e+03 4.471829424072107642e-18 8.766395816339693309e-21
1.591050725912344205e+03 4.433484755673530456e-18 9.157027439209632215e-21
1.591634554167385886e+03 4.278183139671502476e-18 9.269795706817699255e-21
1.592218382422427567e+03 4.865025025463360016e-18 8.403826897888650679e-21
1.592802210677469247e+03 4.506192448060817670e-18 9.112973746689214334e-21
1.593386038932510928e+03 5.051179169043726857e-18 1.052025664182193182e-20
1.593969867187552609e+03 4.852467412183108727e-18 1.136185511672256916e-20
1.594553695442594289e+03 3.994866223314669188e-18 8.486268595042892606e-21
1.595137523697635970e+03 4.698660851718347256e-18 9.097061274072564360e-21
1.595721351952677651e+03 4.842359817421660251e-18 9.202603613339811092e-21
1.596305180207719332e+03 4.737027969862342290e-18 9.218611660579533146e-21
1.596889008462761012e+03 4.935531585947473065e-18 8.899141009556517027e-21
1.597472836717802693e+03 4.533769229717237202e-18 9.900006190003825491e-21
1.598056664972844374e+03 4.864810189092847338e-18 9.391657262261810204e-21
1.598640493227886054e+03 4.818534396654765126e-18 8.412517405532371109e-21
1.599224321482927735e+03 5.090491317121931128e-18 9.577776008171702390e-21
1.599808149737969416e+03 4.656610571249014671e-18 8.231225092415352546e-21
1.600391977993011096e+03 5.061142719299036858e-18 9.470801379465589474e-21
1.600975806248052777e+03 4.624992965316382144e-18 8.275971966557001562e-21
1.601559634503094458e+03 5.191373254512268519e-18 9.482629760466838034e-21
1.602143462758136138e+03 5.302587631238985996e-18 8.098052023521345130e-21
1.602727291013177819e+03 6.071798191387932884e-18 1.196073616004064700e-20
1.603311119268219500e+03 4.992162030222124449e-18 1.341496666946281381e-20
1.603894947523261180e+03 4.942106805260020967e-18 1.028580308160365965e-20
1.604478775778302861e+03 4.704367748204758395e-18 8.026347731336448616e-21
1.605062604033344542e+03 5.049285143321422706e-18 9.610410597519964344e-21
1.605646432288386222e+03 5.007120278861358920e-18 9.932909769659659822e-21
1.606230260543427903e+03 5.910236432140916367e-18 1.029730327787620152e-20
1.606814088798469584e+03 6.259018399244193606e-18 1.203734955202821715e-20
1.607397917053511264e+03 6.166313330655650518e-18 1.162772584071595439e-20
1.607981745308552945e+03 5.115000661360700715e-18 1.034753924246685175e-20
1.608565573563594626e+03 4.961122156508940268e-18 1.018124433950126646e-20
1.609149401818636306e+03 5.984842897964002478e-18 1.048355310401171378e-20
1.609733230073677987e+03 6.079665033983260586e-18 1.203638098139861064e-20
1.610317058328719668e+03 6.272030959003052548e-18 1.164484910813405122e-20
1.610900886583761348e+03 5.127893306704572280e-18 1.011894812973965313e-20
1.611484714838803029e+03 6.200643380392381372e-18 1.181065595524786752e-20
1.612068543093844710e+03 6.054916802585319209e-18 1.209018852277169284e-20
1.612652371348886390e+03 4.877048897710123858e-18 1.088706844332300056e-20
1.613236199603928071e+03 4.617297675609860447e-18 8.802717827848223323e-21
1.613820027858969752e+03 4.945450337307302033e-18 1.048785992377176970e-20
1.614403856114011433e+03 6.145802256092020067e-18 1.245729551530170941e-20
1.614987684369053113e+03 5.925131532814017691e-18 1.085198455240420442e-20
1.615571512624094794e+03 6.053648511599305311e-18 1.200526218074908598e-20
1.616155340879136475e+03 5.687475626079998853e-18 1.338750589447546816e-20
1.616739169134178155e+03 4.516983130009017798e-18 8.801502579030494253e-21
1.617322997389219836e+03 5.659693197942075697e-18 1.278275135744363822e-20
1.617906825644261517e+03 4.301564686555304107e-18 1.255631942807779156e-20
1.618490653899303197e+03 4.182745514052031140e-18 1.329063062633278880e-20
1.619074482154344878e+03 4.011679491786896398e-18 1.282800039795432902e-20
1.619658310409386559e+03 5.748325803531988375e-18 1.240730213311591862e-20
1.620242138664428239e+03 5.580119305449925418e-18 1.268347632309458101e-20
1.620825966919469920e+03 5.534834147132274342e-18 1.270355639796447632e-20
1.621409795174511601e+03 5.463498033821924113e-18 1.276554292800635660e-20
1.621993623429553281e+03 5.313719960621182140e-18 1.362742150084802913e-20
1.622577451684594962e+03 5.315133622493659759e-18 1.292352618972384881e-20
1.623161279939636643e+03 5.076621504235561287e-18 1.388242600373758113e-20
1.623745108194678323e+03 4.884718918401026709e-18 1.562786755832853693e-20
1.624328936449720004e+03 4.176268753274064071e-18 1.001416950559643111e-20
1.624912764704761685e+03 4.072301279324165476e-18 1.173549260908815389e-20
1.625496592959803365e+03 3.450290840146453185e-18 1.037034946868820958e-20
1.626080421214845046e+03 3.965455560552163022e-18 1.031332278258087037e-20
1.626664249469886727e+03 3.554592531187896443e-18 1.156786105717321146e-20
1.627248077724928407e+03 4.717295497536034762e-18 1.210303208160165631e-20
1.627831905979970088e+03 3.404330205660705340e-18 1.223930244848515189e-20
1.628415734235011769e+03 3.218150378444836265e-18 1.010914437368847180e-20
1.628999562490053449e+03 4.593441786066070189e-18 1.237446862335119805e-20
1.629583390745095130e+03 4.687204362760755234e-18 1.292290486712837164e-20
1.630167219000136811e+03 4.000130073668592220e-18 1.486870775295726695e-20
1.630751047255178491e+03 4.478164864015651723e-18 1.192260303870094432e-20
1.631334875510220172e+03 4.454657473745741312e-18 1.443192648393006184e-20
1.631918703765261853e+03 3.979713664263823796e-18 1.293594035800848678e-20
1.632502532020303533e+03 2.811141462816181277e-18 1.159392917260693186e-20
1.633086360275345214e+03 3.266796340294590502e-18 1.153471880484199110e-20
1.633670188530386895e+03 2.626191470902427406e-18 1.033379651804619048e-20
1.634254016785428576e+03 3.664062777447250878e-18 1.443149708216502081e-20
1.634837845040470256e+03 3.771010806793825892e-18 1.352645724775152136e-20
1.635421673295511937e+03 2.694491059152028887e-18 1.134977949588840846e-20
1.636005501550553618e+03 3.019182517310760388e-18 1.071664366161363483e-20
1.636589329805595298e+03 2.284916545577487762e-18 1.027684777854216128e-20
1.637173158060636979e+03 2.355385656131389989e-18 1.181489655386099520e-20
1.637756986315678660e+03 1.834140803059535088e-18 1.057405833242323472e-20
1.638340814570720340e+03 2.070214603634173035e-18 1.163107868874389733e-20
1.638924642825762021e+03 2.526446819935387531e-18 1.083238862801146633e-20
1.639508471080803702e+03 1.837505990161410573e-18 1.035206829996549785e-20
1.640092299335845382e+03 1.664990571233204718e-18 1.166666994766625689e-20
1.640676127590887063e+03 2.022263248266762282e-18 1.177999145571201254e-20
1.641259955845928744e+03 1.505368668774579191e-18 1.041966596439184596e-20
1.641843784100970424e+03 1.051122937024926053e-18 1.220046780886349235e-20
1.642427612356012105e+03 1.136129945993112999e-18 1.183327154670427727e-20
1.643011440611053786e+03 1.307280738041211422e-18 1.156509834068124087e-20
1.643595268866095466e+03 1.395775437542769003e-18 1.072605634766736020e-20
1.644179097121137147e+03 1.230345822244353669e-18 1.176802560870236404e-20
1.644762925376178828e+03 7.766786395179409261e-19 1.051461777364645680e-20
1.645346753631220508e+03 7.827982124105374848e-19 1.142617672371523782e-20
1.645930581886262189e+03 5.626692985289095182e-19 1.162456534208609724e-20
1.646514410141303870e+03 6.204823775102008779e-19 1.131933919362809764e-20
1.647098238396345550e+03 4.704522370118777492e-19 1.213894775837163829e-20
1.647682066651387231e+03 3.520611725521363108e-19 1.132799826826842625e-20
1.648265894906428912e+03 5.915031671005923820e-21 1.240899581213837903e-20
1.648849723161470592e+03 -1.113255768963487980e-19 1.186437211335304295e-20
1.649433551416512273e+03 -3.123264085291386031e-20 1.205879355299894021e-20
1.650017379671553954e+03 -7.270496446615914507e-19 1.116031243560699880e-20
1.650601207926595634e+03 -5.801547410079386712e-19 1.160973667816529052e-20
1.651185036181637315e+03 -8.267195228177332303e-19 1.185644776579629287e-20
1.651768864436678996e+03 -7.465176157925475366e-19 1.139029514830442805e-20
1.652352692691720677e+03 -1.396855564017462048e-18 1.343421033711910278e-20
1.652936520946762357e+03 -2.082545635166225902e-18 1.371791642845807325e-20
1.653520349201804038e+03 -2.270579243695284783e-18 1.433778134577774059e-20
1.654104177456845719e+03 -2.235315978825551052e-18 1.390896077422038340e-20
1.654688005711887399e+03 -2.499235453377930078e-18 1.418514951531096438e-20
1.655271833966929080e+03 -2.490454597884523742e-18 1.376239275975108204e-20
1.655855662221970761e+03 -3.033859433155916478e-18 1.590235943577266717e-20
1.656439490477012441e+03 -3.110038477424483863e-18 1.385472849662065964e-20
1.657023318732054122e+03 -2.573715766218888577e-18 1.262525589082691736e-20
1.657607146987095803e+03 -2.666176443664339728e-18 1.224539289154909858e-20
1.658190975242137483e+03 -2.613394820160544882e-18 1.163895728942337366e-20
1.658774803497179164e+03 -2.956798473875812145e-18 1.233693067101563964e-20
1.659358631752220845e+03 -2.590252172933958926e-18 1.413104317049708234e-20
1.659942460007262525e+03 -2.344229953223381947e-18 1.520184791682967847e-20
1.660526288262304206e+03 -3.507900421820696666e-18 1.149339027080067144e-20
1.661110116517345887e+03 -3.895901813286463690e-18 1.191910873225363747e-20
1.661693944772387567e+03 -4.092289748481737979e-18 1.263183583556774062e-20
1.662277773027429248e+03 -4.350769173347391926e-18 1.127417520689178001e-20
1.662861601282470929e+03 -5.187481144647103642e-18 1.453351017651289625e-20
1.663445429537512609e+03 -4.840021265901070502e-18 1.332738224770358085e-20
1.664029257792554290e+03 -4.868572821169115971e-18 1.086819623188686322e-20
1.664613086047595971e+03 -5.743116421347415700e-18 1.455649940556786465e-20
1.665196914302637651e+03 -5.865048761843793231e-18 1.597811775795380367e-20
1.665780742557679332e+03 -6.381895048817108717e-18 1.571381612604336722e-20
1.666364570812721013e+03 -6.560038558619046148e-18 1.382103860608369403e-20
1.666948399067762693e+03 -6.656448987002976010e-18 1.467207416088066073e-20
1.667532227322804374e+03 -6.949755459183776655e-18 1.587080350944680067e-20
1.668116055577846055e+03 -7.008286596730069839e-18 1.355602133499729343e-20
1.668699883832887735e+03 -7.219259301171054243e-18 1.447692508172192364e-20
1.669283712087929416e+03 -7.218152480931692644e-18 1.203768834596774299e-20
1.669867540342971097e+03 -7.565260313639859643e-18 1.263999712779934312e-20
1.670451368598012778e+03 -7.258466971051908859e-18 1.361574449616176947e-20
1.671035196853054458e+03 -8.135786546103002606e-18 1.353210697473861920e-20
1.671619025108096139e+03 -8.310532093886438153e-18 1.626170179250802203e-20
1.672202853363137820e+03 -8.870514832361271665e-18 1.493568205529328931e-20
1.672786681618179500e+03 -8.580234262459812088e-18 1.266153208462548255e-20
1.673370509873221181e+03 -8.973078589180088373e-18 1.257833380299236035e-20
1.673954338128262862e+03 -9.360122972030675760e-18 1.312518576594895096e-20
1.674538166383304542e+03 -9.206774861226938430e-18 1.198174926661999683e-20
1.675121994638346223e+03 -9.682059587985866857e-18 1.221061134145694497e-20
1.675705822893387904e+03 -1.004136337716680402e-17 1.363316647841734874e-20
1.676289651148429584e+03 -9.591825510026399710e-18 1.482897853499314493e-20
1.676873479403471265e+03 -1.052023361897130582e-17 1.620890581179796514e-20
1.677457307658512946e+03 -1.039649774939329745e-17 1.541789502578956853e-20
1.678041135913554626e+03 -1.077848971588870852e-17 1.551201111008152688e-20
1.678624964168596307e+03 -1.127866412928578415e-17 1.605269702643101743e-20
1.679208792423637988e+03 -1.167486993022163545e-17 1.278849576324825049e-20
1.679792620678679668e+03 -1.199615602594277022e-17 1.240459976952593053e-20
1.680376448933721349e+03 -1.242522988677288832e-17 1.303744156959193232e-20
1.680960277188763030e+03 -1.251529122920070694e-17 1.204802844880513462e-20
1.681544105443804710e+03 -1.342682227318986708e-17 1.307457119495294525e-20
1.682127933698846391e+03 -1.338589070104979422e-17 1.254003786577430852e-20
1.682711761953888072e+03 -1.382673311587289086e-17 1.318113195800308758e-20
1.683295590208929752e+03 -1.401291259356621385e-17 1.216199688161479747e-20
1.683879418463971433e+03 -1.447671224491289329e-17 1.315093112001910509e-20
1.684463246719013114e+03 -1.469972038833241137e-17 1.225903300863374639e-20
1.685047074974054794e+03 -1.511088604497508271e-17 1.255784282815161430e-20
1.685630903229096475e+03 -1.625748980875271005e-17 1.768418221337292304e-20
1.686214731484138156e+03 -1.569510623996283988e-17 1.349084683834631257e-20
1.686798559739179836e+03 -1.652593624007343856e-17 1.279377698638573390e-20
1.687382387994221517e+03 -1.751580629384103347e-17 1.557421999117972197e-20
1.687966216249263198e+03 -1.823242348838857013e-17 1.774222651542394334e-20
1.688550044504304879e+03 -1.837427698195848590e-17 1.807511017518699124e-20
1.689133872759346559e+03 -1.816126787732181783e-17 1.433289718059813621e-20
1.689717701014388240e+03 -1.937936155130440079e-17 1.607349238529542759e-20
1.690301529269429921e+03 -1.980098503019053656e-17 1.597475329333697834e-20
1.690885357524471601e+03 -1.944437691964993308e-17 1.350837644711283478e-20
1.691469185779513282e+03 -1.953867202749272745e-17 1.410976123625742959e-20
1.692053014034554963e+03 -2.030772157098794397e-17 1.319420500068520831e-20
1.692636842289596643e+03 -2.080460003801141778e-17 1.371404452675906271e-20
1.693220670544638324e+03 -2.099754061584359727e-17 1.335880026882359458e-20
1.693804498799680005e+03 -2.157241017261570737e-17 1.360334853213753432e-20
1.694388327054721685e+03 -2.216638071881714725e-17 1.415980234137409842e-20
1.694972155309763366e+03 -2.223897900986949071e-17 1.316512608968865086e-20
1.695555983564805047e+03 -2.274173175737042990e-17 1.338326152308847332e-20
1.696139811819846727e+03 -2.327175295100096751e-17 1.344011999428218820e-20
1.696723640074888408e+03 -2.427200216217678952e-17 1.464563530134489259e-20
1.697307468329930089e+03 -2.386883278656551435e-17 1.433805744004865556e-20
1.697891296584971769e+03 -2.506325561688979194e-17 1.427374328727890833e-20
1.698475124840013450e+03 -2.550550516993152535e-17 1.557539687531957508e-20
1.699058953095055131e+03 -2.549810793933384527e-17 1.321962388242622845e-20
1.699642781350096811e+03 -2.611091177381616091e-17 1.352886570326400067e-20
1.700226609605138492e+03 -2.665176937621550324e-17 1.375165747518214268e-20
1.700810437860180173e+03 -2.699092558665007117e-17 1.334783118374542618e-20
1.701394266115221853e+03 -2.836244595313544846e-17 1.486753926438413031e-20
1.701978094370263534e+03 -2.817198125026917829e-17 1.364131375979532563e-20
1.702561922625305215e+03 -2.872265127719528792e-17 1.499695697583096000e-20
1.703145750880346895e+03 -2.978269988613637877e-17 1.692072410676441634e-20
1.703729579135388576e+03 -3.012427090225602884e-17 1.379258166206306220e-20
1.704313407390430257e+03 -3.003638937154408692e-17 1.500060889885219727e-20
1.704897235645471937e+03 -3.124972433034089209e-17 1.401058188463585278e-20
1.705481063900513618e+03 -3.219268961895825644e-17 1.487127911302875695e-20
1.706064892155555299e+03 -3.177137433480845082e-17 1.504595823309601342e-20
1.706648720410596979e+03 -3.322055973020806485e-17 1.451500851968473882e-20
1.707232548665638660e+03 -3.350675979141433502e-17 1.437332177834062816e-20
1.707816376920680341e+03 -3.422484436252253889e-17 1.443097278533398659e-20
1.708400205175722022e+03 -3.494801298430755114e-17 1.477027151133365307e-20
1.708984033430763702e+03 -3.485261248035778233e-17 1.559551173935694553e-20
1.709567861685805383e+03 -3.646538481878459514e-17 1.509341086977868099e-20
1.710151689940847064e+03 -3.628555959261489055e-17 1.592902348111602376e-20
1.710735518195888744e+03 -3.755739525413413013e-17 1.655225866684141078e-20
1.711319346450930425e+03 -3.167465557275009854e-17 1.600446860491595842e-20
1.711903174705972106e+03 -3.126138291395371307e-18 1.627855781279811338e-20
1.712487002961013786e+03 -4.107219437408681202e-19 2.121792504297123372e-20
1.713070831216055467e+03 -4.665732924620666426e-19 3.513836746496265724e-20
