# LMC-SN1987A-STIS-2 o6kq02090 G750L CCD z=0.0009 a2center=553.1 extrsize=25 exptime=717.0 mode=fixed flags=extended_host,no_defringe(no_flat)
# rest_wvl obs_wvl flux error net dq mask
5250.5250 5255.2505 9.140697e-15 7.162932e-16 7.203953e+00 512 0
5255.3897 5260.1196 3.579088e-16 4.828662e-17 3.277745e-01 512 0
5260.2545 5264.9887 -2.026750e-17 3.629845e-17 -3.254307e-02 512 0
5265.1193 5269.8579 1.267198e-17 3.187807e-17 6.036043e-03 512 0
5269.9842 5274.7272 1.078433e-16 3.503672e-17 1.501625e-01 528 0
5274.8491 5279.5965 9.846297e-17 2.747553e-17 1.545195e-01 528 0
5279.7141 5284.4658 5.662056e-16 3.064274e-17 1.070857e+00 528 0
5284.5791 5289.3353 1.469602e-15 3.662181e-17 3.118509e+00 528 0
5289.4443 5294.2048 1.121390e-15 3.270698e-17 2.589097e+00 528 0
5294.3094 5299.0743 8.588739e-16 2.797519e-17 2.141942e+00 528 0
5299.1746 5303.9439 1.981453e-15 3.562128e-17 5.240760e+00 16 0
5304.0399 5308.8136 1.614799e-15 3.147281e-17 4.442680e+00 256 0
5308.9053 5313.6833 2.225741e-15 3.577847e-17 6.259940e+00 272 0
5313.7707 5318.5531 1.274756e-15 2.828003e-17 3.594375e+00 256 0
5318.6361 5323.4229 1.285767e-15 2.839114e-17 3.611114e+00 256 0
5323.5016 5328.2928 1.319217e-15 2.911883e-17 3.666146e+00 256 0
5328.3672 5333.1627 2.528702e-15 3.855974e-17 6.959980e+00 272 0
5333.2328 5338.0328 2.254755e-15 3.679557e-17 6.063890e+00 256 0
5338.0985 5342.9028 1.598566e-15 3.268049e-17 4.184048e+00 16 0
5342.9643 5347.7729 1.802625e-15 3.461196e-17 4.612668e+00 0 0
5347.8301 5352.6431 2.081061e-15 4.059667e-17 5.219781e+00 16 0
5352.6959 5357.5134 2.176346e-15 3.850217e-17 5.359307e+00 16 0
5357.5619 5362.3837 2.366109e-15 4.016749e-17 5.740721e+00 0 0
5362.4278 5367.2540 2.512123e-15 4.357942e-17 6.030727e+00 16 0
5367.2939 5372.1244 2.549664e-15 4.235475e-17 6.071905e+00 16 0
5372.1599 5376.9949 2.620027e-15 4.355159e-17 6.224392e+00 16 0
5377.0261 5381.8654 2.559939e-15 6.101653e-17 6.078052e+00 16 0
5381.8923 5386.7360 2.528061e-15 4.195467e-17 6.031698e+00 16 0
5386.7585 5391.6066 2.404555e-15 4.207781e-17 5.772046e+00 16 0
5391.6249 5396.4773 2.477665e-15 5.156881e-17 6.018269e+00 16 0
5396.4912 5401.3481 2.647866e-15 4.382820e-17 6.516466e+00 16 0
5401.3576 5406.2189 2.156910e-15 3.801189e-17 5.388704e+00 0 0
5406.2241 5411.0897 2.129994e-15 3.914540e-17 5.414186e+00 16 0
5411.0907 5415.9606 1.985059e-15 3.623886e-17 5.151061e+00 0 0
5415.9573 5420.8316 2.008437e-15 5.002079e-17 5.323728e+00 16 0
5420.8239 5425.7026 1.882952e-15 3.565747e-17 5.105834e+00 16 0
5425.6906 5430.5737 1.802381e-15 3.333097e-17 4.998309e+00 0 0
5430.5574 5435.4449 1.794180e-15 3.301553e-17 5.092261e+00 0 0
5435.4242 5440.3161 1.640821e-15 3.135442e-17 4.759662e+00 0 0
5440.2910 5445.1873 1.639504e-15 3.153682e-17 4.862187e+00 16 0
5445.1580 5450.0586 1.676976e-15 3.079848e-17 5.083445e+00 0 0
5450.0249 5454.9300 1.633000e-15 3.016674e-17 5.050631e+00 0 0
5454.8920 5459.8014 1.615039e-15 2.980722e-17 5.094783e+00 16 0
5459.7591 5464.6728 1.544969e-15 2.902450e-17 4.959716e+00 16 0
5464.6262 5469.5444 1.597168e-15 5.972704e-17 5.218505e+00 16 0
5469.4934 5474.4159 1.552216e-15 2.853246e-17 5.146049e+00 0 0
5474.3606 5479.2876 1.559014e-15 2.855034e-17 5.241442e+00 16 0
5479.2279 5484.1593 1.608433e-15 2.870210e-17 5.470271e+00 16 0
5484.0953 5489.0310 1.604580e-15 3.060370e-17 5.511785e+00 16 0
5488.9627 5493.9028 1.633673e-15 2.831259e-17 5.654658e+00 0 0
5493.8302 5498.7746 1.626385e-15 2.834350e-17 5.662992e+00 16 0
5498.6977 5503.6465 1.696904e-15 2.859001e-17 5.938651e+00 256 0
5503.5653 5508.5185 1.721704e-15 2.904412e-17 6.048743e+00 16 0
5508.4329 5513.3905 1.759257e-15 2.890456e-17 6.202730e+00 0 0
5513.3006 5518.2626 1.768933e-15 3.054245e-17 6.256073e+00 16 0
5518.1683 5523.1347 1.761842e-15 2.877665e-17 6.247431e+00 0 0
5523.0361 5528.0068 1.793729e-15 3.071021e-17 6.375676e+00 16 0
5527.9039 5532.8791 1.776522e-15 2.902807e-17 6.325909e+00 16 0
5532.7718 5537.7513 1.784397e-15 2.893563e-17 6.362753e+00 16 0
5537.6398 5542.6237 1.958604e-15 5.954346e-17 6.998839e+00 16 0
5542.5078 5547.4960 1.809753e-15 2.923751e-17 6.471794e+00 16 0
5547.3758 5552.3685 1.842986e-15 2.942055e-17 6.602374e+00 16 0
5552.2439 5557.2410 1.873973e-15 3.046806e-17 6.729485e+00 16 0
5557.1121 5562.1135 1.812159e-15 2.896097e-17 6.521368e+00 0 0
5561.9803 5566.9861 1.884014e-15 3.026537e-17 6.802239e+00 16 0
5566.8486 5571.8587 2.939412e-15 3.568866e-17 1.067828e+01 16 0
5571.7169 5576.7314 3.776084e-15 3.976718e-17 1.378422e+01 272 0
5576.5852 5581.6042 1.889202e-15 2.944610e-17 6.889257e+00 0 0
5581.4537 5586.4770 1.803878e-15 2.898213e-17 6.601624e+00 16 0
5586.3221 5591.3498 1.829575e-15 3.660326e-17 6.722898e+00 16 0
5591.1906 5596.2227 1.789711e-15 2.876294e-17 6.604984e+00 16 0
5596.0592 5601.0957 1.749818e-15 2.842366e-17 6.485684e+00 16 0
5600.9278 5605.9687 1.769976e-15 2.825737e-17 6.594316e+00 0 0
5605.7965 5610.8417 2.223131e-15 3.113790e-17 8.338926e+00 16 0
5610.6652 5615.7148 1.778882e-15 2.848470e-17 6.697556e+00 16 0
5615.5340 5620.5880 1.781604e-15 2.909819e-17 6.744382e+00 16 0
5620.4028 5625.4612 1.721784e-15 2.778977e-17 6.552334e+00 0 0
5625.2717 5630.3345 1.724647e-15 2.789757e-17 6.599780e+00 272 0
5630.1406 5635.2078 1.737429e-15 2.773645e-17 6.685422e+00 16 0
5635.0096 5640.0811 1.737807e-15 2.761413e-17 6.723162e+00 0 0
5639.8786 5644.9545 1.760333e-15 2.772805e-17 6.846137e+00 0 0
5644.7477 5649.8280 1.659529e-15 2.681676e-17 6.483652e+00 0 0
5649.6169 5654.7015 1.685253e-15 2.714373e-17 6.615850e+00 0 0
5654.4860 5659.5751 1.711209e-15 3.193801e-17 6.748857e+00 16 0
5659.3553 5664.4487 1.718285e-15 2.865734e-17 6.805702e+00 16 0
5664.2246 5669.3224 1.636309e-15 2.667601e-17 6.504638e+00 16 0
5669.0939 5674.1961 2.225343e-15 3.015086e-17 8.899482e+00 256 0
5673.9633 5679.0698 1.886753e-15 2.804295e-17 7.563722e+00 256 0
5678.8327 5683.9436 1.672870e-15 2.665816e-17 6.722927e+00 16 0
5683.7022 5688.8175 1.668017e-15 2.647890e-17 6.724675e+00 0 0
5688.5717 5693.6914 1.675089e-15 2.678790e-17 6.774028e+00 16 0
5693.4413 5698.5654 1.679709e-15 2.674600e-17 6.812318e+00 16 0
5698.3109 5703.4394 1.707960e-15 2.755669e-17 6.946966e+00 16 0
5703.1806 5708.3134 1.838402e-15 2.771907e-17 7.501196e+00 16 0
5708.0503 5713.1875 1.659474e-15 2.673959e-17 6.783411e+00 16 0
5712.9201 5718.0617 1.688405e-15 2.638731e-17 6.919979e+00 0 0
5717.7899 5722.9359 1.681821e-15 2.634101e-17 6.910212e+00 0 0
5722.6598 5727.8102 1.708031e-15 2.672832e-17 7.036739e+00 16 0
5727.5297 5732.6845 1.667106e-15 2.649053e-17 6.884723e+00 16 0
5732.3997 5737.5588 1.641300e-15 3.061015e-17 6.796052e+00 16 0
5737.2697 5742.4332 1.677106e-15 2.704481e-17 6.964889e+00 16 0
5742.1397 5747.3077 1.593450e-15 2.590913e-17 6.635402e+00 16 0
5747.0099 5752.1822 1.635259e-15 2.619474e-17 6.832127e+00 16 0
5751.8800 5757.0567 1.608603e-15 2.616007e-17 6.743545e+00 16 0
5756.7502 5761.9313 1.601377e-15 2.556285e-17 6.736577e+00 0 0
5761.6205 5766.8059 1.577904e-15 2.547444e-17 6.662461e+00 0 0
5766.4908 5771.6806 1.618449e-15 2.680766e-17 6.861046e+00 16 0
5771.3611 5776.5554 1.706741e-15 2.625962e-17 7.267044e+00 256 0
5776.2315 5781.4301 1.802528e-15 2.660059e-17 7.708476e+00 256 0
5781.1020 5786.3050 1.610354e-15 2.643123e-17 6.908788e+00 16 0
5785.9725 5791.1798 1.626722e-15 2.781973e-17 7.007680e+00 272 0
5790.8430 5796.0548 1.585284e-15 2.631395e-17 6.854958e+00 272 0
5795.7136 5800.9297 1.633402e-15 2.553181e-17 7.092481e+00 272 0
5800.5842 5805.8048 1.620486e-15 2.523799e-17 7.062702e+00 0 0
5805.4549 5810.6798 1.594623e-15 2.503804e-17 6.975183e+00 16 0
5810.3256 5815.5549 1.542429e-15 2.499235e-17 6.769138e+00 16 0
5815.1964 5820.4301 1.526884e-15 2.455902e-17 6.723620e+00 16 0
5820.0672 5825.3053 1.543419e-15 2.489802e-17 6.818955e+00 16 0
5824.9381 5830.1805 1.474642e-15 2.414600e-17 6.533058e+00 0 0
5829.8090 5835.0558 1.543336e-15 2.450542e-17 6.859223e+00 0 0
5834.6800 5839.9312 1.530805e-15 2.436575e-17 6.821257e+00 0 0
5839.5510 5844.8066 1.582506e-15 2.516812e-17 7.070270e+00 16 0
5844.4220 5849.6820 1.876327e-15 2.641484e-17 8.410903e+00 0 0
5849.2931 5854.5575 3.088674e-15 3.278773e-17 1.390981e+01 16 0
5854.1643 5859.4330 1.523727e-15 2.464881e-17 6.844325e+00 16 0
5859.0354 5864.3086 1.538835e-15 2.444547e-17 6.922334e+00 0 0
5863.9067 5869.1842 1.514360e-15 2.501048e-17 6.818885e+00 16 0
5868.7779 5874.0598 1.530144e-15 2.753081e-17 6.896938e+00 16 0
5873.6493 5878.9356 1.532896e-15 2.425584e-17 6.913868e+00 0 0
5878.5206 5883.8113 1.534633e-15 2.459913e-17 6.925382e+00 16 0
5883.3920 5888.6871 1.573185e-15 2.452530e-17 7.102310e+00 0 0
5888.2635 5893.5629 1.498484e-15 2.430737e-17 6.763707e+00 16 0
5893.1350 5898.4388 1.567532e-15 2.498909e-17 7.076889e+00 16 0
5898.0066 5903.3148 1.502860e-15 2.430665e-17 6.781740e+00 16 0
5902.8781 5908.1907 1.609762e-15 2.494842e-17 7.264929e+00 16 0
5907.7498 5913.0668 2.114110e-15 2.839084e-17 9.553930e+00 16 0
5912.6215 5917.9428 1.556890e-15 2.448359e-17 7.018012e+00 0 0
5917.4932 5922.8189 1.544914e-15 2.440111e-17 6.959862e+00 0 0
5922.3649 5927.6951 1.522160e-15 2.432474e-17 6.852764e+00 0 0
5927.2368 5932.5713 1.493138e-15 2.417847e-17 6.717357e+00 0 0
5932.1086 5937.4475 1.522252e-15 2.434811e-17 6.846169e+00 0 0
5936.9805 5942.3238 1.425220e-15 2.370339e-17 6.403688e+00 0 0
5941.8525 5947.2001 1.501265e-15 2.438046e-17 6.746358e+00 16 0
5946.7244 5952.0765 1.451143e-15 2.403246e-17 6.517991e+00 16 0
5951.5965 5956.9529 1.500034e-15 2.438111e-17 6.739682e+00 16 0
5956.4685 5961.8294 1.524642e-15 2.449898e-17 6.851773e+00 272 0
5961.3407 5966.7059 1.811648e-15 2.620330e-17 8.154612e+00 272 0
5966.2128 5971.5824 2.593144e-15 3.078424e-17 1.170188e+01 272 0
5971.0850 5976.4590 1.481953e-15 2.420337e-17 6.670147e+00 272 0
5975.9573 5981.3356 1.452600e-15 2.449666e-17 6.543142e+00 16 0
5980.8295 5986.2123 1.490781e-15 2.658878e-17 6.724950e+00 16 0
5985.7019 5991.0890 1.469156e-15 2.393068e-17 6.636072e+00 0 0
5990.5742 5995.9658 1.481621e-15 2.402917e-17 6.704582e+00 0 0
5995.4467 6000.8426 1.441604e-15 2.394190e-17 6.534930e+00 16 0
6000.3191 6005.7194 1.459074e-15 2.431644e-17 6.629708e+00 16 0
6005.1916 6010.5963 1.439329e-15 2.384424e-17 6.555611e+00 16 0
6010.0641 6015.4732 1.426947e-15 2.461051e-17 6.516536e+00 16 0
6014.9367 6020.3502 1.415169e-15 2.350776e-17 6.481388e+00 0 0
6019.8094 6025.2272 1.444968e-15 2.359152e-17 6.639502e+00 0 0
6024.6820 6030.1042 1.404506e-15 2.369605e-17 6.473590e+00 16 0
6029.5547 6034.9813 1.376077e-15 2.343035e-17 6.363295e+00 16 0
6034.4275 6039.8585 1.376336e-15 2.299413e-17 6.387327e+00 0 0
6039.3003 6044.7356 1.381348e-15 2.314875e-17 6.434151e+00 16 0
6044.1731 6049.6128 2.180300e-15 3.198251e-17 1.022343e+01 16 0
6049.0460 6054.4901 5.326665e-15 4.099435e-17 2.516022e+01 0 0
6053.9189 6059.3674 1.392277e-15 2.295697e-17 6.559820e+00 0 0
6058.7918 6064.2447 1.336588e-15 2.269983e-17 6.319828e+00 16 0
6063.6648 6069.1221 1.337086e-15 2.258643e-17 6.346646e+00 16 0
6068.5379 6073.9995 1.322060e-15 2.682540e-17 6.298919e+00 16 0
6073.4109 6078.8770 1.339307e-15 2.257463e-17 6.405818e+00 16 0
6078.2840 6083.7545 1.336736e-15 2.255101e-17 6.417406e+00 16 0
6083.1572 6088.6320 1.383864e-15 2.308364e-17 6.669261e+00 16 0
6088.0304 6093.5096 1.328034e-15 2.209542e-17 6.421165e+00 0 0
6092.9036 6098.3873 1.484982e-15 2.316106e-17 7.209615e+00 256 0
6097.7769 6103.2649 1.393506e-15 2.251916e-17 6.784982e+00 0 0
6102.6502 6108.1426 1.335168e-15 2.228709e-17 6.518523e+00 16 0
6107.5236 6113.0204 1.256298e-15 2.155453e-17 6.149137e+00 0 0
6112.3970 6117.8981 1.298685e-15 2.378343e-17 6.375427e+00 16 0
6117.2704 6122.7760 1.291343e-15 2.258756e-17 6.356162e+00 16 0
6122.1439 6127.6538 1.305092e-15 2.243768e-17 6.439881e+00 16 0
6127.0174 6132.5317 1.367524e-15 2.456059e-17 6.766282e+00 16 0
6131.8910 6137.4097 1.327221e-15 2.205513e-17 6.579499e+00 16 0
6136.7645 6142.2876 1.288844e-15 2.160664e-17 6.401196e+00 0 0
6141.6382 6147.1657 1.325808e-15 2.192638e-17 6.598413e+00 16 0
6146.5118 6152.0437 1.347203e-15 2.197803e-17 6.717703e+00 0 0
6151.3856 6156.9218 1.264932e-15 2.155229e-17 6.314677e+00 0 0
6156.2593 6161.7999 1.351056e-15 2.206402e-17 6.758067e+00 16 0
6161.1331 6166.6781 1.320595e-15 3.151459e-17 6.613520e+00 16 0
6166.0069 6171.5563 1.358413e-15 2.196731e-17 6.812788e+00 16 0
6170.8808 6176.4346 1.971525e-15 2.541991e-17 9.921185e+00 256 0
6175.7547 6181.3128 2.521540e-15 2.830662e-17 1.271683e+01 256 0
6180.6286 6186.1912 3.046833e-15 3.072485e-17 1.539127e+01 0 0
6185.5026 6191.0695 1.357914e-15 2.205240e-17 6.835461e+00 16 0
6190.3766 6195.9479 1.312747e-15 2.164296e-17 6.610711e+00 0 0
6195.2506 6200.8264 1.301071e-15 2.150207e-17 6.554832e+00 0 0
6200.1247 6205.7048 1.272672e-15 2.178526e-17 6.413459e+00 16 0
6204.9989 6210.5834 1.350608e-15 2.192998e-17 6.811157e+00 0 0
6209.8730 6215.4619 1.721236e-15 3.371464e-17 8.695908e+00 16 0
6214.7472 6220.3405 1.469007e-15 2.610523e-17 7.415647e+00 16 0
6219.6215 6225.2191 1.295004e-15 2.172214e-17 6.532661e+00 16 0
6224.4957 6230.0978 1.302664e-15 2.151794e-17 6.572336e+00 0 0
6229.3701 6234.9765 1.862484e-15 2.484796e-17 9.418972e+00 256 0
6234.2444 6239.8552 1.489084e-15 2.295308e-17 7.521574e+00 272 0
6239.1188 6244.7340 1.312782e-15 2.156362e-17 6.626405e+00 256 0
6243.9932 6249.6128 1.397883e-15 2.261339e-17 7.060598e+00 272 0
6248.8677 6254.4916 1.250150e-15 2.139372e-17 6.311014e+00 16 0
6253.7422 6259.3705 1.302132e-15 2.154825e-17 6.577874e+00 0 0
6258.6167 6264.2494 1.256659e-15 2.128682e-17 6.349082e+00 0 0
6263.4913 6269.1284 1.865690e-15 2.481106e-17 9.455490e+00 256 0
6268.3659 6274.0074 1.846671e-15 2.476191e-17 9.364408e+00 272 0
6273.2405 6278.8864 2.000313e-15 2.553053e-17 1.015726e+01 256 0
6278.1152 6283.7655 1.662504e-15 2.370296e-17 8.441159e+00 272 0
6282.9899 6288.6446 2.916647e-15 3.035380e-17 1.486826e+01 272 0
6287.8646 6293.5237 1.539949e-15 2.301157e-17 7.835698e+00 256 0
6292.7394 6298.4029 1.294760e-15 2.181089e-17 6.591913e+00 16 0
6297.6142 6303.2821 1.274587e-15 2.227077e-17 6.499977e+00 16 0
6302.4891 6308.1613 1.251233e-15 2.155543e-17 6.393820e+00 16 0
6307.3640 6313.0406 1.316848e-15 2.162380e-17 6.746561e+00 16 0
6312.2389 6317.9199 1.451999e-15 2.238993e-17 7.462608e+00 0 0
6317.1138 6322.7992 1.330733e-15 2.187282e-17 6.853239e+00 272 0
6321.9888 6327.6786 1.562343e-15 2.297485e-17 8.076985e+00 272 0
6326.8639 6332.5580 1.227904e-15 2.070347e-17 6.356298e+00 0 0
6331.7389 6337.4375 1.197027e-15 2.047139e-17 6.214105e+00 0 0
6336.6140 6342.3170 1.222336e-15 2.061606e-17 6.366099e+00 0 0
6341.4891 6347.1965 1.176359e-15 2.056897e-17 6.144320e+00 16 0
6346.3643 6352.0760 1.199948e-15 2.052342e-17 6.288519e+00 16 0
6351.2395 6356.9556 1.230241e-15 2.062112e-17 6.469157e+00 0 0
6356.1147 6361.8352 1.193170e-15 2.031788e-17 6.293072e+00 0 0
6360.9900 6366.7149 1.210696e-15 2.125926e-17 6.406542e+00 16 0
6365.8653 6371.5946 1.199757e-15 2.156649e-17 6.368268e+00 16 0
6370.7406 6376.4743 1.196881e-15 2.055164e-17 6.372493e+00 16 0
6375.6160 6381.3541 1.173724e-15 1.995976e-17 6.267059e+00 0 0
6380.4914 6386.2338 1.187046e-15 2.045660e-17 6.357095e+00 16 0
6385.3668 6391.1137 1.177045e-15 1.999998e-17 6.320462e+00 0 0
6390.2423 6395.9935 1.206294e-15 2.019765e-17 6.495726e+00 0 0
6395.1178 6400.8734 1.151543e-15 1.990261e-17 6.213785e+00 16 0
6399.9933 6405.7533 1.178842e-15 2.080107e-17 6.376860e+00 16 0
6404.8689 6410.6333 1.148222e-15 1.973540e-17 6.222703e+00 16 0
6409.7445 6415.5133 1.180033e-15 1.994273e-17 6.408901e+00 256 0
6414.6201 6420.3933 1.415997e-15 2.868737e-17 7.712655e+00 272 0
6419.4958 6425.2733 1.656155e-15 2.259049e-17 9.043675e+00 256 0
6424.3715 6430.1534 1.171190e-15 1.987707e-17 6.390337e+00 16 0
6429.2472 6435.0335 1.171310e-15 1.972328e-17 6.399497e+00 0 0
6434.1230 6439.9137 1.227546e-15 2.048189e-17 6.715997e+00 16 0
6438.9988 6444.7939 1.186030e-15 2.147317e-17 6.494112e+00 16 0
6443.8746 6449.6741 1.195077e-15 2.005446e-17 6.549116e+00 16 0
6448.7504 6454.5543 1.161360e-15 1.956739e-17 6.368048e+00 0 0
6453.6263 6459.4346 1.157452e-15 1.962051e-17 6.349877e+00 0 0
6458.5022 6464.3149 1.190979e-15 1.983203e-17 6.538575e+00 0 0
6463.3782 6469.1952 1.195441e-15 2.420494e-17 6.565362e+00 16 0
6468.2542 6474.0756 1.201366e-15 1.990457e-17 6.600129e+00 0 0
6473.1302 6478.9560 1.222934e-15 2.005465e-17 6.720334e+00 0 0
6478.0062 6483.8364 1.252410e-15 2.047965e-17 6.884132e+00 16 0
6482.8823 6488.7169 1.267143e-15 2.034643e-17 6.965408e+00 16 0
6487.7584 6493.5974 1.229786e-15 2.045411e-17 6.758240e+00 16 0
6492.6345 6498.4779 1.241291e-15 2.014443e-17 6.820644e+00 16 0
6497.5107 6503.3585 1.304579e-15 2.058919e-17 7.169141e+00 0 0
6502.3869 6508.2391 1.271127e-15 2.081553e-17 6.982025e+00 16 0
6507.2631 6513.1197 1.295367e-15 2.046469e-17 7.113625e+00 0 0
6512.1394 6518.0003 1.228644e-15 2.007492e-17 6.742181e+00 0 0
6517.0157 6522.8810 1.229364e-15 2.005960e-17 6.743244e+00 0 0
6521.8920 6527.7617 1.242546e-15 2.029787e-17 6.812883e+00 16 0
6526.7683 6532.6424 1.244702e-15 2.054656e-17 6.821474e+00 16 0
6531.6447 6537.5232 1.266482e-15 2.037971e-17 6.938179e+00 256 0
6536.5211 6542.4040 1.692182e-15 2.307673e-17 9.281338e+00 272 0
6541.3976 6547.2848 1.285967e-15 2.084318e-17 7.038479e+00 16 0
6546.2740 6552.1657 1.232528e-15 2.016496e-17 6.740749e+00 0 0
6551.1505 6557.0466 1.262632e-15 2.051875e-17 6.903161e+00 16 0
6556.0271 6561.9275 1.242511e-15 2.033585e-17 6.789336e+00 16 0
6560.9036 6566.8084 1.195901e-15 1.999678e-17 6.530151e+00 0 0
6565.7802 6571.6894 1.232638e-15 2.027753e-17 6.729551e+00 0 0
6570.6568 6576.5704 1.201770e-15 2.018121e-17 6.557602e+00 16 0
6575.5334 6581.4514 1.463819e-15 2.233884e-17 7.995234e+00 272 0
6580.4101 6586.3325 2.038179e-15 2.486564e-17 1.114861e+01 272 0
6585.2868 6591.2136 1.798496e-15 2.363999e-17 9.830388e+00 272 0
6590.1635 6596.0947 1.300505e-15 2.069359e-17 7.094655e+00 0 0
6595.0403 6600.9758 1.263397e-15 2.042380e-17 6.891171e+00 0 0
6599.9171 6605.8570 1.282543e-15 2.050964e-17 6.996670e+00 0 0
6604.7939 6610.7382 1.317042e-15 2.094414e-17 7.187623e+00 1040 0
6609.6707 6615.6194 1.568229e-15 2.225659e-17 8.569166e+00 1024 0
6614.5476 6620.5007 2.055428e-15 2.508646e-17 1.125064e+01 1040 0
6619.4245 6625.3820 2.989888e-15 2.916425e-17 1.639537e+01 1024 0
6624.3014 6630.2633 3.999683e-15 3.324888e-17 2.196288e+01 1024 0
6629.1784 6635.1446 2.472103e-15 2.698289e-17 1.356059e+01 1024 0
6634.0554 6640.0260 1.830198e-15 2.380790e-17 1.003264e+01 1040 0
6638.9324 6644.9074 1.377097e-15 2.189824e-17 7.542000e+00 1040 0
6643.8094 6649.7888 1.302169e-15 2.056337e-17 7.134370e+00 1024 0
6648.6865 6654.6703 1.286401e-15 2.054372e-17 7.052646e+00 1040 0
6653.5635 6659.5518 1.254455e-15 2.022227e-17 6.881978e+00 1024 0
6658.4407 6664.4333 1.235346e-15 2.014083e-17 6.782064e+00 1024 0
6663.3178 6669.3148 1.146509e-15 2.023620e-17 6.296720e+00 1040 0
6668.1950 6674.1963 1.149741e-15 2.283874e-17 6.320237e+00 1040 0
6673.0722 6679.0779 1.152064e-15 2.011345e-17 6.338956e+00 1040 0
6677.9494 6683.9595 1.110009e-15 1.932183e-17 6.111711e+00 1024 0
6682.8266 6688.8412 1.103048e-15 1.932420e-17 6.078939e+00 1024 0
6687.7039 6693.7228 1.093558e-15 1.934265e-17 6.032118e+00 1024 0
6692.5812 6698.6045 1.096034e-15 1.927711e-17 6.051772e+00 1040 0
6697.4585 6703.4862 1.054489e-15 1.958788e-17 5.826472e+00 1040 0
6702.3359 6708.3680 1.037164e-15 1.896135e-17 5.735651e+00 1040 0
6707.2133 6713.2498 1.063641e-15 2.431344e-17 5.888898e+00 1040 0
6712.0907 6718.1315 1.057605e-15 1.912479e-17 5.860915e+00 1040 0
6716.9681 6723.0134 1.092323e-15 1.919942e-17 6.060536e+00 1040 0
6721.8456 6727.8952 1.066218e-15 1.888508e-17 5.920301e+00 1024 0
6726.7230 6732.7771 1.026962e-15 1.867615e-17 5.706110e+00 1040 0
6731.6005 6737.6590 1.032272e-15 1.934735e-17 5.741127e+00 1040 0
6736.4781 6742.5409 1.005243e-15 1.851553e-17 5.594745e+00 0 0
6741.3556 6747.4228 9.894470e-16 1.845010e-17 5.511063e+00 0 0
6746.2332 6752.3048 1.026141e-15 1.870130e-17 5.721889e+00 16 0
6751.1108 6757.1868 1.010854e-15 1.901664e-17 5.640754e+00 16 0
6755.9884 6762.0688 1.039321e-15 2.028546e-17 5.805417e+00 16 0
6760.8661 6766.9509 1.041143e-15 1.941373e-17 5.820227e+00 1040 0
6765.7438 6771.8329 1.040516e-15 1.882971e-17 5.820964e+00 1040 0
6770.6215 6776.7150 1.046138e-15 1.965380e-17 5.856861e+00 1040 0
6775.4992 6781.5971 9.887696e-16 1.856163e-17 5.537020e+00 1040 0
6780.3769 6786.4793 1.043276e-15 1.866963e-17 5.848332e+00 1024 0
6785.2547 6791.3614 9.905884e-16 1.847700e-17 5.554024e+00 1040 0
6790.1325 6796.2436 1.044312e-15 1.880468e-17 5.860803e+00 1040 0
6795.0103 6801.1258 1.019890e-15 1.870008e-17 5.725459e+00 1040 0
6799.8882 6806.0081 1.030809e-15 1.849301e-17 5.789921e+00 1024 0
6804.7661 6810.8903 1.010365e-15 1.957981e-17 5.676407e+00 1040 0
6809.6439 6815.7726 1.031661e-15 1.873261e-17 5.799110e+00 1040 0
6814.5219 6820.6549 9.845958e-16 1.826924e-17 5.534343e+00 1040 0
6819.3998 6825.5373 1.054238e-15 1.979268e-17 5.930508e+00 1040 0
6824.2778 6830.4196 1.013579e-15 2.226559e-17 5.701533e+00 1040 0
6829.1557 6835.3020 1.023201e-15 1.841362e-17 5.757370e+00 1280 0
6834.0338 6840.1844 1.038038e-15 1.870029e-17 5.842566e+00 1296 0
6838.9118 6845.0668 9.979329e-16 1.829768e-17 5.616247e+00 1024 0
6843.7898 6849.9493 1.026206e-15 1.851580e-17 5.777420e+00 1024 0
6848.6679 6854.8317 1.036870e-15 1.873840e-17 5.838728e+00 1040 0
6853.5460 6859.7142 9.973145e-16 1.895874e-17 5.615122e+00 1040 0
6858.4241 6864.5967 1.014867e-15 1.836754e-17 5.715352e+00 1024 0
6863.3023 6869.4792 9.764583e-16 1.826025e-17 5.498127e+00 1040 0
6868.1804 6874.3618 9.964727e-16 1.836995e-17 5.612290e+00 1024 0
6873.0586 6879.2444 9.644547e-16 1.805758e-17 5.431277e+00 1040 0
6877.9368 6884.1270 1.210172e-15 1.976400e-17 6.826449e+00 1296 0
6882.8151 6889.0096 1.479079e-15 2.162804e-17 8.354077e+00 1296 0
6887.6933 6893.8922 1.243365e-15 2.003010e-17 7.016703e+00 1040 0
6892.5716 6898.7749 1.930049e-15 2.376370e-17 1.091829e+01 272 0
6897.4499 6903.6576 1.813787e-15 2.314900e-17 1.025945e+01 256 0
6902.3282 6908.5403 9.927855e-16 1.817859e-17 5.596981e+00 0 0
6907.2065 6913.4230 1.009489e-15 1.826424e-17 5.693001e+00 256 0
6912.0849 6918.3058 1.462798e-15 2.125722e-17 8.270310e+00 272 0
6916.9633 6923.1885 1.617144e-15 2.202937e-17 9.149923e+00 256 0
6921.8417 6928.0713 9.860710e-16 1.814019e-17 5.564086e+00 0 0
6926.7201 6932.9541 9.858087e-16 2.170346e-17 5.564245e+00 16 0
6931.5985 6937.8370 1.030675e-15 1.849542e-17 5.821134e+00 16 0
6936.4770 6942.7198 9.839532e-16 1.806328e-17 5.557333e+00 0 0
6941.3555 6947.6027 9.973945e-16 1.994890e-17 5.635806e+00 16 0
6946.2340 6952.4856 9.685514e-16 1.826660e-17 5.473829e+00 272 0
6951.1125 6957.3685 1.463458e-15 2.141039e-17 8.295595e+00 272 0
6955.9910 6962.2514 9.730547e-16 1.819248e-17 5.504170e+00 272 0
6960.8696 6967.1344 1.008020e-15 1.836730e-17 5.705998e+00 256 0
6965.7482 6972.0174 1.388030e-15 2.074212e-17 7.876839e+00 272 0
6970.6268 6976.9003 9.928397e-16 1.837614e-17 5.625176e+00 272 0
6975.5054 6981.7834 9.875313e-16 1.809108e-17 5.598064e+00 0 0
6980.3840 6986.6664 9.418268e-16 1.811111e-17 5.340155e+00 16 0
6985.2627 6991.5494 9.761130e-16 1.799538e-17 5.539489e+00 0 0
6990.1414 6996.4325 9.329208e-16 1.768866e-17 5.295938e+00 0 0
6995.0201 7001.3156 9.485473e-16 1.920201e-17 5.389012e+00 16 0
6999.8988 7006.1987 9.298316e-16 1.768720e-17 5.285553e+00 16 0
7004.7775 7011.0818 9.800022e-16 1.796869e-17 5.576970e+00 0 0
7009.6563 7015.9650 1.205825e-15 1.947231e-17 6.876542e+00 0 0
7014.5350 7020.8481 1.030291e-15 1.863628e-17 5.873956e+00 16 0
7019.4138 7025.7313 9.225798e-16 1.765262e-17 5.259675e+00 0 0
7024.2926 7030.6145 9.391499e-16 1.797967e-17 5.358860e+00 16 0
7029.1715 7035.4977 9.270031e-16 1.770421e-17 5.292983e+00 16 0
7034.0503 7040.3810 8.827485e-16 1.724040e-17 5.042055e+00 0 0
7038.9292 7045.2642 9.719857e-16 1.937085e-17 5.559660e+00 16 0
7043.8081 7050.1475 9.365819e-16 1.757073e-17 5.359262e+00 0 0
7048.6870 7055.0308 9.331374e-16 1.780225e-17 5.342808e+00 16 0
7053.5659 7059.9141 9.564185e-16 1.945952e-17 5.480266e+00 16 0
7058.4448 7064.7974 9.211102e-16 1.746420e-17 5.279341e+00 0 0
7063.3238 7069.6808 9.194528e-16 1.748605e-17 5.272273e+00 0 0
7068.2027 7074.5641 9.010260e-16 1.825377e-17 5.167979e+00 16 0
7073.0817 7079.4475 9.305662e-16 1.802719e-17 5.340522e+00 16 0
7077.9607 7084.3309 9.099339e-16 1.739729e-17 5.222605e+00 0 0
7082.8397 7089.2143 9.142010e-16 1.794128e-17 5.248248e+00 16 0
7087.7188 7094.0977 9.026289e-16 1.735119e-17 5.181726e+00 0 0
7092.5978 7098.9812 9.225971e-16 1.746288e-17 5.297237e+00 16 0
7097.4769 7103.8646 9.219205e-16 1.741230e-17 5.292629e+00 0 0
7102.3560 7108.7481 8.826765e-16 1.714358e-17 5.064700e+00 0 0
7107.2351 7113.6316 9.363534e-16 1.764659e-17 5.373202e+00 0 0
7112.1142 7118.5151 9.207330e-16 1.818851e-17 5.280839e+00 16 0
7116.9934 7123.3986 1.416875e-15 2.064911e-17 8.143696e+00 0 0
7121.8725 7128.2822 1.515855e-15 2.138260e-17 8.710454e+00 16 0
7126.7517 7133.1658 9.000077e-16 1.744117e-17 5.151460e+00 0 0
7131.6309 7138.0493 8.501107e-16 1.695844e-17 4.860022e+00 0 0
7136.5101 7142.9329 8.827222e-16 1.753442e-17 5.043256e+00 16 0
7141.3893 7147.8165 9.061995e-16 1.760921e-17 5.173543e+00 16 0
7146.2685 7152.7001 8.992625e-16 1.786948e-17 5.128032e+00 16 0
7151.1478 7157.5838 8.881890e-16 1.740234e-17 5.058843e+00 16 0
7156.0270 7162.4674 8.902563e-16 1.742768e-17 5.064315e+00 16 0
7160.9063 7167.3511 8.710807e-16 2.187495e-17 4.948152e+00 16 0
7165.7856 7172.2348 9.043793e-16 1.741186e-17 5.131512e+00 0 0
7170.6649 7177.1185 8.833292e-16 1.734403e-17 5.004075e+00 16 0
7175.5442 7182.0022 8.738615e-16 1.749384e-17 4.942374e+00 16 0
7180.4235 7186.8859 8.861690e-16 1.737418e-17 5.004672e+00 0 0
7185.3029 7191.7697 8.845027e-16 1.781803e-17 4.986814e+00 16 0
7190.1823 7196.6534 8.658891e-16 1.739544e-17 4.872778e+00 16 0
7195.0616 7201.5372 8.482734e-16 1.725334e-17 4.764301e+00 0 0
7199.9410 7206.4210 8.979167e-16 1.772779e-17 5.036095e+00 16 0
7204.8204 7211.3048 8.940432e-16 1.757546e-17 5.004651e+00 0 0
7209.6999 7216.1886 9.099333e-16 1.782258e-17 5.084399e+00 16 0
7214.5793 7221.0724 8.989597e-16 1.891453e-17 5.012574e+00 16 0
7219.4588 7225.9563 8.869914e-16 1.758528e-17 4.935273e+00 0 0
7224.3382 7230.8401 8.909462e-16 1.764624e-17 4.947118e+00 0 0
7229.2177 7235.7240 8.852759e-16 1.761288e-17 4.905003e+00 0 0
7234.0972 7240.6079 9.124222e-16 1.769608e-17 5.045678e+00 0 0
7238.9767 7245.4918 8.803014e-16 1.761446e-17 4.856124e+00 0 0
7243.8562 7250.3757 8.792779e-16 1.758586e-17 4.839743e+00 0 0
7248.7357 7255.2596 9.132997e-16 1.782381e-17 5.017249e+00 0 0
7253.6153 7260.1435 1.185800e-15 1.997094e-17 6.510974e+00 16 0
7258.4948 7265.0275 1.058792e-15 1.989766e-17 5.796331e+00 16 0
7263.3744 7269.9114 8.663105e-16 1.753784e-17 4.725048e+00 0 0
7268.2540 7274.7954 8.713045e-16 1.770622e-17 4.741674e+00 0 0
7273.1336 7279.6794 9.013610e-16 1.792458e-17 4.895320e+00 0 0
7278.0132 7284.5634 8.304555e-16 1.736736e-17 4.497073e+00 0 0
7282.8928 7289.4474 8.691147e-16 1.791481e-17 4.697381e+00 16 0
7287.7724 7294.3314 8.747794e-16 1.783522e-17 4.717525e+00 0 0
7292.6521 7299.2155 9.055587e-16 1.800985e-17 4.873749e+00 0 0
7297.5317 7304.0995 1.042659e-15 1.905749e-17 5.604777e+00 256 0
7302.4114 7308.9836 6.779165e-15 4.304003e-17 3.659411e+01 0 0
7307.2911 7313.8676 1.146779e-15 1.988410e-17 6.141268e+00 16 0
7312.1708 7318.7517 8.609352e-16 1.787396e-17 4.591308e+00 16 0
7317.0505 7323.6358 8.318149e-16 2.802930e-17 4.425441e+00 16 0
7321.9302 7328.5199 9.874637e-16 1.957403e-17 5.249230e+00 16 0
7326.8099 7333.4040 1.034821e-15 1.965126e-17 5.491578e+00 16 0
7331.6897 7338.2882 8.647685e-16 1.807939e-17 4.573813e+00 16 0
7336.5694 7343.1723 8.560937e-16 1.791786e-17 4.518790e+00 16 0
7341.4492 7348.0565 8.218225e-16 1.773968e-17 4.328029e+00 16 0
7346.3289 7352.9406 8.605805e-16 1.857172e-17 4.525508e+00 16 0
7351.2087 7357.8248 8.334176e-16 1.776381e-17 4.373507e+00 0 0
7356.0885 7362.7090 8.517620e-16 1.857379e-17 4.462865e+00 272 0
7360.9683 7367.5932 8.460114e-16 1.784950e-17 4.424904e+00 0 0
7365.8481 7372.4774 8.603951e-16 1.806201e-17 4.493594e+00 0 0
7370.7279 7377.3616 8.551327e-16 2.098727e-17 4.458888e+00 16 0
7375.6078 7382.2458 8.513939e-16 1.821696e-17 4.432828e+00 16 0
7380.4876 7387.1300 8.381606e-16 1.778412e-17 4.357209e+00 0 0
7385.3675 7392.0143 8.076499e-16 1.779889e-17 4.191933e+00 16 0
7390.2473 7396.8985 8.179624e-16 1.989638e-17 4.240640e+00 16 0
7395.1272 7401.7828 1.261959e-15 2.069572e-17 6.554791e+00 256 0
7400.0071 7406.6671 1.710003e-15 2.362424e-17 8.886271e+00 256 0
7404.8870 7411.5514 1.061034e-15 1.978332e-17 5.494228e+00 272 0
7409.7669 7416.4356 8.271927e-16 1.806362e-17 4.271739e+00 16 0
7414.6468 7421.3199 8.462201e-16 1.807361e-17 4.367312e+00 16 0
7419.5267 7426.2043 8.378235e-16 1.802142e-17 4.320467e+00 16 0
7424.4066 7431.0886 8.278582e-16 1.800453e-17 4.265827e+00 16 0
7429.2865 7435.9729 8.268159e-16 1.795854e-17 4.257847e+00 16 0
7434.1665 7440.8572 8.617132e-16 1.951925e-17 4.436570e+00 272 0
7439.0464 7445.7416 1.209243e-15 2.048995e-17 6.237160e+00 272 0
7443.9264 7450.6259 7.827027e-16 1.771073e-17 4.022798e+00 16 0
7448.8064 7455.5103 8.457724e-16 2.299349e-17 4.347960e+00 16 0
7453.6863 7460.3947 7.819115e-16 1.753215e-17 4.015547e+00 0 0
7458.5663 7465.2790 7.760339e-16 1.750218e-17 3.983766e+00 0 0
7463.4463 7470.1634 8.333016e-16 1.798069e-17 4.278875e+00 0 0
7468.3263 7475.0478 7.669453e-16 1.756468e-17 3.934281e+00 16 0
7473.2063 7479.9322 7.750593e-16 1.757653e-17 3.975120e+00 0 0
7478.0864 7484.8166 7.874843e-16 2.172532e-17 4.038313e+00 16 0
7482.9664 7489.7011 8.099427e-16 1.774659e-17 4.153345e+00 0 0
7487.8464 7494.5855 8.085807e-16 1.824292e-17 4.145215e+00 16 0
7492.7265 7499.4699 7.908564e-16 1.863338e-17 4.052535e+00 16 0
7497.6065 7504.3543 7.726797e-16 1.746998e-17 3.957510e+00 0 0
7502.4866 7509.2388 7.904308e-16 1.772623e-17 4.048049e+00 16 0
7507.3666 7514.1233 7.881507e-16 1.776686e-17 4.034992e+00 16 0
7512.2467 7519.0077 7.995097e-16 1.834240e-17 4.092321e+00 16 0
7517.1268 7523.8922 8.780309e-16 4.545731e-17 4.495847e+00 16 0
7522.0068 7528.7767 7.792964e-16 1.748377e-17 3.984987e+00 0 0
7526.8869 7533.6611 7.640812e-16 1.841253e-17 3.904762e+00 16 0
7531.7670 7538.5456 8.432166e-16 1.802131e-17 4.310659e+00 256 0
7536.6471 7543.4301 9.928162e-16 1.913724e-17 5.078682e+00 0 0
7541.5272 7548.3146 1.499727e-15 2.275552e-17 7.685617e+00 272 0
7546.4074 7553.1991 8.943754e-16 1.890431e-17 4.566122e+00 272 0
7551.2875 7558.0836 8.050228e-16 1.777242e-17 4.103790e+00 0 0
7556.1676 7562.9682 8.224638e-16 1.850224e-17 4.190082e+00 16 0
7561.0477 7567.8527 3.921844e-15 8.305891e-17 2.010201e+01 272 0
7565.9279 7572.7372 8.548739e-16 1.823891e-17 4.348787e+00 0 0
7570.8080 7577.6217 8.075857e-16 1.807389e-17 4.102328e+00 16 0
7575.6882 7582.5063 8.126924e-16 1.789192e-17 4.123874e+00 16 0
7580.5683 7587.3908 7.827656e-16 1.792204e-17 3.966139e+00 16 0
7585.4485 7592.2754 7.747621e-16 1.973309e-17 3.920136e+00 16 0
7590.3286 7597.1599 7.909227e-16 1.787566e-17 3.997056e+00 16 0
7595.2088 7602.0445 7.342416e-16 1.741033e-17 3.702683e+00 0 0
7600.0890 7606.9291 7.995288e-16 1.789528e-17 4.028328e+00 16 0
7604.9692 7611.8136 7.919954e-16 1.785309e-17 3.983213e+00 0 0
7609.8494 7616.6982 7.890929e-16 1.779945e-17 3.961259e+00 0 0
7614.7295 7621.5828 7.722904e-16 1.770212e-17 3.868784e+00 0 0
7619.6097 7626.4674 7.913029e-16 1.858956e-17 3.956775e+00 16 0
7624.4899 7631.3520 7.804142e-16 1.773276e-17 3.893651e+00 0 0
7629.3701 7636.2366 7.812207e-16 1.769459e-17 3.889031e+00 0 0
7634.2503 7641.1212 7.888034e-16 1.790130e-17 3.918091e+00 0 0
7639.1305 7646.0058 7.137330e-16 2.354695e-17 3.533640e+00 16 0
7644.0108 7650.8904 7.858999e-16 2.183383e-17 3.884556e+00 16 0
7648.8910 7655.7750 7.427815e-16 1.744521e-17 3.660207e+00 0 0
7653.7712 7660.6596 7.395150e-16 1.753498e-17 3.634404e+00 16 0
7658.6514 7665.5442 8.828738e-16 1.871498e-17 4.333232e+00 256 0
7663.5316 7670.4288 4.156076e-15 3.563016e-17 2.047402e+01 256 0
7668.4119 7675.3134 1.013397e-15 1.968468e-17 4.950512e+00 256 0
7673.2921 7680.1981 8.005129e-16 1.824506e-17 3.892375e+00 0 0
7678.1723 7685.0827 8.053976e-16 1.828627e-17 3.904451e+00 0 0
7683.0526 7689.9673 8.124972e-16 2.131121e-17 3.927133e+00 16 0
7687.9328 7694.8520 7.626499e-16 1.862704e-17 3.672631e+00 16 0
7692.8131 7699.7366 7.859361e-16 1.819750e-17 3.773711e+00 0 0
7697.6933 7704.6212 7.533153e-16 1.793744e-17 3.603908e+00 0 0
7702.5736 7709.5059 7.143371e-16 1.770625e-17 3.404566e+00 0 0
7707.4538 7714.3905 7.514860e-16 1.889126e-17 3.571075e+00 16 0
7712.3341 7719.2752 7.296885e-16 1.796039e-17 3.454786e+00 256 0
7717.2143 7724.1598 1.841000e-15 2.555730e-17 8.735728e+00 272 0
7722.0946 7729.0445 1.728596e-15 2.567396e-17 8.171551e+00 272 0
7726.9749 7733.9291 9.937801e-16 2.047674e-17 4.667026e+00 16 0
7731.8551 7738.8138 7.832035e-16 1.855375e-17 3.658316e+00 16 0
7736.7354 7743.6985 7.803407e-16 2.094556e-17 3.631610e+00 16 0
7741.6157 7748.5831 7.290319e-16 1.801966e-17 3.378440e+00 0 0
7746.4959 7753.4678 7.128460e-16 1.842101e-17 3.290575e+00 16 0
7751.3762 7758.3524 7.245512e-16 1.820898e-17 3.332681e+00 0 0
7756.2565 7763.2371 7.338802e-16 1.865042e-17 3.363354e+00 16 0
7761.1367 7768.1218 7.898600e-16 1.910704e-17 3.608596e+00 272 0
7766.0170 7773.0064 9.484006e-16 2.138765e-17 4.322694e+00 272 0
7770.8973 7777.8911 8.590662e-16 2.013160e-17 3.897756e+00 272 0
7775.7776 7782.7758 7.793588e-16 1.911522e-17 3.519833e+00 16 0
7780.6578 7787.6604 7.396705e-16 1.888194e-17 3.326300e+00 16 0
7785.5381 7792.5451 7.271405e-16 1.867915e-17 3.256923e+00 16 0
7790.4184 7797.4298 7.216461e-16 1.911007e-17 3.219676e+00 16 0
7795.2987 7802.3144 7.120549e-16 1.850560e-17 3.164284e+00 16 0
7800.1789 7807.1991 7.245608e-16 1.912192e-17 3.207999e+00 16 0
7805.0592 7812.0838 7.023618e-16 1.868667e-17 3.096854e+00 16 0
7809.9395 7816.9684 7.723848e-16 1.921237e-17 3.395420e+00 0 0
7814.8198 7821.8531 7.547291e-16 2.177757e-17 3.304355e+00 16 0
7819.7000 7826.7378 7.682794e-16 2.011579e-17 3.351262e+00 16 0
7824.5803 7831.6224 7.305559e-16 1.876379e-17 3.172994e+00 0 0
7829.4606 7836.5071 7.427737e-16 1.901031e-17 3.214124e+00 0 0
7834.3409 7841.3918 7.105017e-16 1.867160e-17 3.061359e+00 0 0
7839.2211 7846.2764 6.906255e-16 1.878221e-17 2.963454e+00 0 0
7844.1014 7851.1611 6.947774e-16 1.873628e-17 2.969925e+00 0 0
7848.9817 7856.0458 6.897782e-16 1.869081e-17 2.936996e+00 0 0
7853.8619 7860.9304 7.588086e-16 2.277277e-17 3.221293e+00 16 0
7858.7422 7865.8151 6.515193e-16 4.476650e-17 2.751167e+00 16 0
7863.6225 7870.6997 7.109120e-16 1.918395e-17 2.992921e+00 0 0
7868.5027 7875.5844 7.073652e-16 2.024059e-17 2.966381e+00 16 0
7873.3830 7880.4691 7.726525e-16 1.978754e-17 3.230254e+00 16 0
7878.2633 7885.3537 7.410271e-16 1.989461e-17 3.084950e+00 16 0
7883.1435 7890.2384 7.223538e-16 1.934060e-17 2.994876e+00 0 0
7888.0238 7895.1230 7.632107e-16 1.994309e-17 3.153684e+00 16 0
7892.9041 7900.0077 7.428554e-16 1.987241e-17 3.056969e+00 16 0
7897.7843 7904.8923 6.902758e-16 1.964264e-17 2.827694e+00 16 0
7902.6646 7909.7770 6.851489e-16 2.080658e-17 2.795646e+00 16 0
7907.5448 7914.6616 6.889267e-16 1.921889e-17 2.800394e+00 0 0
7912.4251 7919.5462 7.194694e-16 2.077371e-17 2.914479e+00 16 0
7917.3053 7924.4309 6.788974e-16 1.965924e-17 2.738003e+00 16 0
7922.1856 7929.3155 7.336340e-16 1.974253e-17 2.949558e+00 0 0
7927.0658 7934.2002 1.013952e-15 2.346802e-17 4.071636e+00 16 0
7931.9460 7939.0848 1.478308e-15 2.555225e-17 5.926996e+00 0 0
7936.8263 7943.9694 7.572797e-16 2.022538e-17 3.010519e+00 0 0
7941.7065 7948.8540 7.306103e-16 2.033030e-17 2.892364e+00 16 0
7946.5867 7953.7387 7.679959e-16 2.035668e-17 3.030087e+00 256 0
7951.4670 7958.6233 1.476411e-15 2.598967e-17 5.829010e+00 272 0
7956.3472 7963.5079 2.373572e-15 3.140904e-17 9.354104e+00 256 0
7961.2274 7968.3925 2.133222e-15 3.010849e-17 8.371468e+00 272 0
7966.1076 7973.2771 4.125064e-15 4.010861e-17 1.615732e+01 256 0
7970.9878 7978.1617 2.214286e-15 3.081930e-17 8.624473e+00 256 0
7975.8680 7983.0463 1.845609e-15 2.859645e-17 7.155835e+00 256 0
7980.7482 7987.9309 2.112405e-15 3.054144e-17 8.163463e+00 272 0
7985.6284 7992.8155 6.664782e-16 2.829132e-17 2.546551e+00 16 0
7990.5086 7997.7001 7.149370e-16 2.066303e-17 2.723196e+00 16 0
7995.3888 8002.5847 7.058230e-16 2.083192e-17 2.677889e+00 16 0
8000.2690 8007.4692 6.982948e-16 2.058594e-17 2.638969e+00 16 0
8005.1492 8012.3538 7.271499e-16 2.332314e-17 2.738636e+00 16 0
8010.0294 8017.2384 7.045533e-16 2.017504e-17 2.642656e+00 0 0
8014.9095 8022.1229 6.923537e-16 2.077192e-17 2.586592e+00 16 0
8019.7897 8027.0075 6.789383e-16 2.155599e-17 2.526409e+00 16 0
8024.6699 8031.8921 6.842286e-16 2.284004e-17 2.536683e+00 16 0
8029.5500 8036.7766 7.113883e-16 2.106193e-17 2.628517e+00 272 0
8034.4302 8041.6611 6.780517e-16 2.308210e-17 2.494745e+00 272 0
8039.3103 8046.5457 1.966566e-15 7.337361e-17 7.260292e+00 16 0
8044.1904 8051.4302 7.293290e-16 2.092315e-17 2.665428e+00 256 0
8049.0706 8056.3147 7.390132e-16 2.221234e-17 2.691234e+00 272 0
8053.9507 8061.1993 6.927125e-16 2.077515e-17 2.511732e+00 16 0
8058.8308 8066.0838 7.297791e-16 2.112638e-17 2.637878e+00 16 0
8063.7109 8070.9683 6.992411e-16 2.107718e-17 2.517230e+00 16 0
8068.5911 8075.8528 7.108124e-16 2.146594e-17 2.550131e+00 16 0
8073.4712 8080.7373 7.032771e-16 2.378726e-17 2.513764e+00 272 0
8078.3513 8085.6218 6.671791e-16 2.334220e-17 2.375035e+00 16 0
8083.2313 8090.5063 6.768785e-16 2.222093e-17 2.401395e+00 16 0
8088.1114 8095.3907 6.553106e-16 2.066780e-17 2.316010e+00 0 0
8092.9915 8100.2752 6.147442e-16 2.055112e-17 2.163572e+00 16 0
8097.8716 8105.1597 6.303312e-16 2.223664e-17 2.211337e+00 16 0
8102.7516 8110.0441 6.672590e-16 2.100542e-17 2.334194e+00 0 0
8107.6317 8114.9286 6.307325e-16 2.137465e-17 2.197576e+00 16 0
8112.5118 8119.8130 6.813716e-16 2.119786e-17 2.367898e+00 256 0
8117.3918 8124.6974 1.571202e-15 2.834832e-17 5.475378e+00 256 0
8122.2718 8129.5819 3.025954e-15 3.721156e-17 1.053659e+01 256 0
8127.1519 8134.4663 7.378670e-16 2.213891e-17 2.540912e+00 16 0
8132.0319 8139.3507 6.880260e-16 2.175518e-17 2.359999e+00 16 0
8136.9119 8144.2351 6.940803e-16 2.390935e-17 2.373417e+00 16 0
8141.7919 8149.1195 6.794358e-16 2.156482e-17 2.315547e+00 16 0
8146.6719 8154.0039 7.013123e-16 2.394295e-17 2.383490e+00 16 0
8151.5519 8158.8883 1.086907e-15 2.610242e-17 3.696218e+00 272 0
8156.4319 8163.7727 6.988311e-16 2.222602e-17 2.360656e+00 272 0
8161.3118 8168.6570 7.250937e-16 2.213926e-17 2.443058e+00 0 0
8166.1918 8173.5414 6.778740e-16 2.222427e-17 2.275805e+00 16 0
8171.0718 8178.4257 6.854793e-16 2.401532e-17 2.295083e+00 16 0
8175.9517 8183.3101 6.942902e-16 3.378178e-17 2.318389e+00 16 0
8180.8316 8188.1944 7.165070e-16 2.208135e-17 2.386825e+00 16 0
8185.7116 8193.0787 6.837131e-16 2.164955e-17 2.270400e+00 0 0
8190.5915 8197.9630 7.156667e-16 3.224310e-17 2.371415e+00 16 0
8195.4714 8202.8473 6.385940e-16 2.143633e-17 2.108102e+00 16 0
8200.3513 8207.7316 6.319903e-16 2.149881e-17 2.080902e+00 0 0
8205.2312 8212.6159 6.565524e-16 2.238974e-17 2.157350e+00 16 0
8210.1111 8217.5002 6.486693e-16 2.147633e-17 2.126157e+00 0 0
8214.9910 8222.3844 6.301909e-16 2.184120e-17 2.060107e+00 16 0
8219.8708 8227.2687 6.123450e-16 2.125442e-17 1.996655e+00 0 0
8224.7507 8232.1530 6.024542e-16 2.121925e-17 1.959661e+00 16 0
8229.6305 8237.0372 6.736565e-16 2.244983e-17 2.189264e+00 16 0
8234.5104 8241.9214 6.816329e-16 2.268630e-17 2.210748e+00 16 0
8239.3902 8246.8056 6.896559e-16 2.258157e-17 2.232537e+00 16 0
8244.2700 8251.6898 1.109426e-15 2.595162e-17 3.598279e+00 256 0
8249.1498 8256.5740 1.099558e-15 2.585093e-17 3.559255e+00 272 0
8254.0296 8261.4582 6.698194e-16 2.228213e-17 2.155083e+00 16 0
8258.9094 8266.3424 6.563197e-16 2.222465e-17 2.107396e+00 0 0
8263.7891 8271.2266 6.449442e-16 2.199691e-17 2.066772e+00 16 0
8268.6689 8276.1107 6.404690e-16 2.179169e-17 2.048778e+00 0 0
8273.5487 8280.9949 6.736064e-16 2.202891e-17 2.152267e+00 0 0
8278.4284 8285.8790 6.601471e-16 2.244908e-17 2.105426e+00 16 0
8283.3081 8290.7631 6.420834e-16 2.205805e-17 2.043958e+00 16 0
8288.1878 8295.6472 7.001751e-16 2.259965e-17 2.227472e+00 16 0
8293.0675 8300.5313 6.626252e-16 2.215411e-17 2.103699e+00 0 0
8297.9472 8305.4154 6.776598e-16 2.200743e-17 2.148851e+00 256 0
8302.8269 8310.2995 7.128252e-16 2.248151e-17 2.258324e+00 256 0
8307.7066 8315.1835 1.097683e-15 2.611297e-17 3.485030e+00 272 0
8312.5863 8320.0676 6.255601e-16 2.174585e-17 1.973974e+00 0 0
8317.4659 8324.9516 6.219276e-16 2.216054e-17 1.959926e+00 16 0
8322.3455 8329.8356 5.821212e-16 2.242766e-17 1.830906e+00 16 0
8327.2252 8334.7197 6.355675e-16 2.190221e-17 1.998595e+00 0 0
8332.1048 8339.6037 6.215011e-16 2.425907e-17 1.951684e+00 16 0
8336.9844 8344.4877 6.463746e-16 2.337306e-17 2.028418e+00 16 0
8341.8640 8349.3716 6.498752e-16 2.193538e-17 2.037382e+00 0 0
8346.7435 8354.2556 6.376817e-16 2.208153e-17 1.996731e+00 16 0
8351.6231 8359.1396 6.477785e-16 2.319316e-17 2.026712e+00 16 0
8356.5026 8364.0235 6.044374e-16 2.166457e-17 1.887943e+00 0 0
8361.3822 8368.9074 6.752392e-16 2.297264e-17 2.109649e+00 16 0
8366.2617 8373.7913 6.504655e-16 2.247574e-17 2.029721e+00 16 0
8371.1412 8378.6752 7.377878e-16 2.289268e-17 2.303131e+00 0 0
8376.0207 8383.5591 7.182098e-16 2.302512e-17 2.239662e+00 272 0
8380.9002 8388.4430 6.295615e-16 2.216733e-17 1.959203e+00 0 0
8385.7796 8393.3268 6.056376e-16 2.423493e-17 1.882600e+00 16 0
8390.6591 8398.2107 5.748046e-16 2.130461e-17 1.784527e+00 0 0
8395.5385 8403.0945 5.911458e-16 2.787816e-17 1.834612e+00 16 0
8400.4180 8407.9783 6.197687e-16 2.219811e-17 1.923249e+00 16 0
8405.2974 8412.8622 6.095504e-16 2.199877e-17 1.890062e+00 16 0
8410.1768 8417.7459 6.297282e-16 2.196801e-17 1.952230e+00 0 0
8415.0562 8422.6297 6.454108e-16 2.275576e-17 2.000259e+00 272 0
8419.9355 8427.5135 6.410944e-16 2.216306e-17 1.985774e+00 16 0
8424.8149 8432.3972 6.288853e-16 2.265548e-17 1.946620e+00 16 0
8429.6942 8437.2810 5.978516e-16 2.189978e-17 1.848772e+00 16 0
8434.5736 8442.1647 6.544568e-16 2.209956e-17 2.024827e+00 0 0
8439.4529 8447.0484 6.092046e-16 2.196907e-17 1.882712e+00 16 0
8444.3322 8451.9321 6.178185e-16 2.334200e-17 1.908882e+00 16 0
8449.2115 8456.8157 1.085750e-15 2.806739e-17 3.369094e+00 16 0
8454.0907 8461.6994 4.681452e-15 4.778124e-17 1.460062e+01 256 0
8458.9700 8466.5830 6.078176e-16 2.175069e-17 1.875822e+00 0 0
8463.8492 8471.4667 5.347475e-16 2.114680e-17 1.647507e+00 16 0
8468.7284 8476.3503 6.222389e-16 2.327943e-17 1.919724e+00 16 0
8473.6076 8481.2339 6.244321e-16 2.291923e-17 1.926073e+00 16 0
8478.4868 8486.1175 6.333227e-16 2.206157e-17 1.953327e+00 16 0
8483.3660 8491.0010 7.002222e-16 2.277760e-17 2.161266e+00 272 0
8488.2452 8495.8846 1.094652e-15 2.625625e-17 3.389558e+00 256 0
8493.1243 8500.7681 1.654404e-15 3.062047e-17 5.133150e+00 272 0
8498.0034 8505.6516 2.028855e-15 3.330588e-17 6.299571e+00 256 0
8502.8825 8510.5351 1.886012e-15 3.231466e-17 5.853837e+00 272 0
8507.7616 8515.4186 7.035033e-16 2.386673e-17 2.170132e+00 272 0
8512.6407 8520.3021 6.414179e-16 2.291305e-17 1.976782e+00 272 0
8517.5198 8525.1855 5.582244e-16 2.119590e-17 1.717840e+00 0 0
8522.3988 8530.0690 5.568960e-16 2.694017e-17 1.713652e+00 16 0
8527.2778 8534.9524 6.267424e-16 2.212162e-17 1.930900e+00 0 0
8532.1568 8539.8358 6.177322e-16 2.182899e-17 1.902834e+00 0 0
8537.0358 8544.7192 5.868870e-16 2.190576e-17 1.806853e+00 16 0
8541.9148 8549.6025 6.375529e-16 2.194249e-17 1.964461e+00 0 0
8546.7938 8554.4859 5.893239e-16 2.133445e-17 1.814424e+00 0 0
8551.6727 8559.3692 5.496706e-16 2.819449e-17 1.691101e+00 16 0
8556.5516 8564.2525 5.778941e-16 2.161086e-17 1.778901e+00 16 0
8561.4305 8569.1358 6.204623e-16 2.192378e-17 1.911336e+00 16 0
8566.3094 8574.0191 5.977512e-16 2.145474e-17 1.840712e+00 0 0
8571.1883 8578.9023 5.378263e-16 2.163045e-17 1.654361e+00 16 0
8576.0671 8583.7856 5.150178e-16 2.094856e-17 1.583460e+00 0 0
8580.9460 8588.6688 4.959503e-16 2.174364e-17 1.524195e+00 16 0
8585.8248 8593.5520 7.450329e-16 2.342636e-17 2.299024e+00 272 0
8590.7036 8598.4352 1.121989e-15 2.659466e-17 3.472320e+00 272 0
8595.5824 8603.3184 1.480337e-15 3.896990e-17 4.588097e+00 16 0
8600.4611 8608.2015 1.074861e-15 2.838724e-17 3.325596e+00 16 0
8605.3399 8613.0847 1.875355e-15 3.218968e-17 5.818238e+00 0 0
8610.2186 8617.9678 1.216564e-15 2.973821e-17 3.766685e+00 272 0
8615.0973 8622.8509 6.100428e-16 2.158223e-17 1.879081e+00 0 0
8619.9760 8627.7339 5.835838e-16 2.111264e-17 1.796771e+00 0 0
8624.8546 8632.6170 5.818079e-16 2.143614e-17 1.791229e+00 0 0
8629.7333 8637.5000 5.630257e-16 2.125843e-17 1.732792e+00 16 0
8634.6119 8642.3830 5.551895e-16 2.222915e-17 1.708394e+00 16 0
8639.4905 8647.2660 5.263616e-16 2.071489e-17 1.618727e+00 16 0
8644.3691 8652.1490 5.326226e-16 2.077998e-17 1.638153e+00 0 0
8649.2477 8657.0320 5.327192e-16 2.088274e-17 1.638403e+00 0 0
8654.1262 8661.9149 5.131161e-16 2.151755e-17 1.577413e+00 16 0
8659.0047 8666.7978 5.962805e-16 2.238250e-17 1.835877e+00 16 0
8663.8832 8671.6807 5.437208e-16 2.061140e-17 1.672409e+00 0 0
8668.7617 8676.5636 5.127696e-16 2.122471e-17 1.576135e+00 16 0
8673.6402 8681.4465 5.710569e-16 2.416995e-17 1.757206e+00 16 0
8678.5186 8686.3293 5.707813e-16 2.173125e-17 1.756250e+00 16 0
8683.3971 8691.2121 6.055256e-16 2.153186e-17 1.864123e+00 0 0
8688.2755 8696.0949 5.882433e-16 2.351869e-17 1.810288e+00 16 0
8693.1539 8700.9777 5.873003e-16 2.143201e-17 1.807227e+00 16 0
8698.0322 8705.8605 1.057541e-15 2.572149e-17 3.268941e+00 256 0
8702.9106 8710.7432 7.192997e-16 2.303536e-17 2.217109e+00 272 0
8707.7889 8715.6259 5.134116e-16 2.030933e-17 1.577279e+00 0 0
8712.6672 8720.5086 5.346086e-16 2.067406e-17 1.642965e+00 0 0
8717.5455 8725.3913 5.448843e-16 2.085368e-17 1.674720e+00 0 0
8722.4237 8730.2739 5.782719e-16 2.122836e-17 1.778221e+00 0 0
8727.3020 8735.1565 5.805100e-16 2.112279e-17 1.784980e+00 0 0
8732.1802 8740.0391 5.513764e-16 2.076796e-17 1.694335e+00 0 0
8737.0584 8744.9217 5.024219e-16 2.043945e-17 1.542207e+00 0 0
8741.9365 8749.8043 5.737910e-16 2.117761e-17 1.763492e+00 0 0
8746.8147 8754.6868 5.803161e-16 2.574346e-17 1.783516e+00 16 0
8751.6928 8759.5694 9.193616e-16 2.710465e-17 2.835743e+00 16 0
8756.5709 8764.4518 9.510362e-16 2.505920e-17 2.933684e+00 16 0
8761.4490 8769.3343 5.960700e-16 2.149241e-17 1.831629e+00 0 0
8766.3271 8774.2168 5.263126e-16 2.043983e-17 1.615024e+00 0 0
8771.2051 8779.0992 5.449002e-16 2.099575e-17 1.672394e+00 16 0
8776.0831 8783.9816 5.477184e-16 2.096913e-17 1.680863e+00 16 0
8780.9611 8788.8640 5.056558e-16 2.025815e-17 1.550217e+00 256 0
8785.8391 8793.7463 5.307409e-16 2.043349e-17 1.627672e+00 0 0
8790.7170 8798.6287 4.641134e-16 2.028407e-17 1.421001e+00 16 0
8795.5950 8803.5110 5.163330e-16 2.109434e-17 1.582444e+00 16 0
8800.4729 8808.3933 4.768224e-16 2.055818e-17 1.459800e+00 16 0
8805.3507 8813.2756 5.608573e-16 2.094538e-17 1.719665e+00 16 0
8810.2286 8818.1578 5.262065e-16 2.105700e-17 1.612043e+00 16 0
8815.1064 8823.0400 5.728251e-16 2.098029e-17 1.755978e+00 1024 0
8819.9842 8827.9222 5.119258e-16 2.278684e-17 1.567164e+00 1040 0
8824.8620 8832.8044 4.043395e-16 2.671575e-17 1.234161e+00 1040 0
8829.7398 8837.6865 5.523606e-16 2.177161e-17 1.691488e+00 1040 0
8834.6175 8842.5687 5.719457e-16 2.146906e-17 1.751645e+00 1040 0
8839.4952 8847.4508 5.904471e-16 2.119061e-17 1.808412e+00 1024 0
8844.3729 8852.3328 1.903629e-15 3.235628e-17 5.870754e+00 1040 0
8849.2506 8857.2149 7.055526e-16 2.258694e-17 2.163225e+00 1024 0
8854.1282 8862.0969 5.200574e-16 3.279125e-17 1.589623e+00 1040 0
8859.0058 8866.9789 1.949366e-15 3.254748e-17 6.007513e+00 1024 0
8863.8834 8871.8609 6.872748e-16 2.227297e-17 2.105047e+00 1024 0
8868.7610 8876.7428 1.030817e-15 2.786849e-17 3.165476e+00 1040 0
8873.6385 8881.6248 3.080761e-15 3.956672e-17 9.499269e+00 1024 0
8878.5160 8886.5067 1.021643e-15 2.551619e-17 3.135338e+00 1040 0
8883.3935 8891.3886 5.618985e-16 3.293338e-17 1.715991e+00 1040 0
8888.2710 8896.2704 5.450174e-16 2.372431e-17 1.663456e+00 1040 0
8893.1484 8901.1522 5.336281e-16 2.098446e-17 1.627857e+00 1040 0
8898.0258 8906.0340 5.527894e-16 2.108881e-17 1.686327e+00 1040 0
8902.9032 8910.9158 5.440751e-16 2.331185e-17 1.658914e+00 1040 0
8907.7806 8915.7976 5.378188e-16 2.134554e-17 1.639083e+00 1040 0
8912.6579 8920.6793 5.438207e-16 2.067755e-17 1.656972e+00 1024 0
8917.5352 8925.5610 5.187503e-16 2.057792e-17 1.579282e+00 1024 0
8922.4125 8930.4427 5.277904e-16 2.045645e-17 1.606506e+00 1024 0
8927.2897 8935.3243 5.702059e-16 2.203569e-17 1.736288e+00 1040 0
8932.1670 8940.2059 5.172248e-16 2.133601e-17 1.572879e+00 1040 0
8937.0442 8945.0875 9.626496e-16 2.523353e-17 2.941009e+00 1040 0
8941.9214 8949.9691 1.287913e-15 2.781615e-17 3.939638e+00 1024 0
8946.7985 8954.8506 5.255870e-16 2.053919e-17 1.596786e+00 1040 0
8951.6756 8959.7321 1.025507e-15 2.621610e-17 3.130677e+00 1040 0
8956.5527 8964.6136 2.294444e-15 3.495987e-17 7.026553e+00 1024 0
8961.4298 8969.4951 4.796464e-15 4.875134e-17 1.470844e+01 1040 0
8966.3068 8974.3765 6.492450e-16 2.190456e-17 1.973274e+00 1280 0
8971.1838 8979.2579 7.549592e-16 2.425970e-17 2.296431e+00 1296 0
8976.0608 8984.1393 4.990272e-16 2.167049e-17 1.511796e+00 16 0
8980.9378 8989.0206 5.597090e-16 2.102642e-17 1.696879e+00 16 0
8985.8147 8993.9020 5.765618e-16 2.323969e-17 1.747763e+00 16 0
8990.6916 8998.7833 5.542909e-16 2.290730e-17 1.678959e+00 16 0
8995.5685 9003.6645 5.438679e-16 2.158090e-17 1.646426e+00 16 0
9000.4454 9008.5458 5.146024e-16 2.075229e-17 1.556356e+00 16 0
9005.3222 9013.4270 5.626848e-16 2.129693e-17 1.702552e+00 16 0
9010.1990 9018.3082 5.081823e-16 2.050997e-17 1.535486e+00 0 0
9015.0757 9023.1893 5.248519e-16 2.154406e-17 1.585702e+00 16 0
9019.9525 9028.0704 4.839597e-16 2.035001e-17 1.460338e+00 16 0
9024.8292 9032.9515 5.325110e-16 2.065585e-17 1.607693e+00 0 0
9029.7059 9037.8326 5.166234e-16 2.648948e-17 1.558578e+00 16 0
9034.5825 9042.7136 5.308523e-16 2.098594e-17 1.601213e+00 16 0
9039.4591 9047.5947 5.310392e-16 2.080863e-17 1.601047e+00 16 0
9044.3357 9052.4756 5.641983e-16 2.126919e-17 1.701195e+00 16 0
9049.2123 9057.3566 6.676102e-16 2.474995e-17 2.014972e+00 16 0
9054.0888 9062.2375 6.360517e-16 2.356307e-17 1.918008e+00 16 0
9058.9653 9067.1184 5.721949e-16 2.157029e-17 1.722983e+00 16 0
9063.8418 9071.9993 5.748221e-16 2.108368e-17 1.730062e+00 0 0
9068.7183 9076.8801 5.524491e-16 2.096602e-17 1.661236e+00 0 0
9073.5947 9081.7609 5.525961e-16 2.074195e-17 1.660766e+00 0 0
9078.4711 9086.6417 5.907903e-16 2.150225e-17 1.775631e+00 16 0
9083.3474 9091.5224 5.302668e-16 2.272731e-17 1.591208e+00 16 0
9088.2238 9096.4032 5.291706e-16 2.096478e-17 1.586940e+00 16 0
9093.1001 9101.2838 5.216240e-16 2.070847e-17 1.563113e+00 0 0
9097.9763 9106.1645 4.911977e-16 2.058556e-17 1.470132e+00 16 0
9102.8526 9111.0451 4.702451e-16 6.858319e-17 1.405857e+00 16 0
9107.7288 9115.9257 4.883039e-16 2.023522e-17 1.459429e+00 0 0
9112.6049 9120.8063 5.041428e-16 2.109276e-17 1.506174e+00 16 0
9117.4811 9125.6868 5.035168e-16 2.451595e-17 1.503209e+00 16 0
9122.3572 9130.5673 5.235160e-16 2.046568e-17 1.562310e+00 0 0
9127.2333 9135.4478 5.398104e-16 2.104893e-17 1.610169e+00 16 0
9132.1093 9140.3282 5.274268e-16 2.164962e-17 1.571604e+00 16 0
9136.9854 9145.2087 5.446460e-16 2.108364e-17 1.622077e+00 0 0
9141.8614 9150.0890 5.829522e-16 2.298448e-17 1.735707e+00 16 0
9146.7373 9154.9694 5.485660e-16 2.095201e-17 1.631003e+00 0 0
9151.6132 9159.8497 5.512440e-16 2.111404e-17 1.637515e+00 0 0
9156.4891 9164.7300 5.230924e-16 2.067449e-17 1.551679e+00 0 0
9161.3650 9169.6102 5.446691e-16 2.119018e-17 1.614689e+00 16 0
9166.2408 9174.4905 5.133894e-16 2.092407e-17 1.519588e+00 16 0
9171.1166 9179.3706 4.783852e-16 2.150202e-17 1.413502e+00 16 0
9175.9924 9184.2508 5.089300e-16 2.077590e-17 1.503061e+00 16 0
9180.8681 9189.1309 4.532283e-16 1.997578e-17 1.335494e+00 0 0
9185.7439 9194.0110 4.920280e-16 2.071305e-17 1.449374e+00 0 0
9190.6195 9198.8911 4.767827e-16 2.320980e-17 1.402346e+00 16 0
9195.4952 9203.7711 5.129518e-16 2.203732e-17 1.507962e+00 16 0
9200.3708 9208.6511 5.251901e-16 2.257622e-17 1.542318e+00 16 0
9205.2464 9213.5311 4.975646e-16 2.061908e-17 1.458532e+00 16 0
9210.1219 9218.4110 5.365246e-16 2.102358e-17 1.571735e+00 0 0
9214.9974 9223.2909 5.494632e-16 2.140325e-17 1.607754e+00 0 0
9219.8729 9228.1708 5.595649e-16 2.162493e-17 1.635241e+00 0 0
9224.7483 9233.0506 5.855822e-16 2.433538e-17 1.709436e+00 16 0
9229.6237 9237.9304 5.465691e-16 2.151051e-17 1.592173e+00 0 0
9234.4991 9242.8102 5.351115e-16 2.163085e-17 1.556067e+00 16 0
9239.3745 9247.6899 5.011007e-16 2.118871e-17 1.453949e+00 16 0
9244.2498 9252.5696 4.760825e-16 2.078770e-17 1.378393e+00 0 0
9249.1250 9257.4493 4.730088e-16 2.034956e-17 1.367111e+00 0 0
9254.0003 9262.3289 4.673055e-16 2.027666e-17 1.348116e+00 0 0
9258.8755 9267.2085 4.602801e-16 2.104689e-17 1.325306e+00 16 0
9263.7507 9272.0880 4.799143e-16 2.040928e-17 1.379895e+00 0 0
9268.6258 9276.9676 5.039553e-16 2.129993e-17 1.447029e+00 0 0
9273.5009 9281.8471 5.256870e-16 2.105673e-17 1.507122e+00 0 0
9278.3760 9286.7265 5.575967e-16 2.193167e-17 1.596357e+00 16 0
9283.2510 9291.6059 5.466074e-16 2.144092e-17 1.561459e+00 0 0
9288.1260 9296.4853 5.951368e-16 3.110473e-17 1.697899e+00 16 0
9293.0010 9301.3647 7.730658e-16 5.732255e-17 2.205220e+00 16 0
9297.8759 9306.2440 6.274411e-16 8.022717e-17 1.783071e+00 16 0
9302.7508 9311.1233 5.793458e-16 2.193863e-17 1.641510e+00 0 0
9307.6257 9316.0025 5.156812e-16 2.136842e-17 1.456234e+00 0 0
9312.5005 9320.8818 4.578842e-16 2.474399e-17 1.288420e+00 16 0
9317.3753 9325.7609 4.594849e-16 2.098159e-17 1.289863e+00 0 0
9322.2501 9330.6401 6.171790e-16 2.323874e-17 1.732896e+00 16 0
9327.1248 9335.5192 1.192091e-15 2.834444e-17 3.352960e+00 16 0
9331.9995 9340.3983 7.176299e-16 2.416695e-17 2.007017e+00 256 0
9336.8741 9345.2773 5.109474e-16 2.170414e-17 1.421211e+00 0 0
9341.7487 9350.1563 5.383668e-16 2.192152e-17 1.494160e+00 0 0
9346.6233 9355.0353 5.931953e-16 2.277936e-17 1.643244e+00 272 0
9351.4979 9359.9142 1.165430e-15 2.804987e-17 3.233825e+00 256 0
9356.3724 9364.7931 7.251789e-16 2.387481e-17 2.000718e+00 256 0
9361.2468 9369.6720 5.153814e-16 2.211470e-17 1.413753e+00 16 0
9366.1213 9374.5508 4.085668e-16 5.366420e-17 1.114792e+00 272 0
9370.9957 9379.4296 5.031873e-16 2.728925e-17 1.371780e+00 16 0
9375.8700 9384.3083 4.530880e-16 2.155299e-17 1.230140e+00 0 0
9380.7444 9389.1870 4.002148e-16 3.765743e-17 1.081741e+00 16 0
9385.6186 9394.0657 8.121954e-16 2.608010e-17 2.202052e+00 16 0
9390.4929 9398.9443 8.447147e-16 2.974526e-17 2.283414e+00 16 0
9395.3671 9403.8229 4.724401e-16 2.165456e-17 1.266854e+00 0 0
9400.2413 9408.7015 4.485102e-16 2.131699e-17 1.198022e+00 0 0
9405.1154 9413.5800 4.655852e-16 2.173386e-17 1.239870e+00 0 0
9409.9895 9418.4585 4.833699e-16 2.239614e-17 1.283263e+00 0 0
9414.8636 9423.3370 4.652226e-16 2.273068e-17 1.230249e+00 16 0
9419.7376 9428.2154 5.090345e-16 2.282573e-17 1.342491e+00 0 0
9424.6116 9433.0937 5.270189e-16 2.274550e-17 1.385302e+00 0 0
9429.4855 9437.9721 5.356605e-16 2.323020e-17 1.403035e+00 16 0
9434.3595 9442.8504 4.840550e-16 3.354336e-17 1.261852e+00 16 0
9439.2333 9447.7286 5.254394e-16 2.310477e-17 1.365607e+00 0 0
9444.1072 9452.6069 4.710943e-16 2.241264e-17 1.218285e+00 16 0
9448.9810 9457.4850 4.977234e-16 2.323956e-17 1.282803e+00 16 0
9453.8547 9462.3632 4.618389e-16 2.269895e-17 1.184629e+00 16 0
9458.7284 9467.2413 4.170893e-16 2.192752e-17 1.064340e+00 0 0
9463.6021 9472.1194 4.258720e-16 2.259478e-17 1.082488e+00 16 0
9468.4758 9476.9974 4.393065e-16 2.334786e-17 1.112356e+00 16 0
9473.3494 9481.8754 4.513539e-16 2.259941e-17 1.138299e+00 0 0
9478.2229 9486.7533 3.852261e-16 3.585138e-17 9.656170e-01 16 0
9483.0965 9491.6313 4.161824e-16 2.262112e-17 1.039548e+00 16 0
9487.9700 9496.5091 4.549745e-16 2.301605e-17 1.132526e+00 16 0
9492.8434 9501.3870 4.650565e-16 2.382938e-17 1.152642e+00 16 0
9497.7168 9506.2648 5.144199e-16 3.103215e-17 1.270485e+00 16 0
9502.5902 9511.1425 5.019678e-16 2.375324e-17 1.233655e+00 0 0
9507.4635 9516.0202 4.913304e-16 2.695076e-17 1.201589e+00 16 0
9512.3368 9520.8979 5.634746e-16 2.460523e-17 1.373255e+00 0 0
9517.2100 9525.7755 5.429896e-16 2.445077e-17 1.316497e+00 0 0
9522.0833 9530.6531 5.450416e-16 2.423143e-17 1.315027e+00 0 0
9526.9564 9535.5307 5.027846e-16 2.410397e-17 1.206103e+00 0 0
9531.8295 9540.4082 5.432693e-16 2.490123e-17 1.297635e+00 16 0
9536.7026 9545.2857 5.638843e-16 2.504121e-17 1.340488e+00 0 0
9541.5757 9550.1631 5.430421e-16 2.840700e-17 1.283801e+00 16 0
9546.4487 9555.0405 4.472766e-16 5.256418e-17 1.049743e+00 16 0
9551.3217 9559.9178 4.556385e-16 2.788965e-17 1.063904e+00 16 0
9556.1946 9564.7952 4.626322e-16 2.506856e-17 1.074605e+00 16 0
9561.0675 9569.6724 3.949630e-16 3.657948e-17 9.107292e-01 16 0
9565.9403 9574.5497 4.267020e-16 2.379057e-17 9.793980e-01 0 0
9570.8131 9579.4268 4.351195e-16 3.254449e-17 9.933640e-01 16 0
9575.6859 9584.3040 4.399070e-16 2.467533e-17 9.987324e-01 0 0
9580.5586 9589.1811 4.214763e-16 2.416454e-17 9.509258e-01 0 0
9585.4313 9594.0582 4.251234e-16 2.455166e-17 9.536815e-01 0 0
9590.3039 9598.9352 4.803983e-16 2.508308e-17 1.072871e+00 0 0
9595.1765 9603.8122 4.767302e-16 2.586463e-17 1.058256e+00 16 0
9600.0491 9608.6891 5.104488e-16 2.635726e-17 1.127143e+00 16 0
9604.9216 9613.5660 5.789270e-16 2.679050e-17 1.272190e+00 0 0
9609.7940 9618.4429 8.507867e-16 3.233646e-17 1.864128e+00 16 0
9614.6665 9623.3197 9.160653e-16 3.517630e-17 1.995710e+00 16 0
9619.5389 9628.1964 4.697931e-16 2.602252e-17 1.010995e+00 16 0
9624.4112 9633.0732 4.968900e-16 2.664242e-17 1.063154e+00 16 0
9629.2835 9637.9499 3.903780e-16 2.496819e-17 8.274378e-01 0 0
9634.1558 9642.8265 4.032189e-16 2.681166e-17 8.494290e-01 16 0
9639.0280 9647.7031 3.524442e-16 2.959243e-17 7.361888e-01 16 0
9643.9001 9652.5797 3.313098e-16 3.280360e-17 6.867579e-01 16 0
9648.7723 9657.4562 3.790129e-16 2.634129e-17 7.819068e-01 16 0
9653.6444 9662.3326 4.288579e-16 2.683459e-17 8.801560e-01 0 0
9658.5164 9667.2091 4.349256e-16 2.661353e-17 8.866372e-01 0 0
9663.3884 9672.0855 4.666210e-16 2.714137e-17 9.454520e-01 0 0
9668.2604 9676.9618 2.106931e-16 6.634229e-17 4.181460e-01 16 0
9673.1323 9681.8381 4.014560e-16 5.028202e-17 8.003865e-01 16 0
9678.0041 9686.7143 5.319411e-16 4.436402e-17 1.056654e+00 16 0
9682.8760 9691.5906 4.610102e-16 4.071204e-17 9.075723e-01 16 0
9687.7477 9696.4667 5.109195e-16 2.903715e-17 9.997281e-01 16 0
9692.6195 9701.3428 4.280136e-16 3.902194e-17 8.294762e-01 16 0
9697.4912 9706.2189 4.146459e-16 3.060331e-17 7.973064e-01 16 0
9702.3628 9711.0950 4.172699e-16 2.873301e-17 7.964487e-01 16 0
9707.2344 9715.9709 3.405005e-16 3.472407e-17 6.430092e-01 16 0
9712.1060 9720.8469 3.565364e-16 3.535622e-17 6.686761e-01 16 0
9716.9775 9725.7228 4.362896e-16 4.144886e-17 8.144558e-01 16 0
9721.8490 9730.5986 3.904354e-16 3.371837e-17 7.220418e-01 16 0
9726.7204 9735.4745 4.231183e-16 2.891894e-17 7.773023e-01 0 0
9731.5918 9740.3502 5.945755e-16 3.343450e-17 1.088369e+00 272 0
9736.4631 9745.2259 4.879718e-16 3.023231e-17 8.840491e-01 272 0
9741.3344 9750.1016 3.809938e-16 2.989327e-17 6.822283e-01 16 0
9746.2057 9754.9772 4.254588e-16 3.588455e-17 7.569683e-01 16 0
9751.0769 9759.8528 4.243843e-16 2.982509e-17 7.488528e-01 0 0
9755.9480 9764.7284 4.947618e-16 3.209734e-17 8.677270e-01 16 0
9760.8191 9769.6039 4.333315e-16 3.054785e-17 7.522522e-01 0 0
9765.6902 9774.4793 4.786844e-16 3.112920e-17 8.251967e-01 0 0
9770.5612 9779.3547 5.195183e-16 3.188935e-17 8.890011e-01 0 0
9775.4322 9784.2301 4.907501e-16 3.323849e-17 8.319647e-01 16 0
9780.3031 9789.1054 4.395866e-16 3.289539e-17 7.376146e-01 272 0
9785.1740 9793.9807 4.178052e-16 3.226854e-17 6.944005e-01 16 0
9790.0448 9798.8559 3.895002e-16 3.329859e-17 6.409057e-01 16 0
9794.9156 9803.7310 3.921229e-16 3.205880e-17 6.395715e-01 16 0
9799.7864 9808.6062 3.669542e-16 3.187459e-17 5.924428e-01 0 0
9804.6571 9813.4812 3.347381e-16 3.569397e-17 5.345626e-01 16 0
9809.5277 9818.3563 3.392913e-16 3.416032e-17 5.370360e-01 16 0
9814.3983 9823.2313 2.919116e-16 3.934955e-17 4.562282e-01 16 0
9819.2689 9828.1062 3.037775e-16 3.288571e-17 4.707930e-01 16 0
9824.1394 9832.9811 3.400000e-16 3.304862e-17 5.233167e-01 0 0
9829.0098 9837.8559 3.755209e-16 3.554721e-17 5.737130e-01 16 0
9833.8802 9842.7307 3.634876e-16 3.363979e-17 5.496836e-01 16 0
9838.7506 9847.6055 2.953050e-16 3.528303e-17 4.401584e-01 272 0
9843.6209 9852.4802 3.924283e-16 6.482196e-17 5.829816e-01 16 0
9848.4912 9857.3548 4.331768e-16 3.622197e-17 6.384522e-01 16 0
9853.3614 9862.2294 4.301974e-16 3.575312e-17 6.277694e-01 16 0
9858.2316 9867.1040 4.488416e-16 3.711196e-17 6.490085e-01 16 0
9863.1017 9871.9785 4.990764e-16 3.681296e-17 7.157841e-01 0 0
9867.9718 9876.8530 4.126669e-16 3.567499e-17 5.838864e-01 0 0
9872.8418 9881.7274 4.466110e-16 3.652631e-17 6.264755e-01 0 0
9877.7118 9886.6018 3.687536e-16 3.630085e-17 5.099297e-01 0 0
9882.5818 9891.4761 4.490175e-16 3.819451e-17 6.170712e-01 256 0
9887.4516 9896.3504 1.528343e-15 5.017035e-17 2.108287e+00 256 0
9892.3215 9901.2246 7.653912e-15 9.491514e-17 1.050820e+01 272 0
9897.1913 9906.0987 5.218420e-16 4.119138e-17 6.968304e-01 16 0
9902.0610 9910.9729 1.211898e-15 4.853250e-17 1.617527e+00 16 0
9906.9307 9915.8469 8.914910e-16 4.723355e-17 1.173944e+00 16 0
9911.8003 9920.7210 3.409053e-16 4.020812e-17 4.366097e-01 16 0
9916.6699 9925.5949 2.337037e-16 3.745560e-17 2.922028e-01 0 0
9921.5395 9930.4689 1.120422e-15 4.952210e-17 1.431558e+00 272 0
9926.4090 9935.3428 1.132756e-15 5.081084e-17 1.431682e+00 272 0
9931.2784 9940.2166 3.088546e-16 4.100190e-17 3.770903e-01 272 0
9936.1478 9945.0904 2.790337e-16 4.467604e-17 3.356002e-01 16 0
9941.0172 9949.9641 3.022980e-16 4.004370e-17 3.604122e-01 0 0
9945.8865 9954.8378 3.358711e-16 4.422592e-17 3.971775e-01 16 0
9950.7557 9959.7114 1.680713e-15 6.447423e-17 2.014647e+00 16 0
9955.6249 9964.5850 2.179756e-15 6.421011e-17 2.587155e+00 272 0
9960.4941 9969.4585 8.308014e-15 1.060777e-16 9.789332e+00 256 0
9965.3632 9974.3320 8.044281e-15 1.087329e-16 9.369192e+00 272 0
9970.2322 9979.2054 2.715301e-16 4.244818e-17 3.000485e-01 0 0
9975.1012 9984.0788 2.168672e-16 4.337857e-17 2.340444e-01 0 0
9979.9701 9988.9521 2.473072e-16 4.332655e-17 2.653986e-01 0 0
9984.8390 9993.8254 2.039574e-16 4.556789e-17 2.137610e-01 16 0
9989.7079 9998.6986 2.559245e-16 4.590380e-17 2.682168e-01 16 0
9994.5767 10003.5718 2.191720e-16 4.751881e-17 2.248147e-01 16 0
9999.4454 10008.4449 3.154628e-16 4.680821e-17 3.253188e-01 0 0
10004.3141 10013.3180 1.985316e-16 4.555116e-17 1.970071e-01 0 0
10009.1827 10018.1910 2.420801e-16 8.160137e-17 2.400649e-01 16 0
10014.0513 10023.0640 1.468042e-16 4.587469e-17 1.379262e-01 0 0
10018.9199 10027.9369 2.809964e-16 5.684143e-17 2.734545e-01 16 0
10023.7884 10032.8098 2.388663e-16 4.846871e-17 2.271954e-01 0 0
10028.6568 10037.6826 3.493346e-16 6.549823e-17 3.341237e-01 1040 0
10033.5252 10042.5553 2.769395e-16 5.184104e-17 2.583506e-01 1040 0
10038.3935 10047.4281 1.563902e-16 4.994752e-17 1.373383e-01 1296 0
10043.2618 10052.3007 2.023390e-16 5.281445e-17 1.794507e-01 1040 0
10048.1300 10057.1733 1.251040e-16 5.029127e-17 1.032569e-01 1024 0
10052.9982 10062.0459 9.944762e-17 5.069139e-17 7.726187e-02 1024 0
10057.8663 10066.9184 2.091550e-16 5.393793e-17 1.775923e-01 1040 0
10062.7344 10071.7908 1.470444e-16 5.368303e-17 1.181490e-01 1040 0
10067.6024 10076.6632 8.003238e-17 5.477453e-17 5.527842e-02 1040 0
10072.4703 10081.5356 1.148943e-16 5.569392e-17 8.543321e-02 1024 0
10077.3383 10086.4079 5.888535e-17 5.433350e-17 3.394818e-02 1024 0
10082.2061 10091.2801 1.391794e-16 6.019900e-17 1.032098e-01 1040 0
10087.0739 10096.1523 1.240284e-16 5.735265e-17 8.834082e-02 1024 0
10091.9417 10101.0244 1.596609e-17 6.067151e-17 -6.101459e-03 1040 0
10096.8094 10105.8965 7.150507e-16 6.888593e-17 5.661019e-01 1040 0
10101.6770 10110.7685 2.699947e-16 6.857170e-17 2.008219e-01 1040 0
10106.5446 10115.6405 -1.091839e-15 2.050717e-16 -8.567792e-01 17424 0
10111.4121 10120.5124 1.612296e-17 6.226149e-17 -7.222176e-03 1024 0
10116.2796 10125.3843 1.270311e-16 6.496049e-17 7.999089e-02 1024 0
10121.1470 10130.2561 -9.277073e-18 6.487146e-17 -2.607802e-02 1040 0
10126.0144 10135.1278 1.830584e-15 8.756246e-17 1.322563e+00 1024 0
10130.8817 10139.9995 2.109009e-15 9.215885e-17 1.497191e+00 1280 0
10135.7490 10144.8712 8.674262e-18 7.577655e-17 -1.384261e-02 1040 0
10140.6162 10149.7428 1.249061e-17 6.846170e-17 -1.151466e-02 1024 0
10145.4834 10154.6143 6.416318e-17 7.178159e-17 2.461308e-02 1040 0
10150.3505 10159.4858 -8.135233e-17 7.024475e-17 -7.204276e-02 1040 0
10155.2175 10164.3572 6.349096e-16 8.385512e-17 3.973336e-01 1040 0
10160.0845 10169.2286 2.627006e-15 1.405041e-16 1.653361e+00 1296 0
10164.9515 10174.0999 1.068215e-15 1.030307e-16 6.493449e-01 1040 0
10169.8184 10178.9712 3.074050e-15 1.178601e-16 1.853205e+00 1040 0
10174.6852 10183.8424 -1.345322e-16 1.393796e-16 -9.775275e-02 1040 0
10179.5520 10188.7136 -1.092315e-16 8.364506e-17 -8.194473e-02 1040 0
10184.4187 10193.5847 -2.200872e-16 8.343492e-17 -1.411924e-01 1040 0
10189.2854 10198.4557 -2.310842e-16 8.322600e-17 -1.443192e-01 16 0
10194.1520 10203.3267 -3.548434e-16 8.442248e-17 -2.056016e-01 0 0
10199.0185 10208.1976 3.477206e-16 8.618407e-17 1.739725e-01 0 0
10203.8850 10213.0685 2.727473e-16 8.910592e-17 1.315509e-01 16 0
10208.7515 10217.9393 4.291896e-16 9.109158e-17 2.055042e-01 0 0
10213.6178 10222.8101 2.196614e-16 9.086574e-17 9.900720e-02 0 0
10218.4842 10227.6808 3.031448e-16 9.484221e-17 1.353579e-01 0 0
10223.3504 10232.5515 3.244374e-16 9.420902e-17 1.412438e-01 0 0
10228.2167 10237.4221 3.622573e-16 9.917856e-17 1.540758e-01 0 0
10233.0828 10242.2926 3.657203e-16 1.000783e-16 1.512145e-01 0 0
10237.9489 10247.1631 4.939256e-16 1.081259e-16 2.009924e-01 512 0
