# LMC-SN1987A-STIS-2 o6kq02040 G750L CCD z=0.0009 a2center=543.1 extrsize=25 exptime=1051.0 mode=fixed flags=extended_host,no_defringe(no_flat)
# rest_wvl obs_wvl flux error net dq mask
5252.1406 5256.8676 1.388396e-14 6.692251e-16 1.191244e+01 528 0
5257.0052 5261.7365 8.313174e-15 9.821275e-17 8.741833e+00 512 0
5261.8699 5266.6056 5.059999e-15 7.701291e-17 6.295158e+00 528 0
5266.7346 5271.4747 2.480442e-15 5.710688e-17 3.554494e+00 512 0
5271.5994 5276.3438 1.760233e-15 5.100475e-17 2.858039e+00 528 0
5276.4642 5281.2131 -2.103772e-16 3.524761e-17 -4.147475e-01 528 0
5281.3291 5286.0823 -1.385633e-15 2.923786e-17 -2.844887e+00 528 0
5286.1941 5290.9517 -1.678313e-15 2.156503e-17 -3.767378e+00 528 0
5291.0591 5295.8211 -1.139028e-15 2.318969e-17 -2.791749e+00 512 0
5295.9242 5300.6905 4.967391e-16 3.271586e-17 1.266937e+00 528 0
5300.7893 5305.5600 1.307881e-16 1.505090e-17 3.346053e-01 16 0
5305.6545 5310.4296 1.994544e-16 1.514183e-17 5.410210e-01 0 0
5310.5197 5315.2992 2.737333e-16 1.597608e-17 7.569590e-01 0 0
5315.3851 5320.1689 3.906618e-16 1.687259e-17 1.099433e+00 0 0
5320.2504 5325.0386 5.542464e-16 1.963676e-17 1.551909e+00 16 0
5325.1158 5329.9084 7.136007e-16 2.023033e-17 1.982810e+00 0 0
5329.9813 5334.7783 8.934045e-16 2.818400e-17 2.436810e+00 16 0
5334.8469 5339.6482 1.119444e-15 2.710237e-17 2.993015e+00 16 0
5339.7125 5344.5182 1.348276e-15 2.625897e-17 3.526505e+00 16 0
5344.5781 5349.3882 1.596131e-15 2.850777e-17 4.079921e+00 16 0
5349.4438 5354.2583 1.900634e-15 3.897538e-17 4.769243e+00 16 0
5354.3096 5359.1285 2.637390e-15 3.522230e-17 6.506658e+00 16 0
5359.1754 5363.9987 2.443887e-15 3.439923e-17 5.948030e+00 256 0
5364.0413 5368.8689 7.402524e-15 5.601858e-17 1.789991e+01 256 0
5368.9072 5373.7393 3.690640e-15 4.197543e-17 8.853397e+00 272 0
5373.7732 5378.6096 2.858132e-15 3.814585e-17 6.828690e+00 272 0
5378.6393 5383.4801 2.365243e-15 3.476668e-17 5.656885e+00 0 0
5383.5054 5388.3506 2.319133e-15 3.436982e-17 5.573261e+00 16 0
5388.3716 5393.2211 2.377484e-15 3.445435e-17 5.764142e+00 16 0
5393.2378 5398.0917 2.589835e-15 3.533106e-17 6.354049e+00 256 0
5398.1041 5402.9624 3.159187e-15 3.934042e-17 7.870357e+00 272 0
5402.9704 5407.8331 4.176272e-15 4.240734e-17 1.059405e+01 256 0
5407.8368 5412.7038 1.835547e-15 3.149141e-17 4.723832e+00 272 0
5412.7032 5417.5747 1.778563e-15 2.934740e-17 4.673871e+00 0 0
5417.5697 5422.4456 1.609066e-15 4.027273e-17 4.318736e+00 16 0
5422.4363 5427.3165 2.184230e-15 3.188190e-17 6.011372e+00 16 0
5427.3029 5432.1875 1.885975e-15 2.866679e-17 5.305853e+00 256 0
5432.1696 5437.0585 1.790424e-15 2.810737e-17 5.152164e+00 272 0
5437.0363 5441.9297 3.108111e-15 3.435223e-17 9.173422e+00 0 0
5441.9031 5446.8008 3.002093e-15 3.587303e-17 9.054220e+00 16 0
5446.7699 5451.6720 1.457313e-15 2.475725e-17 4.471045e+00 0 0
5451.6368 5456.5433 1.393238e-15 2.445332e-17 4.359502e+00 16 0
5456.5038 5461.4146 1.350846e-15 2.358699e-17 4.308600e+00 16 0
5461.3708 5466.2860 1.579655e-15 2.481309e-17 5.132207e+00 16 0
5466.2378 5471.1574 1.446114e-15 4.955751e-17 4.775495e+00 16 0
5471.1049 5476.0289 1.361601e-15 2.310567e-17 4.557892e+00 0 0
5475.9721 5480.9005 1.350967e-15 2.301673e-17 4.584598e+00 16 0
5480.8393 5485.7721 1.384762e-15 2.333178e-17 4.747221e+00 16 0
5485.7066 5490.6437 1.393758e-15 2.307263e-17 4.825790e+00 16 0
5490.5739 5495.5154 1.375922e-15 2.264820e-17 4.792805e+00 0 0
5495.4413 5500.3872 1.443318e-15 2.314333e-17 5.059068e+00 16 0
5500.3087 5505.2590 1.426727e-15 2.279514e-17 5.020182e+00 256 0
5505.1762 5510.1309 1.494284e-15 2.529265e-17 5.278885e+00 16 0
5510.0438 5515.0028 1.682499e-15 2.458047e-17 5.966544e+00 272 0
5514.9114 5519.8748 1.979602e-15 2.579882e-17 7.047402e+00 256 0
5519.7790 5524.7468 1.538350e-15 2.334013e-17 5.481864e+00 0 0
5524.6467 5529.6189 1.582154e-15 2.497242e-17 5.651331e+00 16 0
5529.5145 5534.4911 1.565006e-15 2.351611e-17 5.598500e+00 16 0
5534.3823 5539.3633 1.556753e-15 2.329408e-17 5.576173e+00 0 0
5539.2502 5544.2355 1.658343e-15 2.408597e-17 5.950332e+00 0 0
5544.1181 5549.1078 2.584903e-15 2.863922e-17 9.308030e+00 272 0
5548.9861 5553.9801 3.088158e-15 3.079873e-17 1.114911e+01 272 0
5553.8541 5558.8526 3.079205e-15 3.137496e-17 1.114146e+01 272 0
5558.7222 5563.7250 2.619764e-15 2.857470e-17 9.497733e+00 0 0
5563.5903 5568.5975 1.672339e-15 2.391367e-17 6.067533e+00 16 0
5568.4585 5573.4701 1.629751e-15 2.361321e-17 5.930889e+00 0 0
5573.3267 5578.3427 1.778027e-15 2.441529e-17 6.495709e+00 272 0
5578.1950 5583.2154 2.459863e-15 2.787069e-17 9.033271e+00 256 0
5583.0633 5588.0881 2.737298e-15 3.118461e-17 1.009587e+01 272 0
5587.9317 5592.9608 5.347473e-15 4.341389e-17 1.984677e+01 272 0
5592.8002 5597.8337 2.341707e-15 3.169931e-17 8.705555e+00 272 0
5597.6686 5602.7065 1.559303e-15 2.333193e-17 5.811955e+00 16 0
5602.5372 5607.5795 1.543924e-15 2.287786e-17 5.783450e+00 0 0
5607.4058 5612.4524 1.548255e-15 2.297883e-17 5.829591e+00 16 0
5612.2744 5617.3255 1.566264e-15 2.326944e-17 5.929810e+00 16 0
5617.1431 5622.1986 1.567959e-15 2.573963e-17 5.968529e+00 16 0
5622.0119 5627.0717 1.494426e-15 2.230071e-17 5.718593e+00 0 0
5626.8807 5631.9449 1.460456e-15 2.220002e-17 5.618659e+00 272 0
5631.7495 5636.8181 1.545654e-15 2.264868e-17 5.980577e+00 272 0
5636.6184 5641.6914 3.238537e-15 3.026918e-17 1.263920e+01 256 0
5641.4874 5646.5647 1.666350e-15 2.310499e-17 6.517547e+00 0 0
5646.3564 5651.4381 1.524089e-15 2.226335e-17 5.988124e+00 256 0
5651.2254 5656.3115 1.639633e-15 2.288364e-17 6.473619e+00 256 0
5656.0946 5661.1850 1.449242e-15 2.577614e-17 5.743639e+00 16 0
5660.9637 5666.0586 1.595086e-15 2.470343e-17 6.350458e+00 16 0
5665.8329 5670.9322 1.746561e-15 2.327388e-17 6.984465e+00 0 0
5670.7022 5675.8058 1.450995e-15 2.170430e-17 5.817556e+00 0 0
5675.5715 5680.6795 1.510105e-15 2.194499e-17 6.077283e+00 256 0
5680.4408 5685.5532 2.446855e-15 2.636912e-17 9.901340e+00 272 0
5685.3102 5690.4270 2.606517e-15 2.692301e-17 1.058318e+01 256 0
5690.1797 5695.3009 4.772694e-15 3.506952e-17 1.947163e+01 256 0
5695.0492 5700.1747 4.796028e-15 3.524491e-17 1.962214e+01 0 0
5699.9187 5705.0487 2.650820e-15 2.768869e-17 1.085405e+01 16 0
5704.7884 5709.9227 1.464694e-15 2.158552e-17 5.996440e+00 0 0
5709.6580 5714.7967 1.481869e-15 2.155388e-17 6.082436e+00 256 0
5714.5277 5719.6708 1.731502e-15 2.275783e-17 7.130528e+00 272 0
5719.3975 5724.5449 1.912714e-15 3.113439e-17 7.900311e+00 272 0
5724.2673 5729.4191 2.053656e-15 2.439527e-17 8.506641e+00 16 0
5729.1371 5734.2933 2.126798e-15 2.538470e-17 8.834117e+00 16 0
5734.0070 5739.1676 1.469478e-15 2.563833e-17 6.109434e+00 16 0
5738.8769 5744.0419 1.403394e-15 2.534024e-17 5.850000e+00 16 0
5743.7469 5748.9163 1.419194e-15 2.119800e-17 5.934394e+00 16 0
5748.6170 5753.7907 2.257908e-15 2.531776e-17 9.493099e+00 272 0
5753.4871 5758.6652 2.267830e-15 2.507619e-17 9.568143e+00 256 0
5758.3572 5763.5397 2.117065e-15 2.443066e-17 8.961463e+00 256 0
5763.2274 5768.4143 1.987897e-15 2.384529e-17 8.444259e+00 272 0
5768.0976 5773.2889 4.412064e-15 3.349511e-17 1.886452e+01 272 0
5772.9679 5778.1636 1.607511e-15 2.184219e-17 6.874861e+00 256 0
5777.8382 5783.0383 1.395290e-15 2.159070e-17 5.986425e+00 16 0
5782.7086 5787.9130 1.398541e-15 2.130399e-17 6.024532e+00 16 0
5787.5790 5792.7879 1.480226e-15 2.105522e-17 6.403835e+00 272 0
5792.4495 5797.6627 1.865665e-15 2.285814e-17 8.112219e+00 256 0
5797.3200 5802.5376 1.684491e-15 2.193498e-17 7.349481e+00 256 0
5802.1906 5807.4126 1.864071e-15 2.273805e-17 8.167118e+00 256 0
5807.0612 5812.2876 1.652280e-15 2.164399e-17 7.261916e+00 256 0
5811.9319 5817.1626 3.988225e-15 3.127657e-17 1.764550e+01 272 0
5816.8026 5822.0377 1.478762e-15 2.177797e-17 6.540413e+00 16 0
5821.6733 5826.9128 3.316663e-15 2.864045e-17 1.476219e+01 256 0
5826.5441 5831.7880 2.102806e-15 2.361949e-17 9.373172e+00 256 0
5831.4150 5836.6632 2.626889e-15 2.590751e-17 1.175047e+01 256 0
5836.2859 5841.5385 1.414371e-15 2.032222e-17 6.326359e+00 272 0
5841.1568 5846.4138 1.337441e-15 2.030365e-17 5.993655e+00 16 0
5846.0278 5851.2892 1.331190e-15 1.980716e-17 5.978231e+00 0 0
5850.8988 5856.1646 1.300554e-15 1.970217e-17 5.849792e+00 16 0
5855.7699 5861.0401 1.329873e-15 1.973749e-17 5.991898e+00 0 0
5860.6410 5865.9156 1.341044e-15 1.999479e-17 6.049827e+00 16 0
5865.5122 5870.7911 1.285346e-15 2.026612e-17 5.803431e+00 16 0
5870.3834 5875.6667 1.310056e-15 2.002883e-17 5.920202e+00 272 0
5875.2546 5880.5424 1.475086e-15 2.048693e-17 6.674409e+00 256 0
5880.1259 5885.4181 2.577903e-15 2.567524e-17 1.169646e+01 272 0
5884.9973 5890.2938 7.198916e-15 4.011339e-17 3.275407e+01 256 0
5889.8687 5895.1696 2.197601e-15 2.507606e-17 9.967567e+00 272 0
5894.7401 5900.0454 1.305808e-15 1.973580e-17 5.907541e+00 16 0
5899.6116 5904.9213 1.312303e-15 1.998696e-17 5.935524e+00 16 0
5904.4831 5909.7972 1.355240e-15 2.005223e-17 6.128372e+00 272 0
5909.3547 5914.6731 1.739388e-15 2.193800e-17 7.871620e+00 256 0
5914.2263 5919.5491 2.811827e-15 2.649827e-17 1.274163e+01 256 0
5919.0980 5924.4252 2.683888e-15 2.597668e-17 1.215319e+01 256 0
5923.9697 5929.3013 1.989343e-15 2.405336e-17 8.992895e+00 272 0
5928.8414 5934.1774 1.327186e-15 1.985763e-17 5.984689e+00 256 0
5933.7132 5939.0536 1.277369e-15 1.965597e-17 5.756110e+00 256 0
5938.5851 5943.9298 1.211558e-15 1.919070e-17 5.455639e+00 0 0
5943.4569 5948.8061 1.260232e-15 2.005239e-17 5.674777e+00 16 0
5948.3289 5953.6824 1.257706e-15 1.969194e-17 5.662372e+00 16 0
5953.2008 5958.5587 1.335151e-15 2.000323e-17 6.013638e+00 16 0
5958.0728 5963.4351 3.748311e-15 3.010226e-17 1.695342e+01 272 0
5962.9449 5968.3116 3.235602e-15 2.818225e-17 1.463545e+01 272 0
5967.8170 5973.1880 3.392447e-15 2.875999e-17 1.535495e+01 256 0
5972.6891 5978.0646 4.540800e-15 3.267951e-17 2.058684e+01 272 0
5977.5613 5982.9411 6.916633e-15 3.952377e-17 3.141378e+01 0 0
5982.4336 5987.8177 1.707338e-15 2.359909e-17 7.733513e+00 16 0
5987.3058 5992.6944 1.254912e-15 1.944851e-17 5.683179e+00 0 0
5992.1781 5997.5711 1.380336e-15 2.002854e-17 6.266550e+00 256 0
5997.0505 6002.4478 3.426191e-15 2.880101e-17 1.564024e+01 272 0
6001.9229 6007.3246 2.959255e-15 2.739207e-17 1.353561e+01 272 0
6006.7953 6012.2014 1.808376e-15 2.216205e-17 8.276866e+00 256 0
6011.6678 6017.0783 1.676543e-15 2.185400e-17 7.692834e+00 272 0
6016.5403 6021.9552 1.506417e-15 2.067744e-17 6.928895e+00 272 0
6021.4129 6026.8322 2.030352e-15 2.306777e-17 9.381297e+00 0 0
6026.2855 6031.7092 1.188880e-15 1.915871e-17 5.496990e+00 16 0
6031.1582 6036.5862 1.214948e-15 1.901337e-17 5.637900e+00 0 0
6036.0309 6041.4633 1.485994e-15 2.107402e-17 6.927737e+00 16 0
6040.9036 6046.3404 1.180897e-15 1.873369e-17 5.518863e+00 0 0
6045.7764 6051.2176 1.203550e-15 2.332699e-17 5.646463e+00 16 0
6050.6492 6056.0948 1.156630e-15 1.863863e-17 5.445762e+00 0 0
6055.5220 6060.9720 2.284330e-15 2.412019e-17 1.083080e+01 272 0
6060.3949 6065.8493 2.899949e-15 2.621127e-17 1.381328e+01 272 0
6065.2679 6070.7266 4.267216e-15 3.087460e-17 2.042467e+01 16 0
6070.1409 6075.6040 2.516599e-15 2.480427e-17 1.207350e+01 16 0
6075.0139 6080.4814 2.209222e-15 2.346371e-17 1.063379e+01 16 0
6079.8869 6085.3588 1.834898e-15 2.167340e-17 8.858101e+00 16 0
6084.7600 6090.2363 3.292033e-15 2.777735e-17 1.598076e+01 272 0
6089.6332 6095.1138 3.167987e-15 2.678452e-17 1.543025e+01 256 0
6094.5064 6099.9914 1.191051e-15 1.840526e-17 5.797532e+00 256 0
6099.3796 6104.8690 1.084172e-15 1.778054e-17 5.291336e+00 0 0
6104.2528 6109.7467 1.055241e-15 2.972396e-17 5.164740e+00 16 0
6109.1261 6114.6244 1.123832e-15 1.787351e-17 5.518546e+00 0 0
6113.9995 6119.5021 1.106280e-15 1.948668e-17 5.446410e+00 16 0
6118.8729 6124.3799 1.110010e-15 1.806737e-17 5.479165e+00 16 0
6123.7463 6129.2577 1.091325e-15 1.793539e-17 5.399168e+00 16 0
6128.6198 6134.1355 1.094352e-15 1.904042e-17 5.426821e+00 16 0
6133.4933 6139.0134 1.150651e-15 1.805352e-17 5.719508e+00 16 0
6138.3668 6143.8913 1.819304e-15 2.123012e-17 9.081633e+00 272 0
6143.2404 6148.7693 1.905023e-15 2.154696e-17 9.528231e+00 272 0
6148.1140 6153.6473 2.035509e-15 2.202967e-17 1.020148e+01 256 0
6152.9877 6158.5253 1.106178e-15 1.768503e-17 5.536440e+00 256 0
6157.8614 6163.4034 1.069240e-15 1.750084e-17 5.358566e+00 16 0
6162.7351 6168.2815 1.068395e-15 1.988828e-17 5.361002e+00 16 0
6167.6089 6173.1597 1.123218e-15 1.810505e-17 5.644755e+00 16 0
6172.4827 6178.0379 1.268672e-15 1.836405e-17 6.386414e+00 256 0
6177.3565 6182.9161 3.421167e-15 2.722279e-17 1.730222e+01 272 0
6182.2304 6187.7944 1.287163e-14 5.038482e-17 6.528541e+01 256 0
6187.1043 6192.6727 1.174353e-15 1.794027e-17 5.923892e+00 0 0
6191.9783 6197.5511 1.133340e-15 1.774221e-17 5.719006e+00 0 0
6196.8523 6202.4295 1.139390e-15 1.761447e-17 5.752597e+00 0 0
6201.7263 6207.3079 1.120092e-15 1.792697e-17 5.656598e+00 16 0
6206.6004 6212.1864 1.125377e-15 1.760628e-17 5.685138e+00 0 0
6211.4745 6217.0649 1.129899e-15 2.599999e-17 5.709309e+00 272 0
6216.3487 6221.9434 1.108892e-15 2.067880e-17 5.603500e+00 16 0
6221.2229 6226.8220 1.078107e-15 1.758587e-17 5.447759e+00 16 0
6226.0971 6231.7006 1.091421e-15 1.735621e-17 5.516037e+00 0 0
6230.9714 6236.5793 1.460582e-15 1.934216e-17 7.393896e+00 16 0
6235.8457 6241.4579 1.684554e-15 2.037456e-17 8.534160e+00 0 0
6240.7200 6246.3367 1.678797e-15 2.036230e-17 8.506341e+00 272 0
6245.5944 6251.2154 1.363650e-15 2.283465e-17 6.904498e+00 272 0
6250.4688 6256.0942 1.084683e-15 1.749650e-17 5.486872e+00 16 0
6255.3433 6260.9731 1.180198e-15 1.789298e-17 5.975142e+00 256 0
6260.2177 6265.8519 1.061239e-15 1.723685e-17 5.372154e+00 0 0
6265.0923 6270.7309 1.058655e-15 1.720016e-17 5.362302e+00 0 0
6269.9668 6275.6098 1.269616e-15 1.836728e-17 6.441992e+00 272 0
6274.8414 6280.4888 1.108564e-15 1.786415e-17 5.625871e+00 272 0
6279.7161 6285.3678 1.048499e-15 1.722956e-17 5.324809e+00 16 0
6284.5907 6290.2468 1.064304e-15 1.766359e-17 5.412633e+00 16 0
6289.4654 6295.1259 1.064190e-15 1.721366e-17 5.419687e+00 0 0
6294.3402 6300.0051 1.174191e-15 1.777471e-17 5.993793e+00 256 0
6299.2149 6304.8842 1.034362e-15 1.782067e-17 5.285898e+00 16 0
6304.0897 6309.7634 1.084009e-15 1.734084e-17 5.553477e+00 16 0
6308.9646 6314.6427 1.051444e-15 1.715173e-17 5.397885e+00 0 0
6313.8395 6319.5219 1.072725e-15 1.723593e-17 5.522120e+00 256 0
6318.7144 6324.4012 1.019209e-15 1.714135e-17 5.258751e+00 16 0
6323.5893 6329.2806 1.113603e-15 1.732136e-17 5.765377e+00 272 0
6328.4643 6334.1599 1.390960e-15 1.867745e-17 7.230363e+00 272 0
6333.3393 6339.0393 2.146034e-15 2.201440e-17 1.120920e+01 256 0
6338.2144 6343.9188 7.548460e-15 3.818842e-17 3.965751e+01 256 0
6343.0895 6348.7983 2.097208e-15 2.194702e-17 1.102198e+01 272 0
6347.9646 6353.6778 2.344061e-15 2.270447e-17 1.236305e+01 272 0
6352.8398 6358.5573 1.268050e-15 1.799732e-17 6.692967e+00 272 0
6357.7149 6363.4369 1.328633e-15 1.810872e-17 7.036852e+00 16 0
6362.5902 6368.3165 1.487935e-15 1.954621e-17 7.909543e+00 16 0
6367.4654 6373.1961 1.049113e-15 1.664686e-17 5.584535e+00 0 0
6372.3407 6378.0758 1.004355e-15 1.661199e-17 5.361107e+00 16 0
6377.2160 6382.9555 1.017365e-15 1.635711e-17 5.447189e+00 0 0
6382.0914 6387.8353 1.137445e-15 1.728720e-17 6.111058e+00 272 0
6386.9668 6392.7151 1.023704e-15 1.637331e-17 5.511779e+00 256 0
6391.8422 6397.5949 9.814622e-16 1.635672e-17 5.296341e+00 16 0
6396.7177 6402.4747 1.176394e-15 1.723399e-17 6.369920e+00 16 0
6401.5932 6407.3546 1.010591e-15 1.706550e-17 5.479492e+00 16 0
6406.4687 6412.2345 1.519850e-15 1.871477e-17 8.274219e+00 272 0
6411.3443 6417.1145 1.376110e-15 1.803910e-17 7.502185e+00 256 0
6416.2199 6421.9945 1.195963e-15 1.739187e-17 6.526585e+00 272 0
6421.0955 6426.8745 1.800465e-15 2.502868e-17 9.857906e+00 272 0
6425.9711 6431.7545 1.897837e-15 2.041545e-17 1.040702e+01 272 0
6430.8468 6436.6346 1.207521e-15 1.719620e-17 6.617002e+00 0 0
6435.7226 6441.5147 9.621789e-16 1.630198e-17 5.271532e+00 16 0
6440.5983 6446.3949 9.857166e-16 1.747971e-17 5.406402e+00 16 0
6445.4741 6451.2750 9.955541e-16 1.612032e-17 5.464918e+00 16 0
6450.3499 6456.1552 1.047642e-15 1.630860e-17 5.756550e+00 256 0
6455.2258 6461.0355 1.447082e-15 1.832263e-17 7.968234e+00 256 0
6460.1017 6465.9158 1.098632e-15 1.659978e-17 6.044305e+00 0 0
6464.9776 6470.7961 1.064814e-15 2.006451e-17 5.859011e+00 272 0
6469.8535 6475.6764 3.613509e-15 2.658852e-17 1.997474e+01 256 0
6474.7295 6480.5568 1.097430e-15 1.652093e-17 6.041663e+00 256 0
6479.6055 6485.4372 1.040343e-15 1.649784e-17 5.726155e+00 16 0
6484.4815 6490.3176 1.178292e-15 1.705940e-17 6.489265e+00 272 0
6489.3576 6495.1980 1.097111e-15 1.685552e-17 6.039406e+00 16 0
6494.2337 6500.0785 1.045888e-15 1.638504e-17 5.754636e+00 16 0
6499.1099 6504.9591 1.084234e-15 1.650587e-17 5.965438e+00 0 0
6503.9860 6509.8396 1.172917e-15 1.783724e-17 6.453830e+00 272 0
6508.8622 6514.7202 1.857063e-15 2.011249e-17 1.023484e+01 256 0
6513.7384 6519.6008 1.030377e-15 1.617204e-17 5.661197e+00 256 0
6518.6147 6524.4815 1.060229e-15 1.631911e-17 5.823598e+00 0 0
6523.4910 6529.3621 1.096761e-15 1.664799e-17 6.022465e+00 272 0
6528.3673 6534.2428 1.957451e-15 2.082300e-17 1.077026e+01 272 0
6533.2436 6539.1236 2.553434e-15 2.300556e-17 1.405387e+01 272 0
6538.1200 6544.0043 1.853012e-15 2.022663e-17 1.018326e+01 16 0
6542.9964 6548.8851 1.189377e-15 1.733543e-17 6.520643e+00 272 0
6547.8729 6553.7660 1.230630e-15 1.728199e-17 6.744555e+00 256 0
6552.7493 6558.6468 1.057608e-15 1.652377e-17 5.789000e+00 272 0
6557.6258 6563.5277 1.100870e-15 1.680113e-17 6.024341e+00 16 0
6562.5024 6568.4086 1.220488e-15 1.773861e-17 6.679732e+00 16 0
6567.3789 6573.2896 1.032217e-15 1.645995e-17 5.642157e+00 16 0
6572.2555 6578.1705 1.283951e-15 2.493246e-17 7.023831e+00 272 0
6577.1321 6583.0515 1.559909e-15 1.899288e-17 8.538376e+00 272 0
6582.0087 6587.9326 3.373813e-15 2.599356e-17 1.850694e+01 272 0
6586.8854 6592.8136 2.863425e-15 2.429740e-17 1.569888e+01 272 0
6591.7621 6597.6947 2.314911e-15 2.215897e-17 1.268348e+01 256 0
6596.6388 6602.5758 1.696266e-15 1.949081e-17 9.284410e+00 256 0
6601.5156 6607.4570 1.267279e-15 1.745853e-17 6.928500e+00 256 0
6606.3924 6612.3381 1.288775e-15 1.787941e-17 7.048066e+00 272 0
6611.2692 6617.2193 1.845364e-15 2.007452e-17 1.010957e+01 0 0
6616.1460 6622.1006 3.376695e-15 2.694691e-17 1.853729e+01 16 0
6621.0229 6626.9818 5.989951e-15 3.345315e-17 3.293081e+01 0 0
6625.8998 6631.8631 4.605332e-15 2.985015e-17 2.532093e+01 0 0
6630.7767 6636.7444 2.020454e-15 2.138684e-17 1.109251e+01 16 0
6635.6537 6641.6258 1.783908e-15 1.997840e-17 9.795789e+00 16 0
6640.5307 6646.5071 1.389519e-15 1.810898e-17 7.627452e+00 256 0
6645.4077 6651.3885 1.842728e-15 2.006702e-17 1.013398e+01 256 0
6650.2847 6656.2700 2.480048e-15 2.275432e-17 1.366184e+01 272 0
6655.1618 6661.1514 1.674553e-15 1.926638e-17 9.220301e+00 256 0
6660.0389 6666.0329 1.006088e-15 1.600358e-17 5.531032e+00 0 0
6664.9160 6670.9144 9.603570e-16 1.769737e-17 5.282894e+00 16 0
6669.7931 6675.7959 9.459864e-16 1.579556e-17 5.208013e+00 16 0
6674.6703 6680.6775 9.398487e-16 1.601225e-17 5.178854e+00 16 0
6679.5475 6685.5591 9.289723e-16 1.557625e-17 5.123343e+00 0 0
6684.4247 6690.4407 1.142576e-15 1.678733e-17 6.314721e+00 256 0
6689.3020 6695.3223 1.185302e-15 1.700332e-17 6.558379e+00 256 0
6694.1792 6700.2040 1.184607e-15 1.692061e-17 6.560898e+00 256 0
6699.0566 6705.0857 1.836378e-15 2.144307e-17 1.019925e+01 272 0
6703.9339 6709.9674 1.491677e-15 1.844947e-17 8.286269e+00 16 0
6708.8112 6714.8492 8.697901e-16 1.521459e-17 4.822987e+00 0 0
6713.6886 6719.7309 8.812321e-16 1.537768e-17 4.891528e+00 16 0
6718.5660 6724.6127 9.116649e-16 1.540096e-17 5.066363e+00 0 0
6723.4435 6729.4946 8.932685e-16 1.529761e-17 4.968161e+00 0 0
6728.3209 6734.3764 8.911932e-16 1.527830e-17 4.961162e+00 0 0
6733.1984 6739.2583 1.020414e-15 1.607618e-17 5.690173e+00 272 0
6738.0759 6744.1402 1.051329e-15 1.613994e-17 5.868778e+00 256 0
6742.9534 6749.0221 8.379242e-16 1.500570e-17 4.675270e+00 256 0
6747.8310 6753.9040 8.661144e-16 1.523711e-17 4.837697e+00 1040 0
6752.7086 6758.7860 8.712689e-16 1.509218e-17 4.870642e+00 1280 0
6757.5862 6763.6680 1.014299e-15 1.596745e-17 5.679795e+00 1280 0
6762.4638 6768.5500 1.040855e-15 1.665839e-17 5.833741e+00 1040 0
6767.3415 6773.4321 1.321788e-15 1.785702e-17 7.422404e+00 1040 0
6772.2192 6778.3142 2.265040e-15 2.217187e-17 1.275275e+01 1296 0
6777.0969 6783.1963 1.805375e-15 1.969016e-17 1.016398e+01 1040 0
6781.9746 6788.0784 1.904152e-15 2.041987e-17 1.072855e+01 1040 0
6786.8524 6792.9605 1.664389e-15 1.916666e-17 9.378488e+00 1040 0
6791.7301 6797.8427 2.171476e-15 2.113905e-17 1.225306e+01 1040 0
6796.6080 6802.7249 1.711574e-15 1.927595e-17 9.654880e+00 1040 0
6801.4858 6807.6071 1.439216e-15 1.798398e-17 8.116619e+00 1024 0
6806.3636 6812.4894 1.921949e-15 2.099360e-17 1.085462e+01 1040 0
6811.2415 6817.3716 1.430279e-15 1.794661e-17 8.071819e+00 1024 0
6816.1194 6822.2539 9.834680e-16 1.570759e-17 5.541813e+00 1040 0
6820.9973 6827.1362 8.423218e-16 1.585969e-17 4.743393e+00 1040 0
6825.8753 6832.0186 8.546765e-16 1.565668e-17 4.814495e+00 1040 0
6830.7532 6836.9009 7.992814e-16 1.482707e-17 4.501479e+00 1040 0
6835.6312 6841.7833 8.762765e-16 1.523120e-17 4.938886e+00 1024 0
6840.5093 6846.6657 1.012125e-15 1.574102e-17 5.710312e+00 1024 0
6845.3873 6851.5481 1.254249e-15 1.708184e-17 7.084949e+00 1024 0
6850.2654 6856.4306 8.247462e-16 1.488726e-17 4.648780e+00 1040 0
6855.1434 6861.3131 8.692291e-16 1.517118e-17 4.901708e+00 1296 0
6860.0215 6866.1956 2.131644e-15 2.087053e-17 1.206933e+01 1280 0
6864.8997 6871.0781 1.499359e-15 1.826264e-17 8.479961e+00 1296 0
6869.7778 6875.9606 1.910784e-15 2.003058e-17 1.081742e+01 1280 0
6874.6560 6880.8432 1.759051e-15 1.940341e-17 9.956775e+00 1296 0
6879.5342 6885.7258 2.751171e-15 2.321032e-17 1.559455e+01 1280 0
6884.4124 6890.6084 3.368567e-15 2.558252e-17 1.910522e+01 1296 0
6889.2906 6895.4910 4.067171e-15 2.770553e-17 2.307870e+01 1296 0
6894.1689 6900.3737 3.128667e-15 2.454688e-17 1.774688e+01 1280 0
6899.0472 6905.2563 1.484471e-15 1.803246e-17 8.403069e+00 1280 0
6903.9255 6910.1390 9.332322e-16 1.529816e-17 5.271908e+00 1280 0
6908.8038 6915.0217 9.097625e-16 1.511900e-17 5.139587e+00 256 0
6913.6822 6919.9045 8.175579e-16 1.469370e-17 4.616715e+00 16 0
6918.5605 6924.7872 8.181269e-16 1.466176e-17 4.621090e+00 0 0
6923.4389 6929.6700 8.212147e-16 1.549924e-17 4.639925e+00 16 0
6928.3173 6934.5528 8.179835e-16 1.470341e-17 4.622902e+00 0 0
6933.1957 6939.4356 8.124185e-16 1.462234e-17 4.592724e+00 16 0
6938.0742 6944.3185 9.131054e-16 1.514213e-17 5.167404e+00 0 0
6942.9527 6949.2013 8.290891e-16 1.463235e-17 4.690907e+00 0 0
6947.8312 6954.0842 8.150214e-16 1.478446e-17 4.612621e+00 16 0
6952.7097 6958.9671 1.095490e-15 1.617823e-17 6.212986e+00 272 0
6957.5882 6963.8500 2.353621e-15 2.183102e-17 1.339251e+01 272 0
6962.4668 6968.7330 2.751263e-15 2.315266e-17 1.566863e+01 256 0
6967.3453 6973.6159 2.632136e-15 2.262765e-17 1.499606e+01 16 0
6972.2239 6978.4989 2.720864e-15 2.314053e-17 1.551086e+01 272 0
6977.1025 6983.3819 3.176817e-15 2.454969e-17 1.812651e+01 256 0
6981.9812 6988.2649 8.009397e-16 1.438520e-17 4.548350e+00 256 0
6986.8598 6993.1480 7.679221e-16 1.422952e-17 4.362367e+00 0 0
6991.7385 6998.0310 7.971874e-16 1.541188e-17 4.532638e+00 16 0
6996.6172 7002.9141 8.961129e-16 1.612038e-17 5.102300e+00 272 0
7001.4959 7007.7972 7.972024e-16 1.442632e-17 4.539001e+00 272 0
7006.3746 7012.6803 8.842704e-16 1.515662e-17 5.041673e+00 16 0
7011.2534 7017.5635 7.692696e-16 1.417892e-17 4.385378e+00 0 0
7016.1321 7022.4466 7.812329e-16 1.520364e-17 4.457386e+00 16 0
7021.0109 7027.3298 7.894748e-16 1.437124e-17 4.508105e+00 0 0
7025.8897 7032.2130 1.000465e-15 1.565538e-17 5.725132e+00 272 0
7030.7685 7037.0962 2.074803e-15 2.111906e-17 1.191643e+01 272 0
7035.6474 7041.9794 2.190688e-15 2.079405e-17 1.259273e+01 256 0
7040.5262 7046.8627 1.240870e-15 1.690878e-17 7.123501e+00 272 0
7045.4051 7051.7460 1.134564e-15 1.673323e-17 6.514664e+00 272 0
7050.2840 7056.6293 2.894535e-15 2.353530e-17 1.668269e+01 272 0
7055.1629 7061.5126 4.720763e-15 2.935532e-17 2.724705e+01 272 0
7060.0418 7066.3959 5.416331e-15 3.111241e-17 3.128417e+01 272 0
7064.9208 7071.2792 4.974782e-15 2.977161e-17 2.874263e+01 256 0
7069.7998 7076.1626 3.085639e-15 2.402503e-17 1.782029e+01 272 0
7074.6787 7081.0459 1.169301e-15 1.664628e-17 6.734092e+00 272 0
7079.5577 7085.9293 1.340709e-15 1.782347e-17 7.727811e+00 272 0
7084.4368 7090.8127 1.866377e-15 1.969645e-17 1.077185e+01 272 0
7089.3158 7095.6962 2.251927e-15 2.108343e-17 1.300506e+01 16 0
7094.1948 7100.5796 7.856168e-16 1.420433e-17 4.516309e+00 16 0
7099.0739 7105.4631 7.787573e-16 1.403257e-17 4.476020e+00 0 0
7103.9530 7110.3465 7.719088e-16 1.401613e-17 4.435217e+00 0 0
7108.8321 7115.2300 8.298616e-16 1.442021e-17 4.768729e+00 0 0
7113.7112 7120.1135 7.984988e-16 1.438914e-17 4.585283e+00 16 0
7118.5903 7124.9971 8.076936e-16 1.423929e-17 4.635866e+00 256 0
7123.4695 7129.8806 1.060070e-15 1.577999e-17 6.089724e+00 272 0
7128.3487 7134.7642 1.505589e-15 1.786587e-17 8.655741e+00 256 0
7133.2278 7139.6478 1.027022e-15 1.551871e-17 5.889677e+00 16 0
7138.1070 7144.5313 1.091144e-15 1.588141e-17 6.253479e+00 0 0
7142.9863 7149.4149 1.164934e-15 1.634847e-17 6.671788e+00 16 0
7147.8655 7154.2986 1.026292e-15 1.581195e-17 5.867703e+00 272 0
7152.7447 7159.1822 1.049461e-15 1.558587e-17 5.993913e+00 256 0
7157.6240 7164.0659 8.238249e-16 1.449016e-17 4.692934e+00 256 0
7162.5033 7168.9495 7.681532e-16 1.579695e-17 4.368124e+00 16 0
7167.3826 7173.8332 7.680659e-16 1.408336e-17 4.361428e+00 0 0
7172.2619 7178.7169 7.742032e-16 1.413955e-17 4.390112e+00 0 0
7177.1412 7183.6006 7.479436e-16 1.416941e-17 4.233611e+00 16 0
7182.0205 7188.4844 1.315060e-15 1.711793e-17 7.454211e+00 256 0
7186.8999 7193.3681 1.056378e-15 1.590250e-17 5.971774e+00 272 0
7191.7793 7198.2519 7.672549e-16 1.423480e-17 4.321936e+00 272 0
7196.6586 7203.1356 7.475710e-16 1.410669e-17 4.202643e+00 0 0
7201.5380 7208.0194 7.697064e-16 1.449042e-17 4.319968e+00 16 0
7206.4175 7212.9032 7.598313e-16 1.412589e-17 4.255930e+00 0 0
7211.2969 7217.7870 7.677273e-16 1.513865e-17 4.292098e+00 16 0
7216.1763 7222.6709 7.525760e-16 1.527216e-17 4.198284e+00 272 0
7221.0558 7227.5547 7.626976e-16 1.432318e-17 4.246450e+00 16 0
7225.9352 7232.4386 8.764445e-16 1.501981e-17 4.873712e+00 272 0
7230.8147 7237.3225 9.796478e-16 1.553124e-17 5.439477e+00 256 0
7235.6942 7242.2063 1.041275e-15 1.584933e-17 5.770956e+00 256 0
7240.5737 7247.0902 1.062507e-15 1.603379e-17 5.876371e+00 256 0
7245.4532 7251.9742 7.923848e-16 1.447573e-17 4.365389e+00 256 0
7250.3328 7256.8581 1.301258e-15 1.733291e-17 7.171580e+00 272 0
7255.2123 7261.7420 1.882419e-15 2.009083e-17 1.036509e+01 272 0
7260.0919 7266.6260 1.911054e-15 2.004903e-17 1.049944e+01 256 0
7264.9715 7271.5099 7.656168e-16 1.434258e-17 4.179048e+00 0 0
7269.8511 7276.3939 1.044675e-15 1.602391e-17 5.699636e+00 256 0
7274.7307 7281.2779 1.495017e-15 1.825646e-17 8.150957e+00 0 0
7279.6103 7286.1619 1.053971e-15 1.683746e-17 5.724410e+00 16 0
7284.4899 7291.0459 7.356817e-16 1.442660e-17 3.978074e+00 16 0
7289.3695 7295.9300 7.262471e-16 1.427031e-17 3.917794e+00 0 0
7294.2492 7300.8140 7.361690e-16 1.429760e-17 3.962765e+00 0 0
7299.1289 7305.6981 7.350532e-16 1.445964e-17 3.947931e+00 0 0
7304.0085 7310.5821 7.385773e-16 1.455017e-17 3.958279e+00 272 0
7308.8882 7315.4662 9.505054e-16 1.565414e-17 5.091019e+00 256 0
7313.7679 7320.3503 1.027028e-15 1.720519e-17 5.491385e+00 272 0
7318.6476 7325.2344 6.346954e-16 2.282924e-17 3.375896e+00 272 0
7323.5273 7330.1185 7.418310e-16 1.444962e-17 3.942093e+00 0 0
7328.4071 7335.0026 9.714778e-16 1.576237e-17 5.160549e+00 256 0
7333.2868 7339.8868 7.374503e-16 1.455037e-17 3.902834e+00 16 0
7338.1666 7344.7709 7.379705e-16 1.454018e-17 3.898018e+00 16 0
7343.0464 7349.6551 7.255194e-16 1.458594e-17 3.824456e+00 272 0
7347.9261 7354.5393 7.196605e-16 1.487132e-17 3.786403e+00 16 0
7352.8059 7359.4234 1.094242e-15 1.654267e-17 5.761279e+00 256 0
7357.6857 7364.3076 9.287704e-16 1.623738e-17 4.877418e+00 272 0
7362.5655 7369.1918 7.347472e-16 1.483578e-17 3.846254e+00 272 0
7367.4454 7374.0761 7.498021e-16 1.479858e-17 3.919466e+00 16 0
7372.3252 7378.9603 7.383160e-16 1.708186e-17 3.853018e+00 16 0
7377.2050 7383.8445 1.399297e-15 1.832042e-17 7.317268e+00 256 0
7382.0849 7388.7288 1.406454e-15 1.826722e-17 7.344504e+00 0 0
7386.9648 7393.6130 7.219282e-16 1.454439e-17 3.751629e+00 16 0
7391.8446 7398.4973 1.277406e-15 1.785716e-17 6.651396e+00 0 0
7396.7245 7403.3816 1.292866e-15 1.769739e-17 6.725125e+00 256 0
7401.6044 7408.2658 8.248507e-16 1.548733e-17 4.275952e+00 272 0
7406.4843 7413.1501 6.951009e-16 1.466822e-17 3.595890e+00 16 0
7411.3642 7418.0344 9.184997e-16 1.606783e-17 4.756039e+00 16 0
7416.2441 7422.9188 8.264723e-16 1.533624e-17 4.273571e+00 272 0
7421.1241 7427.8031 1.322834e-15 1.800807e-17 6.851911e+00 272 0
7426.0040 7432.6874 1.214030e-15 1.737446e-17 6.282038e+00 272 0
7430.8840 7437.5718 9.140654e-16 1.564311e-17 4.720098e+00 256 0
7435.7639 7442.4561 1.026585e-15 1.741200e-17 5.301766e+00 16 0
7440.6439 7447.3405 8.257310e-16 1.524683e-17 4.256993e+00 16 0
7445.5239 7452.2248 6.899747e-16 1.427101e-17 3.551203e+00 16 0
7450.4039 7457.1092 7.430946e-16 1.850777e-17 3.825082e+00 272 0
7455.2838 7461.9936 9.657468e-16 1.602767e-17 4.977457e+00 272 0
7460.1638 7466.8780 1.057018e-15 1.647301e-17 5.448607e+00 256 0
7465.0439 7471.7624 1.497712e-15 1.880562e-17 7.729628e+00 256 0
7469.9239 7476.6468 1.355331e-15 1.812132e-17 6.989961e+00 272 0
7474.8039 7481.5312 9.231494e-16 1.585140e-17 4.750819e+00 256 0
7479.6839 7486.4157 1.709510e-15 2.256164e-17 8.819266e+00 272 0
7484.5640 7491.3001 2.810858e-15 2.428452e-17 1.451681e+01 256 0
7489.4440 7496.1845 7.502372e-16 1.481689e-17 3.852854e+00 272 0
7494.3241 7501.0690 6.593744e-16 1.490480e-17 3.382140e+00 16 0
7499.2042 7505.9534 6.907676e-16 1.424973e-17 3.543396e+00 0 0
7504.0842 7510.8379 2.277503e-15 2.230795e-17 1.174287e+01 272 0
7508.9643 7515.7224 2.980033e-15 2.608510e-17 1.536975e+01 272 0
7513.8444 7520.6069 7.506543e-16 1.479700e-17 3.849147e+00 272 0
7518.7245 7525.4913 1.186472e-15 4.246669e-17 6.097140e+00 272 0
7523.6046 7530.3758 1.404721e-15 1.831021e-17 7.220900e+00 256 0
7528.4847 7535.2603 1.953726e-15 2.093390e-17 1.004969e+01 256 0
7533.3648 7540.1448 7.737336e-16 1.537921e-17 3.961421e+00 272 0
7538.2449 7545.0294 6.614749e-16 1.409951e-17 3.381017e+00 0 0
7543.1251 7549.9139 7.031373e-16 1.452461e-17 3.593482e+00 16 0
7548.0052 7554.7984 2.877977e-15 2.506546e-17 1.478377e+01 272 0
7552.8853 7559.6829 1.407561e-15 1.832153e-17 7.210294e+00 256 0
7557.7655 7564.5675 6.737822e-16 1.458046e-17 3.434774e+00 16 0
7562.6456 7569.4520 1.445979e-16 7.086466e-17 7.179887e-01 272 0
7567.5258 7574.3366 7.614684e-16 1.505352e-17 3.878008e+00 16 0
7572.4060 7579.2211 7.884582e-16 1.515886e-17 4.012383e+00 272 0
7577.2861 7584.1057 7.106459e-16 1.448910e-17 3.609621e+00 16 0
7582.1663 7588.9903 6.917050e-16 1.443536e-17 3.508597e+00 272 0
7587.0465 7593.8748 1.401625e-15 1.970392e-17 7.126871e+00 272 0
7591.9267 7598.7594 2.874732e-15 2.478292e-17 1.462746e+01 272 0
7596.8069 7603.6440 8.665099e-16 1.541100e-17 4.382699e+00 256 0
7601.6871 7608.5286 6.489053e-16 1.422425e-17 3.270413e+00 16 0
7606.5673 7613.4132 6.649388e-16 1.413039e-17 3.345845e+00 0 0
7611.4475 7618.2978 6.689047e-16 1.442594e-17 3.359802e+00 16 0
7616.3277 7623.1824 1.031535e-15 1.645469e-17 5.184835e+00 0 0
7621.2079 7628.0670 7.576430e-16 1.607523e-17 3.793581e+00 16 0
7626.0881 7632.9516 6.647248e-16 1.420599e-17 3.318022e+00 0 0
7630.9684 7637.8362 6.724851e-16 1.431723e-17 3.349566e+00 16 0
7635.8486 7642.7209 6.576537e-16 1.776094e-17 3.267446e+00 16 0
7640.7288 7647.6055 6.443876e-16 1.422453e-17 3.193313e+00 16 0
7645.6091 7652.4901 6.629440e-16 1.445736e-17 3.277709e+00 256 0
7650.4893 7657.3748 7.358887e-16 1.480805e-17 3.631686e+00 272 0
7655.3696 7662.2594 1.161182e-15 1.733102e-17 5.729995e+00 256 0
7660.2498 7667.1440 7.579587e-16 1.490862e-17 3.721098e+00 256 0
7665.1301 7672.0287 7.310579e-16 1.487542e-17 3.578019e+00 272 0
7670.0103 7676.9133 9.231358e-16 1.597973e-17 4.511611e+00 0 0
7674.8906 7681.7980 1.233343e-15 1.800682e-17 6.018522e+00 16 0
7679.7708 7686.6826 7.355091e-16 1.492695e-17 3.568042e+00 272 0
7684.6511 7691.5673 3.122637e-15 2.778205e-17 1.518741e+01 272 0
7689.5314 7696.4520 2.018154e-15 2.177119e-17 9.774387e+00 272 0
7694.4117 7701.3366 1.386255e-15 1.879552e-17 6.683936e+00 256 0
7699.2919 7706.2213 1.370946e-15 1.864731e-17 6.588118e+00 256 0
7704.1722 7711.1060 2.007978e-15 2.187623e-17 9.629902e+00 256 0
7709.0525 7715.9906 1.363993e-15 1.927680e-17 6.510639e+00 272 0
7713.9328 7720.8753 1.354301e-15 1.875274e-17 6.442079e+00 0 0
7718.8131 7725.7600 1.935411e-15 2.178858e-17 9.185683e+00 272 0
7723.6934 7730.6447 2.121509e-15 2.390257e-17 1.003628e+01 16 0
7728.5736 7735.5294 1.273534e-15 1.869444e-17 5.992617e+00 16 0
7733.4539 7740.4140 1.049392e-15 1.726965e-17 4.915730e+00 16 0
7738.3342 7745.2987 1.074334e-15 1.892429e-17 5.014867e+00 16 0
7743.2145 7750.1834 7.297681e-16 1.529392e-17 3.386164e+00 16 0
7748.0948 7755.0681 8.142245e-16 1.591460e-17 3.766858e+00 16 0
7752.9751 7759.9528 8.898171e-16 1.632309e-17 4.103536e+00 256 0
7757.8554 7764.8375 7.758688e-16 1.581085e-17 3.561542e+00 272 0
7762.7357 7769.7222 2.965143e-15 2.642328e-17 1.363219e+01 272 0
7767.6160 7774.6069 2.120923e-15 2.374281e-17 9.706152e+00 272 0
7772.4963 7779.4916 2.663390e-15 2.531096e-17 1.214948e+01 256 0
7777.3766 7784.3763 6.700719e-16 1.534734e-17 3.026307e+00 272 0
7782.2570 7789.2610 1.689700e-15 2.103647e-17 7.639374e+00 256 0
7787.1373 7794.1457 1.451887e-15 1.990825e-17 6.535463e+00 272 0
7792.0176 7799.0304 7.801011e-16 1.969116e-17 3.486728e+00 272 0
7796.8979 7803.9151 7.469433e-16 1.567455e-17 3.324720e+00 272 0
7801.7782 7808.7998 7.728005e-16 1.637181e-17 3.427397e+00 272 0
7806.6585 7813.6845 6.917515e-16 1.533109e-17 3.053710e+00 0 0
7811.5388 7818.5692 8.059265e-16 1.649884e-17 3.547889e+00 272 0
7816.4191 7823.4539 6.406404e-16 1.503033e-17 2.804656e+00 0 0
7821.2994 7828.3386 6.176097e-16 1.618193e-17 2.692587e+00 16 0
7826.1797 7833.2233 5.945299e-16 1.480090e-17 2.581135e+00 0 0
7831.0601 7838.1080 6.180040e-16 1.511707e-17 2.673597e+00 16 0
7835.9404 7842.9927 5.991804e-16 1.510772e-17 2.581482e+00 16 0
7840.8207 7847.8774 6.257202e-16 1.518193e-17 2.686428e+00 0 0
7845.7010 7852.7621 6.172917e-16 1.514706e-17 2.639718e+00 0 0
7850.5813 7857.6468 6.422078e-16 1.530432e-17 2.736588e+00 0 0
7855.4616 7862.5315 6.762798e-16 1.598306e-17 2.871859e+00 16 0
7860.3419 7867.4162 4.661904e-16 3.694922e-17 1.965160e+00 16 0
7865.2222 7872.3009 6.412387e-16 1.541777e-17 2.700920e+00 256 0
7870.1025 7877.1856 6.653215e-16 1.611591e-17 2.792396e+00 16 0
7874.9828 7882.0703 6.856702e-16 1.693624e-17 2.867378e+00 16 0
7879.8631 7886.9550 6.684724e-16 1.595747e-17 2.784124e+00 16 0
7884.7434 7891.8397 6.576098e-16 1.565793e-17 2.727947e+00 256 0
7889.6237 7896.7244 1.332935e-15 2.018038e-17 5.531632e+00 272 0
7894.5040 7901.6091 2.198040e-15 2.467348e-17 9.102599e+00 272 0
7899.3843 7906.4937 1.224583e-15 1.956779e-17 5.040999e+00 272 0
7904.2646 7911.3784 1.178586e-15 1.917206e-17 4.832069e+00 0 0
7909.1449 7916.2631 8.608346e-16 1.723913e-17 3.509583e+00 256 0
7914.0252 7921.1478 9.481805e-16 1.805463e-17 3.853076e+00 272 0
7918.9055 7926.0325 9.178901e-16 1.796653e-17 3.714939e+00 272 0
7923.7857 7930.9171 1.134949e-15 1.908845e-17 4.581117e+00 256 0
7928.6660 7935.8018 4.711596e-15 3.543744e-17 1.902295e+01 272 0
7933.5463 7940.6865 3.546238e-15 3.068741e-17 1.425601e+01 272 0
7938.4266 7945.5712 1.188207e-15 1.950100e-17 4.742145e+00 256 0
7943.3068 7950.4558 1.245962e-15 2.015416e-17 4.954636e+00 272 0
7948.1871 7955.3405 1.298267e-15 2.037845e-17 5.143836e+00 256 0
7953.0674 7960.2251 1.055016e-15 1.895795e-17 4.159729e+00 272 0
7957.9476 7965.1098 1.402267e-15 2.103048e-17 5.515238e+00 256 0
7962.8279 7969.9945 6.382024e-16 1.618191e-17 2.488472e+00 16 0
7967.7082 7974.8791 6.250682e-16 1.591776e-17 2.427504e+00 0 0
7972.5884 7979.7637 6.867469e-16 1.665499e-17 2.658913e+00 256 0
7977.4687 7984.6484 1.989861e-15 2.437197e-17 7.717076e+00 256 0
7982.3489 7989.5330 9.248140e-16 1.875234e-17 3.560766e+00 272 0
7987.2292 7994.4177 6.734482e-16 2.365190e-17 2.577239e+00 272 0
7992.1094 7999.3023 6.524573e-16 1.672133e-17 2.486718e+00 16 0
7996.9896 8004.1869 6.540123e-16 1.657441e-17 2.483207e+00 16 0
8001.8699 8009.0715 6.781513e-16 1.680226e-17 2.565828e+00 16 0
8006.7501 8013.9562 8.550852e-16 2.022933e-17 3.228494e+00 16 0
8011.6303 8018.8408 7.176953e-16 1.686986e-17 2.696081e+00 256 0
8016.5105 8023.7254 6.625908e-16 1.701568e-17 2.478064e+00 272 0
8021.3907 8028.6100 1.550405e-15 2.319517e-17 5.805301e+00 272 0
8026.2709 8033.4946 1.080486e-15 1.997730e-17 4.023870e+00 272 0
8031.1511 8038.3792 5.906324e-16 1.654921e-17 2.181886e+00 16 0
8036.0313 8043.2638 6.075148e-16 1.912830e-17 2.236451e+00 16 0
8040.9115 8048.1483 1.598714e-15 6.221706e-17 5.897939e+00 272 0
8045.7917 8053.0329 3.150698e-15 3.044236e-17 1.160309e+01 256 0
8050.6719 8057.9175 9.813752e-15 5.223473e-17 3.606414e+01 272 0
8055.5521 8062.8021 1.133220e-14 5.575880e-17 4.149631e+01 16 0
8060.4322 8067.6866 1.239968e-14 5.779286e-17 4.524330e+01 16 0
8065.3124 8072.5712 1.402414e-14 6.151890e-17 5.098932e+01 272 0
8070.1925 8077.4557 1.426639e-14 6.244320e-17 5.168500e+01 16 0
8075.0727 8082.3403 1.472688e-14 6.434680e-17 5.316361e+01 272 0
8079.9528 8087.2248 1.695574e-14 6.862863e-17 6.099869e+01 272 0
8084.8330 8092.1093 1.498715e-14 6.429322e-17 5.372314e+01 272 0
8089.7131 8096.9939 1.879237e-14 7.150464e-17 6.713804e+01 272 0
8094.5932 8101.8784 1.774887e-14 6.982463e-17 6.318724e+01 272 0
8099.4734 8106.7629 1.406719e-14 6.289416e-17 4.990076e+01 272 0
8104.3535 8111.6474 1.719976e-14 6.890005e-17 6.080874e+01 256 0
8109.2336 8116.5319 1.310152e-14 6.072595e-17 4.615580e+01 272 0
8114.1137 8121.4164 1.536168e-14 6.542921e-17 5.393988e+01 256 0
8118.9938 8126.3009 1.524483e-14 6.523025e-17 5.335244e+01 256 0
8123.8739 8131.1853 9.969539e-15 5.342146e-17 3.476470e+01 256 0
8128.7539 8136.0698 6.919111e-16 1.856222e-17 2.385050e+00 16 0
8133.6340 8140.9543 6.192342e-16 1.741621e-17 2.125599e+00 16 0
8138.5141 8145.8387 5.908780e-16 1.680025e-17 2.021013e+00 0 0
8143.3941 8150.7232 6.052501e-16 1.706741e-17 2.064134e+00 16 0
8148.2742 8155.6076 5.706596e-16 1.888061e-17 1.939138e+00 16 0
8153.1542 8160.4921 5.783751e-16 1.803471e-17 1.959628e+00 16 0
8158.0343 8165.3765 5.952646e-16 1.745044e-17 2.011435e+00 16 0
8162.9143 8170.2609 5.579872e-16 1.741544e-17 1.878742e+00 16 0
8167.7943 8175.1453 5.814271e-16 1.740909e-17 1.952854e+00 16 0
8172.6743 8180.0297 1.175031e-15 2.296671e-17 3.955028e+00 16 0
8177.5543 8184.9141 4.026866e-15 3.695687e-17 1.356807e+01 272 0
8182.4343 8189.7985 2.541283e-15 2.959921e-17 8.530933e+00 272 0
8187.3143 8194.6829 1.349457e-15 2.253269e-17 4.508295e+00 272 0
8192.1942 8199.5672 6.942036e-16 2.678661e-17 2.303819e+00 16 0
8197.0742 8204.4516 5.784619e-16 2.349852e-17 1.911761e+00 16 0
8201.9542 8209.3359 6.217325e-16 1.795767e-17 2.051053e+00 16 0
8206.8341 8214.2203 7.505010e-16 1.838476e-17 2.473712e+00 256 0
8211.7141 8219.1046 9.086279e-16 1.974828e-17 2.991810e+00 272 0
8216.5940 8223.9889 2.553985e-15 2.950081e-17 8.426002e+00 272 0
8221.4739 8228.8732 5.654326e-16 1.701188e-17 1.846363e+00 0 0
8226.3538 8233.7575 5.881097e-16 1.752793e-17 1.916927e+00 16 0
8231.2337 8238.6418 1.226985e-15 2.217517e-17 4.011002e+00 16 0
8236.1136 8243.5261 6.403332e-16 1.840287e-17 2.079975e+00 16 0
8240.9935 8248.4104 1.132204e-15 2.182008e-17 3.684501e+00 272 0
8245.8734 8253.2946 1.236084e-15 2.204816e-17 4.016321e+00 256 0
8250.7532 8258.1789 2.026248e-15 2.689033e-17 6.583777e+00 272 0
8255.6331 8263.0631 4.487568e-15 3.821748e-17 1.457971e+01 272 0
8260.5129 8267.9474 5.105198e-15 4.047438e-17 1.655961e+01 256 0
8265.3927 8272.8316 3.085305e-15 3.220706e-17 9.981045e+00 256 0
8270.2726 8277.7158 5.673664e-16 1.718793e-17 1.817048e+00 0 0
8275.1524 8282.6000 6.480335e-16 1.855951e-17 2.074412e+00 272 0
8280.0322 8287.4842 1.584375e-15 2.452377e-17 5.090120e+00 272 0
8284.9119 8292.3684 2.158407e-15 2.769774e-17 6.930408e+00 256 0
8289.7917 8297.2525 2.109424e-15 2.748514e-17 6.762505e+00 272 0
8294.6715 8302.1367 1.512087e-15 2.427568e-17 4.834721e+00 272 0
8299.5512 8307.0208 5.674700e-16 1.710511e-17 1.800658e+00 0 0
8304.4310 8311.9050 5.520543e-16 1.730933e-17 1.748823e+00 16 0
8309.3107 8316.7891 5.661871e-16 1.730364e-17 1.791680e+00 16 0
8314.1904 8321.6732 5.424212e-16 1.713384e-17 1.713508e+00 16 0
8319.0701 8326.5573 5.316056e-16 1.689945e-17 1.676947e+00 0 0
8323.9498 8331.4414 5.609147e-16 1.837602e-17 1.768188e+00 16 0
8328.8295 8336.3255 5.988138e-16 1.768366e-17 1.886646e+00 272 0
8333.7092 8341.2095 1.253552e-15 2.414769e-17 3.964166e+00 272 0
8338.5888 8346.0936 2.774329e-15 3.087962e-17 8.787161e+00 272 0
8343.4685 8350.9776 2.934683e-15 3.164366e-17 9.286373e+00 256 0
8348.3481 8355.8616 3.185530e-15 3.305999e-17 1.007179e+01 272 0
8353.2278 8360.7457 2.852345e-15 3.139893e-17 9.007336e+00 272 0
8358.1074 8365.6297 2.590197e-15 2.989490e-17 8.170064e+00 256 0
8362.9870 8370.5136 4.903009e-15 4.016651e-17 1.546984e+01 272 0
8367.8665 8375.3976 3.026058e-15 3.227136e-17 9.531469e+00 272 0
8372.7461 8380.2816 8.571495e-16 1.960639e-17 2.684499e+00 256 0
8377.6257 8385.1655 1.787202e-15 2.576738e-17 5.612258e+00 256 0
8382.5052 8390.0495 1.443904e-15 2.437280e-17 4.527246e+00 272 0
8387.3847 8394.9334 1.141756e-15 2.375698e-17 3.573573e+00 272 0
8392.2643 8399.8173 5.296444e-16 1.735107e-17 1.647601e+00 16 0
8397.1438 8404.7012 5.483808e-16 1.763075e-17 1.705362e+00 16 0
8402.0233 8409.5851 1.878116e-16 2.648818e-17 5.733743e-01 16 0
8406.9027 8414.4690 5.864382e-16 1.739214e-17 1.822659e+00 0 0
8411.7822 8419.3528 5.765237e-16 1.725204e-17 1.790589e+00 0 0
8416.6617 8424.2366 5.396513e-16 1.803128e-17 1.674155e+00 16 0
8421.5411 8429.1205 5.785219e-16 1.745698e-17 1.795022e+00 16 0
8426.4205 8434.0043 5.880254e-16 1.863433e-17 1.823907e+00 16 0
8431.2999 8438.8881 5.083516e-16 1.700617e-17 1.573933e+00 16 0
8436.1793 8443.7719 7.267670e-16 2.880661e-17 2.256126e+00 272 0
8441.0587 8448.6556 2.188019e-15 2.818159e-17 6.824289e+00 16 0
8445.9381 8453.5394 9.664100e-16 2.140861e-17 3.003187e+00 16 0
8450.8174 8458.4231 2.806848e-15 3.227607e-17 8.753276e+00 16 0
8455.6967 8463.3069 1.569224e-15 2.466414e-17 4.883843e+00 256 0
8460.5761 8468.1906 2.538310e-15 2.993487e-17 7.908791e+00 256 0
8465.4554 8473.0743 8.025020e-16 1.927765e-17 2.487831e+00 272 0
8470.3346 8477.9579 5.609388e-16 1.708198e-17 1.733724e+00 0 0
8475.2139 8482.8416 7.290189e-16 1.883675e-17 2.257380e+00 16 0
8480.0932 8487.7253 6.264892e-16 1.842849e-17 1.937238e+00 16 0
8484.9724 8492.6089 5.337660e-16 1.764634e-17 1.647848e+00 16 0
8489.8516 8497.4925 7.764892e-16 3.519200e-17 2.403872e+00 272 0
8494.7309 8502.3761 1.029639e-15 2.083210e-17 3.192377e+00 256 0
8499.6100 8507.2597 1.858376e-15 2.716536e-17 5.775089e+00 272 0
8504.4892 8512.1433 1.182625e-15 2.206994e-17 3.668500e+00 272 0
8509.3684 8517.0268 1.488007e-15 2.471059e-17 4.619851e+00 272 0
8514.2475 8521.9104 2.181707e-15 2.801031e-17 6.781376e+00 256 0
8519.1267 8526.7939 3.440902e-15 3.419135e-17 1.070561e+01 256 0
8524.0058 8531.6774 1.662842e-15 2.868838e-17 5.163819e+00 272 0
8528.8849 8536.5609 3.803640e-15 3.617765e-17 1.183521e+01 272 0
8533.7640 8541.4443 3.790390e-15 3.963920e-17 1.179351e+01 272 0
8538.6430 8546.3278 9.850136e-16 2.062888e-17 3.051805e+00 256 0
8543.5221 8551.2112 3.084209e-15 3.274414e-17 9.592206e+00 256 0
8548.4011 8556.0947 2.043522e-15 2.794336e-17 6.349258e+00 272 0
8553.2801 8560.9781 2.406924e-15 2.920424e-17 7.481514e+00 0 0
8558.1591 8565.8614 4.324917e-15 3.810179e-17 1.345842e+01 16 0
8563.0381 8570.7448 1.923226e-15 2.680057e-17 5.974371e+00 16 0
8567.9170 8575.6282 2.829905e-15 3.141144e-17 8.799453e+00 256 0
8572.7960 8580.5115 2.601090e-15 3.066090e-17 8.086471e+00 272 0
8577.6749 8585.3948 3.151204e-15 3.302998e-17 9.800662e+00 256 0
8582.5538 8590.2781 5.001459e-15 4.072801e-17 1.556671e+01 272 0
8587.4327 8595.1614 1.801936e-15 3.074360e-17 5.596503e+00 272 0
8592.3116 8600.0446 1.296819e-15 2.263033e-17 4.022959e+00 256 0
8597.1904 8604.9279 1.001607e-15 2.820977e-17 3.103482e+00 16 0
8602.0693 8609.8111 6.839102e-16 2.038308e-17 2.114210e+00 16 0
8606.9481 8614.6943 6.140668e-16 1.741845e-17 1.896772e+00 0 0
8611.8269 8619.5775 5.607436e-16 1.980338e-17 1.730776e+00 16 0
8616.7056 8624.4607 5.625848e-16 1.688567e-17 1.736494e+00 0 0
8621.5844 8629.3438 6.500879e-16 1.791491e-17 2.008845e+00 16 0
8626.4631 8634.2270 1.520537e-14 6.909982e-17 4.736449e+01 256 0
8631.3419 8639.1101 8.966009e-15 5.364866e-17 2.791842e+01 16 0
8636.2206 8643.9932 1.342331e-15 2.366378e-17 4.164099e+00 16 0
8641.0993 8648.8762 1.593792e-15 2.454633e-17 4.947086e+00 272 0
8645.9779 8653.7593 1.523868e-15 2.504467e-17 4.729139e+00 272 0
8650.8566 8658.6423 1.716265e-15 2.529078e-17 5.328093e+00 256 0
8655.7352 8663.5253 1.406656e-15 2.389504e-17 4.363724e+00 16 0
8660.6138 8668.4083 9.739720e-16 2.054559e-17 3.016412e+00 16 0
8665.4924 8673.2913 7.330279e-16 1.850127e-17 2.266349e+00 16 0
8670.3709 8678.1743 1.499836e-15 2.432118e-17 4.653091e+00 272 0
8675.2495 8683.0572 5.004036e-15 4.186837e-17 1.556524e+01 272 0
8680.1280 8687.9401 6.206731e-16 1.750601e-17 1.916397e+00 272 0
8685.0065 8692.8230 5.424260e-16 1.680501e-17 1.672893e+00 0 0
8689.8850 8697.7059 5.622876e-16 1.682432e-17 1.734542e+00 0 0
8694.7635 8702.5888 5.033304e-16 1.641305e-17 1.551082e+00 16 0
8699.6419 8707.4716 5.060033e-16 1.634892e-17 1.559267e+00 0 0
8704.5203 8712.3544 5.093214e-16 1.920334e-17 1.569452e+00 272 0
8709.3987 8717.2372 1.089700e-15 2.100981e-17 3.374171e+00 256 0
8714.2771 8722.1200 1.828911e-15 2.590179e-17 5.673437e+00 256 0
8719.1555 8727.0027 3.143156e-15 3.277638e-17 9.761873e+00 256 0
8724.0338 8731.8854 5.704530e-16 1.681991e-17 1.758825e+00 256 0
8728.9121 8736.7682 5.391858e-16 1.640448e-17 1.661471e+00 0 0
8733.7904 8741.6508 5.262489e-16 1.631684e-17 1.621088e+00 0 0
8738.6687 8746.5335 5.875042e-16 1.727407e-17 1.811184e+00 272 0
8743.5470 8751.4161 7.984271e-16 1.896978e-17 2.466250e+00 256 0
8748.4252 8756.2988 5.473625e-16 2.048374e-17 1.686041e+00 16 0
8753.3034 8761.1814 9.263672e-16 2.187793e-17 2.863019e+00 16 0
8758.1816 8766.0639 9.053394e-16 1.977014e-17 2.797277e+00 16 0
8763.0598 8770.9465 4.853145e-16 1.645650e-17 1.492717e+00 16 0
8767.9379 8775.8290 5.566006e-16 1.659540e-17 1.713720e+00 256 0
8772.8160 8780.7116 1.326661e-15 2.274055e-17 4.104182e+00 272 0
8777.6941 8785.5940 1.942747e-15 2.655512e-17 6.016618e+00 272 0
8782.5722 8790.4765 4.862888e-16 1.612729e-17 1.494762e+00 272 0
8787.4502 8795.3589 4.996970e-16 1.593535e-17 1.536075e+00 0 0
8792.3283 8800.2414 4.742983e-16 1.588716e-17 1.457047e+00 16 0
8797.2063 8805.1238 4.676532e-16 1.644519e-17 1.436166e+00 16 0
8802.0843 8810.0061 4.900571e-16 1.614676e-17 1.505307e+00 0 0
8806.9622 8814.8885 5.792110e-16 1.679145e-17 1.781264e+00 16 0
8811.8402 8819.7708 1.744220e-15 2.596604e-17 5.392525e+00 16 0
8816.7181 8824.6531 9.222572e-16 1.972595e-17 2.843395e+00 1024 0
8821.5960 8829.5354 5.056589e-16 1.805220e-17 1.552322e+00 1040 0
8826.4738 8834.4177 1.088291e-15 2.180584e-17 3.356411e+00 1040 0
8831.3517 8839.2999 1.836734e-15 2.585270e-17 5.674110e+00 1280 0
8836.2295 8844.1821 1.178131e-15 2.258602e-17 3.632975e+00 1040 0
8841.1073 8849.0643 5.269779e-16 1.644344e-17 1.616789e+00 1280 0
8845.9851 8853.9465 5.046556e-16 1.624964e-17 1.547350e+00 1296 0
8850.8628 8858.8286 4.841852e-16 1.599257e-17 1.483663e+00 1024 0
8855.7406 8863.7107 5.352231e-16 1.666718e-17 1.641027e+00 1024 0
8860.6183 8868.5928 8.549393e-16 1.929339e-17 2.628840e+00 1024 0
8865.4959 8873.4749 9.969137e-16 3.485070e-17 3.066968e+00 1040 0
8870.3736 8878.3569 1.834480e-15 2.780453e-17 5.655072e+00 1040 0
8875.2512 8883.2389 1.080766e-15 2.085419e-17 3.324291e+00 1024 0
8880.1288 8888.1209 9.462122e-16 1.998965e-17 2.907732e+00 1040 0
8885.0064 8893.0029 1.173606e-15 3.032392e-17 3.609004e+00 1040 0
8889.8839 8897.8848 1.281047e-15 2.574664e-17 3.939604e+00 1296 0
8894.7615 8902.7667 5.045666e-15 4.087435e-17 1.556130e+01 1296 0
8899.6390 8907.6486 5.699006e-15 4.589454e-17 1.757265e+01 1040 0
8904.5164 8912.5305 4.143734e-15 3.835591e-17 1.276726e+01 1040 0
8909.3939 8917.4123 3.283357e-15 3.360215e-17 1.010892e+01 1040 0
8914.2713 8922.2942 1.724354e-15 2.530832e-17 5.299087e+00 1024 0
8919.1487 8927.1759 4.825965e-16 1.609707e-17 1.472384e+00 1024 0
8924.0261 8932.0577 5.304082e-16 2.650210e-17 1.618958e+00 1040 0
8928.9034 8936.9394 5.145719e-16 1.697366e-17 1.569654e+00 1040 0
8933.7808 8941.8212 2.003473e-15 2.746671e-17 6.150348e+00 1040 0
8938.6581 8946.7028 6.991830e-16 1.782009e-17 2.135979e+00 1024 0
8943.5353 8951.5845 4.394699e-16 1.562687e-17 1.337187e+00 1024 0
8948.4126 8956.4661 4.746996e-16 2.034603e-17 1.444855e+00 1040 0
8953.2898 8961.3477 4.599240e-16 1.618504e-17 1.398949e+00 1040 0
8958.1670 8966.2293 5.023598e-16 1.610371e-17 1.528619e+00 1024 0
8963.0441 8971.1109 5.178760e-16 1.642765e-17 1.575616e+00 1024 0
8967.9213 8975.9924 7.463311e-16 1.862947e-17 2.275653e+00 1040 0
8972.7984 8980.8739 5.056150e-16 1.776054e-17 1.536794e+00 1040 0
8977.6755 8985.7554 4.769697e-16 1.611182e-17 1.448427e+00 0 0
8982.5525 8990.6368 5.038556e-16 1.668203e-17 1.530181e+00 16 0
8987.4295 8995.5182 5.219747e-16 1.868493e-17 1.585034e+00 16 0
8992.3065 9000.3996 5.054872e-16 1.732084e-17 1.533938e+00 16 0
8997.1835 9005.2810 4.864923e-16 1.696746e-17 1.475217e+00 16 0
9002.0605 9010.1623 4.835729e-16 1.620460e-17 1.465685e+00 16 0
9006.9374 9015.0436 9.170743e-16 2.062291e-17 2.790365e+00 272 0
9011.8143 9019.9249 2.272047e-15 2.862133e-17 6.932426e+00 256 0
9016.6911 9024.8061 4.633324e-15 3.928825e-17 1.414917e+01 272 0
9021.5680 9029.6874 5.488608e-15 4.262705e-17 1.675713e+01 272 0
9026.4448 9034.5686 1.226256e-15 2.202255e-17 3.729518e+00 256 0
9031.3215 9039.4497 4.975457e-16 1.669126e-17 1.504519e+00 16 0
9036.1983 9044.3309 5.216042e-16 1.639464e-17 1.577168e+00 16 0
9041.0750 9049.2120 5.190258e-16 1.663935e-17 1.568570e+00 16 0
9045.9517 9054.0930 1.578747e-15 2.467510e-17 4.796947e+00 256 0
9050.8284 9058.9741 8.403625e-16 2.153433e-17 2.545388e+00 272 0
9055.7050 9063.8551 6.012376e-16 1.708066e-17 1.816398e+00 256 0
9060.5816 9068.7361 5.648974e-16 1.712974e-17 1.704944e+00 272 0
9065.4582 9073.6171 4.529827e-16 1.582001e-17 1.363954e+00 256 0
9070.3347 9078.4980 4.111495e-16 1.557427e-17 1.236181e+00 0 0
9075.2112 9083.3789 5.934948e-16 1.710347e-17 1.788984e+00 256 0
9080.0877 9088.2598 1.790488e-15 2.590636e-17 5.422037e+00 256 0
9084.9642 9093.1406 5.147039e-16 1.789053e-17 1.547973e+00 272 0
9089.8406 9098.0215 8.102605e-16 1.921381e-17 2.442826e+00 272 0
9094.7170 9102.9022 7.278360e-16 1.839357e-17 2.191573e+00 256 0
9099.5934 9107.7830 1.331007e-15 2.338606e-17 4.016648e+00 16 0
9104.4697 9112.6637 1.644561e-16 5.602273e-17 4.855608e-01 16 0
9109.3460 9117.5444 1.416104e-15 2.366861e-17 4.268521e+00 272 0
9114.2223 9122.4251 1.181763e-14 6.186121e-17 3.571936e+01 256 0
9119.0985 9127.3057 7.714460e-16 2.189147e-17 2.315591e+00 272 0
9123.9747 9132.1863 5.217410e-16 1.644011e-17 1.560692e+00 0 0
9128.8509 9137.0669 5.079462e-16 1.663451e-17 1.517898e+00 272 0
9133.7271 9141.9474 8.393798e-16 1.937751e-17 2.514671e+00 256 0
9138.6032 9146.8280 1.957516e-15 2.712203e-17 5.878582e+00 272 0
9143.4793 9151.7084 2.019281e-15 2.806009e-17 6.059187e+00 272 0
9148.3554 9156.5889 1.053284e-15 2.098649e-17 3.150715e+00 256 0
9153.2314 9161.4693 4.249816e-16 1.567378e-17 1.262420e+00 0 0
9158.1074 9166.3497 5.276255e-16 1.674065e-17 1.568788e+00 0 0
9162.9834 9171.2300 1.685197e-15 2.558437e-17 5.034948e+00 16 0
9167.8593 9176.1104 5.067323e-16 1.670570e-17 1.503121e+00 16 0
9172.7352 9180.9907 4.570443e-16 1.670388e-17 1.353067e+00 16 0
9177.6111 9185.8709 4.689944e-16 1.596442e-17 1.387259e+00 0 0
9182.4869 9190.7512 6.492328e-16 1.782983e-17 1.922970e+00 256 0
9187.3627 9195.6314 2.327811e-15 2.921805e-17 6.922662e+00 256 0
9192.2385 9200.5115 1.008827e-15 2.146104e-17 2.988226e+00 272 0
9197.1143 9205.3917 5.328696e-16 1.800947e-17 1.570364e+00 272 0
9201.9900 9210.2718 5.390522e-16 1.728095e-17 1.586651e+00 272 0
9206.8656 9215.1518 2.723002e-15 3.123502e-17 8.059494e+00 256 0
9211.7413 9220.0319 3.753358e-15 3.619827e-17 1.109996e+01 256 0
9216.6169 9224.9119 1.492368e-15 2.444195e-17 4.397977e+00 256 0
9221.4925 9229.7918 3.141197e-15 3.375598e-17 9.260351e+00 256 0
9226.3680 9234.6718 2.957061e-15 3.282251e-17 8.703683e+00 256 0
9231.2436 9239.5517 4.356464e-16 1.843538e-17 1.268993e+00 16 0
9236.1190 9244.4315 9.956595e-16 2.098849e-17 2.911869e+00 256 0
9240.9945 9249.3114 1.378633e-15 2.434744e-17 4.030636e+00 272 0
9245.8699 9254.1912 4.008759e-15 3.796011e-17 1.172985e+01 256 0
9250.7453 9259.0710 6.908926e-15 4.816484e-17 2.019403e+01 256 0
9255.6206 9263.9507 4.020348e-15 3.782022e-17 1.172320e+01 256 0
9260.4960 9268.8304 5.003849e-16 1.857034e-17 1.444667e+00 16 0
9265.3712 9273.7101 4.821564e-16 1.657375e-17 1.389041e+00 0 0
9270.2465 9278.5897 4.919670e-16 1.798342e-17 1.414872e+00 16 0
9275.1217 9283.4693 5.165807e-16 1.811834e-17 1.483392e+00 16 0
9279.9969 9288.3489 4.468974e-16 1.656676e-17 1.279126e+00 16 0
9284.8720 9293.2284 6.327195e-16 1.966771e-17 1.812385e+00 16 0
9289.7471 9298.1079 1.351782e-15 2.991532e-17 3.878906e+00 16 0
9294.6222 9302.9874 2.872267e-15 3.774319e-17 8.240441e+00 16 0
9299.4973 9307.8668 1.378827e-16 6.618973e-17 3.834494e-01 272 0
9304.3723 9312.7462 4.089144e-16 1.609625e-17 1.156762e+00 0 0
9309.2472 9317.6256 5.089555e-16 1.722959e-17 1.439312e+00 0 0
9314.1222 9322.5049 6.449292e-16 2.160738e-17 1.822718e+00 16 0
9318.9971 9327.3842 1.164475e-15 2.272927e-17 3.293418e+00 0 0
9323.8720 9332.2634 8.299760e-16 2.057392e-17 2.337724e+00 16 0
9328.7468 9337.1427 4.960443e-16 1.769822e-17 1.388650e+00 16 0
9333.6216 9342.0218 1.327079e-15 2.435701e-17 3.726545e+00 256 0
9338.4963 9346.9010 9.283919e-15 5.721858e-17 2.609262e+01 256 0
9343.3711 9351.7801 4.121701e-15 3.929304e-17 1.154301e+01 272 0
9348.2458 9356.6592 5.414616e-16 1.777340e-17 1.500695e+00 272 0
9353.1204 9361.5382 4.393158e-16 1.687782e-17 1.211869e+00 0 0
9357.9950 9366.4172 4.248779e-16 1.684703e-17 1.168311e+00 0 0
9362.8696 9371.2962 4.013787e-16 1.674263e-17 1.099775e+00 0 0
9367.7442 9376.1751 1.260895e-15 4.804004e-17 3.471101e+00 16 0
9372.6187 9381.0540 4.376836e-16 2.336846e-17 1.193104e+00 16 0
9377.4932 9385.9329 3.599081e-16 1.663266e-17 9.759737e-01 16 0
9382.3676 9390.8117 2.997975e-16 3.035723e-17 8.084258e-01 16 0
9387.2420 9395.6905 3.862696e-16 1.690676e-17 1.041651e+00 16 0
9392.1164 9400.5693 4.270592e-15 4.038011e-17 1.160717e+01 16 0
9396.9907 9405.4480 4.484770e-16 1.886780e-17 1.203346e+00 272 0
9401.8650 9410.3267 4.100982e-16 1.732625e-17 1.095610e+00 256 0
9406.7392 9415.2053 1.106024e-15 2.343402e-17 2.965553e+00 272 0
9411.6134 9420.0839 4.719514e-16 1.951750e-17 1.253915e+00 272 0
9416.4876 9424.9625 3.918474e-16 1.790650e-17 1.035370e+00 16 0
9421.3618 9429.8410 4.553243e-16 1.808426e-17 1.200655e+00 256 0
9426.2359 9434.7195 4.420321e-16 1.811408e-17 1.160976e+00 0 0
9431.1099 9439.5979 9.186535e-16 2.242045e-17 2.416965e+00 272 0
9435.9840 9444.4764 6.686290e-16 2.901361e-17 1.749120e+00 272 0
9440.8580 9449.3547 6.232256e-16 1.991717e-17 1.623238e+00 256 0
9445.7319 9454.2331 2.852292e-15 3.474215e-17 7.446424e+00 272 0
9450.6058 9459.1114 4.232391e-16 1.779574e-17 1.089813e+00 256 0
9455.4797 9463.9896 3.092770e-16 1.714185e-17 7.899240e-01 16 0
9460.3535 9468.8679 3.422716e-16 1.786767e-17 8.718627e-01 16 0
9465.2273 9473.7460 1.516824e-15 2.757910e-17 3.889807e+00 272 0
9470.1011 9478.6242 1.029593e-15 2.369054e-17 2.625079e+00 256 0
9474.9748 9483.5023 3.484756e-16 1.744950e-17 8.766071e-01 0 0
9479.8485 9488.3804 3.172948e-16 1.984434e-17 7.936066e-01 16 0
9484.7222 9493.2584 3.828735e-16 1.832584e-17 9.558529e-01 16 0
9489.5958 9498.1364 8.632787e-16 2.270407e-17 2.160847e+00 16 0
9494.4693 9503.0144 7.388540e-16 2.291872e-17 1.839217e+00 272 0
9499.3429 9507.8923 3.946727e-16 2.482851e-17 9.722726e-01 16 0
9504.2163 9512.7701 4.052557e-16 1.861135e-17 9.939677e-01 0 0
9509.0898 9517.6480 4.273648e-16 2.011848e-17 1.043891e+00 16 0
9513.9632 9522.5258 4.369827e-16 1.905761e-17 1.062497e+00 0 0
9518.8366 9527.4035 3.800746e-16 1.860265e-17 9.180475e-01 0 0
9523.7099 9532.2812 3.806016e-16 1.835103e-17 9.147573e-01 0 0
9528.5832 9537.1589 3.784272e-16 1.876568e-17 9.049098e-01 0 0
9533.4564 9542.0366 3.392711e-16 1.826865e-17 8.058510e-01 16 0
9538.3297 9546.9142 2.929525e-16 1.796747e-17 6.905577e-01 0 0
9543.2028 9551.7917 1.246554e-15 2.683985e-17 2.963188e+00 16 0
9548.0760 9556.6692 1.928029e-15 5.397448e-17 4.566330e+00 16 0
9552.9490 9561.5467 2.699704e-15 3.617000e-17 6.365352e+00 256 0
9557.8221 9566.4241 3.381956e-15 4.005364e-17 7.934845e+00 256 0
9562.6951 9571.3015 7.509233e-15 5.753671e-17 1.754064e+01 256 0
9567.5681 9576.1789 1.311247e-15 2.760017e-17 3.034732e+00 256 0
9572.4410 9581.0562 1.515661e-15 2.931002e-17 3.490192e+00 256 0
9577.3139 9585.9335 2.543561e-15 3.637529e-17 5.833155e+00 272 0
9582.1867 9590.8107 1.057372e-15 2.583730e-17 2.403393e+00 256 0
9587.0595 9595.6879 8.685544e-16 2.479886e-17 1.960539e+00 256 0
9591.9323 9600.5650 1.866763e-15 3.252511e-17 4.203587e+00 272 0
9596.8050 9605.4421 3.595757e-16 2.082558e-17 7.947382e-01 16 0
9601.6777 9610.3192 4.106199e-16 2.164875e-17 9.038215e-01 16 0
9606.5503 9615.1962 4.587583e-16 2.119049e-17 1.005055e+00 256 0
9611.4229 9620.0732 1.529762e-15 3.214489e-17 3.359977e+00 272 0
9616.2955 9624.9501 2.049957e-15 3.670716e-17 4.478988e+00 16 0
9621.1680 9629.8270 1.510299e-15 3.044451e-17 3.275725e+00 16 0
9626.0405 9634.7039 9.103093e-16 2.616977e-17 1.956799e+00 16 0
9630.9129 9639.5807 1.450530e-16 7.678878e-17 2.985478e-01 272 0
9635.7853 9644.4575 1.301288e-15 3.143225e-17 2.766529e+00 272 0
9640.6576 9649.3342 2.028008e-15 3.829471e-17 4.290401e+00 272 0
9645.5299 9654.2109 4.708795e-16 2.381748e-17 9.798103e-01 16 0
9650.4022 9659.0875 4.771436e-16 2.322566e-17 9.862842e-01 16 0
9655.2744 9663.9641 6.571407e-16 2.460849e-17 1.353840e+00 0 0
9660.1465 9668.8407 3.365148e-16 2.251527e-17 6.821815e-01 272 0
9665.0187 9673.7172 2.764319e-16 2.128006e-17 5.540134e-01 256 0
9669.8908 9678.5937 1.082027e-15 2.909104e-17 2.191113e+00 256 0
9674.7628 9683.4701 1.003125e-14 7.974888e-17 2.027947e+01 272 0
9679.6348 9688.3465 1.748209e-14 9.721506e-17 3.510320e+01 272 0
9684.5068 9693.2228 1.763246e-14 9.379528e-17 3.515027e+01 272 0
9689.3787 9698.0991 8.311230e-16 2.781103e-17 1.632184e+00 16 0
9694.2505 9702.9754 1.754881e-16 3.304222e-17 3.311867e-01 16 0
9699.1224 9707.8516 4.562186e-16 2.659961e-17 8.769729e-01 272 0
9703.9941 9712.7277 4.090600e-15 4.917012e-17 7.907594e+00 272 0
9708.8659 9717.6039 3.497859e-16 2.939571e-17 6.591343e-01 272 0
9713.7376 9722.4799 5.616288e-15 5.689183e-17 1.070021e+01 272 0
9718.6092 9727.3560 4.398397e-17 3.239380e-17 6.706876e-02 16 0
9723.4808 9732.2319 1.164063e-16 2.405763e-17 2.041342e-01 16 0
9728.3524 9737.1079 1.356865e-16 2.237049e-17 2.385777e-01 16 0
9733.2239 9741.9838 1.549208e-16 2.474307e-17 2.723304e-01 16 0
9738.0954 9746.8596 1.354358e-16 2.228984e-17 2.340586e-01 0 0
9742.9668 9751.7354 1.714653e-16 2.611200e-17 2.979876e-01 16 0
9747.8382 9756.6112 1.804432e-16 2.884472e-17 3.117260e-01 16 0
9752.7095 9761.4869 1.286717e-15 3.803926e-17 2.291705e+00 16 0
9757.5808 9766.3626 2.384397e-16 2.420495e-17 4.097854e-01 0 0
9762.4520 9771.2382 8.379947e-15 7.054323e-17 1.475309e+01 256 0
9767.3232 9776.1138 1.149226e-14 8.317447e-17 2.006991e+01 272 0
9772.1944 9780.9893 1.785828e-15 3.808767e-17 3.081221e+00 256 0
9777.0655 9785.8648 1.955383e-16 2.514311e-17 3.216559e-01 256 0
9781.9365 9790.7403 1.515746e-16 2.524553e-17 2.434201e-01 16 0
9786.8076 9795.6157 1.055052e-16 2.497871e-17 1.626507e-01 16 0
9791.6785 9800.4910 3.504926e-17 2.395169e-17 4.094237e-02 16 0
9796.5494 9805.3663 2.623252e-17 2.335944e-17 2.524751e-02 0 0
9801.4203 9810.2416 -3.487470e-17 2.487480e-17 -7.556719e-02 16 0
9806.2912 9815.1168 -1.275183e-17 2.422634e-17 -3.961557e-02 0 0
9811.1619 9819.9920 -2.867775e-17 2.360778e-17 -6.484795e-02 0 0
9816.0327 9824.8671 -2.487706e-17 2.423751e-17 -5.851126e-02 0 0
9820.9034 9829.7422 3.549919e-17 2.625522e-17 3.813833e-02 16 0
9825.7740 9834.6172 7.901673e-16 3.344782e-17 1.228965e+00 256 0
9830.6446 9839.4922 2.184763e-15 4.624406e-17 3.389621e+00 272 0
9835.5152 9844.3671 3.626418e-17 2.653561e-17 3.757125e-02 272 0
9840.3857 9849.2420 1.031176e-17 2.794457e-17 -4.032552e-03 16 0
9845.2561 9854.1169 -1.076952e-17 5.309137e-17 -3.572237e-02 16 0
9850.1265 9858.9916 2.220483e-16 2.978538e-17 3.180634e-01 272 0
9854.9969 9863.8664 1.181336e-15 3.889028e-17 1.741191e+00 272 0
9859.8672 9868.7411 5.615591e-16 3.369315e-17 8.122215e-01 256 0
9864.7375 9873.6157 6.936119e-16 3.527907e-17 9.966041e-01 256 0
9869.6077 9878.4903 2.184005e-15 5.156554e-17 3.135907e+00 272 0
9874.4779 9883.3649 4.432734e-15 6.110383e-17 6.314747e+00 256 0
9879.3480 9888.2394 2.270904e-15 5.072824e-17 3.196125e+00 272 0
9884.2181 9893.1139 2.561534e-15 5.107793e-17 3.570293e+00 0 0
9889.0881 9897.9883 2.965376e-15 5.388180e-17 4.092967e+00 0 0
9893.9581 9902.8626 2.768757e-15 5.491376e-17 3.781390e+00 16 0
9898.8280 9907.7369 2.753311e-15 5.413750e-17 3.721161e+00 16 0
9903.6979 9912.6112 4.264973e-15 6.315437e-17 5.711179e+00 16 0
9908.5677 9917.4854 4.925899e-15 6.802173e-17 6.528767e+00 16 0
9913.4375 9922.3596 2.389793e-15 5.302375e-17 3.127043e+00 272 0
9918.3072 9927.2337 2.302212e-15 5.197775e-17 2.979659e+00 256 0
9923.1769 9932.1078 2.199852e-15 5.228879e-17 2.815853e+00 272 0
9928.0465 9936.9818 -1.991267e-16 3.249068e-17 -2.706872e-01 16 0
9932.9161 9941.8558 -1.929153e-16 3.164326e-17 -2.603474e-01 16 0
9937.7857 9946.7297 3.376410e-16 4.088455e-17 4.049883e-01 16 0
9942.6552 9951.6036 -1.802582e-16 3.501811e-17 -2.399012e-01 16 0
9947.5246 9956.4774 2.982948e-15 5.911837e-17 3.616472e+00 256 0
9952.3940 9961.3511 7.717421e-16 5.064135e-17 9.145551e-01 272 0
9957.2633 9966.2249 -3.381629e-16 3.170444e-17 -4.179885e-01 0 0
9962.1326 9971.0985 6.685464e-16 4.314989e-17 7.719156e-01 256 0
9967.0019 9975.9722 5.466062e-15 7.626973e-17 6.340308e+00 256 0
9971.8711 9980.8457 1.668569e-15 5.211671e-17 1.903573e+00 256 0
9976.7402 9985.7193 4.111356e-16 4.233525e-17 4.515783e-01 256 0
9981.6093 9990.5927 3.313370e-16 4.174877e-17 3.560032e-01 256 0
9986.4783 9995.4661 1.157164e-15 5.054038e-17 1.269309e+00 16 0
9991.3473 10000.3395 7.872286e-17 4.082351e-17 6.680584e-02 16 0
9996.2162 10005.2128 1.456104e-15 5.443794e-17 1.562423e+00 0 0
10001.0851 10010.0861 1.338917e-15 5.713822e-17 1.417879e+00 272 0
10005.9540 10014.9593 1.638857e-14 1.283864e-16 1.729595e+01 256 0
10010.8228 10019.8325 3.641750e-16 7.227042e-17 3.638630e-01 272 0
10015.6915 10024.7056 6.656308e-17 4.338254e-17 4.834962e-02 256 0
10020.5602 10029.5787 -6.330700e-16 3.667958e-17 -6.573045e-01 0 0
10025.4288 10034.4517 -1.586500e-15 2.166581e-16 -1.593252e+00 16656 0
10030.2974 10039.3246 -2.037186e-16 5.446686e-17 -2.216163e-01 272 0
10035.1659 10044.1976 6.908357e-15 9.312417e-17 6.743078e+00 1280 0
10040.0344 10049.0704 1.282360e-15 5.838525e-17 1.223448e+00 1296 0
10044.9028 10053.9432 -5.875749e-16 4.146773e-17 -5.747952e-01 1040 0
10049.7712 10058.8160 3.021209e-15 7.251078e-17 2.823261e+00 1280 0
10054.6395 10063.6887 6.504960e-15 9.487140e-17 6.009330e+00 1280 0
10059.5078 10068.5613 4.936279e-15 8.630100e-17 4.492390e+00 1280 0
10064.3760 10073.4339 -8.139010e-16 4.085862e-17 -7.455344e-01 1040 0
10069.2442 10078.3065 -2.804817e-16 4.819409e-17 -2.684522e-01 1040 0
10074.1123 10083.1790 1.842461e-14 1.510879e-16 1.607786e+01 1024 0
10078.9803 10088.0514 7.144920e-15 1.032041e-16 6.132126e+00 1024 0
10083.8483 10092.9238 3.499082e-16 5.817895e-17 2.790147e-01 1040 0
10088.7163 10097.7961 5.933441e-15 9.909207e-17 4.932559e+00 1040 0
10093.5842 10102.6684 8.322665e-15 1.137941e-16 6.813186e+00 1296 0
10098.4520 10107.5406 4.371679e-15 9.264312e-17 3.513917e+00 1280 0
10103.3198 10112.4128 -4.215317e-16 5.903380e-17 -3.538813e-01 1040 0
10108.1876 10117.2849 1.346744e-15 7.510932e-17 1.035879e+00 1040 0
10113.0553 10122.1570 1.504103e-15 7.469855e-17 1.138471e+00 1024 0
10117.9229 10127.0290 -1.118991e-15 4.918127e-17 -8.558434e-01 1024 0
10122.7905 10131.9010 -1.381971e-15 4.726384e-17 -1.032215e+00 1040 0
10127.6580 10136.7729 -1.052054e-15 5.172943e-17 -7.783855e-01 1024 0
10132.5255 10141.6447 8.929561e-15 1.273439e-16 6.347507e+00 1280 0
10137.3929 10146.5165 2.034336e-14 1.801790e-16 1.420138e+01 1280 0
10142.2603 10151.3883 1.033441e-14 1.432963e-16 7.066650e+00 1296 0
10147.1276 10156.2600 5.029248e-15 1.088339e-16 3.363257e+00 1024 0
10151.9948 10161.1316 5.870372e-15 1.165586e-16 3.847921e+00 1040 0
10156.8620 10166.0032 2.045951e-15 9.375321e-17 1.303326e+00 1040 0
10161.7292 10170.8747 -1.419376e-15 5.947735e-17 -9.086451e-01 1024 0
10166.5963 10175.7462 -4.358820e-16 8.266300e-17 -2.898839e-01 1040 0
10171.4633 10180.6176 -1.025045e-15 7.031007e-17 -6.358334e-01 1040 0
10176.3303 10185.4890 1.049021e-14 1.808548e-16 6.171184e+00 1040 0
10181.1972 10190.3603 1.260872e-15 9.654180e-17 7.103567e-01 1040 0
10186.0641 10195.2316 1.310638e-15 9.651777e-17 7.212573e-01 256 0
10190.9309 10200.1028 5.110716e-15 1.276963e-16 2.791277e+00 272 0
10195.7977 10204.9739 -2.202139e-16 8.756435e-17 -1.406145e-01 256 0
10200.6644 10209.8450 1.256270e-14 1.657313e-16 6.545428e+00 256 0
10205.5310 10214.7160 1.311718e-14 1.714826e-16 6.661549e+00 256 0
10210.3976 10219.5870 -2.099256e-18 7.022189e-17 -1.615864e-02 256 0
10215.2642 10224.4579 -2.364772e-16 1.388081e-16 -1.279655e-01 272 0
10220.1307 10229.3288 -5.722698e-16 7.705352e-17 -2.796878e-01 272 0
10224.9971 10234.1996 -7.144588e-16 7.212924e-17 -3.369989e-01 16 0
10229.8635 10239.0703 -8.277258e-16 7.312744e-17 -3.780103e-01 0 0
10234.7298 10243.9410 -7.024024e-16 7.652556e-17 -3.162121e-01 0 0
10239.5961 10248.8117 3.624415e-15 2.191997e-16 1.514019e+00 512 0
