# obs_wvl flux error
5.292000000000000000e+03 5.062444197569473947e-14 8.184685081136027721e-16
5.296879835863843255e+03 5.110977620350979865e-14 7.275820258767982003e-16
5.301759671727686509e+03 4.990448780266688677e-14 6.918413976916991771e-16
5.306639507591529764e+03 5.019389405173307345e-14 6.743735521789345998e-16
5.311519343455373019e+03 5.276925523227965219e-14 6.752773925859164937e-16
5.316399179319216273e+03 5.251418358740166992e-14 6.733331957235549115e-16
5.321279015183059528e+03 5.129467202308951670e-14 6.652593150481332472e-16
5.326158851046902782e+03 5.162533989532609977e-14 5.151772166628429886e-16
5.331038686910746037e+03 5.215597918828418500e-14 7.453549005076573128e-16
5.335918522774589292e+03 5.196244933609049788e-14 6.924352547560522917e-16
5.340798358638432546e+03 5.067706201478064418e-14 6.933706802253248447e-16
5.345678194502275801e+03 5.125686429453982709e-14 7.102667702948662393e-16
5.350558030366119056e+03 5.215268155042731862e-14 7.282800678580875921e-16
5.355437866229962310e+03 5.266288093046854252e-14 7.359078918260007389e-16
5.360317702093805565e+03 5.066135523583960850e-14 7.327655664519039026e-16
5.365197537957648819e+03 5.295175815262231717e-14 7.482336738981629295e-16
5.370077373821492074e+03 5.140655598820153794e-14 7.492017559746561920e-16
5.374957209685335329e+03 5.229449551501204716e-14 7.485976578512960350e-16
5.379837045549178583e+03 5.170810177416052884e-14 7.473890544963738182e-16
5.384716881413021838e+03 5.259013550102333313e-14 7.518727445066145660e-16
5.389596717276865093e+03 5.078351358693817767e-14 7.350513440088148475e-16
5.394476553140708347e+03 5.090255358528353212e-14 7.333719255645990617e-16
5.399356389004551602e+03 5.262121349367232575e-14 7.380126146419827338e-16
5.404236224868394856e+03 5.089678539087731046e-14 7.273694530445210258e-16
5.409116060732238111e+03 5.145171651316858252e-14 7.171179302694941958e-16
5.413995896596081366e+03 5.309388744277902905e-14 7.406539161206866663e-16
5.418875732459924620e+03 5.086319569030484843e-14 6.972625719093389618e-16
5.423755568323767875e+03 5.164936540705065595e-14 6.924694956090876709e-16
5.428635404187611130e+03 5.041648321577978996e-14 6.755757995302004863e-16
5.433515240051454384e+03 4.892564928797010181e-14 6.637363972020490814e-16
5.438395075915297639e+03 5.097815612788098387e-14 6.619227766531511213e-16
5.443274911779140893e+03 4.968681961980468032e-14 6.505180885821614773e-16
5.448154747642984148e+03 4.842267259706417085e-14 6.382430834775199791e-16
5.453034583506827403e+03 4.859249626902632292e-14 6.517866186094871135e-16
5.457914419370670657e+03 4.549992166991339420e-14 6.034050806123548315e-16
5.462794255234513912e+03 4.417447964266533771e-14 5.983218663707895800e-16
5.467674091098357167e+03 4.354443790873837239e-14 6.199827747018591538e-16
5.472553926962200421e+03 4.516275932165335974e-14 5.934606965043225006e-16
5.477433762826043676e+03 4.425800986097021758e-14 5.748774626911040674e-16
5.482313598689886931e+03 4.452452883548749587e-14 5.736018119670222629e-16
5.487193434553730185e+03 4.520704948510792970e-14 5.722033089648572180e-16
5.492073270417573440e+03 4.627415288715002524e-14 5.760961501136698633e-16
5.496953106281416694e+03 4.806021399821783552e-14 5.823331125518748717e-16
5.501832942145259949e+03 4.911677523013372595e-14 5.881268959577562426e-16
5.506712778009103204e+03 5.052575855936642507e-14 5.950922346759789965e-16
5.511592613872946458e+03 5.203227752711785443e-14 6.003521852132797713e-16
5.516472449736789713e+03 5.218554898255988471e-14 6.035744848918835021e-16
5.521352285600632968e+03 5.445187323674249163e-14 6.100391638848164287e-16
5.526232121464476222e+03 5.413198860013174028e-14 6.065120637757588642e-16
5.531111957328319477e+03 5.548668477657771246e-14 6.103222493325593963e-16
5.535991793192162731e+03 5.481339151345091815e-14 6.088373772890000484e-16
5.540871629056005986e+03 5.538159353036587531e-14 6.152549764566839040e-16
5.545751464919849241e+03 5.683090276021004926e-14 6.206426040998963831e-16
5.550631300783692495e+03 5.831986582471061026e-14 6.226703437312765403e-16
5.555511136647535750e+03 5.823992284670252297e-14 6.216169104306731836e-16
5.560390972511379005e+03 5.909277442436009691e-14 6.261044372231722874e-16
5.565270808375222259e+03 5.899617047029751205e-14 6.239932169899612137e-16
5.570150644239065514e+03 5.888886611066681413e-14 6.195989530506163739e-16
5.575030480102908768e+03 5.974993405179063404e-14 6.320959332641841517e-16
5.579910315966752023e+03 5.930677228983831574e-14 6.210832059958064759e-16
5.584790151830595278e+03 5.864695073994582540e-14 6.183727156116234160e-16
5.589669987694438532e+03 5.981817947899442062e-14 6.227066373416959585e-16
5.594549823558281787e+03 6.023432596350751211e-14 6.502176947382278127e-16
5.599429659422125042e+03 5.969153568266680151e-14 6.208600917086356231e-16
5.604309495285968296e+03 5.883128839924929019e-14 6.140235333800811529e-16
5.609189331149811551e+03 5.970836671883528411e-14 6.156589351825749774e-16
5.614069167013654805e+03 5.950600731852776748e-14 6.138771592470794463e-16
5.618949002877498060e+03 5.968317084191393562e-14 6.108302752395880591e-16
5.623828838741341315e+03 6.003184865534664450e-14 6.121175603684913458e-16
5.628708674605184569e+03 5.876388929441702052e-14 4.769881578937976113e-16
5.633588510469027824e+03 5.723799391269338011e-14 7.159593102874664636e-16
5.638468346332871079e+03 5.867284787750046191e-14 5.978109055082193783e-16
5.643348182196714333e+03 5.791178614881354508e-14 5.944618527937532252e-16
5.648228018060557588e+03 5.814448748996955977e-14 6.031297013205695791e-16
5.653107853924400843e+03 5.687084640945478254e-14 5.881328050391660974e-16
5.657987689788244097e+03 5.839089379229367561e-14 5.918620106147329261e-16
5.662867525652087352e+03 5.811151607734851501e-14 5.914655733335116484e-16
5.667747361515930606e+03 5.805331663998000576e-14 5.896386329830514833e-16
5.672627197379773861e+03 5.730854596270145169e-14 5.865650841923035432e-16
5.677507033243617116e+03 5.788181231130726134e-14 5.846127597774286580e-16
5.682386869107460370e+03 5.793896575246889050e-14 5.852223847166317323e-16
5.687266704971303625e+03 5.715404486735477942e-14 5.799036075000383163e-16
5.692146540835146880e+03 5.670769167678308003e-14 5.843242697368589946e-16
5.697026376698990134e+03 5.603803804944070244e-14 5.743794527218474841e-16
5.701906212562833389e+03 5.476067824892560393e-14 5.648663409753812628e-16
5.706786048426676643e+03 5.574252304149078092e-14 5.701857270626161521e-16
5.711665884290519898e+03 5.316058197369383030e-14 5.604455650252264655e-16
5.716545720154363153e+03 5.366192685143714723e-14 5.605394011924306492e-16
5.721425556018206407e+03 5.238631956244268384e-14 5.551168810907750381e-16
5.726305391882049662e+03 5.208798301283133287e-14 5.543192555591497752e-16
5.731185227745892917e+03 5.201433141298482742e-14 5.584800550798130465e-16
5.736065063609736171e+03 5.173195534392229436e-14 5.489936273397196459e-16
5.740944899473579426e+03 5.077099669635902970e-14 5.428857643543079867e-16
5.745824735337422680e+03 5.091581907695090200e-14 5.423578226757765497e-16
5.750704571201265935e+03 5.035639510336638667e-14 5.394002719896729617e-16
5.755584407065109190e+03 5.010608045649121867e-14 5.432633273648548827e-16
5.760464242928952444e+03 4.927576261926579311e-14 5.321452676078923515e-16
5.765344078792795699e+03 4.966548930526820805e-14 5.372549048343681095e-16
5.770223914656638954e+03 5.107142413186691620e-14 5.377671212274288016e-16
5.775103750520482208e+03 5.065397229389887893e-14 5.393340640633721227e-16
5.779983586384325463e+03 5.046873791502534070e-14 5.341859953080682682e-16
5.784863422248168717e+03 5.066682081979388154e-14 5.326765786323358095e-16
5.789743258112011972e+03 5.150395436149727324e-14 5.351076798282664162e-16
5.794623093975855227e+03 5.201933869716477511e-14 5.390811295841291650e-16
5.799502929839698481e+03 5.137918345794736792e-14 5.386819593306974247e-16
5.804382765703541736e+03 5.162253682728834216e-14 5.412533607745514177e-16
5.809262601567384991e+03 5.206852083190662210e-14 5.508849199930921339e-16
5.814142437431228245e+03 5.136308438474814589e-14 6.068925064063347081e-16
5.819022273295071500e+03 5.457463151520271005e-14 5.519059332912394899e-16
5.823902109158914755e+03 5.450345587505830778e-14 5.500383230517465402e-16
5.828781945022758009e+03 5.439134841640580070e-14 5.449975584374031444e-16
5.833661780886601264e+03 5.424941718443461943e-14 5.381633238186273936e-16
5.838541616750444518e+03 5.499617522585421554e-14 5.554023879100712731e-16
5.843421452614287773e+03 5.667714987525580314e-14 5.500602991614553073e-16
5.848301288478131028e+03 5.654277496513163194e-14 5.474025913268777565e-16
5.853181124341974282e+03 5.698698149236863164e-14 5.484347572470772416e-16
5.858060960205817537e+03 5.688267347396749663e-14 5.513199346990396693e-16
5.862940796069660792e+03 5.681038377948131142e-14 5.455157423104112984e-16
5.867820631933504046e+03 5.751157272703572434e-14 5.522462827206944180e-16
5.872700467797347301e+03 5.865795432215905723e-14 5.634031249844580336e-16
5.877580303661190555e+03 5.748842506203849795e-14 5.463744161270700649e-16
5.882460139525033810e+03 5.756252025641466541e-14 5.507478177705244885e-16
5.887339975388877065e+03 5.672621544846276237e-14 5.462112432484487720e-16
5.892219811252720319e+03 5.596402667948343785e-14 5.414756421453872725e-16
5.897099647116563574e+03 5.620420291712136799e-14 5.469086381462505274e-16
5.901979482980406829e+03 5.685584896311995089e-14 5.462454159762067802e-16
5.906859318844250083e+03 5.524810157993445106e-14 5.370556796082197087e-16
5.911739154708093338e+03 5.276244458528589096e-14 5.279457150211412872e-16
5.916618990571936592e+03 5.028313131278884500e-14 5.191393126008109178e-16
5.921498826435779847e+03 4.732370852192178060e-14 5.036421100445710850e-16
5.926378662299623102e+03 4.850269607129476427e-14 5.120429344199763109e-16
5.931258498163466356e+03 5.292929606466805478e-14 5.311975091492933742e-16
5.936138334027309611e+03 5.348264394239027078e-14 5.528190861029945324e-16
5.941018169891152866e+03 5.372661641715657492e-14 5.377961868535880259e-16
5.945898005754996120e+03 5.384733239675967459e-14 5.363682364114680918e-16
5.950777841618839375e+03 5.506272149005737388e-14 5.519144677379387044e-16
5.955657677482682629e+03 5.406710327400994042e-14 5.338864165601218685e-16
5.960537513346525884e+03 5.411969419433178084e-14 5.338255250239114153e-16
5.965417349210369139e+03 5.253385317016680632e-14 5.370287511046045531e-16
5.970297185074212393e+03 5.354068297043995086e-14 5.308230872254875985e-16
5.975177020938055648e+03 5.342010125876734982e-14 5.322648509467119817e-16
5.980056856801898903e+03 5.488639300865490804e-14 5.378031735263525127e-16
5.984936692665742157e+03 5.388777809243198138e-14 5.319586459903497041e-16
5.989816528529585412e+03 5.328512429585391430e-14 5.292360353461520875e-16
5.994696364393428667e+03 5.258155786934972028e-14 5.253147651425392577e-16
5.999576200257271921e+03 5.207306445838802243e-14 5.254248215588172383e-16
6.004456036121115176e+03 5.128483238095051539e-14 5.173282488311106652e-16
6.009335871984958430e+03 5.147956869912697461e-14 5.183583091301257565e-16
6.014215707848801685e+03 4.980144184782353019e-14 5.660471768945808227e-16
6.019095543712644940e+03 5.109626445520863410e-14 5.180380965479851864e-16
6.023975379576488194e+03 4.974902795884655371e-14 5.160035244534006054e-16
6.028855215440331449e+03 5.010595875953641723e-14 5.091995721019917171e-16
6.033735051304174704e+03 4.873239796280364477e-14 5.017923735052222607e-16
6.038614887168017958e+03 4.851794199481666883e-14 4.991109760803295882e-16
6.043494723031861213e+03 4.824287255471819606e-14 4.970335067220769195e-16
6.048374558895704467e+03 4.815966829712954321e-14 4.958523243047669609e-16
6.053254394759547722e+03 4.847638437990371149e-14 4.961629175365065376e-16
6.058134230623390977e+03 4.770390587949263473e-14 4.933875886590265456e-16
6.063014066487234231e+03 4.711847862738886711e-14 3.682085976670832816e-16
6.067893902351077486e+03 4.644474773307302740e-14 5.120704860099166596e-16
6.072773738214920741e+03 4.548806295600971326e-14 4.788389822172584391e-16
6.077653574078763995e+03 4.493577942461401742e-14 4.763502382951851995e-16
6.082533409942607250e+03 4.354822081909940770e-14 4.662335718845405161e-16
6.087413245806450504e+03 4.136339003170291423e-14 4.569951131486963197e-16
6.092293081670293759e+03 3.948391675749091217e-14 4.461283884075765908e-16
6.097172917534137014e+03 3.717017473890163209e-14 4.341775648369538710e-16
6.102052753397980268e+03 3.532718037387222849e-14 4.346320248561265664e-16
6.106932589261823523e+03 3.180245642915582606e-14 4.067551798031372042e-16
6.111812425125666778e+03 2.962324582765213091e-14 3.965178728395310788e-16
6.116692260989510032e+03 2.782191548693286690e-14 3.841772055721372702e-16
6.121572096853353287e+03 2.655376497207912189e-14 3.807870520262470286e-16
6.126451932717196541e+03 2.430081143575909983e-14 3.645666051742180530e-16
6.131331768581039796e+03 2.170078263755615890e-14 3.479409605508829328e-16
6.136211604444883051e+03 2.196774015303335778e-14 3.554948477557181854e-16
6.141091440308726305e+03 2.037052992101712108e-14 3.454269981888240462e-16
6.145971276172569560e+03 2.026241626603665778e-14 3.444732321958723921e-16
6.150851112036412815e+03 1.950759679498546118e-14 3.396343344584742705e-16
6.155730947900256069e+03 1.883319520557055322e-14 3.369053167366148063e-16
6.160610783764099324e+03 2.006188216518129257e-14 3.389458576986215403e-16
6.165490619627942579e+03 1.916192604995110252e-14 3.319408071661814074e-16
6.170370455491785833e+03 1.979385150974828641e-14 3.344853156182068163e-16
6.175250291355629088e+03 2.080780581324625802e-14 3.459461693685448796e-16
6.180130127219472342e+03 2.213708011142465554e-14 3.823540285536577519e-16
6.185009963083315597e+03 2.354062200161306430e-14 3.576406173829793051e-16
6.189889798947158852e+03 2.540469854734800966e-14 3.737125555531496077e-16
6.194769634811002106e+03 2.687930228809608651e-14 3.729596938308584951e-16
6.199649470674845361e+03 2.883395348438983112e-14 4.149886762361057990e-16
6.204529306538688616e+03 3.066253853900060725e-14 3.933225758012960444e-16
6.209409142402531870e+03 3.115432697647567129e-14 3.946144813596892831e-16
6.214288978266375125e+03 3.313268017895332691e-14 4.162347914872854517e-16
6.219168814130218379e+03 3.379585830236782240e-14 4.071104448378151691e-16
6.224048649994061634e+03 3.584960651869479631e-14 4.162609913027475813e-16
6.228928485857904889e+03 3.576164186596508997e-14 4.142639115220673152e-16
6.233808321721748143e+03 3.702496230557894661e-14 4.223223007595302752e-16
6.238688157585591398e+03 3.871225240193014527e-14 4.296285981615830278e-16
6.243567993449434653e+03 4.049801349168252089e-14 4.376839613895251589e-16
6.248447829313277907e+03 4.034406466182996030e-14 4.333810401769359925e-16
6.253327665177121162e+03 4.113064671962879449e-14 4.396167487642034170e-16
6.258207501040964416e+03 4.271556427462971605e-14 4.434582861294315096e-16
6.263087336904807671e+03 4.283548851035661885e-14 4.445583844869473150e-16
6.267967172768650926e+03 4.315287287993916119e-14 4.451473218398743259e-16
6.272847008632494180e+03 4.371320905461540937e-14 4.480087707461846950e-16
6.277726844496337435e+03 4.361004177052635345e-14 4.450572251775036480e-16
6.282606680360180690e+03 4.468797389770197755e-14 4.520324431494042255e-16
6.287486516224023944e+03 4.499914663530890270e-14 4.493139194469187551e-16
6.292366352087867199e+03 4.374481471048644092e-14 4.429280305187452092e-16
6.297246187951710453e+03 4.502401064711676624e-14 4.504185229796886658e-16
6.302126023815553708e+03 4.441708780716882920e-14 4.458529910567044174e-16
6.307005859679396963e+03 4.497238950515138671e-14 4.476698645838447714e-16
6.311885695543240217e+03 4.289967196150183461e-14 4.366157023230540790e-16
6.316765531407083472e+03 4.421365709353270018e-14 4.457365282248052570e-16
6.321645367270926727e+03 4.401993441121812960e-14 4.405356090328500784e-16
6.326525203134769981e+03 4.413817466092189347e-14 4.552987162590832967e-16
6.331405038998613236e+03 4.467181556865603998e-14 4.544553573446361527e-16
6.336284874862456491e+03 4.360086980146562119e-14 4.360888430196256006e-16
6.341164710726299745e+03 4.377677312416723447e-14 4.388593303953373648e-16
6.346044546590143000e+03 4.362166635135194919e-14 4.382218933992264939e-16
6.350924382453986254e+03 4.312615800832782690e-14 4.338283575545323677e-16
6.355804218317829509e+03 4.376222829639216739e-14 4.336598483703849052e-16
6.360684054181672764e+03 4.433715423856060481e-14 4.349887271384832663e-16
6.365563890045516018e+03 4.319711493321697660e-14 4.280970561976107928e-16
6.370443725909359273e+03 4.224871325596970763e-14 4.232778627012721776e-16
6.375323561773202528e+03 4.273138388098330710e-14 4.275225891858650959e-16
6.380203397637045782e+03 4.259176281895852017e-14 4.375662228038644563e-16
6.385083233500889037e+03 4.226070039072903657e-14 4.220164663454889478e-16
6.389963069364732291e+03 4.281895672834431754e-14 4.248526215205025860e-16
6.394842905228575546e+03 4.275717101214726870e-14 4.238291760244189395e-16
6.399722741092418801e+03 4.131208831436290001e-14 4.152299318118728427e-16
6.404602576956262055e+03 4.143911053732728609e-14 4.151148654525195726e-16
6.409482412820105310e+03 4.107244640030848575e-14 4.580611146509896820e-16
6.414362248683948565e+03 4.135406814678820945e-14 4.148484829260812317e-16
6.419242084547791819e+03 4.137018352660651111e-14 4.135025835004009014e-16
6.424121920411635074e+03 4.183004958613724067e-14 4.165833232423318677e-16
6.429001756275478328e+03 4.240390116425151143e-14 4.174605827917061953e-16
6.433881592139321583e+03 4.138282242355880020e-14 4.110597902909375285e-16
6.438761428003164838e+03 4.129939673693746794e-14 4.193901853505566846e-16
6.443641263867008092e+03 4.059401339260704536e-14 4.086785159195165229e-16
6.448521099730851347e+03 4.099444844995643876e-14 4.118323757190380325e-16
6.453400935594694602e+03 4.129616046399663915e-14 4.106904954739639843e-16
6.458280771458537856e+03 4.006159203054318503e-14 4.045551150490620233e-16
6.463160607322381111e+03 4.019775091884148153e-14 4.070110673368872170e-16
6.468040443186224365e+03 3.893790504266075308e-14 4.024559552034475475e-16
6.472920279050067620e+03 3.954695124852141985e-14 4.040006792225950150e-16
6.477800114913910875e+03 4.039843320099121459e-14 4.052562775419713266e-16
6.482679950777754129e+03 4.018625827257215697e-14 4.105391266669899721e-16
6.487559786641597384e+03 3.872155690606830797e-14 3.993373345118836702e-16
6.492439622505440639e+03 3.882996648337687687e-14 3.974472532670362115e-16
6.497319458369283893e+03 3.889228986066551458e-14 3.988515068288137100e-16
6.502199294233127148e+03 3.818675363751399958e-14 4.052009810249183392e-16
6.507079130096970403e+03 3.910007601490412978e-14 3.990140057101896491e-16
6.511958965960813657e+03 3.941792494329629835e-14 3.997613133956688970e-16
6.516838801824656912e+03 3.922933700162247854e-14 3.224893316963021615e-16
6.521718637688500166e+03 3.890741149940347976e-14 4.565675933498945620e-16
6.526598473552343421e+03 3.839058495963313848e-14 3.961589915756030747e-16
6.531478309416186676e+03 3.802334460209388519e-14 3.969947786234266716e-16
6.536358145280029930e+03 3.858763308719391889e-14 3.972521917623800932e-16
6.541237981143873185e+03 3.729412982360078642e-14 3.919208410098502427e-16
6.546117817007716440e+03 3.823871318287268856e-14 3.976853006398841462e-16
6.550997652871559694e+03 3.704843948950202590e-14 3.898071728554826975e-16
6.555877488735402949e+03 3.768124717743455768e-14 3.917361904020502347e-16
6.560757324599246203e+03 3.707179102084951746e-14 3.904826852643707051e-16
6.565637160463089458e+03 3.707122491559893911e-14 3.913666146620054507e-16
6.570516996326932713e+03 3.655077400910914626e-14 3.850561179436015809e-16
6.575396832190775967e+03 3.532147247340450553e-14 3.809086292333605285e-16
6.580276668054619222e+03 3.579834397508501268e-14 3.848138790670409072e-16
6.585156503918462477e+03 3.553831836715338349e-14 3.834659708552077390e-16
6.590036339782305731e+03 3.562338992079520259e-14 3.821335476006681290e-16
6.594916175646148986e+03 3.524560952120920673e-14 3.832734696080086365e-16
6.599796011509992240e+03 3.523415253816729819e-14 3.808750265859339972e-16
6.604675847373835495e+03 3.438997867082447778e-14 3.776473033890050476e-16
6.609555683237678750e+03 3.444618317124805229e-14 3.768019728678517754e-16
6.614435519101522004e+03 3.433310562099119099e-14 3.761371293095132133e-16
6.619315354965365259e+03 3.430342080137236459e-14 3.763776038122853527e-16
6.624195190829208514e+03 3.304729742520176071e-14 3.740968519102165055e-16
6.629075026693051768e+03 3.309101754160849754e-14 3.697708354419166141e-16
6.633954862556895023e+03 3.252146278925655856e-14 3.671701129641249212e-16
6.638834698420738277e+03 3.316602173605614884e-14 3.733173545335416684e-16
6.643714534284581532e+03 3.265938409850792033e-14 3.703611429380707886e-16
6.648594370148424787e+03 3.260371517362600830e-14 3.668989135608293350e-16
6.653474206012268041e+03 3.267679992093525575e-14 3.658475042814301260e-16
6.658354041876111296e+03 3.246048868555734372e-14 3.691104445624364231e-16
6.663233877739954551e+03 3.126518352339317307e-14 3.615218581647936113e-16
6.668113713603797805e+03 3.174743112424147695e-14 3.619681938331395029e-16
6.672993549467641060e+03 3.133715266398919419e-14 3.588072328119929715e-16
6.677873385331484315e+03 3.143385846674963377e-14 3.661023971882067062e-16
6.682753221195327569e+03 3.094442685325984619e-14 3.587266718308271628e-16
6.687633057059170824e+03 3.047364396845663503e-14 2.945484036501707029e-16
6.692512892923014078e+03 2.980762812683328267e-14 3.982273520748073225e-16
6.697392728786857333e+03 2.972832275040257520e-14 3.504297938762482090e-16
6.702272564650700588e+03 2.986452295891773790e-14 3.484338841474177846e-16
6.707152400514543842e+03 2.929635682313177938e-14 3.452209011109577950e-16
6.712032236378387097e+03 2.943901723410071412e-14 3.462603750622051450e-16
6.716912072242230352e+03 2.959063750056563103e-14 3.495066637425242538e-16
6.721791908106073606e+03 2.857071683478067095e-14 3.542983062780218359e-16
6.726671743969916861e+03 2.964127577619486424e-14 3.482763945793183464e-16
6.731551579833760115e+03 2.968984653395973945e-14 3.493777900883719682e-16
6.736431415697603370e+03 3.028258719941153441e-14 3.503480669982857621e-16
6.741311251561446625e+03 2.980278377843365395e-14 3.483424631314118678e-16
6.746191087425289879e+03 2.924573754953031918e-14 3.440805437720653396e-16
6.751070923289133134e+03 2.880427718038227336e-14 3.412289894764802596e-16
6.755950759152976389e+03 2.880588389026351138e-14 3.401476211285277461e-16
6.760830595016819643e+03 2.783750192923713174e-14 3.344392805021556695e-16
6.765710430880662898e+03 2.800270197447975656e-14 3.362622023237561114e-16
6.770590266744506152e+03 2.790440032124238605e-14 3.355374425511611719e-16
6.775470102608349407e+03 2.770710571620217104e-14 3.333645536725774692e-16
6.780349938472192662e+03 2.711896926766610758e-14 3.314500411874911395e-16
6.785229774336035916e+03 2.748315739107159925e-14 3.344078209930947677e-16
6.790109610199879171e+03 2.756114729069453353e-14 3.315392323353116284e-16
6.794989446063722426e+03 2.758680270993077156e-14 3.331262325315363806e-16
6.799869281927565680e+03 2.731954920463930647e-14 3.296022975093747756e-16
6.804749117791408935e+03 2.794579950696860705e-14 3.345959709764778534e-16
6.809628953655252189e+03 2.761745640222196594e-14 3.308268971278725780e-16
6.814508789519095444e+03 2.640332884382690629e-14 3.242699375640166571e-16
6.819388625382938699e+03 2.681829848367008369e-14 3.275471113168813976e-16
6.824268461246781953e+03 2.679882075551509634e-14 3.324246259762106779e-16
6.829148297110625208e+03 2.747754146340372115e-14 3.381423089113405308e-16
6.834028132974468463e+03 2.738961416998382421e-14 3.318311659096520241e-16
6.838907968838311717e+03 2.685504649122677243e-14 3.311961660347948380e-16
6.843787804702154972e+03 2.635738543474439857e-14 3.254887982131265696e-16
6.848667640565998227e+03 2.621933168536825654e-14 3.238490370970043939e-16
6.853547476429841481e+03 2.621486874376176542e-14 3.268684392164038137e-16
6.858427312293684736e+03 2.598505114404075329e-14 3.233958280308578829e-16
6.863307148157527990e+03 2.665352182203455958e-14 3.260535197916511855e-16
6.868186984021371245e+03 2.624103361450719355e-14 3.226906998791670155e-16
6.873066819885214500e+03 2.620179632451852246e-14 3.222044673998395869e-16
6.877946655749057754e+03 2.627000710480789580e-14 3.217143557173626551e-16
6.882826491612901009e+03 2.574859269175325606e-14 3.197759324861083904e-16
6.887706327476744264e+03 2.541817914532053879e-14 3.195131699727057680e-16
6.892586163340587518e+03 2.536276164299218104e-14 3.360456036665750606e-16
6.897465999204430773e+03 2.474330026552972198e-14 3.169581380138581435e-16
6.902345835068274027e+03 2.567394338585808050e-14 3.186286080693491830e-16
6.907225670932117282e+03 2.461948543106184115e-14 3.113308405520651934e-16
6.912105506795960537e+03 2.472231875750990059e-14 3.139692758116258377e-16
6.916985342659803791e+03 2.408252577887567722e-14 3.096742996695445653e-16
6.921865178523647046e+03 2.411651093900994102e-14 3.115040972285502360e-16
6.926745014387490301e+03 2.420202389434650729e-14 3.141559984246640908e-16
6.931624850251333555e+03 2.285059061132218245e-14 3.034074755679106734e-16
6.936504686115176810e+03 2.395451708792158257e-14 3.092168327972578286e-16
6.941384521979020064e+03 2.330808769405570359e-14 3.043374444732214635e-16
6.946264357842863319e+03 2.335233608889664890e-14 3.060627619247177941e-16
6.951144193706706574e+03 2.318550374734453039e-14 3.039491533729229029e-16
6.956024029570549828e+03 2.281706620964621847e-14 3.024582371151875466e-16
6.960903865434393083e+03 2.294316900115696728e-14 3.019507669251510587e-16
6.965783701298236338e+03 2.320025928282348993e-14 3.023529614131422350e-16
6.970663537162079592e+03 2.317415521819967460e-14 3.052730017048895713e-16
6.975543373025922847e+03 2.246032768111168555e-14 2.993913366324094210e-16
6.980423208889766101e+03 2.186626014761974675e-14 2.964478291460863324e-16
6.985303044753609356e+03 2.200230784020111413e-14 2.959401984114328768e-16
6.990182880617452611e+03 2.163374933824888209e-14 3.003280183553245103e-16
6.995062716481295865e+03 2.175274416661941723e-14 2.962481487783469966e-16
6.999942552345139120e+03 2.216800950373030270e-14 2.994801677333105495e-16
7.004822388208982375e+03 2.217785310079926903e-14 3.028525471895966104e-16
7.009702224072825629e+03 2.199075280620081247e-14 2.959182352945327133e-16
7.014582059936668884e+03 2.183499583051607751e-14 2.941403029111210019e-16
7.019461895800512139e+03 2.240691647090418359e-14 2.960406414582836916e-16
7.024341731664355393e+03 2.229875843176330426e-14 3.012284682614542954e-16
7.029221567528198648e+03 2.063664050762704162e-14 2.869120730363170295e-16
7.034101403392041902e+03 2.112998187972075025e-14 2.895528157283491872e-16
7.038981239255885157e+03 2.163129812623453006e-14 2.912919028242253314e-16
7.043861075119728412e+03 2.149116434970660561e-14 2.892090069706768974e-16
7.048740910983571666e+03 2.054698312597499211e-14 2.843873951965232454e-16
7.053620746847414921e+03 2.103236453296116140e-14 2.879853897116967932e-16
7.058500582711258176e+03 2.088212659471877246e-14 2.881492838477464129e-16
7.063380418575101430e+03 2.098868077169154178e-14 2.865178602597475008e-16
7.068260254438944685e+03 2.051582215326476727e-14 2.849668203384373073e-16
7.073140090302787939e+03 2.053068477372535469e-14 2.847832982451558543e-16
7.078019926166631194e+03 2.023339811986555259e-14 2.815715211310490744e-16
7.082899762030474449e+03 2.021739628263787809e-14 2.815582650058685833e-16
7.087779597894317703e+03 1.987851527792955122e-14 2.953069010347723933e-16
7.092659433758160958e+03 2.011774718404012162e-14 2.825160533279938535e-16
7.097539269622004213e+03 1.958061642169311294e-14 2.770667062020050963e-16
7.102419105485847467e+03 2.029176875756585116e-14 2.825062572534732390e-16
7.107298941349690722e+03 1.999563358887776846e-14 2.811676270756762299e-16
7.112178777213533976e+03 1.986031701541052695e-14 2.793057618315052867e-16
7.117058613077377231e+03 1.983006296087050848e-14 2.795788309206462457e-16
7.121938448941220486e+03 2.050708632199918492e-14 2.832698986425669901e-16
7.126818284805063740e+03 1.957939532200051838e-14 2.769377666716885822e-16
7.131698120668906995e+03 1.941960352164162547e-14 2.766318545512347625e-16
7.136577956532750250e+03 2.000562350143230045e-14 2.823675751592326918e-16
7.141457792396593504e+03 1.960300094010152547e-14 2.776285107134118906e-16
7.146337628260436759e+03 2.015136255853960593e-14 2.822477242817303785e-16
7.151217464124280013e+03 1.997993216866209982e-14 2.803137059826132163e-16
7.156097299988123268e+03 1.979242989319184448e-14 2.798449895310166859e-16
7.160977135851966523e+03 1.933244251850146106e-14 2.771951079093013595e-16
7.165856971715809777e+03 1.942855439478708144e-14 2.804329446364608626e-16
7.170736807579653032e+03 1.967750115541533265e-14 2.804195320338530827e-16
7.175616643443496287e+03 1.998778835407426859e-14 2.830906646043797574e-16
7.180496479307339541e+03 2.004183021526563320e-14 2.804526934939967978e-16
7.185376315171182796e+03 1.970228219526260622e-14 2.790718974434505753e-16
7.190256151035026051e+03 1.960073334570792327e-14 2.826172047249294340e-16
7.195135986898869305e+03 1.972095146590160652e-14 2.612392420896077548e-16
7.200015822762712560e+03 2.001276443554852319e-14 3.427456352384666317e-16
7.204895658626555814e+03 1.961186293847135816e-14 2.813034907890737185e-16
7.209775494490399069e+03 1.882935919942607736e-14 2.754403311734999519e-16
7.214655330354242324e+03 1.927983223568459907e-14 2.824965374778967953e-16
7.219535166218085578e+03 1.979358314352461346e-14 2.823072244778475955e-16
7.224415002081928833e+03 1.942099330145377466e-14 2.794604290259618668e-16
7.229294837945772088e+03 1.902539862518282613e-14 2.825754021547755234e-16
7.234174673809615342e+03 1.980793934664960349e-14 2.831112148635380162e-16
7.239054509673458597e+03 2.119857806384214169e-14 3.084768850173675658e-16
7.243934345537301851e+03 1.981991716333792937e-14 3.013676183883328035e-16
7.248814181401145106e+03 1.917731705617790297e-14 2.855641416112264033e-16
7.253694017264988361e+03 1.983429765761326829e-14 2.871502279110115203e-16
7.258573853128831615e+03 1.934306654176565017e-14 2.813481829035565953e-16
7.263453688992674870e+03 1.921178943909931711e-14 2.818013482594695924e-16
7.268333524856518125e+03 1.916139848789034572e-14 2.913650492905475524e-16
7.273213360720361379e+03 1.975197219121608053e-14 2.858806464841663635e-16
7.278093196584204634e+03 1.898505639620695162e-14 2.802089441920543941e-16
7.282973032448047888e+03 1.910485498579947691e-14 2.822032775413945214e-16
7.287852868311891143e+03 1.952674498890587570e-14 2.843646735591050746e-16
7.292732704175734398e+03 1.925984227640100965e-14 2.832960347268951342e-16
7.297612540039577652e+03 1.878655704585166238e-14 2.803816893374142527e-16
7.302492375903420907e+03 1.906993794224875804e-14 2.837833853619114666e-16
7.307372211767264162e+03 1.861968578651460604e-14 2.880486921382746905e-16
7.312252047631107416e+03 1.873252515495540096e-14 2.847898728333497044e-16
7.317131883494950671e+03 1.819649869222955599e-14 2.785069229433099757e-16
7.322011719358793925e+03 1.871661824001066336e-14 2.864714243136240465e-16
7.326891555222637180e+03 1.815682912215814181e-14 2.816883356028787150e-16
7.331771391086480435e+03 1.825593982329528482e-14 2.803755638544354141e-16
7.336651226950323689e+03 1.806745871617915750e-14 2.809290565162122391e-16
7.341531062814166944e+03 1.698819829188208618e-14 2.733272614055878215e-16
7.346410898678010199e+03 1.827577735241686808e-14 2.909472404420400112e-16
7.351290734541853453e+03 1.732804277639715168e-14 2.761423913519652022e-16
7.356170570405696708e+03 1.684546198570903867e-14 2.747578103062562167e-16
7.361050406269539963e+03 1.691494366074635119e-14 2.760715623844030169e-16
7.365930242133383217e+03 1.641778712886913340e-14 2.723620590638512460e-16
7.370810077997226472e+03 1.694052078641209422e-14 2.779383721570045438e-16
7.375689913861069726e+03 1.701957710995839713e-14 2.765233154770231535e-16
7.380569749724912981e+03 1.652106425851744904e-14 2.729668485278374436e-16
7.385449585588756236e+03 1.632045013268310166e-14 2.750485019014873618e-16
7.390329421452599490e+03 1.574988692012158298e-14 2.738167582188149106e-16
7.395209257316442745e+03 1.595618272017605953e-14 2.721825858016109142e-16
7.400089093180286000e+03 1.579192950953134987e-14 2.701449616105598535e-16
7.404968929044129254e+03 1.522317428063991769e-14 2.673670579956929093e-16
7.409848764907972509e+03 1.517083316035143582e-14 2.669415743763473916e-16
7.414728600771815763e+03 1.529941503127284416e-14 2.689592887448621647e-16
7.419608436635659018e+03 1.557366256365082327e-14 2.701236894736588059e-16
7.424488272499502273e+03 1.496470960247799613e-14 2.672821249081601118e-16
7.429368108363345527e+03 1.509543438788220196e-14 2.678495176013080240e-16
7.434247944227188782e+03 1.445146506580825566e-14 2.666347076808820548e-16
7.439127780091032037e+03 1.508984627049228030e-14 2.696599917403440853e-16
7.444007615954875291e+03 1.476096219066372582e-14 2.676195857878845654e-16
7.448887451818718546e+03 1.482390445626973644e-14 2.672688279034541993e-16
7.453767287682561800e+03 1.469352402241129993e-14 2.658109751731065486e-16
7.458647123546405055e+03 1.380042959263518371e-14 2.594246325301052367e-16
7.463526959410248310e+03 1.412840395295137858e-14 2.658672753163418184e-16
7.468406795274091564e+03 1.337059530498053883e-14 2.630138852476047015e-16
7.473286631137934819e+03 1.281095755746520597e-14 2.544020638424341607e-16
7.478166467001778074e+03 1.271796074489712972e-14 2.541682919488505530e-16
7.483046302865621328e+03 1.250184182385584807e-14 2.537612291306059919e-16
7.487926138729464583e+03 1.261205835681035884e-14 2.537030614951556364e-16
7.492805974593307837e+03 1.213656558958526024e-14 2.545485554151584420e-16
7.497685810457151092e+03 1.194684627770935652e-14 2.503942361784165316e-16
7.502565646320994347e+03 1.156188247944935022e-14 2.513339335021879407e-16
7.507445482184837601e+03 1.167768779236722509e-14 2.491774850300224164e-16
7.512325318048680856e+03 1.203992934051866511e-14 2.519928053486195903e-16
7.517205153912524111e+03 1.175876983488666593e-14 2.505204663821840883e-16
7.522084989776367365e+03 1.188152547695645358e-14 2.495490532935533509e-16
7.526964825640210620e+03 1.266054264272022585e-14 2.542796620599964848e-16
7.531844661504053875e+03 1.259854632188576987e-14 2.602003487439780864e-16
7.536724497367897129e+03 1.275228410945405921e-14 2.559836897525606588e-16
7.541604333231740384e+03 1.213775085080678729e-14 2.498959559844708653e-16
7.546484169095583638e+03 1.247199363367342417e-14 2.538494563362790705e-16
7.551364004959426893e+03 1.225033444156963559e-14 2.512129272215492672e-16
7.556243840823270148e+03 1.212792247980850678e-14 2.512895132744192542e-16
7.561123676687113402e+03 1.230190172368639934e-14 2.545508118868807545e-16
7.566003512550956657e+03 1.229296346840514595e-14 2.585637807122734712e-16
7.570883348414799912e+03 1.245688652509216833e-14 2.543161182611431609e-16
7.575763184278643166e+03 1.200305523174787113e-14 2.499687228285065108e-16
7.580643020142486421e+03 1.253249274890951235e-14 2.562625183740468756e-16
7.585522856006329675e+03 1.295641211060797338e-14 2.590761035699169814e-16
7.590402691870172930e+03 1.300282548273339430e-14 2.593632862752658717e-16
7.595282527734016185e+03 1.278890305659429050e-14 2.581601984761696184e-16
7.600162363597859439e+03 1.275779912687722085e-14 2.583045020950138533e-16
7.605042199461702694e+03 1.217469965000989514e-14 2.537447742662187294e-16
7.609922035325545949e+03 1.243164231855278553e-14 2.564155192590666363e-16
7.614801871189389203e+03 1.263959431991707885e-14 2.567388379094891358e-16
7.619681707053232458e+03 1.263383467441429482e-14 2.584399219090261633e-16
7.624561542917075712e+03 1.214518009498445614e-14 2.624713588565281268e-16
7.629441378780918967e+03 1.211232743275484645e-14 2.544865436901068212e-16
7.634321214644762222e+03 1.294765979280271500e-14 2.595587194181492174e-16
7.639201050508605476e+03 1.335311439128065943e-14 2.634743387682758142e-16
7.644080886372448731e+03 1.287235487959634788e-14 2.592710368025939395e-16
7.648960722236291986e+03 1.274610523334029900e-14 2.589929876186351136e-16
7.653840558100135240e+03 1.261021611152297007e-14 2.669840261764931188e-16
7.658720393963978495e+03 1.255686449052684575e-14 3.406399378013720428e-16
7.663600229827821749e+03 1.278574583307694792e-14 2.616772042922452415e-16
7.668480065691665004e+03 1.286507013387953174e-14 3.320023457915259168e-16
7.673359901555508259e+03 1.221250402651067693e-14 2.573982971170986632e-16
7.678239737419351513e+03 1.252343028060267632e-14 2.634713423041264531e-16
7.683119573283194768e+03 1.274330762866413705e-14 2.622352310182540817e-16
7.687999409147038023e+03 1.289475232531789785e-14 2.705391348779406488e-16
7.692879245010881277e+03 1.269957751141316781e-14 2.668049625513891214e-16
7.697759080874724532e+03 1.210402393273955447e-14 2.605405381689679920e-16
7.702638916738567787e+03 1.195265446886969077e-14 2.612410340543534257e-16
7.707518752602411041e+03 1.164567175456978075e-14 2.596981227404657603e-16
7.712398588466254296e+03 1.255381169132081432e-14 2.657873716226796404e-16
7.717278424330097550e+03 1.302439544094737463e-14 2.676463374031003587e-16
7.722158260193940805e+03 1.334845260823897740e-14 2.803312798777088377e-16
7.727038096057784060e+03 1.338450653266280321e-14 2.737797593528857908e-16
7.731917931921627314e+03 1.355405755193024920e-14 3.082060244450489835e-16
7.736797767785470569e+03 1.256055024651546186e-14 2.712205508912816225e-16
7.741677603649313824e+03 1.218753062265783109e-14 2.790725003171300319e-16
7.746557439513157078e+03 1.217248655170365610e-14 2.794585736971762168e-16
7.751437275377000333e+03 1.209512939251426368e-14 2.713595578347637417e-16
7.756317111240843587e+03 1.281227882065297273e-14 2.739704674181706767e-16
7.761196947104686842e+03 1.314091029721930783e-14 2.745446222397213851e-16
7.766076782968530097e+03 1.363513073225559020e-14 2.819212713484470519e-16
7.770956618832373351e+03 1.457127998557553437e-14 2.856125616133138863e-16
7.775836454696216606e+03 1.452884604514070215e-14 2.863436668512404611e-16
7.780716290560059861e+03 1.465874699094444080e-14 2.928576725598271272e-16
7.785596126423903115e+03 1.422247944323130998e-14 2.900698368001088764e-16
7.790475962287746370e+03 1.461504687080550161e-14 2.893081436326980108e-16
7.795355798151589624e+03 1.397329583467269850e-14 2.874282099733444840e-16
7.800235634015432879e+03 1.308730266669867765e-14 2.799531437003926489e-16
7.805115469879276134e+03 1.336429568000526864e-14 2.872831058658771874e-16
7.809995305743119388e+03 1.418649024311363228e-14 3.067972967953175734e-16
7.814875141606962643e+03 1.499931205150609481e-14 2.971753542579243419e-16
7.819754977470805898e+03 1.544577350493566000e-14 3.025707691920837291e-16
7.824634813334649152e+03 1.573693319761030142e-14 3.006336423120735132e-16
7.829514649198492407e+03 1.575871727515079422e-14 3.041263173342884724e-16
7.834394485062335661e+03 1.589909428316508920e-14 3.126432592843464643e-16
7.839274320926178916e+03 1.565051662876751682e-14 3.069945328138301745e-16
7.844154156790022171e+03 1.502817440719559218e-14 2.983175256219337822e-16
7.849033992653865425e+03 1.542310459500117940e-14 3.020560849063874407e-16
7.853913828517708680e+03 1.523119790752109834e-14 3.001610754622245514e-16
7.858793664381551935e+03 1.501343282988165131e-14 3.005002862563895757e-16
7.863673500245395189e+03 1.501717741131576050e-14 3.042255641445531455e-16
7.868553336109238444e+03 1.479647856748656811e-14 3.037866723264959699e-16
7.873433171973081699e+03 1.487008085546921395e-14 3.202526834053778673e-16
7.878313007836924953e+03 1.483018296562205407e-14 3.090370454071204913e-16
7.883192843700768208e+03 1.531717595815372319e-14 3.107988508478552286e-16
7.888072679564611462e+03 1.608918953018040610e-14 3.128523766129180346e-16
7.892952515428454717e+03 1.653558305529028723e-14 3.154330702146966496e-16
7.897832351292297972e+03 1.585544301661069519e-14 3.464446353335361777e-16
7.902712187156141226e+03 1.538732370150209870e-14 3.175854687401927598e-16
7.907592023019984481e+03 1.540382567287680224e-14 3.125530771261170651e-16
7.912471858883827736e+03 1.525812291163298762e-14 3.117015367731613958e-16
7.917351694747670990e+03 1.468411647076457258e-14 3.096405372453895620e-16
7.922231530611514245e+03 1.449554270865480359e-14 3.093333577906160877e-16
7.927111366475357499e+03 1.508337706471965531e-14 3.127261471204618202e-16
7.931991202339200754e+03 1.487262250412501857e-14 3.132376367032172246e-16
7.936871038203044009e+03 1.440854314166985668e-14 3.102712031774571708e-16
7.941750874066887263e+03 1.466982919992545080e-14 3.128820978422815550e-16
7.946630709930730518e+03 1.427748240000602275e-14 3.206312966902247737e-16
7.951510545794573773e+03 1.407848164656369078e-14 3.118149336893974683e-16
7.956390381658417027e+03 1.332984681303927363e-14 3.074366655647251410e-16
7.961270217522260282e+03 1.259036388832746877e-14 3.067340473602698247e-16
7.966150053386103536e+03 1.199180937308473054e-14 3.074058174875036676e-16
7.971029889249946791e+03 1.230606932443472449e-14 3.122183070180693739e-16
7.975909725113790046e+03 1.278755560149563124e-14 3.093509686972879306e-16
7.980789560977633300e+03 1.278530637549447393e-14 3.077233422672190671e-16
7.985669396841476555e+03 1.326369004141186220e-14 3.124140928212415993e-16
7.990549232705319810e+03 1.284176225779366040e-14 3.092286817278114119e-16
7.995429068569163064e+03 1.233273001731979964e-14 3.063525724349274246e-16
8.000308904433006319e+03 1.257115683548772698e-14 3.100804687414242597e-16
8.005188740296849573e+03 1.261487320272774615e-14 3.141565587082984354e-16
8.010068576160692828e+03 1.163831175464728615e-14 3.086917309462289203e-16
8.014948412024536083e+03 1.058098797911306905e-14 3.174918147764569122e-16
8.019828247888379337e+03 1.055445844891986188e-14 3.085701830427741874e-16
8.024708083752222592e+03 1.058497434676629005e-14 3.107903291738304184e-16
8.029587919616065847e+03 1.086703726542586466e-14 3.082197413883330256e-16
8.034467755479909101e+03 1.179787245754814665e-14 3.341498905593523625e-16
8.039347591343752356e+03 1.151501709324882151e-14 3.139327572073255554e-16
8.044227427207595611e+03 1.118973723011645872e-14 3.152720836931037650e-16
8.049107263071438865e+03 1.109636565682232557e-14 3.117344682988998734e-16
8.053987098935282120e+03 1.123678612756709540e-14 3.126079068503422272e-16
8.058866934799125374e+03 1.079340242994030865e-14 3.091074335616431653e-16
8.063746770662968629e+03 9.997429580782391165e-15 3.076692819437536250e-16
8.068626606526811884e+03 9.777958138019290541e-15 3.054085041131876066e-16
8.073506442390655138e+03 9.760633835640470948e-15 3.046604396195999061e-16
8.078386278254498393e+03 9.687782681070835415e-15 3.074430660371460622e-16
8.083266114118341648e+03 9.463439602603934273e-15 3.058231872213012359e-16
8.088145949982184902e+03 9.775663663489633605e-15 3.095566772743635469e-16
8.093025785846028157e+03 9.127205415117905021e-15 3.058516063424293401e-16
8.097905621709871411e+03 9.473800581973758513e-15 3.120744361966186213e-16
8.102785457573714666e+03 1.052620021158984000e-14 3.174625680892441068e-16
8.107665293437557921e+03 1.029874153178963224e-14 3.228809790492186431e-16
8.112545129301401175e+03 1.053090226405481170e-14 3.226875409811403498e-16
8.117424965165244430e+03 1.080543398644341135e-14 3.321024024202572302e-16
8.122304801029087685e+03 1.101740705267626567e-14 3.259467431125355006e-16
8.127184636892930939e+03 1.116657251536875211e-14 3.249076765271413436e-16
8.132064472756774194e+03 1.110633849520216770e-14 3.260653036321420594e-16
8.136944308620617448e+03 1.101982475824113047e-14 3.265093693292098486e-16
8.141824144484460703e+03 1.096124610036386632e-14 3.321039544655457906e-16
8.146703980348303958e+03 1.102839058677807041e-14 3.351741671281993244e-16
8.151583816212147212e+03 1.060156343611529512e-14 3.344010854643246356e-16
8.156463652075990467e+03 1.096494331382371258e-14 3.303440014957265521e-16
8.161343487939833722e+03 1.048732595150956097e-14 3.254802545247491886e-16
8.166223323803676976e+03 1.121099846655853003e-14 3.332398007124313807e-16
8.171103159667520231e+03 1.132991158013791897e-14 3.334338802012935564e-16
8.175982995531363485e+03 1.080251417478334855e-14 3.329181024741291987e-16
8.180862831395206740e+03 1.063988391320160276e-14 3.388537672699800777e-16
8.185742667259049995e+03 1.061333302446021432e-14 3.343044992432056075e-16
8.190622503122893249e+03 9.748221940195220308e-15 3.258967561780346086e-16
8.195502338986736504e+03 9.831757598776146872e-15 3.283964135313435110e-16
8.200382174850579759e+03 9.481645472081732718e-15 3.301522335136890172e-16
8.205262010714423013e+03 9.697220331520298423e-15 3.341248604691717758e-16
8.210141846578266268e+03 9.824833302637387759e-15 3.337868668726323016e-16
8.215021682442109523e+03 9.385005977846215434e-15 3.293696633913052689e-16
8.219901518305952777e+03 9.007579988068516207e-15 3.247281207505957737e-16
8.224781354169796032e+03 9.156267613274846020e-15 3.267184840819318024e-16
8.229661190033639286e+03 9.629508520179976276e-15 3.341294021855867926e-16
8.234541025897482541e+03 8.479454749261978906e-15 3.232845547351429267e-16
8.239420861761325796e+03 8.053341207212986572e-15 3.215408210568770830e-16
8.244300697625169050e+03 7.662329394038269811e-15 3.191009027677566807e-16
8.249180533489012305e+03 7.711345766929994883e-15 3.199635196468664985e-16
8.254060369352855560e+03 8.147243473983185507e-15 3.220516515258238602e-16
8.258940205216698814e+03 7.947871098226703901e-15 3.219727653782683481e-16
8.263820041080542069e+03 7.930165772228900465e-15 3.224434496648736347e-16
8.268699876944385323e+03 8.115155316195255190e-15 3.240476238607213058e-16
8.273579712808228578e+03 7.974825827713288089e-15 3.264922228417830102e-16
8.278459548672071833e+03 7.618642421625226857e-15 3.238436671670187382e-16
8.283339384535915087e+03 8.076494037965204765e-15 3.271715349929760013e-16
8.288219220399758342e+03 8.094454161773884358e-15 3.300530993104758548e-16
8.293099056263601597e+03 8.507636675541371710e-15 3.352286125584260753e-16
8.297978892127444851e+03 8.605580131640057282e-15 3.329626558933408049e-16
8.302858727991288106e+03 9.128428567275875712e-15 3.351378127858482930e-16
8.307738563855131360e+03 9.809424654113662615e-15 3.402062810181809357e-16
8.312618399718974615e+03 9.908598949638638906e-15 3.416147778948921542e-16
8.317498235582817870e+03 1.062816213024644087e-14 3.522467850555948162e-16
8.322378071446661124e+03 1.115662462675782447e-14 3.520527418136865955e-16
8.327257907310504379e+03 1.118848688836953679e-14 3.544318056910888368e-16
8.332137743174347634e+03 1.061127197528891932e-14 3.501315090415689625e-16
8.337017579038190888e+03 1.053869258130564092e-14 3.491918316949425731e-16
8.341897414902034143e+03 1.148711445130351592e-14 3.634669967807794552e-16
8.346777250765877397e+03 1.092060032852412323e-14 3.557357506689788121e-16
8.351657086629720652e+03 1.028958332602013722e-14 3.533655494009204643e-16
8.356536922493563907e+03 1.153053979956753841e-14 4.051757128903024832e-16
8.361416758357407161e+03 1.078872410754778009e-14 3.611673371535120224e-16
8.366296594221250416e+03 1.005899914723836572e-14 3.462779965412765297e-16
8.371176430085093671e+03 1.012474773204086275e-14 3.487092520557169271e-16
8.376056265948936925e+03 9.774501093502011884e-15 3.461117206225080410e-16
8.380936101812780180e+03 1.016816268504248593e-14 3.483666020594263111e-16
8.385815937676623435e+03 1.106795983626428935e-14 3.551782456114063048e-16
8.390695773540466689e+03 1.109498552127049054e-14 3.559303369985463027e-16
8.395575609404309944e+03 1.153942049823238435e-14 3.593505950818442726e-16
8.400455445268153198e+03 1.234562456082870745e-14 3.897381049318869336e-16
8.405335281131996453e+03 1.152945005510115052e-14 3.746036291255339803e-16
8.410215116995839708e+03 1.151479533844401064e-14 3.648825843905879437e-16
8.415094952859682962e+03 1.154256222108597742e-14 3.646000072672345073e-16
8.419974788723526217e+03 1.194108862604904734e-14 3.640800875206505302e-16
8.424854624587369472e+03 1.319899060418237981e-14 3.712061842038054668e-16
8.429734460451212726e+03 1.355726874070256321e-14 3.733833548950413686e-16
8.434614296315055981e+03 1.489957264588224504e-14 3.847225357060504337e-16
8.439494132178899235e+03 1.493937970479489089e-14 4.066134618442670957e-16
8.444373968042742490e+03 1.619303983057906667e-14 3.973580833073618255e-16
8.449253803906585745e+03 1.654506667776080360e-14 3.980769798380919724e-16
8.454133639770428999e+03 1.551872152720348294e-14 4.013547942903598381e-16
8.459013475634272254e+03 1.592073284134438360e-14 3.916608164819611364e-16
8.463893311498115509e+03 1.587021296736844269e-14 4.013680811017545494e-16
8.468773147361958763e+03 1.660949884843403696e-14 3.965456523327196276e-16
8.473652983225802018e+03 1.603611694593505074e-14 3.906922768435850229e-16
8.478532819089645272e+03 1.605680434063815467e-14 3.933481876744935699e-16
8.483412654953488527e+03 1.535145435555662953e-14 3.955535696787695151e-16
8.488292490817331782e+03 1.607476501781870967e-14 3.939570375089117980e-16
8.493172326681175036e+03 1.605176766791414186e-14 3.928426446554829034e-16
8.498052162545018291e+03 1.562144276710496052e-14 3.923769595079874367e-16
8.502931998408861546e+03 1.625782405907319457e-14 4.000397596678352084e-16
8.507811834272704800e+03 1.655152788600540772e-14 3.983113001079863512e-16
8.512691670136548055e+03 1.745156831985900453e-14 4.043503677687295459e-16
8.517571506000391309e+03 1.783106304572786472e-14 4.052275819979998542e-16
8.522451341864234564e+03 1.822884243119910660e-14 4.088109687970859772e-16
8.527331177728077819e+03 1.794726780773981238e-14 4.060310961989640153e-16
8.532211013591921073e+03 1.842995038764757060e-14 4.209392571556302445e-16
8.537090849455764328e+03 1.888280125641276356e-14 4.188638931691845978e-16
8.541970685319607583e+03 1.861633718215502955e-14 4.197696773473917263e-16
8.546850521183450837e+03 1.931522152791289220e-14 4.192702579532214555e-16
8.551730357047294092e+03 1.772758979638818677e-14 4.065827607597057283e-16
8.556610192911137347e+03 1.787412589988018697e-14 4.088009981118375839e-16
8.561490028774980601e+03 1.749059887307042736e-14 4.046553846331501904e-16
8.566369864638823856e+03 1.731360133380434887e-14 4.031397560383683148e-16
8.571249700502667110e+03 1.688046716116446052e-14 4.159563156302831309e-16
8.576129536366510365e+03 1.672837222750366199e-14 4.117028659634042111e-16
8.581009372230353620e+03 1.725789305040307274e-14 4.056127079204179010e-16
8.585889208094196874e+03 1.707231000595080451e-14 4.018534858431573392e-16
8.590769043958040129e+03 1.725564564073481314e-14 4.035008115901217191e-16
8.595648879821883384e+03 1.736676102021093393e-14 4.046579670921816148e-16
8.600528715685726638e+03 1.782697281499564996e-14 4.102205160036494813e-16
8.605408551549569893e+03 1.879843742687504260e-14 4.145279992542364081e-16
8.610288387413413147e+03 1.866578576644435847e-14 4.115542532472935319e-16
8.615168223277256402e+03 1.895319231212324615e-14 4.150081686323551983e-16
8.620048059141099657e+03 1.932779744529574976e-14 4.190382825225052302e-16
8.624927895004942911e+03 1.839309580134283276e-14 4.117943715645329277e-16
8.629807730868786166e+03 1.848658618261290729e-14 4.182528821058114969e-16
8.634687566732629421e+03 1.892567114224713766e-14 4.189585810286017171e-16
8.639567402596472675e+03 1.834756118678935906e-14 4.123118441169707486e-16
8.644447238460315930e+03 1.760162345399952953e-14 4.089531686304003450e-16
8.649327074324159184e+03 1.721447037309127273e-14 4.074168109173619135e-16
8.654206910188002439e+03 1.695992303834844311e-14 4.242830551948673355e-16
8.659086746051845694e+03 1.608334254600976354e-14 4.093369638640213792e-16
8.663966581915688948e+03 1.681540149055307116e-14 4.088094526890858970e-16
8.668846417779532203e+03 1.732396690759730907e-14 4.154140353256127346e-16
8.673726253643375458e+03 1.714859075350948234e-14 4.184725727863911733e-16
8.678606089507218712e+03 1.814296595297027567e-14 4.191091369081269594e-16
8.683485925371061967e+03 1.875221747474892895e-14 4.235693278303844339e-16
8.688365761234905221e+03 1.931316289293581717e-14 4.251834911501894243e-16
8.693245597098748476e+03 1.853747465373333571e-14 4.355292245480692201e-16
8.698125432962591731e+03 1.794867327723410618e-14 4.200331238017167578e-16
8.703005268826434985e+03 1.708121691508606558e-14 4.119423314536771002e-16
8.707885104690278240e+03 1.637369414231004788e-14 4.187171208710898469e-16
8.712764940554121495e+03 1.642002980113181536e-14 4.120854151954155820e-16
8.717644776417964749e+03 1.657491492920317403e-14 4.107147687611976846e-16
8.722524612281808004e+03 1.654114400177371951e-14 4.104236957741396727e-16
8.727404448145651259e+03 1.621784543902598937e-14 4.115515245625629940e-16
8.732284284009494513e+03 1.676119669619242566e-14 4.174095949820456110e-16
8.737164119873337768e+03 1.713756192458245868e-14 4.069496201816976967e-16
8.742043955737181022e+03 1.763655072136403879e-14 5.251830854290052628e-16
8.746923791601024277e+03 1.753174950829395048e-14 4.244832320680485684e-16
8.751803627464867532e+03 1.715353970974972591e-14 4.196428872261770357e-16
8.756683463328710786e+03 1.586460837929311273e-14 4.178600444939466578e-16
8.761563299192554041e+03 1.536420629289367622e-14 4.079074444644997431e-16
8.766443135056397296e+03 1.554430208475336440e-14 4.095743458550189458e-16
8.771322970920240550e+03 1.618303325665744173e-14 4.178704888657673936e-16
8.776202806784083805e+03 1.581815085735437580e-14 4.117188065559866029e-16
8.781082642647927059e+03 1.539129428291977783e-14 4.080543617001019423e-16
8.785962478511770314e+03 1.528912760596979290e-14 4.072057013720426484e-16
8.790842314375613569e+03 1.585395574698917286e-14 4.231149310253258430e-16
8.795722150239456823e+03 1.560111282645308996e-14 4.175666787150542068e-16
8.800601986103300078e+03 1.619271318491490854e-14 4.243371552333483375e-16
8.805481821967143333e+03 1.574642145905731410e-14 4.187718470321104861e-16
8.810361657830986587e+03 1.613856566073694819e-14 4.246965734488610310e-16
8.815241493694829842e+03 1.612028829209742515e-14 4.167064795036052459e-16
8.820121329558673096e+03 1.514114971261604141e-14 4.202720057084743593e-16
8.825001165422516351e+03 1.452642400587484828e-14 4.069710341693118115e-16
8.829881001286359606e+03 1.485615862542704733e-14 4.186550876526614273e-16
8.834760837150202860e+03 1.481960874434868533e-14 4.178722549620286362e-16
8.839640673014046115e+03 1.549554592602098467e-14 4.153720020164871508e-16
8.844520508877889370e+03 1.520301132401998613e-14 4.457398152432067588e-16
8.849400344741732624e+03 1.388261635231106961e-14 4.181808509204289689e-16
8.854280180605575879e+03 1.426113334900553360e-14 4.094553278981305105e-16
8.859160016469419134e+03 1.349326453189808951e-14 4.016897328852583907e-16
8.864039852333262388e+03 1.373125145078688615e-14 4.082924263311262890e-16
8.868919688197105643e+03 1.381848828077729990e-14 4.265106007260911866e-16
8.873799524060948897e+03 1.381883193004033466e-14 4.073142802931423636e-16
8.878679359924792152e+03 1.398613826021446291e-14 4.077823094730656855e-16
8.883559195788635407e+03 1.358849850503419721e-14 4.222823950387857204e-16
8.888439031652478661e+03 1.345011687673570925e-14 4.440626436778964161e-16
8.893318867516321916e+03 1.272764110473381237e-14 4.018023219980036467e-16
8.898198703380165171e+03 1.197839254146867018e-14 4.038796001700198782e-16
8.903078539244008425e+03 1.247117723793031036e-14 4.021872715944715777e-16
8.907958375107851680e+03 1.271437552091450096e-14 4.210343521332458106e-16
8.912838210971694934e+03 1.237808751897726116e-14 4.125809991529577022e-16
8.917718046835538189e+03 1.306049158662267806e-14 4.065877751108672239e-16
8.922597882699381444e+03 1.386214895152922267e-14 4.804112584008258277e-16
8.927477718563224698e+03 1.365021530410792180e-14 4.135332005605789581e-16
8.932357554427067953e+03 1.315701225077935905e-14 4.095337666367232647e-16
8.937237390290911208e+03 1.198677892400804971e-14 4.190595363726565154e-16
8.942117226154754462e+03 1.151024858329663462e-14 3.988991917718518326e-16
8.946997062018597717e+03 1.092471711915098399e-14 3.926321356000298822e-16
8.951876897882440971e+03 1.074755048091827431e-14 3.986666044573816294e-16
8.956756733746284226e+03 1.179887567311654778e-14 4.037860373803520598e-16
8.961636569610127481e+03 1.316427868077725089e-14 4.561239705858887490e-16
8.966516405473970735e+03 1.263023982588452837e-14 4.100895512684272541e-16
8.971396241337813990e+03 1.122581472224490173e-14 4.047652050424266095e-16
8.976276077201657245e+03 1.169819975369404856e-14 4.055627134679192473e-16
8.981155913065500499e+03 1.247382747967774387e-14 4.158267773022796885e-16
8.986035748929343754e+03 1.259516419509333661e-14 4.125759722766467809e-16
8.990915584793187008e+03 1.226684173646474040e-14 4.179395283838378644e-16
8.995795420657030263e+03 1.211278502774249491e-14 4.106469426229741808e-16
9.000675256520873518e+03 1.220705847761273520e-14 4.164272959184259724e-16
9.005555092384716772e+03 1.180060216369289427e-14 4.136831528235836666e-16
9.010434928248560027e+03 1.064581910456818391e-14 4.018249750968303403e-16
9.015314764112403282e+03 1.008008737917041470e-14 4.034360020043042955e-16
9.020194599976246536e+03 1.083854000362407473e-14 4.195589646079920868e-16
9.025074435840089791e+03 1.170061661935201172e-14 4.175494572166686248e-16
9.029954271703933046e+03 1.217268995439571461e-14 4.767876027653520424e-16
9.034834107567776300e+03 1.152616710186472501e-14 4.151993549582575630e-16
9.039713943431619555e+03 1.114736060294470776e-14 4.085557286736084912e-16
9.044593779295462809e+03 1.179776352081664576e-14 4.192092898990077015e-16
9.049473615159306064e+03 1.199988864745419013e-14 4.181999570478496591e-16
9.054353451023149319e+03 1.219539978397404711e-14 4.238399144021364858e-16
9.059233286886992573e+03 1.223685632967252459e-14 4.236952759998705229e-16
9.064113122750835828e+03 1.116694043487827629e-14 4.131029068632585614e-16
9.068992958614679083e+03 9.696442481030503781e-15 4.045502649581481069e-16
9.073872794478522337e+03 9.562166062827792266e-15 4.035293366222534948e-16
9.078752630342365592e+03 9.685812999734222266e-15 4.060613846514715713e-16
9.083632466206208846e+03 9.142975919632001182e-15 4.022666549023868818e-16
9.088512302070052101e+03 9.941837488412146360e-15 4.100187819122921934e-16
9.093392137933895356e+03 9.902742273231719417e-15 4.096495765607865328e-16
9.098271973797738610e+03 9.846366613565196625e-15 4.243290186994089338e-16
9.103151809661581865e+03 9.391649789725314996e-15 4.253239244341677334e-16
9.108031645525425120e+03 9.285823138385588381e-15 4.177841590094557573e-16
9.112911481389268374e+03 1.094210653537044007e-14 4.421995791198072874e-16
9.117791317253111629e+03 1.095139050614812055e-14 4.265447648939625052e-16
9.122671153116954883e+03 1.056001739778238858e-14 4.274950881678997268e-16
9.127550988980798138e+03 1.219249390736158403e-14 4.332741067383766256e-16
9.132430824844641393e+03 1.108545829417824004e-14 4.294459689770368732e-16
9.137310660708484647e+03 1.173986840366258562e-14 4.315677784094964095e-16
9.142190496572327902e+03 1.133292154994250001e-14 4.295958143318679784e-16
9.147070332436171157e+03 1.025963977857009380e-14 4.253021270064567576e-16
9.151950168300014411e+03 9.594224331618606833e-15 4.266104657318356878e-16
9.156830004163857666e+03 8.380302817024241935e-15 4.071300601311256529e-16
9.161709840027700920e+03 8.395938162809543938e-15 4.182502883044140274e-16
9.166589675891544175e+03 8.791231764766856448e-15 4.136897004816363908e-16
9.171469511755387430e+03 9.055923354235271165e-15 4.227174791815316699e-16
9.176349347619230684e+03 9.039889276414863434e-15 4.177919788216043811e-16
9.181229183483073939e+03 9.827608347355663168e-15 4.326841517783953086e-16
9.186109019346917194e+03 9.073633460912893557e-15 4.156088900511253016e-16
9.190988855210760448e+03 1.068112730641989733e-14 4.320356888703914673e-16
9.195868691074603703e+03 1.122575846963055740e-14 4.403858003386956645e-16
9.200748526938446958e+03 9.814418786154370198e-15 4.331473590959064154e-16
9.205628362802290212e+03 9.894725963266817067e-15 4.397496949633389242e-16
9.210508198666133467e+03 9.732704915043874536e-15 4.292646018327442292e-16
9.215388034529976721e+03 7.936828138569953317e-15 4.146119779095141981e-16
9.220267870393819976e+03 7.793838070112192588e-15 4.150721429188843683e-16
9.225147706257663231e+03 7.987068446128804064e-15 4.476438261625604031e-16
9.230027542121506485e+03 7.531662666671891401e-15 4.153632375644171169e-16
9.234907377985349740e+03 8.884842853793698069e-15 4.302124034191013030e-16
9.239787213849192995e+03 8.998524199208881539e-15 4.362084798815914060e-16
9.244667049713036249e+03 9.364557177715019202e-15 4.402410093578930053e-16
9.249546885576879504e+03 9.627203031760831584e-15 4.389830075582498213e-16
9.254426721440722758e+03 1.043590825228217216e-14 4.513857014195048198e-16
9.259306557304566013e+03 1.034169614117861568e-14 4.447034225598175310e-16
9.264186393168409268e+03 9.463961208283269694e-15 4.401163890700530473e-16
9.269066229032252522e+03 1.006284799759196440e-14 4.569070294307278024e-16
9.273946064896095777e+03 9.382942174767626602e-15 4.429935741181956244e-16
9.278825900759939032e+03 9.138147311536693240e-15 4.568348326132511274e-16
9.283705736623782286e+03 7.454619112583447475e-15 4.294060664405958238e-16
9.288585572487625541e+03 7.561542522795066460e-15 4.332225766807939294e-16
9.293465408351468795e+03 7.200831326398695805e-15 4.295391410814407684e-16
9.298345244215312050e+03 7.452191866560117362e-15 4.398978047459069753e-16
9.303225080079155305e+03 7.719119489582582124e-15 4.381864501829710854e-16
9.308104915942998559e+03 7.304759730099032856e-15 4.373165521666818661e-16
9.312984751806841814e+03 7.306212267514978928e-15 4.386236845264125750e-16
9.317864587670685069e+03 7.172566603271290541e-15 4.632353895835461793e-16
9.322744423534528323e+03 7.497439869866420436e-15 4.570052381093150534e-16
9.327624259398371578e+03 7.836763197610527874e-15 4.502813791767843405e-16
9.332504095262214832e+03 8.961764797799046349e-15 4.657894970513546019e-16
9.337383931126058087e+03 7.666725570672164563e-15 4.505263455217280628e-16
9.342263766989901342e+03 8.714411104552004448e-15 4.781328857516642541e-16
9.347143602853744596e+03 8.834748706601663416e-15 4.695980017380954019e-16
9.352023438717587851e+03 9.592797681814845137e-15 4.818436192310652235e-16
9.356903274581431106e+03 9.947894272922486720e-15 4.768155386531381754e-16
9.361783110445274360e+03 8.613860139137694453e-15 4.677560316739186222e-16
9.366662946309117615e+03 9.730377003392098643e-15 4.927780607972654753e-16
9.371542782172960870e+03 7.599321649104825390e-15 4.670367125777894679e-16
9.376422618036804124e+03 7.084814626371497002e-15 3.421415616922541974e-16
9.381302453900647379e+03 6.592116074202476056e-15 4.800172769781562397e-16
9.386182289764490633e+03 6.378965474703468391e-15 4.606092735183763737e-16
9.391062125628333888e+03 7.238799448023500430e-15 4.704560317127555507e-16
9.395941961492177143e+03 6.740321725456331111e-15 4.691879597141561624e-16
9.400821797356020397e+03 7.539309734844659760e-15 4.764519602870264719e-16
9.405701633219863652e+03 7.730470096177998446e-15 4.819640366010795967e-16
9.410581469083706907e+03 8.860023506675020812e-15 4.937740263281994853e-16
9.415461304947550161e+03 8.720838315252812006e-15 3.566399046940299740e-16
9.420341140811393416e+03 8.548476732256685140e-15 5.047714442847487434e-16
9.425220976675236670e+03 7.428719998022920260e-15 4.890152765809006923e-16
9.430100812539079925e+03 7.209285024913157611e-15 4.878788398080424956e-16
9.434980648402923180e+03 6.304093322335229876e-15 4.918194000075672292e-16
9.439860484266766434e+03 6.222504251786633934e-15 4.896544739730325355e-16
9.444740320130609689e+03 6.109251799694169764e-15 5.033336934222738130e-16
9.449620155994452944e+03 6.405497946152819269e-15 4.927209281928212099e-16
9.454499991858296198e+03 5.393232830355409999e-15 4.849525783163944689e-16
9.459379827722139453e+03 5.933179256295297024e-15 4.883443464153269735e-16
9.464259663585982707e+03 5.558545785764070496e-15 5.267281591827585594e-16
9.469139499449825962e+03 4.777042449747527797e-15 5.011184369463034917e-16
9.474019335313669217e+03 6.460038035984579967e-15 5.068723190510102579e-16
9.478899171177512471e+03 5.933239806123592124e-15 4.906049472749523027e-16
9.483779007041355726e+03 7.293077975716836468e-15 5.047111579364533291e-16
9.488658842905198981e+03 6.733969041444686948e-15 5.297708860959885813e-16
9.493538678769042235e+03 6.930437926701276598e-15 5.029080703845319973e-16
9.498418514632885490e+03 6.723038070797565232e-15 5.081694478941148421e-16
9.503298350496728744e+03 6.886451401303349139e-15 5.011091876573462159e-16
9.508178186360571999e+03 7.988239388236046199e-15 5.149139428346841977e-16
9.513058022224415254e+03 8.183952467051769176e-15 5.269163479939461018e-16
9.517937858088258508e+03 7.875896430675745250e-15 5.154745093898703722e-16
9.522817693952101763e+03 7.092739988993229836e-15 5.065963635986555090e-16
9.527697529815945018e+03 7.281579286268648094e-15 5.177200401769448065e-16
9.532577365679788272e+03 7.183224199863270715e-15 5.082843081199907937e-16
9.537457201543631527e+03 5.870609298778832553e-15 4.989934344308880555e-16
9.542337037407474782e+03 5.225141878451339033e-15 4.911659131456632235e-16
9.547216873271318036e+03 6.325557709938098676e-15 5.736639194374454617e-16
9.552096709135161291e+03 5.556423667617303026e-15 4.946247038130572808e-16
9.556976544999004545e+03 4.869450893142279219e-15 5.043267639150874299e-16
9.561856380862847800e+03 4.680754433108854457e-15 5.324680360161491967e-16
9.566736216726691055e+03 5.897511364487796962e-15 5.527258440166365333e-16
9.571616052590534309e+03 5.015152385321384909e-15 3.818770631042004902e-16
9.576495888454377564e+03 4.349829347955740368e-15 4.910801441219355496e-16
9.581375724318220819e+03 4.597076136934463696e-15 5.202099865935683785e-16
9.586255560182064073e+03 4.737091730258222881e-15 4.952278727870000724e-16
9.591135396045907328e+03 4.917975992588433503e-15 5.175479362825500530e-16
9.596015231909750582e+03 4.995419641066057449e-15 5.065606892410534552e-16
9.600895067773593837e+03 5.200305463329180293e-15 5.036302800984111967e-16
9.605774903637437092e+03 5.944943684057939988e-15 5.125231463437381910e-16
9.610654739501280346e+03 6.286364717302779443e-15 5.162189863686777332e-16
9.615534575365123601e+03 6.145156151146084489e-15 5.271351963500168143e-16
9.620414411228966856e+03 6.813731027668692182e-15 5.265074425896306888e-16
9.625294247092810110e+03 6.245335517072681394e-15 5.544328214870542829e-16
9.630174082956653365e+03 5.863897653555683363e-15 5.356125496572189082e-16
9.635053918820496619e+03 5.489442957497686444e-15 5.151389977535827971e-16
9.639933754684339874e+03 5.341325984241374056e-15 5.187008649199089931e-16
9.644813590548183129e+03 5.328131605728822842e-15 5.211437714624357405e-16
9.649693426412026383e+03 4.236302774861082504e-15 5.151359381698143662e-16
9.654573262275869638e+03 4.363327534665897976e-15 5.323249544423592899e-16
9.659453098139712893e+03 4.001582624829487867e-15 5.146033397068299126e-16
9.664332934003556147e+03 3.456823113242430390e-15 5.132412706056014189e-16
9.669212769867399402e+03 3.873772200120553952e-15 5.202110276495749685e-16
9.674092605731242656e+03 4.195466610015578557e-15 5.253972083260286072e-16
9.678972441595085911e+03 3.930614793732054509e-15 5.524311685120158228e-16
9.683852277458929166e+03 4.326321670269037221e-15 5.357396932017314751e-16
9.688732113322772420e+03 4.834053397817422945e-15 5.363427182646754732e-16
9.693611949186615675e+03 4.608505677813091011e-15 5.347227238824691147e-16
9.698491785050458930e+03 5.754574160187010509e-15 5.518173888399500009e-16
9.703371620914302184e+03 5.465838872556640501e-15 5.665903328825245122e-16
9.708251456778145439e+03 6.121498813463237417e-15 5.728143789946870353e-16
9.713131292641988694e+03 5.105501353873507007e-15 5.635962978456142641e-16
9.718011128505831948e+03 4.790693232324212958e-15 5.553990726366573148e-16
9.722890964369675203e+03 4.791929484073251574e-15 5.541118199365061761e-16
9.727770800233518457e+03 4.057091594111638817e-15 5.620876897702557495e-16
9.732650636097361712e+03 4.197864335257088929e-15 5.560612061442742848e-16
9.737530471961204967e+03 3.894307792131179099e-15 5.540001555954196890e-16
9.742410307825048221e+03 3.924837130452288486e-15 5.634672125476686678e-16
9.747290143688891476e+03 4.101585802717037745e-15 5.688690714037371396e-16
9.752169979552734731e+03 4.028549361037285503e-15 5.702152909966371888e-16
9.757049815416577985e+03 2.963113829792380727e-15 5.783070840976948382e-16
9.761929651280421240e+03 3.763729511860492368e-15 5.681964600182636974e-16
9.766809487144264494e+03 3.701140699625762709e-15 5.724363015398337724e-16
9.771689323008107749e+03 4.375289776052187593e-15 5.804378740290280984e-16
9.776569158871951004e+03 3.674978465378087514e-15 5.766380437506191528e-16
9.781448994735794258e+03 4.262887409689360584e-15 5.856587323955332866e-16
9.786328830599637513e+03 6.051781272855762922e-15 6.037695735162717799e-16
9.791208666463480768e+03 5.690002081072125261e-15 6.028850157984848417e-16
9.796088502327324022e+03 5.001834018211978455e-15 6.142595561494941186e-16
9.800968338191167277e+03 4.257025196622406590e-15 6.134196491548758393e-16
9.805848174055010531e+03 4.207757154720368612e-15 6.124142542131886036e-16
9.810728009918853786e+03 4.498310355806201109e-15 6.104138290312282163e-16
9.815607845782697041e+03 4.216665511675262848e-15 6.202633872759941962e-16
9.820487681646540295e+03 3.444859274508766319e-15 6.037618889974536638e-16
9.825367517510383550e+03 4.261051264624230699e-15 6.184793308956794423e-16
9.830247353374226805e+03 3.947555413001980822e-15 6.154976521088371782e-16
9.835127189238070059e+03 4.850914732820965520e-15 6.261929735145616840e-16
9.840007025101913314e+03 4.674151689770970926e-15 6.355565696952636669e-16
9.844886860965756568e+03 4.372952009317832359e-15 7.888792649858458100e-16
9.849766696829599823e+03 2.642223697281192362e-15 6.137134806599106762e-16
9.854646532693443078e+03 2.713902039095308488e-15 6.244677239161586443e-16
9.859526368557286332e+03 5.124838664729746618e-15 6.493604472578352653e-16
9.864406204421129587e+03 5.423297209747878574e-15 6.704697760791798302e-16
9.869286040284972842e+03 4.069903221995569933e-15 6.520109859675744230e-16
9.874165876148816096e+03 5.153391842903991418e-15 6.611082582842232180e-16
9.879045712012659351e+03 5.096871226758457836e-15 6.820034789699111523e-16
9.883925547876502606e+03 4.656957467820890381e-15 6.829711749532915635e-16
9.888805383740345860e+03 4.717571263323156660e-15 8.082239852423064357e-16
9.893685219604189115e+03 5.386878130531168469e-15 7.617127948745791977e-16
9.898565055468032369e+03 4.723355398404456578e-15 6.762360041194904665e-16
9.903444891331875624e+03 3.092586863853334074e-15 6.741761009201297794e-16
9.908324727195718879e+03 3.473657554611270420e-15 6.771577101910612838e-16
9.913204563059562133e+03 4.599341728199928269e-15 6.924738770814763362e-16
9.918084398923405388e+03 4.543468717120076979e-15 6.941041315862916244e-16
9.922964234787248643e+03 4.773939936476135100e-15 7.143330314660265611e-16
9.927844070651091897e+03 3.849650387841954712e-15 7.114755043010006042e-16
9.932723906514935152e+03 3.735937040217870228e-15 7.057684640559186899e-16
9.937603742378778406e+03 4.278205362917722557e-15 7.233950397732387639e-16
9.942483578242621661e+03 2.700067444178170012e-15 7.319155170891073886e-16
9.947363414106464916e+03 3.224115402832086832e-15 7.369454549686130034e-16
9.952243249970308170e+03 4.022708917853863321e-15 7.498909665021644833e-16
9.957123085834151425e+03 4.514397798782004041e-15 7.584376866874385345e-16
9.962002921697994680e+03 4.838449339146695945e-15 8.208194503199317052e-16
9.966882757561837934e+03 3.071462337582097140e-15 7.674807753088003484e-16
9.971762593425681189e+03 2.331398741872255463e-15 8.463011723315121808e-16
9.976642429289524443e+03 3.091997771318882111e-15 8.176024413977172291e-16
9.981522265153367698e+03 2.733227829158121764e-15 7.645618856424524616e-16
9.986402101017210953e+03 2.239013635227942745e-15 7.694666750446429847e-16
9.991281936881054207e+03 3.307407948586300723e-15 7.821970218434327581e-16
9.996161772744897462e+03 4.146339031444649278e-15 7.966416649861237983e-16
1.000104160860874072e+04 5.625327559302906383e-15 8.136502198154883706e-16
1.000592144447258397e+04 5.605628064582689317e-15 8.189867670574463818e-16
1.001080128033642723e+04 5.386221446901536514e-15 8.292189024180304425e-16
1.001568111620027048e+04 3.527096509189761654e-15 8.321117642347337311e-16
1.002056095206411374e+04 2.712520468654477485e-15 8.402595508386684514e-16
1.002544078792795699e+04 3.410148993337728658e-15 8.514619592167925426e-16
1.003032062379180024e+04 2.137366127517589001e-15 8.667461607661554513e-16
1.003520045965564350e+04 2.639639186412777486e-15 8.792745812874788318e-16
1.004008029551948675e+04 3.197426818268962829e-15 8.838705530315144628e-16
1.004496013138333001e+04 3.177610133436045343e-15 8.776340121531225676e-16
1.004983996724717326e+04 3.188309574628845294e-15 8.966985458818455397e-16
1.005471980311101652e+04 4.270255967041150800e-15 9.228014867915120452e-16
1.005959963897485977e+04 3.563257988415188509e-15 9.109708421758707959e-16
1.006447947483870303e+04 3.273532191941271678e-15 9.275382381505110738e-16
1.006935931070254628e+04 3.069967273412126501e-15 9.581091097457056237e-16
1.007423914656638954e+04 3.535235576960760165e-15 9.805963241021548744e-16
1.007911898243023279e+04 4.351806149858864017e-15 9.692069175987109423e-16
1.008399881829407605e+04 4.086052206600391110e-15 9.789200264488619090e-16
1.008887865415791930e+04 4.027219077583210390e-15 1.079882799060884951e-15
1.009375849002176255e+04 3.446352332641399034e-15 1.164621466995447436e-15
1.009863832588560581e+04 3.770079752408107529e-15 1.078130781041166909e-15
1.010351816174944906e+04 3.500338608277755175e-15 1.064466706636325026e-15
1.010839799761329232e+04 2.823962502047489449e-15 1.055118944681781663e-15
1.011327783347713557e+04 2.936996152499295252e-15 1.092181455591012090e-15
1.011815766934097883e+04 2.632809547600352142e-15 1.181595949687374276e-15
1.012303750520482208e+04 2.270190680178815235e-15 1.197799907408692777e-15
1.012791734106866534e+04 2.935179742996623978e-15 1.128366316833492313e-15
1.013279717693250859e+04 2.111308797710932931e-15 1.146943815142963250e-15
1.013767701279635185e+04 1.970857797259574763e-15 1.166888811342866611e-15
1.014255684866019510e+04 3.121508202764457376e-15 1.204042453360692498e-15
1.014743668452403836e+04 3.208397376135085557e-15 1.225833806241095681e-15
1.015231652038788161e+04 3.019972539417199798e-15 1.236256404293014921e-15
1.015719635625172486e+04 2.493951902841672500e-15 1.282743621297428243e-15
1.016207619211556812e+04 2.455496675098796122e-15 1.337184063892466332e-15
1.016695602797941137e+04 2.167079750705300171e-15 1.339185089158137178e-15
1.017183586384325463e+04 1.650369893235289217e-15 1.364619087158177934e-15
1.017671569970709788e+04 3.310948429433833125e-15 1.413101159245653351e-15
1.018159553557094114e+04 3.802491376941011718e-15 1.420978569503472338e-15
1.018647537143478439e+04 2.017355359939851481e-15 1.425943343287223076e-15
1.019135520729862765e+04 5.590890733926032618e-16 1.473547513381888024e-15
1.019623504316247090e+04 2.700727715470846249e-15 1.530550655956057481e-15
1.020111487902631416e+04 2.881947468455326219e-15 1.549172461470463191e-15
1.020599471489015741e+04 1.345222468489330720e-15 1.602955926834569658e-15
1.021087455075400067e+04 2.064251615666048349e-15 2.233268064019840377e-15
1.021575438661784392e+04 3.129559523516538787e-15 2.418571714294303829e-15
1.022063422248168717e+04 4.872893824745844288e-15 1.747328433849919510e-15
1.022551405834553043e+04 4.690246335000769050e-15 1.792943762099839671e-15
