# obs_wvl flux error
1.663000000000000000e+03 8.217576875939356908e-15 6.379963477429131303e-15
1.665745886091458033e+03 2.946457063911178181e-15 4.337618433709970982e-15
1.668491772182916066e+03 6.355496020521539411e-14 4.002533456237203836e-15
1.671237658274374098e+03 1.733860766631609684e-15 3.132710987062547240e-15
1.673983544365832131e+03 -5.788561409973654486e-15 5.808321563092656009e-15
1.676729430457290164e+03 -1.616087553592172445e-15 2.751862436290894023e-15
1.679475316548748197e+03 -7.632845581936585263e-16 2.755124970764150608e-15
1.682221202640206229e+03 2.137081038681983642e-15 2.818431224255185639e-15
1.684967088731664262e+03 -3.057580023109849308e-14 5.803265441231995001e-15
1.687712974823122295e+03 -7.814818097402056010e-15 2.942121947332949055e-15
1.690458860914580328e+03 -1.324657664552443847e-15 3.345801952420654100e-15
1.693204747006038360e+03 8.168914566334142876e-16 2.417696666598754055e-15
1.695950633097496393e+03 1.017750698897888399e-14 2.111209834894509846e-15
1.698696519188954426e+03 -3.142851446268367952e-15 2.220649468020325160e-15
1.701442405280412459e+03 4.914607204529100636e-15 1.789707523910066088e-15
1.704188291371870491e+03 1.276716898406501497e-15 1.625941362288518718e-15
1.706934177463328524e+03 1.920268400783724074e-15 1.529388859214946726e-15
1.709680063554786557e+03 -1.666202768900776594e-15 1.851894389060318555e-15
1.712425949646244590e+03 -6.291731156671877853e-15 1.955250398456541867e-15
1.715171835737702622e+03 1.567669178972298086e-15 1.628644136486001563e-15
1.717917721829160655e+03 3.262675600111459735e-15 1.373576161931643889e-15
1.720663607920618688e+03 5.577059576739999989e-15 3.069335222413671369e-15
1.723409494012076721e+03 1.230622778845380344e-15 1.459120124435833413e-15
1.726155380103534753e+03 -3.539499326380484644e-15 3.183091015462861803e-15
1.728901266194992786e+03 6.429871897839565717e-16 1.201023572555626613e-15
1.731647152286450819e+03 1.017946374684220475e-16 1.183100430569226407e-15
1.734393038377908852e+03 1.200299450518136957e-15 1.194270893885081203e-15
1.737138924469366884e+03 -5.832958537468187844e-17 1.830655055926291671e-15
1.739884810560824917e+03 -2.632287402989141090e-16 2.418097952072741457e-15
1.742630696652282950e+03 2.570748273093395104e-15 1.489953437171389197e-15
1.745376582743740983e+03 -1.116642092014751694e-15 1.173260352538061152e-15
1.748122468835199015e+03 -4.356413950429477177e-16 1.335539873517398275e-15
1.750868354926657048e+03 8.950056996144250118e-16 1.063456749861224696e-15
1.753614241018115081e+03 -4.588983873616409133e-16 1.072935608467607950e-15
1.756360127109573114e+03 5.751584359322634403e-16 1.104320706530742616e-15
1.759106013201031146e+03 4.038073007712499220e-16 1.134446768772442219e-15
1.761851899292489179e+03 1.595638313774373374e-15 9.433330253797360789e-16
1.764597785383947212e+03 -1.062139885234271558e-16 1.178954349022363658e-15
1.767343671475405245e+03 -7.419120195870395903e-16 1.050599407326668978e-15
1.770089557566863277e+03 -4.205747087067950632e-16 1.378384894504644096e-15
1.772835443658321310e+03 -4.493404602145787614e-15 2.955076313432057463e-15
1.775581329749779343e+03 1.185993856513461660e-15 1.083484876744624185e-15
1.778327215841237376e+03 2.484015404158588456e-15 8.417448626071962959e-16
1.781073101932695408e+03 1.043607476809317244e-15 8.305120934792768188e-16
1.783818988024153441e+03 6.995017276611117118e-17 9.003553545707574597e-16
1.786564874115611474e+03 2.866800484958056436e-16 8.336882715189359550e-16
1.789310760207069507e+03 -1.352354823324216758e-15 1.137949078202339677e-15
1.792056646298527539e+03 -1.300309435030147922e-16 8.106958940217232267e-16
1.794802532389985572e+03 6.804411912284258882e-16 7.935474778448480867e-16
1.797548418481443605e+03 6.521325480665360817e-16 8.701524283198954878e-16
1.800294304572901638e+03 -6.106233434597926075e-16 7.497173726049890662e-16
1.803040190664359670e+03 -9.985041540159228375e-16 1.533480702100159237e-15
1.805786076755817703e+03 2.030045323637481788e-15 7.786573634220544454e-16
1.808531962847275736e+03 -1.110580275415189665e-15 1.689690292627242866e-15
1.811277848938733769e+03 5.038480482170490721e-16 9.638366660737626634e-16
1.814023735030191801e+03 -5.187350852368314478e-16 7.998336767062657594e-16
1.816769621121649834e+03 1.290209798221224318e-15 6.847605363531438692e-16
1.819515507213107867e+03 -3.009251914923226074e-16 6.808062049334903540e-16
1.822261393304565900e+03 -3.249185438297323688e-16 8.079285692742986089e-16
1.825007279396023932e+03 -3.159556960451311431e-15 1.441217173755408128e-15
1.827753165487481965e+03 1.083710540232521400e-15 8.853802827289376410e-16
1.830499051578939998e+03 9.792490902823519085e-16 7.968997856409085941e-16
1.833244937670398031e+03 1.905896621045374642e-16 6.223400549077652602e-16
1.835990823761856063e+03 -1.910665849493388696e-15 1.029385281473650755e-15
1.838736709853314096e+03 -2.082260483836791807e-15 8.220785499693525602e-16
1.841482595944772129e+03 -5.840644872691351715e-16 9.681611286067739526e-16
1.844228482036230162e+03 1.087978238891197538e-17 5.871630607737262153e-16
1.846974368127688194e+03 -8.824050106767060468e-17 6.117309122837179228e-16
1.849720254219146227e+03 -4.774796571456276900e-16 5.740640947477990546e-16
1.852466140310604260e+03 -5.534668089434989826e-16 6.952610030267367226e-16
1.855212026402062293e+03 -1.229249735472756703e-15 7.320860813894010359e-16
1.857957912493520325e+03 4.744102915110920534e-16 5.379140218819289240e-16
1.860703798584978358e+03 1.006181574411037940e-17 5.393304783480840878e-16
1.863449684676436391e+03 4.595303909438751529e-16 5.187922679607553936e-16
1.866195570767894424e+03 -1.085784560954105405e-15 5.617975931657012954e-16
1.868941456859352456e+03 -1.298501998452965207e-15 8.093325984747194972e-16
1.871687342950810489e+03 -9.953993573530542252e-16 5.575679780017474603e-16
1.874433229042268522e+03 -2.936459028337297725e-16 4.844744166589637901e-16
1.877179115133726555e+03 2.883618909857792938e-16 5.052661871243529372e-16
1.879925001225184587e+03 3.019367841644214884e-16 5.831627790127546644e-16
1.882670887316642620e+03 -8.159378589225993076e-16 5.080141717036095984e-16
1.885416773408100653e+03 4.606854998088601063e-16 4.683878001492345428e-16
1.888162659499558686e+03 1.628053367206023375e-15 4.642618508481602073e-16
1.890908545591016718e+03 1.436751185168193773e-14 6.850239934011045780e-16
1.893654431682474751e+03 2.830291440854426069e-13 3.919110396515979861e-15
1.896400317773932784e+03 2.306381359849632038e-15 5.243360835286417562e-16
1.899146203865390817e+03 -8.116151196426171707e-16 4.978721842818574608e-16
1.901892089956848849e+03 3.882189173034559691e-16 4.485056936467322415e-16
1.904637976048306882e+03 -2.812385022409096442e-15 6.519116266804831510e-16
1.907383862139764915e+03 7.209896776728820878e-16 4.334427719741171113e-16
1.910129748231222948e+03 2.535392144576458583e-15 4.765282863624765644e-16
1.912875634322680980e+03 -2.845214554330142616e-15 9.301400648609981249e-16
1.915621520414139013e+03 -3.348381263076671481e-15 7.921402729306248107e-16
1.918367406505597046e+03 -6.263108431966182764e-16 5.610397071658645477e-16
1.921113292597055079e+03 -1.017725938752872060e-15 6.094513095628238707e-16
1.923859178688513111e+03 1.913790246128931188e-15 7.940461281549219496e-16
1.926605064779971144e+03 1.086829420393332341e-16 4.341161912541784357e-16
1.929350950871429177e+03 -2.633354451360155326e-16 4.140310827792079961e-16
1.932096836962887210e+03 1.362901116854974584e-15 4.646665541968423164e-16
1.934842723054345242e+03 9.285238477360964511e-16 5.201130748283321557e-16
1.937588609145803275e+03 3.393793424615540006e-15 5.754849995732434300e-16
1.940334495237261308e+03 5.065007705988617899e-16 3.982819942273436989e-16
1.943080381328719341e+03 -8.291324434607701433e-16 6.820852090224552814e-16
1.945826267420177373e+03 1.779222924927069034e-16 3.736624242372665118e-16
1.948572153511635406e+03 2.538700512261852873e-16 3.545659998905262630e-16
1.951318039603093439e+03 -3.673321252806444232e-16 3.697584358448510504e-16
1.954063925694551472e+03 1.279318022245719868e-16 3.587118286245588209e-16
1.956809811786009504e+03 2.368979430625765386e-16 3.550818701662040213e-16
1.959555697877467537e+03 5.601637455029012242e-16 3.624284911941086427e-16
1.962301583968925570e+03 1.087369094887023406e-15 4.198731842803409567e-16
1.965047470060383603e+03 1.490957739853713620e-16 3.818521637693851596e-16
1.967793356151841635e+03 -6.529444337982779976e-16 4.041519616793119213e-16
1.970539242243299668e+03 4.553072463121888631e-16 3.556814109805781021e-16
1.973285128334757701e+03 4.669678983050068734e-16 3.406732482279715708e-16
1.976031014426215734e+03 2.923697989236990290e-16 3.269096443010935802e-16
1.978776900517673766e+03 6.837705269993279985e-16 3.976155226419892514e-16
1.981522786609131799e+03 -3.937468444882317776e-16 3.227199270507519081e-16
1.984268672700589832e+03 1.272224403720457641e-16 3.090372445825911056e-16
1.987014558792047865e+03 -4.121961794263022576e-16 4.534977277871380608e-16
1.989760444883505897e+03 4.408629872097090312e-16 3.025953279317705225e-16
1.992506330974963930e+03 9.320116277259368978e-16 3.071716750791742850e-16
1.995252217066421963e+03 1.043817897931275831e-15 3.011551086061949857e-16
1.997998103157879996e+03 -9.977701173692841886e-16 4.218022338817095607e-16
2.000743989249338028e+03 5.556139565386188112e-16 3.172629483110705582e-16
2.003489875340796061e+03 4.970736307918282512e-16 2.968673190343604140e-16
2.006235761432254094e+03 -3.681793359473438702e-16 5.501703534547969681e-16
2.008981647523712127e+03 1.591996777031155729e-16 3.097244613449671850e-16
2.011727533615170159e+03 7.045979155535703525e-16 2.887267296984589119e-16
2.014473419706628192e+03 2.012321432099913560e-13 2.645414655084672856e-15
2.017219305798086225e+03 -4.545976094316778493e-16 3.128162279711773118e-16
2.019965191889544258e+03 2.506088110927008996e-16 2.695480216120166246e-16
2.022711077981002290e+03 3.919676998949170784e-16 2.917424495865087315e-16
2.025456964072460323e+03 -9.331143681301579601e-16 4.409855914066620052e-16
2.028202850163918356e+03 1.760625334431943507e-16 2.724114154005575004e-16
2.030948736255376389e+03 3.308938455806005284e-16 2.970473381786972205e-16
2.033694622346834421e+03 1.148894304344477229e-16 2.478732214502974877e-16
2.036440508438292454e+03 1.415712193799642802e-16 2.799957772132193160e-16
2.039186394529750487e+03 2.208215204775369039e-16 2.376810283049165035e-16
2.041932280621208520e+03 1.159223518741938914e-15 2.428909900093208430e-16
2.044678166712666552e+03 6.607203653086617965e-16 3.933243455404353988e-16
2.047424052804124585e+03 3.401099066065688129e-16 2.502908747632648744e-16
2.050169938895582618e+03 2.251048311903412771e-16 3.112338816493304839e-16
2.052915824987040651e+03 5.274184788826548271e-16 2.261464661031491859e-16
2.055661711078498683e+03 -4.850978636277475867e-16 4.389877880103969638e-16
2.058407597169956716e+03 4.552678271823205582e-17 2.311540613450189642e-16
2.061153483261414749e+03 1.718698450591389777e-16 2.855243747755476295e-16
2.063899369352872782e+03 1.721983622172980539e-16 2.700455899186351362e-16
2.066645255444330814e+03 1.357260770844301014e-16 2.049946732618672938e-16
2.069391141535788847e+03 5.788544469856136983e-16 2.035238729247460022e-16
2.072137027627246880e+03 4.912483197966591228e-16 2.107753295224971180e-16
2.074882913718704913e+03 9.571562869060832987e-17 2.240306523300129928e-16
2.077628799810162946e+03 5.006301566282222041e-16 2.025757892409785710e-16
2.080374685901620978e+03 6.166587166211046050e-16 2.205452718266062605e-16
2.083120571993079011e+03 8.598402226075472260e-16 2.041184376128024620e-16
2.085866458084537044e+03 1.785494174549702602e-16 2.247259054268647182e-16
2.088612344175995077e+03 9.593215902133003330e-17 2.015017268680367792e-16
2.091358230267453109e+03 4.935983794350888613e-17 2.406451737192428624e-16
2.094104116358911142e+03 2.827072043757310504e-16 2.087170633444655202e-16
2.096850002450369175e+03 -2.853528916476088859e-16 2.324189667607727700e-16
2.099595888541827208e+03 1.381897693894073121e-16 1.833583623283460704e-16
2.102341774633285240e+03 -4.827598980726783300e-17 2.200303698731853145e-16
2.105087660724743273e+03 -1.090410403873653187e-16 1.716898516512965623e-16
2.107833546816201306e+03 -2.054203543928998243e-16 1.664595141888211456e-16
2.110579432907659339e+03 3.034080715244263048e-16 4.096268054459832480e-16
2.113325318999117371e+03 8.022568890059166279e-18 1.776078672441440638e-16
2.116071205090575404e+03 3.549120225543696871e-16 1.926169231491180406e-16
2.118817091182033437e+03 2.435497653467193822e-16 1.639601617509465950e-16
2.121562977273491470e+03 1.133878531882307184e-15 1.781162944377204568e-16
2.124308863364949502e+03 3.276443906535566499e-16 1.654615805003485059e-16
2.127054749456407535e+03 7.441872635813176448e-16 3.207912464298917961e-16
2.129800635547865568e+03 -3.870593263249147136e-16 2.450160649931483033e-16
2.132546521639323601e+03 4.902433809230976553e-16 1.663416473049571549e-16
2.135292407730781633e+03 -5.321769256868091876e-16 2.769102050586370760e-16
2.138038293822239666e+03 -1.529759185171643382e-17 2.643116882473714970e-16
2.140784179913697699e+03 2.365128267586417891e-16 1.594467779025637031e-16
2.143530066005155732e+03 9.066365923952409466e-16 1.843146713983774919e-16
2.146275952096613764e+03 -1.055886035883122693e-16 1.551633659908915125e-16
2.149021838188071797e+03 3.802336225821316184e-16 1.553311584695017353e-16
2.151767724279529830e+03 7.355638731407406919e-16 2.008756001699144027e-16
2.154513610370987863e+03 1.398544760009861129e-15 4.002530200888607379e-16
2.157259496462445895e+03 1.407976514552597035e-16 2.674636734698438796e-16
2.160005382553903928e+03 3.769109056618426439e-16 1.363364310791029625e-16
2.162751268645361961e+03 4.681000113649727808e-16 1.708705364249999722e-16
2.165497154736819994e+03 2.109854925076937859e-16 1.324363555108377792e-16
2.168243040828278026e+03 2.577232235205099461e-16 1.362930460692319425e-16
2.170988926919736059e+03 8.880138561204544240e-17 1.287104541361688279e-16
2.173734813011194092e+03 1.712566732966846095e-16 1.365223562422217994e-16
2.176480699102652125e+03 2.828664651135506550e-16 1.282015546535611910e-16
2.179226585194110157e+03 2.518874095708221570e-16 1.321030442452546033e-16
2.181972471285568190e+03 2.000593331884735604e-16 1.224466235796302421e-16
2.184718357377026223e+03 3.671652956739739320e-16 1.192184833916063844e-16
2.187464243468484256e+03 3.331468215132073659e-16 1.416694393574425643e-16
2.190210129559942288e+03 4.545336826447861892e-16 1.302924876875756062e-16
2.192956015651400321e+03 1.856879470507631279e-18 1.495120083199484060e-16
2.195701901742858354e+03 -4.101077518091890738e-18 1.188764591181629795e-16
2.198447787834316387e+03 -1.207325849872283612e-16 1.898346843637754608e-16
2.201193673925774419e+03 3.216564534928158458e-16 1.208382864441825691e-16
2.203939560017232452e+03 -1.932109672065919981e-16 1.486028844885089364e-16
2.206685446108690485e+03 -3.347684739676321232e-16 1.720620024060133010e-16
2.209431332200148518e+03 -2.614685633153285190e-16 2.049530599637545025e-16
2.212177218291606550e+03 8.588052601907976571e-16 1.270353594439998754e-16
2.214923104383064583e+03 -3.342456063965140121e-16 1.639946290941924703e-16
2.217668990474522616e+03 2.067473430321143262e-17 1.143589977021862644e-16
2.220414876565980649e+03 1.949535657151613943e-16 1.405481429185535728e-16
2.223160762657438681e+03 2.546645571279949385e-16 1.291203385376231914e-16
2.225906648748896714e+03 1.828775414329967969e-16 1.237962910294706673e-16
2.228652534840354747e+03 1.771094392670620457e-16 1.099221616228464538e-16
2.231398420931812780e+03 4.305490501923630300e-16 1.038180911876265331e-16
2.234144307023270812e+03 1.618719552836654807e-16 1.039411809539373992e-16
2.236890193114728845e+03 1.540271862700783826e-16 1.427926335061789139e-16
2.239636079206186878e+03 1.343124793829085323e-16 1.042511726491565418e-16
2.242381965297644911e+03 2.897339994198848505e-16 1.979723099422017575e-16
2.245127851389102943e+03 7.411675012713976576e-17 1.096398056613238431e-16
2.247873737480560976e+03 2.187719862575235866e-18 1.396356771804930676e-16
2.250619623572019009e+03 -2.088887827513386284e-16 1.606086398045563916e-16
2.253365509663477042e+03 2.553309528646997895e-16 9.432381993893475785e-17
2.256111395754935074e+03 1.704986317236550971e-16 1.120578532559532350e-16
2.258857281846393107e+03 1.774025415689723269e-16 1.093214732010971965e-16
2.261603167937851140e+03 1.782474743658936594e-16 1.115405619005619100e-16
2.264349054029309173e+03 1.661794112705507170e-16 1.230786521128923373e-16
2.267094940120767205e+03 2.859053130143871083e-16 1.254557834543835623e-16
2.269840826212225238e+03 1.462468508226862355e-16 9.061281225012206506e-17
2.272586712303683271e+03 2.785001304936432114e-17 9.026039300453594983e-17
2.275332598395141304e+03 2.201349464710511628e-16 9.670050174818748546e-17
2.278078484486599336e+03 2.846998422655676477e-16 9.768341501460246185e-17
2.280824370578057369e+03 5.122231248323441296e-17 1.176249602887410089e-16
2.283570256669515402e+03 1.518597465279893448e-16 8.815768163660428450e-17
2.286316142760973435e+03 1.953213469424021032e-17 1.064959571584792057e-16
2.289062028852431467e+03 1.861337658661392151e-16 8.286962052516089891e-17
2.291807914943889500e+03 4.445911028926943211e-17 1.055511351369762073e-16
2.294553801035347533e+03 2.116131314495519845e-16 1.276830255740678204e-16
2.297299687126805566e+03 2.187944901071937297e-16 8.733484184733676521e-17
2.300045573218263598e+03 2.471926136115567375e-16 8.192269522272351540e-17
2.302791459309721631e+03 7.546749154104818952e-17 8.576188325448031911e-17
2.305537345401179664e+03 4.128570398219910300e-16 8.430566692766826085e-17
2.308283231492637697e+03 2.042468156558200533e-16 1.092739033084843859e-16
2.311029117584095729e+03 2.033694480367596117e-16 8.636610893188976345e-17
2.313775003675553762e+03 1.218015691528489205e-16 8.133354911470882060e-17
2.316520889767011795e+03 3.434680457986108266e-16 8.415350274845416508e-17
2.319266775858469828e+03 2.519204468294291168e-17 1.002470944840685078e-16
2.322012661949927860e+03 1.028839675563687171e-16 8.959623143332341496e-17
2.324758548041385893e+03 2.921856651599268929e-17 8.434858232731537857e-17
2.327504434132843926e+03 1.606208791032381323e-16 9.738470805310710675e-17
2.330250320224301959e+03 1.750811458589136449e-16 7.925497948606756938e-17
2.332996206315759991e+03 1.608951475375821938e-16 8.587096748146530764e-17
2.335742092407218024e+03 -2.440448731551896911e-17 1.395463362670115523e-16
2.338487978498676057e+03 1.698228106780535861e-16 7.757610492603010946e-17
2.341233864590134090e+03 -1.086508809863120247e-17 9.561386175378064739e-17
2.343979750681592122e+03 3.034853019048145640e-17 8.489299136327092390e-17
2.346725636773050155e+03 2.507058156513956304e-16 7.475425869470779421e-17
2.349471522864508188e+03 -4.501162266155394026e-16 1.655762404854758056e-16
2.352217408955966221e+03 1.560237120446382428e-16 7.213648617802990612e-17
2.354963295047424253e+03 9.483509125043204936e-17 7.828780001407285977e-17
2.357709181138882286e+03 2.114777444230986724e-16 6.943637340263160837e-17
2.360455067230340319e+03 2.432929266264698853e-16 7.685562532088899763e-17
2.363200953321798352e+03 2.720964253752384791e-16 7.010258118286397922e-17
2.365946839413256384e+03 1.360175902678522521e-16 9.635049998886165275e-17
2.368692725504714417e+03 1.114892792803056356e-18 7.702120378431029458e-17
2.371438611596172450e+03 1.845770981048004656e-16 1.027012723762487792e-16
2.374184497687630483e+03 -1.048020744461801454e-16 7.088789887096852912e-17
2.376930383779088515e+03 6.806526283844213918e-17 1.095856514101438454e-16
2.379676269870546548e+03 1.607568437903676883e-16 7.144517156866565204e-17
2.382422155962004581e+03 1.815720603416197983e-17 9.297059614348001451e-17
2.385168042053462614e+03 2.349969640878250746e-16 7.097520895908923112e-17
2.387913928144920646e+03 3.756014373568345814e-16 1.721604429781112054e-16
2.390659814236378679e+03 2.680586559933024000e-16 6.653388555346783983e-17
2.393405700327836712e+03 2.110591665366105950e-16 6.635762876634878775e-17
2.396151586419294745e+03 2.659114119689780430e-16 6.955123994023180777e-17
2.398897472510752777e+03 1.055737949451083118e-16 7.211465819152583752e-17
2.401643358602210810e+03 2.374853843380025047e-16 7.208744546124530280e-17
2.404389244693668843e+03 1.356270509839564481e-16 1.086922312323393910e-16
2.407135130785126876e+03 5.010925512366999605e-16 7.725045300742535076e-17
2.409881016876584908e+03 1.119979696823106919e-16 1.068791418754102125e-16
2.412626902968042941e+03 1.613394736526457841e-16 6.833009965241257607e-17
2.415372789059500974e+03 3.651451726681669111e-16 6.996297823540760471e-17
2.418118675150959007e+03 1.834219881529734687e-16 7.260338562911349616e-17
2.420864561242417039e+03 9.745477836164475094e-17 6.846735554201777548e-17
2.423610447333875072e+03 2.055957572632945966e-16 6.718839034821818667e-17
2.426356333425333105e+03 2.827527434955807800e-16 6.808294525328000340e-17
2.429102219516791138e+03 1.697602875359401271e-16 6.598501561288271291e-17
2.431848105608249170e+03 1.284232743235891966e-16 8.649703547870618064e-17
2.434593991699707203e+03 -5.019195435585585698e-17 8.777495307119304503e-17
2.437339877791165236e+03 6.063912448378916490e-17 6.141358431547958584e-17
2.440085763882623269e+03 -1.868527561889972292e-16 1.019599793024020188e-16
2.442831649974081301e+03 9.887930652283637497e-17 6.433627131964759951e-17
2.445577536065539334e+03 3.835765510531951713e-16 7.561495739364922876e-17
2.448323422156997367e+03 1.192975525721749041e-17 1.198377606661784650e-16
2.451069308248455400e+03 2.147605877935645335e-16 6.490259781153315744e-17
2.453815194339913432e+03 9.871274737832745375e-17 7.642370191440294047e-17
2.456561080431371465e+03 1.854044859536111490e-16 7.720844906453135085e-17
2.459306966522829498e+03 2.310931375328155302e-16 6.428216201203554139e-17
2.462052852614287531e+03 2.653751298465522798e-16 1.758690439467099961e-16
2.464798738705745563e+03 2.060772392211483019e-16 7.731579951067041520e-17
2.467544624797203596e+03 3.118667376129774767e-16 6.067306514911733971e-17
2.470290510888661629e+03 2.393284300747866491e-16 7.848367420897094683e-17
2.473036396980119662e+03 1.034652401823963038e-16 6.246218374416470669e-17
2.475782283071577694e+03 2.597379385703255718e-16 6.111858713802995641e-17
2.478528169163035727e+03 2.108937871922195031e-16 7.962436706673064889e-17
2.481274055254493760e+03 2.949236797124812982e-16 6.130489402163143287e-17
2.484019941345951793e+03 3.247478668969205128e-16 6.450014632605471952e-17
2.486765827437409826e+03 2.463334938388784075e-16 7.909083704039418372e-17
2.489511713528867858e+03 9.629964695197212243e-18 1.067007453147598298e-16
2.492257599620325891e+03 2.006187859120492426e-16 6.317668943422574415e-17
2.495003485711783924e+03 1.972980864064080144e-16 6.420489085477414868e-17
2.497749371803241957e+03 2.401837335295286199e-16 5.875261458654469068e-17
2.500495257894699989e+03 2.888620489027962437e-16 6.305124469728275700e-17
2.503241143986158022e+03 7.124766056144858770e-16 6.754607050702364585e-17
2.505987030077616055e+03 1.626932472665172081e-16 8.170463015254009162e-17
2.508732916169074088e+03 2.322516220848832291e-16 6.203006985696382093e-17
2.511478802260532120e+03 3.392462317364880339e-16 6.826616036187734229e-17
2.514224688351990153e+03 7.080176809993549669e-16 6.682346602585180389e-17
2.516970574443448186e+03 1.887782279758260886e-16 6.325503957276435699e-17
2.519716460534906219e+03 2.264588914554586448e-17 5.653916208901384005e-17
2.522462346626364251e+03 1.623533241514900265e-16 5.978923309418323136e-17
2.525208232717822284e+03 1.979022039982726892e-16 7.427259276288441930e-17
2.527954118809280317e+03 3.042468180748295751e-16 1.050268350842240590e-16
2.530700004900738350e+03 3.243458550475802852e-16 6.472238839620000912e-17
2.533445890992196382e+03 1.921612368183464008e-16 6.300161188360083346e-17
2.536191777083654415e+03 4.189513119815720458e-16 6.976920432160429104e-17
2.538937663175112448e+03 2.693087199805032195e-16 1.467180687242745787e-16
2.541683549266570481e+03 1.964854428125602699e-16 6.063442853912917480e-17
2.544429435358028513e+03 1.628643732410614065e-16 5.559735240517374437e-17
2.547175321449486546e+03 3.208495002417134584e-16 7.884689243579047604e-17
2.549921207540944579e+03 8.512941152137590426e-16 1.480164471022346979e-16
2.552667093632402612e+03 3.861194370701864275e-16 6.860264275755376760e-17
2.555412979723860644e+03 1.272659505264746400e-15 1.934587526224181911e-16
2.558158865815318677e+03 3.010297792812172306e-16 5.928749904099384440e-17
2.560904751906776710e+03 1.445724639925453684e-16 6.756231230929316960e-17
2.563650637998234743e+03 2.436486943474146814e-16 6.524240380973961021e-17
2.566396524089692775e+03 1.519876056941916238e-16 6.016558784987330116e-17
2.569142410181150808e+03 1.741180972094184802e-16 6.143477084706606873e-17
2.571888296272608841e+03 1.900280589729436121e-16 5.787238772588117998e-17
2.574634182364066874e+03 7.101588878846682395e-17 6.369688354565266862e-17
2.577380068455524906e+03 1.674731483087403115e-16 5.642572828808144112e-17
2.580125954546982939e+03 1.812732110392292579e-16 5.694038093570857059e-17
2.582871840638440972e+03 2.272855255659557417e-16 6.498472962247308302e-17
2.585617726729899005e+03 5.722664769384751224e-17 8.780519735056133852e-17
2.588363612821357037e+03 2.083714855671094922e-16 6.555017067078071091e-17
2.591109498912815070e+03 2.124882832741112683e-16 5.908083045452528623e-17
2.593855385004273103e+03 2.301218903640757112e-16 6.278919964605516036e-17
2.596601271095731136e+03 5.660867926979598914e-16 6.108112761646263434e-17
2.599347157187189168e+03 2.664325340410176016e-16 6.210461359028964534e-17
2.602093043278647201e+03 2.014246771370986149e-16 6.877260988013895028e-17
2.604838929370105234e+03 3.399127396217117468e-16 6.306277230934591665e-17
2.607584815461563267e+03 2.429210191709293998e-16 7.034683103735595142e-17
2.610330701553021299e+03 1.693720397068491868e-16 5.995143027338940464e-17
2.613076587644479332e+03 3.006474938842103573e-16 5.714176385867936327e-17
2.615822473735937365e+03 2.224208626485201400e-16 6.631645384538995637e-17
2.618568359827395398e+03 2.762104474029702801e-16 5.925555082966600564e-17
2.621314245918853430e+03 3.796902700366803198e-16 7.555753743470232330e-17
2.624060132010311463e+03 3.050805657138105189e-16 5.741100821636529909e-17
2.626806018101769496e+03 1.587024605668081429e-16 6.783150957406963779e-17
2.629551904193227529e+03 5.737482466796239534e-17 6.957893222020672391e-17
2.632297790284685561e+03 2.003110797785590995e-16 5.639878992505444012e-17
2.635043676376143594e+03 1.645526416222690072e-16 5.753843581944952170e-17
2.637789562467601627e+03 1.345732541978117249e-16 6.260612043770125230e-17
2.640535448559059660e+03 1.484610244161930724e-16 6.214323610939256363e-17
2.643281334650517692e+03 3.182055605564574618e-16 1.365173219357541834e-16
2.646027220741975725e+03 2.588036750383789347e-16 5.906817020220715096e-17
2.648773106833433758e+03 2.980584308399572920e-16 8.391189353050536560e-17
2.651518992924891791e+03 1.501351822349456346e-16 6.025612366841395883e-17
2.654264879016349823e+03 1.724304965277446451e-16 7.224017807383574772e-17
2.657010765107807856e+03 1.769546824163373478e-16 8.083063259433501528e-17
2.659756651199265889e+03 1.304690606388368910e-16 5.648142071944612372e-17
2.662502537290723922e+03 1.259433955496618226e-16 5.464005851041106153e-17
2.665248423382181954e+03 9.098115988541240876e-17 5.720139852622749246e-17
2.667994309473639987e+03 2.049028084319779971e-16 8.730555571815554323e-17
2.670740195565098020e+03 6.799789579173273352e-17 5.968106795199004162e-17
2.673486081656556053e+03 3.755608311074655361e-16 5.627686743459617972e-17
2.676231967748014085e+03 -8.081300996455815692e-17 6.130666900674734179e-17
2.678977853839472118e+03 6.583828161657019264e-17 7.570064351357977698e-17
2.681723739930930151e+03 1.674843758454853785e-16 8.916101563694628060e-17
2.684469626022388184e+03 1.562686428156017971e-16 6.384636883193970224e-17
2.687215512113846216e+03 4.385068900718635205e-16 1.325041061677073455e-16
2.689961398205304249e+03 1.310041834740366794e-16 6.945399325889568649e-17
2.692707284296762282e+03 1.572976093966363085e-16 1.426086702339645895e-16
2.695453170388220315e+03 2.340719000473160036e-16 6.935543260077711960e-17
2.698199056479678347e+03 2.195828607943625575e-16 7.725258789069438326e-17
2.700944942571136380e+03 -6.203570945014599422e-16 2.276304538397517425e-16
2.703690828662594413e+03 2.719693754821404196e-16 7.065216261563037300e-17
2.706436714754052446e+03 2.498546344475552462e-16 5.428507523161106170e-17
2.709182600845510478e+03 4.045525030023077529e-16 5.981182154451290838e-17
2.711928486936968511e+03 3.047865921437948288e-16 6.093901804758226508e-17
2.714674373028426544e+03 2.668086397399544570e-16 7.688841542795126509e-17
2.717420259119884577e+03 8.734499885168622179e-17 6.828270057425790680e-17
2.720166145211342609e+03 2.437775770185279481e-16 5.306788980137413906e-17
2.722912031302800642e+03 1.884117439753089005e-16 5.386134539109882156e-17
2.725657917394258675e+03 3.894553236849882231e-16 5.560256801903905672e-17
2.728403803485716708e+03 3.977864456120908830e-16 6.936063409810583225e-17
2.731149689577174740e+03 3.612587504144048104e-16 5.213655751272123135e-17
2.733895575668632773e+03 2.459357616268940577e-16 5.497772158274506029e-17
2.736641461760090806e+03 2.410155610871038520e-16 5.749728980549259282e-17
2.739387347851548839e+03 1.695962971029431196e-16 5.197595612095979406e-17
2.742133233943006871e+03 7.386868896519277255e-18 7.997217487868731703e-17
2.744879120034464904e+03 1.426162563450066325e-16 5.618161525457403036e-17
2.747625006125922937e+03 2.726458318355727457e-16 8.459625762142582645e-17
2.750370892217380970e+03 4.062427315844883358e-16 8.308504886177443061e-17
2.753116778308839002e+03 2.542344676171177173e-16 7.098670148682537265e-17
2.755862664400297035e+03 2.324112004236706616e-16 5.683942837666305390e-17
2.758608550491755068e+03 1.378805135135284077e-16 5.242449143117144277e-17
2.761354436583213101e+03 1.081936397096188209e-16 9.356025007194208335e-17
2.764100322674671133e+03 2.781748367533309344e-16 5.393312798040406977e-17
2.766846208766129166e+03 2.831455703009923286e-16 4.993920424084993752e-17
2.769592094857587199e+03 2.412445691384648076e-16 9.007797813746651243e-17
2.772337980949045232e+03 1.258908994663895322e-16 5.315621088083298603e-17
2.775083867040503264e+03 7.306058809038603142e-17 5.508313988706608248e-17
2.777829753131961297e+03 1.324334021522016724e-16 6.209581697215097124e-17
2.780575639223419330e+03 1.707418031960500249e-16 4.912686732759631634e-17
2.783321525314877363e+03 1.166823978884680121e-16 5.107446694290078358e-17
2.786067411406335395e+03 1.785194205287126936e-16 5.736868324167655731e-17
2.788813297497793428e+03 1.147891305358607602e-16 7.145911117050364554e-17
2.791559183589251461e+03 9.628318268957803216e-17 5.056839955828802861e-17
2.794305069680709494e+03 -1.062173588867229174e-16 1.090605369760123010e-16
2.797050955772167526e+03 1.351924751898903145e-16 5.703819974428981520e-17
2.799796841863625559e+03 1.972245911904204071e-16 5.864989561882429940e-17
2.802542727955083592e+03 1.887047203155289327e-16 4.736985286204485459e-17
2.805288614046541625e+03 6.993049993186041917e-17 4.963302059587098155e-17
2.808034500137999657e+03 -9.079459074300571902e-17 8.606265884343584276e-17
2.810780386229457690e+03 1.140817434044526481e-16 5.013920318472845700e-17
2.813526272320915723e+03 5.261832383736531103e-16 5.239017202175627389e-17
2.816272158412373756e+03 1.744889265292162302e-16 6.053211933592430014e-17
2.819018044503831788e+03 1.813034296648090387e-16 4.581307833410902947e-17
2.821763930595289821e+03 1.297446781389268806e-16 5.871215736273307741e-17
2.824509816686747854e+03 1.213704939901339167e-16 4.996241072229283435e-17
2.827255702778205887e+03 -1.261795576838279728e-15 5.982380447053081812e-17
2.830001588869663919e+03 -4.616577156267305352e-17 5.382602084049172770e-17
2.832747474961121952e+03 2.088203656860070929e-16 4.539243466833135368e-17
2.835493361052579985e+03 2.488368104630786560e-16 4.718968157044098007e-17
2.838239247144038018e+03 6.901528799202942899e-17 4.605908295959930146e-17
2.840985133235496050e+03 1.379434694999172540e-16 4.531873565668358326e-17
2.843731019326954083e+03 1.940312381166957779e-16 4.574866534396801659e-17
2.846476905418412116e+03 1.027782486754629469e-16 4.831123849639434751e-17
2.849222791509870149e+03 2.169057303625543959e-16 4.716188282975064251e-17
2.851968677601328181e+03 2.737055013839258448e-17 5.358587418753014179e-17
2.854714563692786214e+03 1.593403649463248934e-16 4.781505372277548238e-17
2.857460449784244247e+03 1.356727696814085768e-16 5.504221403501557946e-17
2.860206335875702280e+03 7.669524244439256623e-17 4.682196623713287674e-17
2.862952221967160312e+03 2.209295498816068233e-16 4.589744758158543811e-17
2.865698108058618345e+03 2.977984324132635736e-16 5.536247238502292509e-17
2.868443994150076378e+03 2.679095182624351367e-16 4.570552033978012298e-17
2.871189880241534411e+03 2.225141445065968237e-16 4.344977787191919032e-17
2.873935766332992443e+03 7.133058695562651517e-16 5.116474103881646801e-17
2.876681652424450476e+03 4.205807231610165201e-16 4.733218075899034084e-17
2.879427538515908509e+03 3.191436956166231554e-16 5.768128716713406180e-17
2.882173424607366542e+03 3.758978220344144436e-16 7.601758857945130790e-17
2.884919310698824575e+03 3.073529993209891660e-16 4.607572973254137519e-17
2.887665196790282607e+03 3.348425300727440410e-16 5.992485584979795380e-17
2.890411082881740640e+03 1.632172107163485910e-16 6.317104544646209895e-17
2.893156968973198673e+03 2.833697992921718672e-16 6.601696084588590088e-17
2.895902855064656706e+03 3.454420532102627723e-16 4.450330592885768829e-17
2.898648741156114738e+03 2.533812358653236268e-16 4.386496306429869342e-17
2.901394627247572771e+03 3.135174055916607050e-16 4.213660371394696789e-17
2.904140513339030804e+03 3.031587332353386266e-16 4.126181884191021793e-17
2.906886399430488837e+03 2.443487373140841186e-16 4.382759767777001125e-17
2.909632285521946869e+03 2.832568830012921748e-16 4.051639110988166282e-17
2.912378171613404902e+03 2.277308808029005527e-16 4.148225722361633714e-17
2.915124057704862935e+03 2.392334407867073802e-16 4.059433717035164227e-17
2.917869943796320968e+03 2.386623084362420581e-16 6.314857450924101336e-17
2.920615829887779000e+03 2.713949150344532148e-16 4.264667136465637379e-17
2.923361715979237033e+03 2.963700910267154897e-16 4.447873016803765695e-17
2.926107602070695066e+03 2.362837551135593179e-16 4.048664649360721718e-17
2.928853488162153099e+03 5.172674785430677649e-16 4.491267876269470464e-17
2.931599374253611131e+03 2.946417194007655061e-16 8.231121766346779679e-17
2.934345260345069164e+03 1.547401428781238841e-16 5.219555646648569459e-17
2.937091146436527197e+03 1.898829449439243435e-16 4.215869521777025273e-17
2.939837032527985230e+03 2.140896479728563249e-16 3.818742825913501040e-17
2.942582918619443262e+03 2.153893085810503369e-16 4.298703970179896665e-17
2.945328804710901295e+03 2.194587394148530317e-16 3.895016061411912939e-17
2.948074690802359328e+03 2.425545329769852289e-16 3.853567384087667989e-17
2.950820576893817361e+03 2.590221109522937363e-16 4.104565013701722912e-17
2.953566462985275393e+03 2.978851783662867899e-16 3.913424837020884578e-17
2.956312349076733426e+03 3.194364338888677419e-16 3.795965802704414442e-17
2.959058235168191459e+03 2.885820323421532976e-16 4.223912454934515094e-17
2.961804121259649492e+03 3.158002165628243544e-16 3.696070408916499325e-17
2.964550007351107524e+03 2.064759184081846466e-16 3.949390931720206013e-17
2.967295893442565557e+03 3.098918070104343151e-16 4.038794621741182474e-17
2.970041779534023590e+03 3.290055498216818954e-16 4.311319404116895211e-17
2.972787665625481623e+03 2.651299744242191378e-16 3.658951431938495009e-17
2.975533551716939655e+03 2.805877903590353419e-16 3.722138760287806286e-17
2.978279437808397688e+03 -2.960988863205130200e-17 5.945079572966284970e-17
2.981025323899855721e+03 3.093240150130529680e-16 3.816417157695986469e-17
2.983771209991313754e+03 3.377883012314114518e-16 3.888499124393497001e-17
2.986517096082771786e+03 3.388788531705820651e-16 3.765117711813935855e-17
2.989262982174229819e+03 2.182145976626296270e-16 3.731021268848397948e-17
2.992008868265687852e+03 2.664069815904933951e-16 3.913667782872877940e-17
2.994754754357145885e+03 1.373660778336472830e-16 7.662041147255658221e-17
2.997500640448603917e+03 3.033644606262155346e-16 3.929121650225899080e-17
3.000246526540061950e+03 2.253618941784932021e-16 3.612441768670299077e-17
3.002992412631519983e+03 2.566434923229807739e-16 3.402474387517524541e-17
3.005738298722978016e+03 2.680650649557127931e-16 5.146660985219387607e-17
3.008484184814436048e+03 2.896943726922278814e-16 4.331590290309168189e-17
3.011230070905894081e+03 2.595903728342696774e-16 4.399072777542571842e-17
3.013975956997352114e+03 3.380482467647261307e-16 3.592190329538955757e-17
3.016721843088810147e+03 2.037258992851010246e-16 5.428590175270288290e-17
3.019467729180268179e+03 2.289872679966600697e-16 4.443267019836582471e-17
3.022213615271726212e+03 2.427463411486176359e-16 6.946786088761078550e-17
3.024959501363184245e+03 2.087382959830271862e-16 4.153658133843992182e-17
3.027705387454642278e+03 3.101710108807078175e-16 1.824279114962265081e-16
3.030451273546100310e+03 3.047122543982631764e-16 3.466448018648699501e-17
3.033197159637558343e+03 1.544101740982513209e-16 5.009792507853737155e-17
3.035943045729016376e+03 3.430646928148478378e-16 4.251521876928979671e-17
3.038688931820474409e+03 1.882100499282477969e-16 3.384659565785570604e-17
3.041434817911932441e+03 3.673413252285415115e-16 3.859212637250367794e-17
3.044180704003390474e+03 2.761890847459447071e-16 3.382244509488496389e-17
3.046926590094848507e+03 2.494750187659152418e-16 4.533725535643476555e-17
3.049672476186306540e+03 2.861660562336180646e-16 3.549047917281196544e-17
3.052418362277764572e+03 2.248127763048142876e-16 3.230371398305866148e-17
3.055164248369222605e+03 2.471629954447724101e-16 3.151498184404998767e-17
3.057910134460680638e+03 2.381683944700778806e-16 3.234951842209520290e-17
3.060656020552138671e+03 3.638041152655597820e-16 5.215377828472127593e-17
3.063401906643596703e+03 2.891334329574247921e-16 4.272830214586642717e-17
