# obs_wvl flux error
1.583000000000000000e+03 2.263360634709773306e-14 1.963871807417281318e-14
1.584548362467686957e+03 2.241390128022295239e-15 1.177712704799569640e-14
1.586096724935373913e+03 -5.379461282012207284e-15 7.860808137929526057e-15
1.587645087403060870e+03 1.045882806835861706e-14 7.010232845759661813e-15
1.589193449870747827e+03 3.793658385505422091e-15 5.871793583607292944e-15
1.590741812338434784e+03 -1.493369166832337908e-15 7.022194935588478917e-15
1.592290174806121740e+03 -8.724269081629923331e-15 5.013006024257695800e-15
1.593838537273808697e+03 -9.423257061087152628e-15 3.283169621846943205e-15
1.595386899741495654e+03 -8.243842402348198141e-15 2.842262594784514052e-15
1.596935262209182611e+03 -6.387543641396932828e-15 3.978722546874946878e-15
1.598483624676869567e+03 2.117382247858359091e-15 3.856574997066417352e-15
1.600031987144556524e+03 9.769077575902704792e-16 2.517901726639733217e-15
1.601580349612243481e+03 -3.875380452845025269e-16 2.132058069560361635e-15
1.603128712079930438e+03 -5.335158722184692429e-16 1.906555695531169184e-15
1.604677074547617394e+03 -1.428140631964325239e-15 1.685008137287065222e-15
1.606225437015304351e+03 -1.724021777771520829e-15 1.484491671093896342e-15
1.607773799482991308e+03 -3.751913275481999893e-16 1.430475766084903736e-15
1.609322161950678264e+03 1.121793749590651347e-15 1.425152035241246605e-15
1.610870524418365221e+03 -2.092520872939388987e-16 1.217767440678677284e-15
1.612418886886052178e+03 -1.786995585115196228e-15 9.953116721034596306e-16
1.613967249353739135e+03 -4.298639831644241604e-18 1.043530748212406953e-15
1.615515611821426091e+03 1.876627585762652409e-16 9.804271244173820090e-16
1.617063974289113048e+03 -1.295835492921641611e-15 8.074798751275588884e-16
1.618612336756800005e+03 -2.202708536020028034e-15 6.710928402859650425e-16
1.620160699224486962e+03 -1.443858661873836530e-15 6.884620756704028598e-16
1.621709061692173918e+03 -3.548085302109515224e-16 7.082297276759549541e-16
1.623257424159860875e+03 -4.585552047678812049e-16 6.507144712611148140e-16
1.624805786627547832e+03 -4.954911086870406055e-16 6.175526568392236408e-16
1.626354149095234789e+03 3.622467966982846597e-16 6.468518974706883968e-16
1.627902511562921745e+03 1.234083410366931063e-15 6.587302507136820778e-16
1.629450874030608702e+03 2.696951046238745895e-16 5.609715379313057964e-16
1.630999236498295659e+03 -9.123161902093399174e-17 5.183896100506498988e-16
1.632547598965982615e+03 1.102983387269676932e-16 5.015973397589911521e-16
1.634095961433669572e+03 -2.892068988254729715e-16 4.475739536302452659e-16
1.635644323901356529e+03 -3.087160932840332528e-16 4.371502629837078783e-16
1.637192686369043486e+03 -3.902164262992067381e-16 4.092486585936480534e-16
1.638741048836730442e+03 -3.734356707451698444e-16 3.912392437166104872e-16
1.640289411304417399e+03 -7.292222100732126435e-16 3.421920738128118823e-16
1.641837773772104356e+03 -2.019696354542073224e-16 3.822216089667967585e-16
1.643386136239791313e+03 5.195324729626264369e-17 3.739275049830674946e-16
1.644934498707478269e+03 -5.777018554021613497e-16 3.161347688959151093e-16
1.646482861175165226e+03 -4.748885780451824336e-16 3.203831414948659925e-16
1.648031223642852183e+03 -2.985698359575377257e-16 3.177389643670738718e-16
1.649579586110539140e+03 -8.045025564893234287e-16 2.634798323481314808e-16
1.651127948578226096e+03 -6.203521859507858608e-16 2.821163398235607127e-16
1.652676311045913053e+03 1.873637005268317310e-19 3.155765251211014167e-16
1.654224673513600010e+03 1.747915243965978017e-16 3.142342805349071528e-16
1.655773035981286966e+03 -7.017982765159894508e-17 2.907604692531906364e-16
1.657321398448973923e+03 -3.084457880233456403e-16 2.646786749194957443e-16
1.658869760916660880e+03 -2.228257076212005379e-16 2.680186601267294289e-16
1.660418123384347837e+03 -5.222624108911341481e-16 2.267264851074927310e-16
1.661966485852034793e+03 -4.742617198692088589e-16 2.362781553475661022e-16
1.663514848319721750e+03 -1.772216825595403282e-16 2.529397783929837060e-16
1.665063210787408707e+03 -1.667788962976633179e-17 2.580000772643308490e-16
1.666611573255095664e+03 -1.020915257293156083e-16 2.415643906654693266e-16
1.668159935722782620e+03 -3.844616285199464339e-17 2.466473052211260111e-16
1.669708298190469577e+03 4.041376414955786997e-17 2.487100874368649832e-16
1.671256660658156534e+03 -1.162559801784550774e-16 2.271571754899944364e-16
1.672805023125843491e+03 8.900117278119303437e-17 2.425075173292311615e-16
1.674353385593530447e+03 2.032013930325046220e-17 2.247040422711488824e-16
1.675901748061217404e+03 -5.744123572338362787e-17 2.222244272601130504e-16
1.677450110528904361e+03 1.314391113127326442e-16 2.313827739120360417e-16
1.678998472996591317e+03 5.557185002009169161e-17 2.193782462664897787e-16
1.680546835464278274e+03 2.351412303944455507e-17 2.170558324060420137e-16
1.682095197931965231e+03 3.277004665916646510e-17 2.121711958170920786e-16
1.683643560399652188e+03 -1.541254859842952361e-17 2.063755632079974097e-16
1.685191922867339144e+03 -1.330449167020727070e-16 1.952814478040163193e-16
1.686740285335026101e+03 -2.599215648218735120e-17 1.987558837669879972e-16
1.688288647802713058e+03 -7.345211542923037766e-17 1.884374442680499637e-16
1.689837010270400015e+03 -2.646557410128854073e-17 1.916255343518852515e-16
1.691385372738086971e+03 -1.390713398429073573e-17 1.918260979569469306e-16
1.692933735205773928e+03 -7.541013737610139683e-17 1.845788706792237988e-16
1.694482097673460885e+03 1.899828689317846535e-17 1.925772246606733277e-16
1.696030460141147842e+03 -2.682100620259836015e-16 1.545244656541136059e-16
1.697578822608834798e+03 -6.916349166901108599e-17 1.872516703380990597e-16
1.699127185076521755e+03 -9.357040991937525764e-17 1.704848949218100472e-16
1.700675547544208712e+03 -1.715312559599155694e-17 1.784412843543194808e-16
1.702223910011895669e+03 -5.191876126321849297e-18 1.758242730749987517e-16
1.703772272479582625e+03 -1.868784909976169371e-16 1.590214374519502910e-16
1.705320634947269582e+03 3.164369924917545987e-17 1.787534892725820245e-16
1.706868997414956539e+03 -7.093432394557583667e-17 1.593364769267401640e-16
1.708417359882643495e+03 -2.400014045397511334e-16 1.463897928587508766e-16
1.709965722350330452e+03 -2.493151153962542186e-16 1.460964677252493387e-16
1.711514084818017409e+03 -1.001002514643429803e-16 1.582531530412504657e-16
1.713062447285704366e+03 1.401487507268627714e-16 1.780970748390438619e-16
1.714610809753391322e+03 7.368184564447305282e-17 1.655163884666259871e-16
1.716159172221078279e+03 -3.112733608259708341e-17 1.598895173960693594e-16
1.717707534688765236e+03 -1.037304047361998842e-16 1.487404905536213385e-16
1.719255897156452193e+03 -1.749156106183280530e-16 1.418494063034382127e-16
1.720804259624139149e+03 9.364052820708100168e-19 1.575672514431088517e-16
1.722352622091826106e+03 1.869980652035211682e-16 1.705410848053847194e-16
1.723900984559513063e+03 2.045309448627778623e-16 1.683508424926982397e-16
1.725449347027200020e+03 5.069687340549257776e-17 1.525878441892161069e-16
1.726997709494886976e+03 3.597811310546864404e-17 1.520445205068784096e-16
1.728546071962573933e+03 2.301431333711278135e-16 1.685736798060771822e-16
1.730094434430260890e+03 2.611179627565999978e-16 1.637704405735887922e-16
1.731642796897947846e+03 1.202799329536779164e-16 1.535684860092380987e-16
1.733191159365634803e+03 1.772864996415952229e-17 1.437756424876009919e-16
1.734739521833321760e+03 -2.357247887590032577e-16 1.176911790329329313e-16
1.736287884301008717e+03 -2.380341981105443487e-16 1.230149947849698431e-16
1.737836246768695673e+03 2.886031909917127161e-17 1.470659103800972822e-16
1.739384609236382630e+03 -1.371477427715602462e-16 1.222603721026775544e-16
1.740932971704069587e+03 1.607071295087768826e-16 1.582258293662968880e-16
1.742481334171756544e+03 4.340258454538394396e-17 1.358303263361605179e-16
1.744029696639443500e+03 -1.113071255475903520e-17 1.346971462202555763e-16
1.745578059107130457e+03 -1.253889327575015732e-17 1.345212979143577968e-16
1.747126421574817414e+03 3.379205831753881773e-17 1.363662338522798818e-16
1.748674784042504371e+03 2.088403949298909648e-17 1.303242236431685310e-16
1.750223146510191327e+03 -5.386040727128543044e-17 1.262746287596490839e-16
1.751771508977878284e+03 -3.521929709554862182e-17 1.296602497714429108e-16
1.753319871445565241e+03 -7.912483476733657825e-17 1.200533716570352003e-16
1.754868233913252197e+03 -2.973846834059915222e-16 9.629999623600131327e-17
1.756416596380939154e+03 -1.462274684635429105e-16 1.175971204370457331e-16
1.757964958848626111e+03 -1.008239558993389223e-16 1.162436542105008069e-16
1.759513321316313068e+03 1.406436461156860651e-16 1.410058440320672318e-16
1.761061683784000024e+03 1.381798989622577216e-16 1.324956695339004732e-16
1.762610046251686981e+03 -8.746113951157039761e-17 1.126441292921352779e-16
1.764158408719373938e+03 6.184510187483566157e-17 1.314338177489588818e-16
1.765706771187060895e+03 9.434275124194737521e-17 1.275260041621930888e-16
1.767255133654747851e+03 1.292355366139608685e-16 1.324135778404778027e-16
1.768803496122434808e+03 -5.721431320242434038e-17 1.114041352451770481e-16
1.770351858590121765e+03 7.063767287395074839e-17 1.264505650414330066e-16
1.771900221057808722e+03 2.996367082266150218e-17 1.189830334162844821e-16
1.773448583525495678e+03 2.012277424278269730e-16 1.364705948615332354e-16
1.774996945993182635e+03 2.402155528983253040e-16 1.356101456713149823e-16
1.776545308460869592e+03 4.859556735297818874e-16 1.556684646647732413e-16
1.778093670928556548e+03 2.813729111023695559e-16 1.329293280146832457e-16
1.779642033396243505e+03 -4.802120175812570356e-17 1.079150036461074488e-16
1.781190395863930462e+03 1.442396613263922138e-17 1.163603652614911344e-16
1.782738758331617419e+03 9.071917697876347071e-17 1.218325272051189748e-16
1.784287120799304375e+03 1.823414158594673704e-16 1.300224605527266507e-16
1.785835483266991332e+03 -7.865149766390478709e-18 1.072943482364008491e-16
1.787383845734678289e+03 1.004400343025489608e-16 1.228382692740494761e-16
1.788932208202365246e+03 5.676554335719088792e-17 1.144967764231970253e-16
1.790480570670052202e+03 -1.184937364129243267e-16 9.599575351550157512e-17
1.792028933137739159e+03 1.285077904382110664e-17 1.115109282192472014e-16
1.793577295605426116e+03 1.447570870560305530e-16 1.228955432670377330e-16
1.795125658073113073e+03 -2.360469907656853644e-16 7.395956439034308804e-17
1.796674020540800029e+03 -8.278587171281132103e-17 1.034770493734828686e-16
1.798222383008486986e+03 3.115117073358414925e-16 1.357444867166425765e-16
1.799770745476173943e+03 6.396189967241379805e-17 1.056363993948637609e-16
1.801319107943860899e+03 1.182696246459910172e-16 1.155090360832266482e-16
1.802867470411547856e+03 -1.645748141837477495e-16 8.351630882629644335e-17
1.804415832879234813e+03 3.630865640268537192e-17 1.116441522421323081e-16
1.805964195346921770e+03 1.005094656214401324e-16 1.120071996035288195e-16
1.807512557814608726e+03 2.430358736577950143e-17 1.040347297523145477e-16
1.809060920282295683e+03 -9.577002059270021094e-17 8.994335675889175437e-17
1.810609282749982640e+03 5.906820733277856563e-17 1.092326416255955428e-16
1.812157645217669597e+03 -2.908134037776031944e-17 9.724213811929582126e-17
1.813706007685356553e+03 -7.950678209065844599e-17 9.009602313034654260e-17
1.815254370153043510e+03 -6.219486766253874201e-17 9.242818504123654422e-17
1.816802732620730467e+03 6.894723741784157452e-17 1.056534382127581362e-16
1.818351095088417424e+03 1.729925294627476262e-16 1.168959534539833721e-16
1.819899457556104380e+03 2.783719739438583420e-16 1.213096904059392426e-16
1.821447820023791337e+03 -2.908887562553880498e-17 8.892280402678121521e-17
1.822996182491478294e+03 9.752802988673696728e-17 1.086409366089103562e-16
1.824544544959165250e+03 2.412926221814239033e-17 9.736526990304432929e-17
1.826092907426852207e+03 -1.617715145962889313e-16 7.372036096768347180e-17
1.827641269894539164e+03 -1.072415378456890792e-16 8.585735151746586603e-17
1.829189632362226121e+03 2.102740997483808723e-16 1.150389629916397912e-16
1.830737994829913077e+03 6.582458640744887714e-18 9.173780646431605520e-17
1.832286357297600034e+03 1.870852729197861798e-16 1.124916381013745828e-16
1.833834719765286991e+03 9.353256092061045910e-17 1.015859864073852920e-16
1.835383082232973948e+03 3.374618081459046018e-16 1.224763646116536707e-16
1.836931444700660904e+03 2.273324703242094441e-16 1.118824036569952633e-16
1.838479807168347861e+03 1.778180476765705685e-16 1.062780802067506924e-16
1.840028169636034818e+03 3.926050690539912812e-17 9.488796366053131229e-17
1.841576532103721775e+03 9.061180511869823895e-17 1.015747724948982347e-16
1.843124894571408731e+03 8.390405377752755020e-17 9.880915941335537938e-17
1.844673257039095688e+03 1.812068883990372212e-16 1.072606319504622504e-16
1.846221619506782645e+03 2.606622946755486196e-16 1.142360161411957541e-16
1.847769981974469601e+03 1.985646401498510994e-16 1.068063628262911555e-16
1.849318344442156558e+03 1.677624563749913275e-16 1.045580594867914351e-16
1.850866706909843515e+03 1.060424893637516461e-16 1.000898517113461139e-16
1.852415069377530472e+03 4.985951864688919138e-17 9.138117554682953272e-17
1.853963431845217428e+03 1.976830726783907160e-16 1.076934708668830052e-16
1.855511794312904385e+03 1.399156835736845112e-16 1.007582539609719406e-16
1.857060156780591342e+03 5.036097771086554884e-17 9.077774065571891464e-17
1.858608519248278299e+03 1.786062851705179897e-16 1.049776458895608235e-16
1.860156881715965255e+03 1.281519817020497751e-16 9.815753996692677306e-17
1.861705244183652212e+03 4.948265000064757693e-17 8.989015204155998262e-17
1.863253606651339169e+03 2.380163089012913872e-16 1.091364556570728476e-16
1.864801969119026126e+03 8.591620456451273111e-17 9.279163756550775020e-17
1.866350331586713082e+03 1.197090755625633558e-16 9.880268653404388410e-17
1.867898694054400039e+03 2.864529313919278261e-16 1.131902037879808265e-16
1.869447056522086996e+03 1.849502984700305020e-16 1.015555441371448229e-16
1.870995418989773952e+03 1.745365614322579799e-16 9.973410357228581824e-17
1.872543781457460909e+03 3.131276768589045220e-16 1.121969343805401589e-16
1.874092143925147866e+03 3.717598778688053144e-16 1.168744948318311185e-16
1.875640506392834823e+03 3.111848190681073022e-16 1.109669242735970762e-16
1.877188868860521779e+03 1.994543337029820909e-16 9.967920312008327167e-17
1.878737231328208736e+03 3.760165094499768229e-16 1.178146541974978018e-16
1.880285593795895693e+03 3.559551082124704877e-16 1.128663293589739881e-16
1.881833956263582650e+03 2.158419787741374294e-16 1.017521231812561625e-16
1.883382318731269606e+03 2.828425485184258004e-16 1.087769418860829637e-16
1.884930681198956563e+03 1.980957413249007722e-16 9.989450670093209410e-17
1.886479043666643520e+03 2.551242359027821514e-16 1.059762229921359916e-16
1.888027406134330477e+03 2.754817963785596398e-16 1.043258055383896320e-16
1.889575768602017433e+03 3.258454680514354045e-16 1.107569193097480505e-16
1.891124131069704390e+03 1.177331666975619986e-16 9.146228206630028020e-17
1.892672493537391347e+03 1.756937550322514595e-16 9.710843336687458999e-17
1.894220856005078303e+03 1.934509378320637224e-16 9.853283735573066733e-17
1.895769218472765260e+03 2.223589513578104839e-16 1.010345631466367080e-16
1.897317580940452217e+03 6.198969711484595038e-17 8.584180796733473466e-17
1.898865943408139174e+03 1.061379440512445182e-16 9.042112008063813188e-17
1.900414305875826130e+03 2.383857367683897309e-16 1.015141809574700591e-16
1.901962668343513087e+03 1.155340022135776166e-16 9.076838185601305648e-17
1.903511030811200044e+03 1.178076962592898538e-16 9.090770793773463985e-17
1.905059393278887001e+03 4.217916609812001944e-18 7.845814495259652051e-17
1.906607755746573957e+03 2.704211027027856817e-16 1.025277505519272570e-16
1.908156118214260914e+03 2.251250605876102845e-16 9.844600066936469427e-17
1.909704480681947871e+03 1.760032293505182793e-16 9.603031725610223751e-17
1.911252843149634828e+03 5.892176210774075385e-18 7.572778048563166547e-17
1.912801205617321784e+03 1.389766470088548842e-16 9.310235317660762016e-17
1.914349568085008741e+03 1.602072983452117912e-16 9.288302210407316768e-17
1.915897930552695698e+03 1.180472100323087349e-16 8.880534948992005525e-17
1.917446293020382655e+03 1.395055433156250692e-16 9.138974278294356501e-17
1.918994655488069611e+03 1.968841361896951594e-16 9.374867622329771073e-17
1.920543017955756568e+03 2.090792207913491745e-16 9.621833425294671865e-17
1.922091380423443525e+03 1.002362613491733477e-16 8.518512915631835151e-17
1.923639742891130481e+03 3.418948028320490017e-16 1.090572393383332104e-16
1.925188105358817438e+03 3.178361117819834026e-16 1.045305642442858629e-16
1.926736467826504395e+03 1.770651974574175721e-16 9.233464057005358594e-17
1.928284830294191352e+03 1.100087374061241272e-16 8.616212869188831750e-17
1.929833192761878308e+03 1.508029223442293034e-16 8.923348355204291049e-17
1.931381555229565265e+03 1.992322399649116652e-16 9.263716435494563263e-17
1.932929917697252222e+03 1.048225577343380501e-16 8.578327792653896464e-17
1.934478280164939179e+03 3.471291094266501204e-16 1.057468880771838232e-16
1.936026642632626135e+03 3.360204624097510591e-16 1.049115308017690938e-16
1.937575005100313092e+03 2.138739015787939959e-16 9.442023710950848575e-17
1.939123367568000049e+03 7.753405744538563976e-17 8.167234439013554216e-17
1.940671730035687006e+03 2.904213495069923520e-16 1.002054537521721881e-16
1.942220092503373962e+03 5.653230358225795613e-17 7.860083841164155333e-17
1.943768454971060919e+03 1.803349605247459187e-16 9.018666755434616918e-17
1.945316817438747876e+03 2.507572419946757310e-16 9.711208223233869025e-17
1.946865179906434832e+03 7.562319987434611801e-17 8.057904761478125237e-17
1.948413542374121789e+03 2.116083397602231682e-16 9.255003101732049820e-17
1.949961904841808746e+03 1.353022653899632428e-16 8.425657693412358411e-17
1.951510267309495703e+03 3.237416280306657091e-16 1.004351453175550059e-16
1.953058629777182659e+03 2.083979741997411038e-16 9.199460297899212770e-17
1.954606992244869616e+03 1.954557728439385691e-16 8.907971423070311587e-17
1.956155354712556573e+03 1.221032718280630026e-16 8.302130673847129089e-17
1.957703717180243530e+03 2.222782152301416995e-16 9.032912057697073734e-17
1.959252079647930486e+03 4.654897198508264870e-17 7.139342037383203761e-17
1.960800442115617443e+03 2.252067958865258300e-16 9.012008794806367042e-17
1.962348804583304400e+03 1.899026272255407559e-16 8.458862390507948937e-17
1.963897167050991357e+03 2.477567667707418226e-16 9.024186075447996653e-17
1.965445529518678313e+03 2.614443150338901807e-16 9.232584879233186271e-17
1.966993891986365270e+03 1.809112775708114157e-16 8.381200330268674962e-17
1.968542254454052227e+03 1.161266673799711492e-16 7.787517378058265972e-17
1.970090616921739183e+03 2.196318093016517879e-16 8.703398883203324161e-17
1.971638979389426140e+03 1.147289664711356892e-16 7.659563026698569643e-17
1.973187341857113097e+03 1.454609521261209538e-16 7.866244255556220672e-17
1.974735704324800054e+03 2.110493837569330622e-16 8.497281635135111263e-17
1.976284066792487010e+03 1.694626887092082300e-16 7.936548569126925399e-17
1.977832429260173967e+03 2.321810045074733375e-16 8.519901794658186304e-17
1.979380791727860924e+03 2.795126980220854404e-16 8.879374930926878095e-17
1.980929154195547881e+03 2.754833094130452699e-16 8.847658504818688659e-17
1.982477516663234837e+03 6.238000438034298119e-17 6.991371391620782368e-17
1.984025879130921794e+03 1.871327280632325832e-16 7.784837520751431776e-17
1.985574241598608751e+03 2.264497737263012901e-16 8.431887442751829201e-17
1.987122604066295708e+03 1.693635697039105778e-16 7.684790947248031919e-17
1.988670966533982664e+03 2.117667822373778017e-16 7.976934175718591168e-17
1.990219329001669621e+03 3.348739565322955354e-16 9.113618665448603467e-17
1.991767691469356578e+03 3.030712186594279111e-16 8.564120527943297445e-17
1.993316053937043534e+03 2.376307488333212550e-16 8.209961583859453075e-17
1.994864416404730491e+03 2.641029715288183013e-16 8.242845441505328839e-17
1.996412778872417448e+03 2.941264306868779641e-16 8.502574735249405441e-17
1.997961141340104405e+03 2.417172735949979129e-16 8.018195982230605671e-17
1.999509503807791361e+03 2.866582668616153716e-16 8.390169665568582915e-17
2.001057866275478318e+03 1.616316925708276954e-16 7.399793644409201134e-17
2.002606228743165275e+03 2.261554224466446991e-16 7.790605295733317458e-17
2.004154591210852232e+03 7.899009697093955982e-17 6.320473554064830574e-17
2.005702953678539188e+03 3.250630989196601027e-16 8.389370614944180915e-17
2.007251316146226145e+03 2.624303712205415561e-16 7.909229362002075733e-17
2.008799678613913102e+03 3.841119288226641390e-16 8.830874663522128119e-17
2.010348041081600059e+03 2.445044066787291136e-16 7.757917158764179497e-17
2.011896403549287015e+03 2.944982807211022569e-16 7.955308591286272017e-17
2.013444766016973972e+03 2.839137973331804414e-16 8.081816112665201827e-17
2.014993128484660929e+03 2.065227892618044918e-16 7.328388535942404266e-17
2.016541490952347885e+03 2.120214694600647928e-16 7.276859137915287871e-17
2.018089853420034842e+03 3.222053814374952342e-16 8.121739732079624712e-17
2.019638215887721799e+03 2.877128587713334841e-16 7.764437419608552502e-17
2.021186578355408756e+03 2.292243226607541404e-16 7.352642944649059164e-17
2.022734940823095712e+03 2.640904680381022208e-16 7.527638801399638386e-17
2.024283303290782669e+03 2.958245302345193893e-16 7.834031016994561171e-17
2.025831665758469626e+03 2.659988946925261140e-16 7.647779183006670763e-17
2.027380028226156583e+03 1.924959558837751561e-16 6.830152759964791519e-17
2.028928390693843539e+03 2.498891288928393527e-16 7.407817111667491093e-17
2.030476753161530496e+03 2.558360738488606884e-16 7.365018602699250014e-17
2.032025115629217453e+03 2.738898048074943571e-16 7.461191387388439936e-17
2.033573478096904410e+03 2.023816433684176972e-16 6.743801696662776389e-17
2.035121840564591366e+03 2.676622105699326683e-16 7.314550412759122939e-17
2.036670203032278323e+03 1.803159500790222962e-16 6.568258451539514559e-17
2.038218565499965280e+03 2.386807778142558300e-16 7.069564963114237359e-17
2.039766927967652236e+03 2.352818382674729274e-16 7.060384134477551379e-17
2.041315290435339193e+03 1.837590951533891144e-16 6.474875905152563192e-17
2.042863652903026150e+03 2.030189966921256996e-16 6.693223358497015277e-17
2.044412015370713107e+03 1.585889331112437195e-16 6.142482128050579586e-17
2.045960377838400063e+03 2.647599029404077853e-16 7.033730157110367972e-17
2.047508740306087020e+03 3.103650295579014537e-16 7.296177903766821815e-17
2.049057102773774204e+03 3.353155152077426861e-16 7.530264705147067688e-17
2.050605465241460934e+03 1.862875462390946033e-16 6.393512512136816054e-17
2.052153827709147663e+03 1.197292513304035007e-16 5.791839542938863183e-17
2.053702190176834847e+03 1.345633201048337523e-16 5.874315473635960933e-17
2.055250552644522031e+03 1.839817579848522414e-16 6.257302903908680163e-17
2.056798915112208761e+03 1.366600488215387161e-16 5.850449868098628688e-17
2.058347277579895490e+03 1.979558247060121283e-16 6.329868072963305995e-17
2.059895640047582674e+03 1.326745791723785207e-16 5.731580426509396708e-17
2.061444002515269858e+03 1.713665818867787150e-16 6.007444741298118085e-17
2.062992364982956587e+03 2.298070417691561866e-16 6.355591621948459174e-17
2.064540727450643317e+03 1.852533674896168036e-16 6.093206892326146081e-17
2.066089089918330501e+03 1.674059157018187459e-16 5.967668077334042104e-17
2.067637452386017685e+03 1.160359969413287207e-16 5.401416226892985665e-17
2.069185814853704414e+03 1.111662159260792720e-16 5.429932882327390587e-17
2.070734177321391144e+03 9.478018985284959603e-17 5.277434353145229182e-17
2.072282539789078328e+03 7.604863866022379241e-17 4.894843651498451358e-17
2.073830902256765512e+03 1.424020549585125540e-16 5.590306704954475298e-17
2.075379264724452241e+03 1.509264725486111011e-16 5.391373693226109838e-17
2.076927627192138971e+03 3.215704854350147612e-16 6.859511921710123051e-17
2.078475989659826155e+03 1.889242081570809544e-16 5.867440015910593179e-17
2.080024352127513339e+03 1.351585217668803081e-16 5.477897212397338863e-17
2.081572714595200068e+03 9.337895011805273125e-17 5.044539276743087524e-17
2.083121077062886798e+03 2.009242935475748256e-16 5.798633008776332884e-17
2.084669439530573982e+03 1.641999277172055031e-16 5.565668042911550293e-17
2.086217801998261166e+03 1.318437268415425681e-16 5.227258392697584124e-17
2.087766164465947895e+03 1.650540240397991027e-16 5.595318841686193916e-17
2.089314526933634625e+03 1.054114844950809000e-16 4.886258140311545906e-17
2.090862889401321809e+03 2.352476185920283963e-16 5.902041845796681788e-17
2.092411251869008993e+03 1.960804213062383586e-16 5.760166324406181305e-17
2.093959614336695722e+03 9.159539270335101425e-17 4.818775198829833987e-17
2.095507976804382452e+03 4.320410127083366176e-17 4.177972183057598100e-17
2.097056339272069636e+03 2.034381637756634386e-16 5.574310490829402254e-17
2.098604701739756820e+03 2.042510897497903965e-16 5.645589097389117379e-17
2.100153064207443549e+03 1.805242393824941034e-16 5.558837603870193368e-17
2.101701426675130278e+03 1.434119466305511026e-16 5.197756358108224076e-17
2.103249789142817463e+03 6.793086795829782023e-17 4.377372625116191956e-17
2.104798151610504647e+03 1.353604451106787266e-16 5.005564066533647572e-17
2.106346514078191376e+03 1.436787630822758609e-16 4.986861507297426230e-17
2.107894876545878105e+03 1.285064062473392687e-16 5.064842120516950477e-17
2.109443239013565289e+03 1.045555991516968063e-16 4.571833189429787201e-17
2.110991601481252474e+03 2.087992182683235807e-16 5.386291670511540232e-17
2.112539963948939203e+03 2.041220807573720400e-16 5.578016024384936682e-17
2.114088326416625932e+03 3.007865344460460683e-17 3.746425449682550366e-17
2.115636688884313116e+03 1.709593486955800016e-16 5.228257618127497474e-17
2.117185051352000301e+03 1.605648345200880197e-16 4.862835513956129743e-17
2.118733413819687030e+03 1.991411727246001663e-16 5.265336447233058375e-17
2.120281776287373759e+03 1.901995094027258762e-16 5.327381074894859144e-17
2.121830138755060943e+03 1.286196790673823500e-16 4.639186632057882160e-17
2.123378501222748127e+03 2.248375146159261323e-16 5.551989394103691187e-17
2.124926863690434857e+03 1.624340178548618307e-16 4.876594384008073406e-17
2.126475226158121586e+03 1.632996849402448894e-16 4.984473844123924101e-17
2.128023588625808770e+03 9.646069569920949286e-17 4.427241567501284360e-17
2.129571951093495954e+03 1.188179550350860919e-16 4.523406174943199868e-17
2.131120313561182684e+03 1.778442154926896624e-16 5.094815823514798224e-17
2.132668676028869413e+03 7.138903003748233348e-17 4.044735032309245974e-17
2.134217038496556597e+03 1.299202085773430104e-16 4.661841275030577708e-17
2.135765400964243781e+03 8.883830231675916351e-17 4.246077892203003357e-17
2.137313763431930511e+03 1.012857337250247688e-16 4.251007903297012361e-17
2.138862125899617240e+03 1.410324467279388976e-16 4.756208403039464647e-17
2.140410488367304424e+03 6.026635064120565092e-17 4.008460949835556482e-17
2.141958850834991608e+03 4.918122004901821519e-17 3.764355451801393806e-17
2.143507213302678338e+03 1.222130760423700902e-16 4.535903065978357765e-17
2.145055575770365067e+03 1.178158119099595042e-16 4.328276519175154398e-17
2.146603938238052251e+03 1.591779073284599155e-16 4.681649317349647384e-17
2.148152300705739435e+03 1.156780498489408224e-16 4.333694899416171292e-17
2.149700663173426165e+03 1.273311677219877288e-16 4.376287494283231781e-17
2.151249025641112894e+03 1.338414137879047797e-16 4.423128439021952066e-17
2.152797388108800078e+03 1.774866097255052672e-16 4.762102607276360460e-17
2.154345750576487262e+03 1.256319423324765146e-16 4.356623964162432166e-17
2.155894113044173992e+03 1.568444876738781384e-16 4.579049673962881596e-17
2.157442475511860721e+03 1.548084250474593587e-16 4.609523886363639356e-17
2.158990837979547905e+03 7.845889704551731201e-17 3.886056489585677850e-17
2.160539200447235089e+03 9.701022402882000934e-17 4.081468194063567936e-17
2.162087562914921818e+03 6.404598250792295802e-17 3.754404925877184142e-17
2.163635925382608548e+03 8.982428104115575989e-17 3.884869148775684706e-17
2.165184287850295732e+03 1.014193949870700543e-16 4.150668012195995607e-17
2.166732650317982916e+03 8.287015747696485465e-17 3.944746702215832143e-17
2.168281012785669645e+03 9.900345724640901411e-17 3.948799202649544250e-17
2.169829375253356375e+03 1.276244575741240598e-16 4.203763153020786417e-17
2.171377737721043559e+03 9.110928735450787662e-17 3.948394466856687097e-17
2.172926100188730743e+03 9.127553619999022818e-17 3.977798858087493439e-17
2.174474462656417472e+03 4.293648449549475544e-17 3.400878028972651099e-17
2.176022825124104202e+03 1.411524202814242486e-16 4.373544168438038206e-17
2.177571187591791386e+03 1.240296281674842360e-16 4.198032684085860819e-17
2.179119550059478570e+03 5.530521485162910366e-17 3.504586175333480536e-17
2.180667912527165299e+03 1.358656995183202613e-16 4.226790798801105124e-17
2.182216274994852029e+03 1.401722305530041515e-16 4.104045298491265267e-17
2.183764637462539213e+03 1.454813998283923265e-16 4.408592655808479363e-17
2.185312999930226397e+03 3.023683610130569939e-17 3.348622883583248307e-17
2.186861362397913126e+03 6.344557508872720034e-17 3.568970454912300393e-17
2.188409724865599856e+03 6.557949025313993338e-17 3.513597865721599153e-17
2.189958087333287040e+03 1.165035891149520661e-16 3.974330656361628344e-17
2.191506449800974224e+03 9.050370964405394319e-17 3.737697433578803469e-17
2.193054812268660953e+03 4.714186425193485510e-17 3.553136813876969795e-17
2.194603174736347682e+03 1.027917054257981788e-17 2.928922997518784135e-17
2.196151537204034867e+03 7.456522527719849284e-17 3.624549049033894323e-17
2.197699899671722051e+03 6.934009881861034213e-17 3.389165718426834319e-17
2.199248262139408780e+03 1.927566404924651200e-16 4.456487331171820656e-17
2.200796624607095509e+03 1.718870721286820409e-16 4.462761639127334768e-17
2.202344987074782694e+03 7.110223523576342332e-17 3.531698372803581435e-17
2.203893349542469878e+03 7.158363282483400864e-17 3.583630217710026846e-17
2.205441712010156607e+03 4.589725823042462073e-17 3.372311348117536680e-17
2.206990074477843336e+03 2.856790537538534375e-17 3.113357087262176606e-17
2.208538436945530520e+03 7.329199163532921906e-17 3.548867566842584634e-17
2.210086799413217705e+03 9.936862526377451622e-17 3.766839241358538191e-17
2.211635161880904434e+03 4.884255540469920719e-17 3.348057229038178405e-17
2.213183524348591163e+03 4.165104305677269568e-17 3.144968109267037629e-17
2.214731886816278347e+03 1.267943458551615503e-16 3.924170554816808351e-17
2.216280249283965532e+03 8.848318473064027961e-17 3.632174622308326860e-17
2.217828611751652261e+03 7.864477865140214592e-17 3.408913667949950867e-17
2.219376974219338990e+03 1.605137134469039034e-16 4.139936843973120806e-17
2.220925336687026174e+03 1.284019524855249145e-16 3.956713095127568709e-17
2.222473699154713358e+03 6.109801580048448399e-17 3.376088599654800735e-17
2.224022061622400088e+03 2.634904730746855952e-17 3.144598511299818027e-17
2.225570424090086817e+03 1.504799463721966659e-17 2.887676247135398698e-17
2.227118786557774001e+03 4.257202574951628862e-17 3.060375140753281411e-17
2.228667149025461185e+03 1.181295589206787483e-16 3.747435808439866015e-17
2.230215511493147915e+03 1.373362413505871270e-16 3.902605012155181020e-17
2.231763873960834644e+03 8.512682571654789420e-17 3.368249882132310183e-17
2.233312236428521828e+03 1.667671047118000958e-16 4.113854624275002746e-17
2.234860598896209012e+03 9.769821870233042006e-17 3.592404164771719183e-17
2.236408961363895742e+03 9.730772561854607040e-17 3.483735700771830773e-17
2.237957323831582471e+03 1.079767876938533283e-16 3.621299137007422385e-17
2.239505686299269655e+03 7.832630221039243083e-17 3.365267708274137405e-17
2.241054048766956839e+03 9.136196347471029626e-17 3.566642826137995378e-17
2.242602411234643569e+03 6.205886209375363067e-17 3.184246113033913517e-17
2.244150773702330298e+03 8.898609763858621360e-17 3.598589532991788832e-17
2.245699136170017482e+03 9.503663793045922574e-18 2.796794801858414404e-17
2.247247498637704666e+03 6.346178048949515560e-17 3.148284767859947796e-17
2.248795861105391396e+03 1.111261231038997715e-16 3.698319381318505001e-17
2.250344223573078125e+03 7.611436882601892186e-17 3.276385911779516496e-17
2.251892586040765309e+03 1.125109576768001748e-16 3.645200939564619829e-17
2.253440948508452493e+03 8.340039469984275169e-17 3.201424208645090739e-17
2.254989310976139222e+03 1.901037814987455506e-16 4.128000064972978691e-17
2.256537673443825952e+03 1.396644859831030297e-16 3.841689354100102416e-17
2.258086035911513136e+03 8.581733741995102333e-17 3.353914293143700139e-17
2.259634398379200320e+03 7.857355451563130718e-17 3.366708536280876731e-17
2.261182760846887049e+03 5.836457081887504495e-17 3.061369341932644463e-17
2.262731123314573779e+03 1.124175419522833809e-16 3.618330366676980654e-17
2.264279485782260963e+03 9.462644247758913560e-17 3.344547153954988098e-17
2.265827848249948147e+03 1.477312068807155350e-16 3.737602136096443335e-17
2.267376210717634876e+03 1.430671417351051549e-16 3.805843489912052357e-17
2.268924573185321606e+03 9.528810448812069386e-17 3.449650313118846662e-17
2.270472935653008790e+03 4.574604492857798295e-17 2.888335176062744629e-17
2.272021298120695974e+03 1.408297918229088281e-16 3.729921326668132006e-17
2.273569660588382703e+03 1.310189410144098711e-16 3.499201867901814439e-17
2.275118023056069433e+03 1.834459776553941475e-16 3.884295171132379124e-17
2.276666385523756617e+03 2.120606730036817377e-16 4.208989728624129142e-17
2.278214747991443801e+03 1.246931637272603528e-16 3.534498169435252411e-17
2.279763110459130530e+03 1.707818130251613992e-16 3.871753517942184970e-17
2.281311472926817260e+03 2.224353703765364908e-16 4.069203339790615190e-17
2.282859835394504444e+03 2.530420862649841022e-16 4.358650559473717298e-17
2.284408197862191628e+03 1.651964333185771019e-16 3.816692120693869542e-17
2.285956560329878357e+03 1.645072716293597661e-16 3.731464950907590008e-17
2.287504922797565087e+03 1.921926621510003792e-16 3.909840584367128809e-17
2.289053285265252271e+03 2.767320312852154818e-16 4.411353871794302958e-17
2.290601647732939455e+03 2.260805647161681563e-16 4.238159385824544793e-17
2.292150010200626184e+03 1.632537823236533982e-16 3.725253658230798987e-17
2.293698372668312913e+03 1.925680282029844485e-16 3.988723529884749061e-17
2.295246735136000098e+03 1.636101400065442269e-16 3.723395630932551342e-17
2.296795097603687282e+03 2.118928111571142557e-16 3.973302453603821138e-17
2.298343460071374011e+03 2.514475206618274549e-16 4.374480859961791725e-17
2.299891822539060740e+03 1.750989421005666591e-16 3.776208100654483877e-17
2.301440185006747924e+03 2.231077597115079459e-16 4.025865454305610645e-17
2.302988547474435109e+03 2.619115230915082416e-16 4.361255490465735014e-17
2.304536909942121838e+03 2.424166022534674314e-16 4.139270632821336369e-17
2.306085272409808567e+03 2.815365811887529967e-16 4.367339415693059632e-17
2.307633634877495751e+03 3.657223064512331252e-16 4.772015336219920721e-17
2.309181997345182936e+03 3.600068863311732695e-16 4.778366723543540633e-17
2.310730359812869665e+03 3.042342929384446822e-16 4.499769062696822714e-17
2.312278722280556394e+03 3.256402484385695049e-16 4.530158404047686082e-17
2.313827084748243578e+03 3.309535996102379043e-16 4.690910716692626850e-17
2.315375447215930762e+03 2.823303691897181951e-16 4.366126475411157266e-17
2.316923809683617492e+03 2.201600044810913011e-16 4.045194394271779881e-17
2.318472172151304221e+03 2.329389344247197721e-16 4.024226669659062008e-17
2.320020534618991405e+03 2.997315098654447995e-16 4.392669057535455887e-17
2.321568897086678589e+03 3.122456431413823148e-16 4.497565457542850246e-17
2.323117259554365319e+03 3.372692961343098843e-16 4.584354159476489150e-17
2.324665622022052048e+03 4.001223354954730873e-16 4.876300042965331242e-17
2.326213984489739232e+03 3.652085777882063203e-16 4.682215016679405360e-17
2.327762346957426416e+03 3.731683504868024740e-16 4.847652972717814136e-17
2.329310709425113146e+03 3.195751676740951337e-16 4.499589093057153751e-17
2.330859071892799875e+03 3.085981547152310860e-16 4.518648956392944838e-17
2.332407434360487059e+03 2.699948668559023051e-16 4.204044634372473158e-17
2.333955796828174243e+03 3.240023563977130793e-16 4.562783843253809803e-17
2.335504159295860973e+03 3.623930299986288163e-16 4.569160772406331506e-17
2.337052521763547702e+03 4.006706604090354136e-16 4.823119986078170682e-17
2.338600884231234886e+03 4.772074424026103731e-16 5.249094929603743817e-17
2.340149246698922070e+03 4.083820127113935951e-16 4.826634818433081806e-17
2.341697609166608800e+03 4.751801873455994382e-16 5.269682528068290080e-17
2.343245971634295529e+03 3.802840191591228931e-16 4.788056259002654895e-17
2.344794334101982713e+03 2.985365066008536810e-16 4.401559952565409990e-17
2.346342696569669897e+03 3.477470926760437885e-16 4.624252521772522350e-17
2.347891059037356627e+03 3.084777407466949567e-16 4.331948532237736520e-17
2.349439421505043356e+03 3.777171358592619344e-16 4.704181408543973241e-17
2.350987783972730540e+03 4.361814691287771858e-16 4.978571901678525600e-17
2.352536146440417724e+03 4.193055307555803623e-16 4.965566107573859918e-17
2.354084508908104453e+03 3.342274251036850472e-16 4.593718079930868670e-17
2.355632871375791183e+03 2.974014941157014579e-16 4.370660387927781087e-17
2.357181233843478367e+03 2.784995502365580088e-16 4.143213696038610673e-17
2.358729596311165551e+03 3.686084081933266735e-16 4.749284643120077815e-17
2.360277958778852280e+03 3.275071055903399165e-16 4.425097558726485813e-17
2.361826321246539010e+03 3.527227374835074237e-16 4.514584835253070675e-17
2.363374683714226194e+03 4.423782284658151025e-16 5.042967648289272133e-17
2.364923046181913378e+03 3.774315340017835667e-16 4.625022310197988276e-17
2.366471408649600107e+03 4.751559045305159026e-16 5.134701884875724948e-17
2.368019771117286837e+03 4.909788940704901697e-16 5.228685752054121093e-17
2.369568133584974021e+03 3.717607683350686398e-16 4.633781638967423606e-17
2.371116496052661205e+03 4.254169867120604039e-16 4.880741291104043865e-17
2.372664858520347934e+03 4.454005300731239575e-16 4.935401729195733207e-17
2.374213220988034664e+03 4.480719284222979597e-16 5.115451437341892912e-17
2.375761583455721848e+03 3.076238126208748009e-16 4.424351973415905783e-17
2.377309945923409032e+03 2.770797243794965646e-16 4.172280409797645272e-17
2.378858308391095761e+03 3.505360589415807302e-16 4.509336411270026176e-17
2.380406670858782491e+03 3.777116716078042059e-16 4.626522824798964021e-17
2.381955033326469675e+03 3.600880110889775276e-16 4.624934181028117445e-17
2.383503395794156859e+03 3.260368363051824438e-16 4.467956104520358461e-17
2.385051758261843588e+03 2.635450190216012327e-16 4.095083607197231354e-17
2.386600120729530317e+03 2.907033715065464458e-16 4.303977898681380846e-17
2.388148483197217502e+03 3.231079353420034624e-16 4.288247682068558697e-17
2.389696845664904686e+03 3.868995504419928170e-16 4.717256429132283509e-17
2.391245208132591415e+03 3.868187519701477878e-16 4.703298310689285269e-17
2.392793570600278144e+03 3.194630289573620634e-16 4.371304807758503359e-17
2.394341933067965329e+03 3.347840600835363245e-16 4.507799770194911329e-17
2.395890295535652513e+03 2.792580732881644671e-16 4.144704995820565168e-17
2.397438658003339242e+03 3.635146395218967643e-16 4.564136136180654618e-17
2.398987020471025971e+03 3.790071132351984911e-16 4.604334756294690299e-17
2.400535382938713155e+03 4.069214617093563643e-16 4.722960974546575970e-17
2.402083745406400340e+03 4.512038762715281201e-16 4.943398951930805660e-17
2.403632107874087069e+03 3.595031500331695786e-16 4.552514058222676316e-17
2.405180470341773798e+03 3.485037848828410918e-16 4.543808402385180444e-17
2.406728832809460982e+03 3.285175878322863591e-16 4.340360190044090475e-17
2.408277195277148166e+03 3.969095476397573661e-16 4.704378494174378580e-17
2.409825557744834896e+03 3.997196267102792195e-16 4.717591275793404077e-17
2.411373920212521625e+03 3.627138246088647995e-16 4.459618986358114533e-17
2.412922282680208809e+03 4.390845126574196131e-16 4.966536733663949485e-17
2.414470645147895993e+03 3.246189808572605924e-16 4.361808831047024570e-17
2.416019007615582723e+03 3.201539917485704035e-16 4.315674348379741681e-17
2.417567370083269452e+03 3.668523470826709433e-16 4.580209818815708947e-17
2.419115732550956636e+03 3.099671368837883135e-16 4.365914994997038214e-17
2.420664095018643820e+03 3.059019270834697560e-16 4.204471720181178817e-17
2.422212457486330550e+03 3.586336390816436400e-16 4.627008831701086502e-17
2.423760819954017279e+03 2.764524723268687801e-16 4.116552099191533976e-17
2.425309182421704463e+03 2.692256424726847881e-16 4.016347384370816969e-17
2.426857544889391647e+03 3.109214915779513291e-16 4.362859524356643745e-17
2.428405907357078377e+03 2.810552062957483126e-16 4.091984335554014220e-17
2.429954269824765106e+03 3.309671879300252327e-16 4.367666880372920904e-17
2.431502632292452290e+03 3.551120449715753126e-16 4.476345350746782674e-17
2.433050994760139474e+03 3.863323479637818078e-16 4.648903273485033179e-17
2.434599357227826204e+03 3.733451745839386099e-16 4.639942511156152727e-17
2.436147719695512933e+03 2.946561025312607840e-16 4.253443088850402921e-17
2.437696082163200117e+03 3.048603599669526662e-16 4.273790635556068873e-17
2.439244444630887301e+03 2.962054944377179996e-16 4.283100456374024896e-17
2.440792807098574031e+03 2.777950561457961587e-16 4.111950215526548582e-17
2.442341169566260760e+03 2.656086623914591836e-16 4.032010817880553396e-17
2.443889532033947944e+03 2.791252856759251351e-16 4.186563911046262515e-17
2.445437894501635128e+03 2.845801990372052196e-16 4.075555954279456661e-17
2.446986256969321857e+03 3.490734949894863401e-16 4.537535941651008355e-17
2.448534619437008587e+03 3.146684794960312516e-16 4.234695145870867778e-17
2.450082981904695771e+03 3.765969819376249526e-16 4.622111270525310167e-17
2.451631344372382955e+03 3.747562726752289138e-16 4.657972039605328563e-17
2.453179706840069684e+03 3.054203638233136013e-16 4.272911110497886769e-17
2.454728069307756414e+03 2.834115902901822019e-16 4.181580454265727817e-17
2.456276431775443598e+03 2.739124408581317696e-16 3.948173725418790146e-17
2.457824794243130782e+03 3.897416620455409746e-16 4.593024575411972402e-17
2.459373156710817511e+03 4.181663775019695494e-16 4.731622195873423869e-17
2.460921519178504241e+03 4.174441619313947047e-16 4.840110119669090034e-17
2.462469881646191425e+03 3.294805734438351711e-16 4.352701816674934423e-17
2.464018244113878609e+03 3.295875128713070673e-16 4.401591380270914726e-17
2.465566606581565338e+03 3.222924822825533547e-16 4.281659010234277338e-17
2.467114969049252068e+03 3.566091396433751615e-16 4.452190270579398686e-17
2.468663331516939252e+03 3.654620605447105260e-16 4.444659384314849542e-17
2.470211693984626436e+03 4.870163105256822613e-16 5.111766037581955506e-17
2.471760056452313165e+03 4.402257272410491469e-16 4.774569869069425406e-17
2.473308418919999895e+03 4.697667300961745061e-16 5.152335750823601251e-17
2.474856781387687079e+03 3.549400851048965005e-16 4.391527402314488894e-17
2.476405143855374263e+03 4.435814886960975089e-16 4.925125448778462203e-17
2.477953506323060992e+03 4.085516093978131263e-16 4.657550002223755747e-17
2.479501868790747722e+03 5.231265031256030063e-16 5.109203632933210372e-17
2.481050231258434906e+03 5.051625699214336340e-16 5.067610064027996245e-17
2.482598593726122090e+03 5.531257852084220274e-16 5.426015966675296582e-17
2.484146956193808819e+03 4.623257983269805653e-16 4.809838897596181869e-17
2.485695318661495548e+03 4.741739020465535410e-16 4.986164666407619288e-17
2.487243681129182733e+03 5.282807460871205768e-16 5.209185072728934926e-17
2.488792043596869917e+03 5.312304116629765537e-16 5.137826782003026277e-17
2.490340406064556646e+03 5.827730259653245035e-16 5.516195106899126693e-17
2.491888768532243375e+03 4.308275600949445741e-16 4.790073976257850721e-17
2.493437130999930559e+03 5.099828968280772980e-16 5.070056016117208598e-17
2.494985493467617744e+03 5.771907523249053998e-16 5.348972894578292679e-17
2.496533855935304473e+03 6.342934224724253409e-16 5.533779881664977182e-17
2.498082218402991202e+03 6.989601158372127549e-16 5.860723142000874277e-17
2.499630580870678386e+03 5.835552550174318802e-16 5.318766768334853897e-17
2.501178943338365571e+03 7.018301254722298719e-16 5.860701618022299690e-17
2.502727305806052300e+03 6.420494361536942368e-16 5.561788366055354287e-17
2.504275668273739029e+03 6.303825121926969084e-16 5.614761206878123720e-17
2.505824030741426213e+03 6.501718744028310421e-16 5.590032063312955441e-17
2.507372393209113397e+03 7.494279958312335805e-16 5.934603238747158517e-17
2.508920755676800127e+03 7.791606884784418296e-16 6.175575646461428481e-17
2.510469118144486856e+03 6.732547504453471613e-16 5.722045212444939320e-17
2.512017480612174040e+03 7.131355521871635999e-16 5.829807007094580674e-17
2.513565843079861224e+03 8.562445261404184041e-16 6.270693384388654908e-17
2.515114205547547954e+03 8.704702816006653084e-16 6.357627641087188140e-17
2.516662568015234683e+03 8.125895533164902045e-16 6.281117756967574654e-17
2.518210930482921867e+03 7.375358334553959610e-16 5.848207979096954629e-17
2.519759292950609051e+03 8.386083473661665279e-16 6.323138794759985326e-17
2.521307655418295781e+03 8.133488722154039320e-16 6.282060492593145121e-17
2.522856017885982510e+03 8.031217208412353612e-16 6.077986336990488648e-17
2.524404380353669694e+03 7.913597563911947120e-16 6.131435367110755855e-17
2.525952742821356878e+03 8.863950467402382715e-16 6.413712533585006617e-17
2.527501105289043608e+03 9.204624840719170946e-16 6.572076141579472092e-17
2.529049467756730337e+03 9.214617108535740016e-16 6.514269202641920604e-17
2.530597830224417521e+03 9.928387564494660475e-16 6.694309456712234682e-17
2.532146192692104705e+03 9.873810655246054081e-16 6.843354915244456371e-17
2.533694555159791435e+03 8.944531232318422356e-16 6.388969893804078022e-17
2.535242917627478164e+03 9.720168325494723704e-16 6.663456696818678401e-17
2.536791280095165348e+03 1.014863068713717652e-15 6.906248900184539965e-17
2.538339642562852532e+03 9.726711559129168512e-16 6.642567333998957320e-17
2.539888005030539261e+03 1.023130532543454230e-15 6.902897102576275987e-17
2.541436367498225991e+03 9.862101315586602506e-16 6.665702362695647209e-17
2.542984729965913175e+03 1.107633334954553531e-15 7.163873523553304531e-17
2.544533092433600359e+03 9.292117627154754280e-16 6.651879566956692025e-17
2.546081454901287088e+03 9.880611319220796324e-16 6.522453617194486302e-17
2.547629817368973818e+03 1.136069465421296133e-15 7.328169079737460864e-17
2.549178179836661002e+03 9.096325585845645129e-16 6.458249663279587634e-17
2.550726542304348186e+03 9.664111428854071171e-16 6.681868265776338985e-17
2.552274904772034915e+03 1.006224180516396283e-15 6.821010062852611915e-17
2.553823267239721645e+03 1.113480641055532952e-15 7.052778992251151241e-17
2.555371629707408829e+03 1.028636164201122718e-15 7.020553395638160655e-17
2.556919992175096013e+03 9.997313727246063759e-16 6.828256326951050891e-17
2.558468354642782742e+03 9.548303022182326120e-16 6.623413779402210465e-17
2.560016717110469472e+03 9.380410226312175128e-16 6.699466349473787714e-17
2.561565079578156656e+03 9.415155656645095785e-16 6.624019535318695012e-17
2.563113442045843840e+03 8.797696900467332561e-16 6.476210898832286042e-17
2.564661804513530569e+03 8.293009379703632596e-16 6.321944867466992970e-17
2.566210166981217299e+03 9.440284720181294016e-16 6.597999388495152261e-17
2.567758529448904483e+03 8.893602495263096097e-16 6.554676504265826072e-17
2.569306891916591667e+03 8.365534735627405149e-16 6.270091018031989359e-17
2.570855254384278396e+03 8.925392190361149659e-16 6.512973275931632557e-17
2.572403616851965126e+03 7.443941989960773556e-16 6.002294896553198356e-17
2.573951979319652310e+03 8.567531448638042435e-16 6.463974427593387166e-17
2.575500341787339494e+03 7.270447215263930127e-16 6.050277068691267934e-17
2.577048704255026223e+03 7.312295729526353020e-16 5.960528225691724043e-17
2.578597066722712952e+03 8.540691170745652955e-16 6.440011321949520787e-17
2.580145429190400137e+03 7.781453481178494515e-16 6.091913803832476519e-17
2.581693791658087321e+03 8.033971122261357214e-16 6.314293465862854446e-17
2.583242154125774050e+03 6.993490747856186509e-16 5.862725683499181380e-17
2.584790516593460779e+03 6.644031664824643226e-16 5.863448203078947514e-17
2.586338879061147964e+03 6.095242373424481266e-16 5.560455765033272878e-17
2.587887241528835148e+03 6.197387335077252555e-16 5.807944163978755122e-17
2.589435603996521877e+03 4.683272139157316577e-16 4.996086847720733212e-17
2.590983966464208606e+03 4.745011164272590327e-16 4.940442007665340293e-17
2.592532328931895790e+03 6.852425769707317196e-16 5.901947175008081094e-17
2.594080691399582975e+03 6.597961173912671615e-16 5.883960163274368382e-17
2.595629053867269704e+03 6.161827187944854338e-16 5.668316385508570279e-17
2.597177416334956433e+03 6.455675127342415078e-16 5.878481485197905086e-17
2.598725778802643617e+03 4.769102819541961537e-16 5.202596153440376162e-17
2.600274141270330801e+03 3.217344548750997419e-16 4.395627334996972212e-17
2.601822503738017531e+03 4.184256638380430094e-16 4.724492160009356665e-17
2.603370866205704260e+03 6.037018151588951215e-16 5.680612924210633425e-17
2.604919228673391444e+03 5.644405846655010365e-16 5.528680760894246386e-17
2.606467591141078628e+03 5.475276222122509337e-16 5.441194877353864779e-17
2.608015953608765358e+03 5.544475782376088183e-16 5.434838211925172936e-17
2.609564316076452087e+03 5.308555998247991356e-16 5.329048154467828121e-17
2.611112678544139271e+03 5.788103293720976545e-16 5.671595487140727969e-17
2.612661041011826455e+03 3.742737446587495026e-16 4.681657326454674197e-17
2.614209403479513185e+03 3.439982642599476303e-16 4.605558240572483271e-17
2.615757765947199914e+03 3.866096454238982528e-16 4.721937089106329826e-17
2.617306128414887098e+03 5.015448572203611093e-16 5.305282525032976442e-17
2.618854490882574282e+03 4.400274834429393267e-16 5.113275158489041378e-17
2.620402853350261012e+03 4.023830616782280481e-16 4.851552701438536351e-17
2.621951215817947741e+03 5.175059985778226592e-16 5.307787456385559807e-17
2.623499578285634925e+03 5.700074527629191870e-16 5.443150831709123313e-17
2.625047940753322109e+03 7.009715004142678937e-16 6.091167403411872677e-17
2.626596303221008839e+03 6.332636843578148492e-16 5.846596681252531298e-17
2.628144665688695568e+03 5.836481690364624745e-16 5.605364239614828960e-17
2.629693028156382752e+03 5.984740316425262450e-16 5.643472120202033331e-17
2.631241390624069936e+03 7.585266874376275553e-16 6.325065789280081117e-17
2.632789753091756666e+03 6.949320203976720446e-16 5.997082696558082058e-17
2.634338115559443395e+03 7.821008167362545316e-16 6.378709875442586901e-17
2.635886478027130579e+03 7.557032720237086974e-16 6.326639110503016815e-17
2.637434840494817763e+03 7.251853339642968340e-16 6.152872285998921117e-17
2.638983202962504492e+03 7.392215324026761886e-16 6.215576030365121896e-17
2.640531565430191222e+03 8.157466457283090319e-16 6.536189661423769616e-17
2.642079927897878406e+03 7.845863872038639381e-16 6.303940604662389894e-17
2.643628290365565590e+03 1.001794849463332965e-15 7.112258612386806870e-17
2.645176652833252319e+03 9.551995651788112000e-16 6.978803073046148877e-17
2.646725015300939049e+03 8.671424777661311731e-16 6.713265588102850048e-17
2.648273377768626233e+03 9.294344629263956715e-16 6.898297629988758366e-17
2.649821740236313417e+03 9.155165884640082977e-16 6.954580065044601045e-17
2.651370102704000146e+03 9.616917587160810838e-16 6.980560620484755827e-17
2.652918465171686876e+03 1.019347682535727028e-15 7.150806404056577762e-17
2.654466827639374060e+03 1.060422126143392148e-15 7.373626626343193253e-17
2.656015190107061244e+03 1.011870298686622084e-15 7.205314865439530410e-17
2.657563552574747973e+03 9.630347588716761964e-16 7.026742072903815817e-17
2.659111915042434703e+03 9.785082210151921234e-16 7.044159058421210846e-17
2.660660277510121887e+03 1.166279757132483643e-15 7.847910557162087247e-17
2.662208639977809071e+03 9.680466679835473105e-16 7.067129919925094634e-17
2.663757002445495800e+03 1.131511372090596247e-15 7.650784189199359609e-17
2.665305364913182530e+03 1.228255136428418497e-15 7.904100196784901784e-17
2.666853727380869714e+03 1.183524467717729688e-15 7.782244831191719288e-17
2.668402089848556898e+03 1.233463220042305764e-15 7.908898213467178984e-17
2.669950452316243627e+03 1.215574254279209875e-15 7.918144487650054457e-17
2.671498814783930356e+03 1.134949884924578442e-15 7.772429158237999755e-17
2.673047177251617541e+03 1.310787058190102899e-15 8.126708111592838819e-17
2.674595539719304725e+03 1.300469480523905703e-15 8.274202122720837411e-17
2.676143902186991454e+03 1.445111685439051403e-15 8.576371444738488717e-17
2.677692264654678183e+03 1.440442844115651104e-15 8.554812013805630175e-17
2.679240627122365368e+03 1.270667152571579776e-15 8.148427439863410189e-17
2.680788989590052552e+03 1.261084548498904728e-15 8.032288549159712733e-17
2.682337352057739281e+03 1.374341562168269867e-15 8.410125955617199782e-17
2.683885714525426010e+03 1.488283653447958304e-15 8.912369418232096505e-17
2.685434076993113194e+03 1.504765765211896093e-15 8.844536233628881483e-17
2.686982439460800379e+03 1.287683909415550643e-15 8.228035087507586013e-17
2.688530801928487108e+03 1.603197978237479109e-15 9.160762928572385352e-17
2.690079164396173837e+03 1.441728728406203464e-15 8.658822559366282533e-17
2.691627526863861021e+03 1.702348271045311360e-15 9.398143190893833860e-17
2.693175889331548206e+03 1.641057646927776388e-15 9.426644255135191234e-17
2.694724251799234935e+03 1.622759259947736683e-15 9.155873869221340752e-17
2.696272614266921664e+03 1.554254793235592961e-15 8.958611735033685420e-17
2.697820976734608848e+03 1.555711242550691771e-15 9.180695408554920965e-17
2.699369339202296032e+03 1.676513739104200734e-15 9.343201984714683784e-17
2.700917701669982762e+03 1.627504562274473430e-15 9.307548014922632871e-17
2.702466064137669491e+03 1.634191880148003807e-15 9.473227772182964362e-17
2.704014426605356675e+03 1.655038126428347952e-15 9.280563212386802247e-17
2.705562789073043859e+03 1.916736732119228534e-15 1.008023935768835686e-16
2.707111151540730589e+03 2.042518711084973791e-15 1.032968605907335295e-16
2.708659514008417318e+03 1.828564955615729772e-15 9.903704885084010619e-17
2.710207876476104502e+03 1.887390680973154160e-15 1.001318111766627880e-16
2.711756238943791686e+03 2.144615044705856087e-15 1.064322707669921859e-16
2.713304601411478416e+03 2.272430162842156288e-15 1.098396929093264955e-16
2.714852963879165145e+03 2.055255344319308335e-15 1.050473770663977026e-16
2.716401326346852329e+03 2.137000376278462443e-15 1.060272956530594131e-16
2.717949688814539513e+03 2.320533588348576499e-15 1.109606884094605991e-16
2.719498051282226243e+03 2.358981793449807460e-15 1.137914036777649829e-16
2.721046413749912972e+03 2.533846420854046255e-15 1.155348777832493435e-16
2.722594776217600156e+03 2.511510422648898268e-15 1.155644089076817513e-16
2.724143138685287340e+03 2.599111680098713949e-15 1.201536757127976489e-16
2.725691501152974070e+03 2.519497167875059712e-15 1.178978645667935507e-16
2.727239863620660799e+03 2.674254643948866875e-15 1.213309597519282336e-16
2.728788226088347983e+03 2.596568564095736010e-15 1.179724518537792466e-16
2.730336588556035167e+03 2.779527585908149756e-15 1.238990310087323438e-16
2.731884951023721896e+03 2.558255370723175935e-15 1.179124032051417236e-16
2.733433313491408626e+03 2.603665310642798989e-15 1.191087136399401841e-16
2.734981675959095810e+03 2.649743475611512457e-15 1.218860481112987592e-16
2.736530038426782994e+03 2.629576126451788777e-15 1.197373200062680802e-16
2.738078400894469723e+03 3.004281481743907695e-15 1.298950542876335597e-16
2.739626763362156453e+03 2.736027340048686616e-15 1.229341181457587079e-16
2.741175125829843637e+03 2.848201995045891244e-15 1.260447125790212939e-16
2.742723488297530821e+03 2.986890939291742668e-15 1.292793613568286226e-16
2.744271850765217550e+03 2.960313574429833351e-15 1.280269392556395179e-16
2.745820213232904280e+03 3.106655846543367546e-15 1.327011500036567960e-16
2.747368575700591464e+03 2.776066971300206379e-15 1.250447183449744255e-16
2.748916938168278648e+03 2.795572116143194149e-15 1.272812487648303300e-16
2.750465300635965377e+03 2.883035316915701436e-15 1.283755205036566222e-16
2.752013663103652107e+03 2.984269384662537125e-15 1.303085127985888204e-16
2.753562025571339291e+03 3.085688990653125197e-15 1.328523427450054568e-16
2.755110388039026475e+03 3.143405574887156545e-15 1.355093842222816016e-16
2.756658750506713204e+03 3.210906825597994555e-15 1.348687028667555578e-16
2.758207112974399934e+03 3.009985572342655219e-15 1.327165658680489739e-16
2.759755475442087118e+03 2.974599038470110014e-15 1.326857845061814916e-16
2.761303837909774302e+03 3.275014834244304641e-15 1.380742173234145200e-16
2.762852200377461031e+03 2.858552954933395425e-15 1.309266502251020275e-16
2.764400562845147761e+03 3.240598743422611553e-15 1.362706759168882924e-16
2.765948925312834945e+03 3.280403034485163403e-15 1.415752047878524015e-16
2.767497287780522129e+03 3.272859919882094198e-15 1.405598120369021337e-16
2.769045650248208858e+03 3.118695951939330829e-15 1.350722395125624372e-16
2.770594012715895587e+03 3.032506864572255378e-15 1.384506793974351425e-16
2.772142375183582772e+03 2.984369051941788011e-15 1.324616369793042617e-16
2.773690737651269956e+03 3.170356832526942249e-15 1.394197985907731764e-16
2.775239100118956685e+03 3.414943429687036795e-15 1.457365670445510620e-16
2.776787462586643414e+03 3.101201219792580623e-15 1.371481475267823290e-16
2.778335825054330599e+03 3.443318172484422407e-15 1.449366646356570754e-16
2.779884187522017783e+03 3.201869980489112008e-15 1.414140357401518037e-16
2.781432549989704512e+03 3.122797405564665703e-15 1.375302139761730275e-16
2.782980912457391241e+03 3.298319947501036494e-15 1.444807642327912984e-16
2.784529274925078425e+03 3.390214566013894017e-15 1.451337805704009530e-16
2.786077637392765610e+03 3.257484128201636829e-15 1.435488601527037928e-16
2.787625999860452339e+03 3.012907170202486000e-15 1.380580546865829978e-16
2.789174362328139068e+03 3.303054999597197946e-15 1.465924154291085716e-16
2.790722724795826252e+03 3.260509217092621920e-15 1.436269722893674149e-16
2.792271087263513436e+03 3.133218913004941837e-15 1.432514900202993519e-16
2.793819449731200166e+03 3.283559857810137982e-15 1.456586648891953184e-16
2.795367812198886895e+03 3.068718616634877297e-15 1.409313965933573044e-16
2.796916174666574079e+03 2.154306552376952612e-15 1.220867521646189621e-16
2.798464537134261263e+03 2.877813247224357331e-15 1.394728243068688797e-16
2.800012899601947993e+03 3.297191435416321321e-15 1.469815756907185588e-16
2.801561262069634722e+03 3.304949130190329211e-15 1.497770905891642888e-16
2.803109624537321906e+03 2.872476086928331830e-15 1.414684991367729634e-16
2.804657987005009090e+03 2.585204032360835415e-15 1.327701796985665136e-16
2.806206349472695820e+03 2.943627255178344264e-15 1.411112745204188230e-16
2.807754711940382549e+03 3.384586889516741253e-15 1.505580181762386969e-16
2.809303074408069733e+03 2.479572335013535031e-15 1.290908059810039001e-16
2.810851436875756917e+03 1.501401602960247888e-15 1.029867273483159103e-16
2.812399799343443647e+03 2.191803258823798178e-15 1.215725032030404950e-16
2.813948161811130376e+03 3.080074947536821138e-15 1.434113347215899372e-16
2.815496524278817560e+03 3.255377581574279713e-15 1.456009854030293416e-16
2.817044886746504744e+03 2.261318745871917369e-15 1.227685487051797446e-16
2.818593249214191474e+03 1.946589882724853722e-15 1.154153839625864057e-16
2.820141611681878203e+03 3.178669334484203849e-15 1.431553833876044353e-16
2.821689974149565387e+03 3.541049362479560159e-15 1.522782290597914508e-16
2.823238336617252571e+03 3.833889747654310768e-15 1.586443161960529208e-16
2.824786699084939301e+03 4.377360263658679045e-15 1.689876764948345782e-16
2.826335061552626030e+03 4.141964015358212296e-15 1.638034824858907379e-16
2.827883424020313214e+03 4.595351062368248615e-15 1.709602487801906937e-16
2.829431786488000398e+03 4.495331081801542379e-15 1.701492509915267914e-16
2.830980148955687127e+03 4.607892470991600887e-15 1.705400513173650945e-16
2.832528511423373857e+03 4.880632359740248770e-15 1.768907989350087428e-16
2.834076873891061041e+03 4.551653211673408202e-15 1.687935582017546897e-16
2.835625236358748225e+03 4.763068113118563440e-15 1.741021403295886926e-16
2.837173598826434954e+03 4.902426388775269115e-15 1.762479457198858211e-16
2.838721961294121684e+03 4.819513440307895040e-15 1.699758820439804696e-16
2.840270323761808868e+03 4.943900041845027843e-15 1.795040273670475993e-16
2.841818686229496052e+03 5.061677525505664075e-15 1.768387571237900718e-16
2.843367048697182781e+03 5.193248129853158345e-15 1.795919550894628353e-16
2.844915411164869511e+03 5.190066214116034256e-15 1.800211222820685808e-16
2.846463773632556695e+03 5.411756684893904528e-15 1.840748946559641341e-16
2.848012136100243879e+03 5.630075365653037413e-15 1.898345296999604703e-16
2.849560498567930608e+03 5.736600210898341520e-15 1.907568896305065108e-16
2.851108861035617338e+03 5.327210279460483028e-15 1.787235754764454814e-16
2.852657223503304522e+03 5.531002878636203480e-15 1.874949852392716991e-16
2.854205585970991706e+03 5.336437056344901477e-15 1.805011068450213601e-16
2.855753948438678435e+03 5.723657252321929348e-15 1.884136851091980865e-16
2.857302310906365165e+03 6.104651898865965078e-15 1.969018011166155039e-16
2.858850673374052349e+03 6.159816835320160532e-15 1.946405359957325244e-16
2.860399035841739533e+03 6.318159820526030726e-15 2.001491787909513307e-16
2.861947398309426262e+03 6.403076727254972017e-15 1.960338566419019052e-16
2.863495760777112991e+03 6.342974367010106536e-15 1.968108987867018750e-16
2.865044123244800176e+03 5.822496782579460810e-15 1.879874827659827789e-16
2.866592485712487360e+03 5.048965176405586602e-15 1.760906921487659843e-16
2.868140848180174089e+03 4.824158504967050220e-15 1.708250352352802682e-16
2.869689210647860818e+03 6.042625982311895004e-15 1.930791712069603654e-16
2.871237573115548003e+03 6.278583760353255531e-15 1.985526213590278132e-16
2.872785935583235187e+03 7.183460316703950719e-15 2.102157247007428770e-16
2.874334298050921916e+03 7.625052265682271507e-15 2.163878293516013237e-16
2.875882660518608645e+03 7.395387151702077226e-15 2.099664811330474073e-16
2.877431022986295829e+03 7.635839266126490197e-15 2.134188026511250601e-16
2.878979385453983014e+03 7.744933699866204786e-15 2.163149238392807475e-16
2.880527747921669743e+03 7.551557378321340738e-15 2.101584805746835421e-16
2.882076110389356472e+03 8.180699934473174036e-15 2.254868982251626633e-16
2.883624472857043656e+03 8.036143877465454355e-15 2.169486170893671407e-16
2.885172835324730841e+03 8.119301257381957405e-15 2.228464400355520503e-16
2.886721197792417570e+03 8.252909844568490186e-15 2.210012753737131499e-16
2.888269560260104299e+03 8.288641758043743483e-15 2.221398221401889340e-16
2.889817922727791483e+03 8.588819577703606063e-15 2.269827698916596543e-16
2.891366285195478667e+03 8.784175314931664076e-15 2.273416834696922351e-16
2.892914647663165397e+03 9.309283705238509532e-15 2.362927188237192916e-16
2.894463010130852126e+03 9.459525567112477319e-15 2.371470932812327670e-16
2.896011372598539310e+03 9.105895889212974641e-15 2.311481583274998601e-16
2.897559735066226494e+03 8.989690584982196433e-15 2.326878481492791994e-16
2.899108097533913224e+03 1.004534034918810434e-14 2.454152786299888789e-16
2.900656460001599953e+03 9.789597004395682955e-15 2.419474716994846891e-16
2.902204822469287137e+03 1.000003956329353763e-14 2.442927487064599758e-16
2.903753184936974321e+03 1.025992687602404403e-14 2.503185690580136043e-16
2.905301547404661051e+03 1.052033700708646198e-14 2.457937494658702798e-16
2.906849909872347780e+03 1.060212480540344745e-14 2.497625311683314764e-16
2.908398272340034964e+03 1.084656421797059784e-14 2.543665686206899758e-16
2.909946634807722148e+03 1.118210940040178726e-14 2.542925776368115707e-16
2.911494997275408878e+03 1.079271234167556085e-14 2.512842527224408645e-16
2.913043359743095607e+03 1.141773689695515842e-14 2.611796434669630684e-16
2.914591722210782791e+03 1.124537480280638122e-14 2.553837786225442666e-16
2.916140084678469975e+03 1.150837274577553387e-14 2.611271241475573890e-16
2.917688447146156705e+03 1.133920383624186372e-14 2.592884939964684904e-16
2.919236809613843434e+03 1.112130029977068152e-14 2.523082981694533104e-16
2.920785172081530618e+03 1.125293329020342496e-14 2.577157485266528205e-16
2.922333534549217802e+03 1.170966605270722384e-14 2.653355918052716412e-16
2.923881897016904531e+03 1.155519820319321588e-14 2.585910462274550813e-16
2.925430259484591261e+03 1.143610886365259774e-14 2.595329161695365982e-16
2.926978621952278445e+03 1.135037256024205508e-14 2.563903713356158069e-16
2.928526984419965629e+03 1.154194611668127680e-14 2.623899246908621485e-16
2.930075346887652358e+03 1.068801098725673119e-14 2.487179211622270030e-16
2.931623709355339088e+03 1.091924535704999246e-14 2.544202301577731262e-16
2.933172071823026272e+03 1.099906881713322039e-14 2.556972057500048750e-16
2.934720434290713456e+03 1.133195370980450842e-14 2.577832892783382299e-16
2.936268796758400185e+03 1.112602492415167870e-14 2.543074450771763836e-16
2.937817159226086915e+03 1.096706596736188276e-14 2.543923688925549019e-16
2.939365521693774099e+03 1.220336894182791095e-14 2.686779289411533112e-16
2.940913884161461283e+03 1.137309731101472031e-14 2.556052338200695310e-16
2.942462246629148012e+03 1.144785277117981360e-14 2.595859487208984611e-16
2.944010609096834742e+03 1.105422656914700982e-14 2.548341239107845335e-16
2.945558971564521926e+03 1.126887827868146527e-14 2.572365623715702819e-16
2.947107334032209110e+03 1.116201945226735110e-14 2.586565392767927616e-16
2.948655696499895839e+03 1.097577268524577985e-14 2.545174131811672559e-16
2.950204058967582569e+03 1.111481793743823555e-14 2.565042167845739166e-16
2.951752421435269753e+03 1.103962791557188418e-14 2.539853255250755955e-16
2.953300783902956937e+03 1.094910286826150266e-14 2.527007534946325673e-16
2.954849146370643666e+03 1.064194198031087584e-14 2.497773958411075216e-16
2.956397508838330396e+03 1.114430638352931606e-14 2.572985034344131215e-16
2.957945871306017580e+03 1.071152343787144771e-14 2.537251402940704545e-16
2.959494233773704764e+03 1.075075694666276589e-14 2.511993090750030466e-16
2.961042596241391493e+03 1.108023336583094661e-14 2.608435393490092697e-16
2.962590958709078222e+03 1.103418651625515912e-14 2.545840319665942956e-16
2.964139321176765407e+03 1.091020207726344239e-14 2.546024963043410579e-16
2.965687683644452591e+03 1.053147763929327621e-14 2.535834844879359743e-16
2.967236046112139320e+03 1.101179157905538119e-14 2.518421999592089535e-16
2.968784408579826049e+03 1.068378254609146140e-14 2.560482222133745529e-16
2.970332771047513233e+03 1.064115899834228347e-14 2.514695543471950229e-16
2.971881133515200418e+03 1.061437589635150044e-14 2.544563295421343994e-16
2.973429495982887147e+03 1.085601837747095566e-14 2.566277652108015795e-16
2.974977858450573876e+03 1.060203050265772045e-14 2.487519187816916475e-16
2.976526220918261060e+03 1.059419621402165623e-14 2.550396184856259568e-16
2.978074583385948245e+03 1.097634673982190751e-14 2.590450596982289430e-16
2.979622945853634974e+03 1.089816793661925428e-14 2.537262857016320303e-16
2.981171308321321703e+03 1.026495668026990172e-14 2.496256004820542416e-16
2.982719670789008887e+03 1.056075737498437713e-14 2.533211386863122363e-16
2.984268033256696071e+03 1.079179860553803411e-14 2.572189237312231513e-16
2.985816395724382801e+03 1.048375024394437391e-14 2.534741679646742701e-16
2.987364758192069530e+03 1.063036897604537185e-14 2.583837975978473745e-16
2.988913120659756714e+03 1.081129050048947529e-14 2.591179838594475738e-16
2.990461483127443898e+03 1.087363459257086683e-14 2.596933772978879874e-16
2.992009845595130628e+03 1.043656390104136366e-14 2.520705863714617663e-16
2.993558208062817357e+03 1.048204206674564096e-14 2.538382856861637505e-16
2.995106570530504541e+03 1.078363943089736748e-14 2.570243940340421200e-16
2.996654932998191725e+03 1.062789458560412781e-14 2.625071387606336697e-16
2.998203295465878455e+03 1.020722651233469917e-14 2.501898956790456967e-16
2.999751657933565184e+03 1.003735029611102109e-14 2.510741023079504383e-16
3.001300020401252368e+03 9.985828395366417499e-15 2.491955578839705491e-16
3.002848382868939552e+03 9.741353173692977225e-15 2.491844583395458833e-16
3.004396745336626282e+03 9.817668864123091419e-15 2.510316291655505382e-16
3.005945107804313011e+03 9.627655934416626986e-15 2.454479437008851751e-16
3.007493470272000195e+03 9.729194861582244886e-15 2.502744049527205267e-16
3.009041832739687379e+03 9.865475450491686307e-15 2.538327134716751597e-16
3.010590195207374109e+03 9.390750014961403990e-15 2.446478958003121342e-16
3.012138557675060838e+03 9.202271885336603789e-15 2.426703781459393640e-16
3.013686920142748022e+03 8.798508732920913395e-15 2.387427537325534609e-16
3.015235282610435206e+03 9.101108389124310342e-15 2.450857730077245127e-16
3.016783645078121936e+03 9.203306865382087763e-15 2.473622966593850573e-16
3.018332007545808665e+03 8.474260042275460369e-15 2.341933557267141005e-16
3.019880370013495849e+03 9.118013895466887442e-15 2.460695126510520347e-16
3.021428732481183033e+03 9.189802802441949546e-15 2.466184606379222152e-16
3.022977094948869762e+03 9.077976488052736976e-15 2.453997228993257828e-16
3.024525457416556492e+03 8.712889127006262238e-15 2.390870549541024392e-16
3.026073819884243676e+03 8.579828633120425176e-15 2.393745959222684699e-16
3.027622182351930860e+03 9.185641114854110925e-15 2.514631234709623727e-16
3.029170544819617589e+03 9.169673130454660763e-15 2.468454414768643072e-16
3.030718907287304319e+03 9.015700580030525803e-15 2.487660995713026716e-16
3.032267269754991503e+03 9.057242157751715688e-15 2.477274398431109997e-16
3.033815632222678687e+03 9.044936248308579362e-15 2.489545481513978023e-16
3.035363994690365416e+03 9.122608153115145925e-15 2.520632848455975841e-16
3.036912357158052146e+03 8.722610584165245381e-15 2.462461875883119962e-16
3.038460719625739330e+03 8.739570423878721055e-15 2.478566606098254304e-16
3.040009082093426514e+03 9.090559241563848197e-15 2.529341789635283640e-16
3.041557444561113243e+03 8.600067824841392153e-15 2.439583610536574248e-16
3.043105807028799973e+03 8.488616420076055780e-15 2.453441235609269088e-16
3.044654169496487157e+03 8.829619652699482958e-15 2.528970521865034870e-16
3.046202531964174341e+03 8.658053368588662887e-15 2.473931907460367333e-16
3.047750894431861070e+03 8.760532265107321343e-15 2.539981388793295797e-16
3.049299256899547800e+03 8.842018761562613034e-15 2.509334112986665984e-16
3.050847619367234984e+03 8.739206199064174465e-15 2.523257720580467146e-16
3.052395981834922168e+03 8.913992347672253586e-15 2.556045823938338326e-16
3.053944344302608897e+03 8.957405199953098095e-15 2.547440648678802756e-16
3.055492706770295626e+03 8.834166650234650962e-15 2.583079949978970119e-16
3.057041069237982811e+03 8.647582533009199391e-15 2.530640570257181606e-16
3.058589431705669995e+03 8.896604237710701466e-15 2.579675280668912538e-16
3.060137794173356724e+03 8.983843165111054143e-15 2.609873619087474779e-16
3.061686156641043453e+03 9.255030374303726876e-15 2.641993244609344218e-16
3.063234519108730638e+03 9.222283682332784534e-15 2.655852326857398275e-16
3.064782881576417822e+03 8.715939559185581840e-15 2.556631453102672009e-16
3.066331244044104551e+03 8.847861802694019785e-15 2.601058515210098190e-16
3.067879606511791280e+03 9.236814448224759541e-15 2.742929843658856205e-16
3.069427968979478464e+03 8.951447547262021951e-15 2.691404639873206548e-16
3.070976331447165649e+03 8.921250975932325697e-15 2.699237228925988914e-16
3.072524693914852378e+03 9.268685671698140968e-15 2.730024932576415807e-16
3.074073056382539107e+03 9.694792708582253866e-15 2.798904839675202693e-16
3.075621418850226291e+03 9.730481022971841089e-15 2.798829165766329771e-16
3.077169781317913476e+03 9.420410220125732922e-15 2.749003851662939197e-16
3.078718143785600205e+03 9.935129188327410890e-15 2.849353938115972596e-16
3.080266506253286934e+03 9.691458057569628672e-15 2.807346231494999825e-16
3.081814868720974118e+03 9.568030818331472452e-15 2.876493548768269801e-16
3.083363231188661302e+03 9.475833765718392853e-15 2.841801161698221436e-16
3.084911593656348032e+03 9.592845347663230426e-15 2.858087058307057265e-16
3.086459956124034761e+03 1.003827056381182442e-14 2.930156359432116226e-16
3.088008318591721945e+03 9.907325800796482061e-15 2.893305690415581647e-16
3.089556681059409129e+03 9.952707810680841750e-15 2.937490412670181118e-16
3.091105043527095859e+03 1.019638400590014108e-14 2.982883861574366944e-16
3.092653405994782588e+03 1.041324607304847020e-14 3.018352937994517666e-16
3.094201768462469772e+03 1.043686840965025045e-14 3.022529646044178000e-16
3.095750130930156956e+03 1.098096923106026532e-14 3.130373815619167188e-16
3.097298493397843686e+03 1.132607574126096301e-14 3.145849207236819904e-16
3.098846855865530415e+03 1.077172094406934890e-14 3.102008513558224229e-16
3.100395218333217599e+03 1.071438839617300189e-14 3.132273932073747190e-16
3.101943580800904783e+03 1.151365003978111519e-14 3.245990505607923551e-16
3.103491943268591513e+03 1.115043685397511623e-14 3.177477541853899314e-16
3.105040305736278242e+03 1.072807340276565658e-14 3.157510517132005964e-16
3.106588668203965426e+03 1.119363963668601453e-14 3.248768563762506202e-16
3.108137030671652610e+03 1.172982592432302943e-14 3.311143632039408411e-16
3.109685393139339340e+03 1.200952676611228275e-14 3.376920453460854545e-16
3.111233755607026069e+03 1.209029969151769592e-14 3.408688371004899906e-16
3.112782118074713253e+03 1.166017510176292680e-14 3.349850015402089196e-16
3.114330480542400437e+03 1.170138815418752074e-14 3.417546750340313885e-16
3.115878843010087166e+03 1.227154364158421645e-14 3.492018327467973527e-16
3.117427205477773896e+03 1.233516187633718896e-14 3.481216805091668376e-16
3.118975567945461080e+03 1.194305228130177221e-14 3.453134094027574631e-16
3.120523930413148264e+03 1.210107190169346001e-14 3.506971064131249351e-16
3.122072292880834993e+03 1.209466791813608985e-14 3.523410342083706201e-16
3.123620655348521723e+03 1.183246708513419164e-14 3.504806936929139828e-16
3.125169017816208907e+03 1.296516457539672545e-14 3.678801426072618099e-16
3.126717380283896091e+03 1.358694163915174926e-14 3.776160883982457143e-16
3.128265742751582820e+03 1.319805650144147091e-14 3.747254253450955969e-16
3.129814105219269550e+03 1.302303003133692805e-14 3.728776139654198604e-16
3.131362467686956734e+03 1.300918574882264507e-14 3.752471520593433373e-16
3.132910830154643918e+03 1.356212268817428308e-14 3.877858026716468172e-16
3.134459192622330647e+03 1.422095758642138406e-14 3.963109063318562103e-16
3.136007555090017377e+03 1.397518669057226929e-14 3.943830000480073267e-16
3.137555917557704561e+03 1.285015828009433520e-14 3.798581207619239351e-16
3.139104280025391745e+03 1.317077157677319341e-14 3.837032447620813362e-16
3.140652642493078474e+03 1.403453127846374650e-14 3.977466667185698814e-16
3.142201004960765204e+03 1.387817065009959165e-14 4.006933459801857546e-16
3.143749367428452388e+03 1.357320411039313495e-14 3.995531341500389893e-16
3.145297729896139572e+03 1.318653518331707883e-14 3.969590631339844024e-16
3.146846092363826301e+03 1.371319445023653666e-14 4.093722157083406198e-16
3.148394454831513031e+03 1.400350789044497890e-14 4.121911975431938124e-16
3.149942817299200215e+03 1.396864254873648233e-14 4.091567836046672322e-16
3.151491179766887399e+03 1.461809012750084135e-14 4.209356210927719280e-16
3.153039542234574128e+03 1.431655974876970053e-14 4.218764561024303652e-16
