# LMC-SN1987A-STIS-2 obkf20080 G750M CCD z=0.0009 a2center=878.8 extrsize=25 exptime=395.0 mode=fixed flags=extended_host
# rest_wvl obs_wvl flux error net dq mask
6288.0588 6293.7181 1.407419e-15 1.505451e-16 1.244926e+00 528 0
6288.6147 6294.2744 9.300307e-16 1.284038e-16 8.114589e-01 16 0
6289.1705 6294.8308 5.866215e-16 1.247723e-16 5.036587e-01 0 0
6289.7264 6295.3871 7.549864e-16 1.261769e-16 6.546711e-01 16 0
6290.2823 6295.9435 8.125278e-16 1.252744e-16 7.069139e-01 0 0
6290.8381 6296.4999 7.329237e-16 1.333978e-16 6.356953e-01 16 0
6291.3940 6297.0563 1.016262e-15 1.340531e-16 8.917081e-01 16 0
6291.9499 6297.6126 8.870597e-16 1.280651e-16 7.747719e-01 0 0
6292.5058 6298.1690 6.850544e-16 1.288243e-16 5.928151e-01 16 0
6293.0616 6298.7254 1.095195e-15 1.359451e-16 9.639205e-01 16 0
6293.6175 6299.2818 1.203661e-15 1.327446e-16 1.063109e+00 16 0
6294.1734 6299.8382 8.501803e-16 1.318518e-16 7.427631e-01 16 0
6294.7293 6300.3946 6.700130e-16 1.433833e-16 5.805360e-01 16 0
6295.2852 6300.9510 4.984283e-16 1.578380e-16 4.268599e-01 16 0
6295.8411 6301.5073 8.962512e-16 1.271637e-16 7.850977e-01 16 0
6296.3970 6302.0637 8.762675e-16 1.255759e-16 7.672277e-01 0 0
6296.9529 6302.6201 8.715989e-16 1.397111e-16 7.632208e-01 16 0
6297.5088 6303.1765 1.252243e-15 1.357993e-16 1.109621e+00 16 0
6298.0647 6303.7330 7.895058e-16 2.190108e-16 6.893542e-01 16 0
6298.6206 6304.2894 8.919921e-16 1.328151e-16 7.823664e-01 16 0
6299.1765 6304.8458 1.052421e-15 1.272533e-16 9.283797e-01 0 0
6299.7324 6305.4022 1.102123e-15 1.277570e-16 9.739276e-01 16 0
6300.2883 6305.9586 9.373737e-16 1.463215e-16 8.242536e-01 16 0
6300.8443 6306.5150 8.955958e-16 1.264265e-16 7.865362e-01 16 0
6301.4002 6307.0714 1.037263e-15 1.317264e-16 9.156455e-01 16 0
6301.9561 6307.6279 7.403021e-16 1.286777e-16 6.461655e-01 0 0
6302.5120 6308.1843 9.725230e-16 1.516676e-16 8.571912e-01 16 0
6303.0680 6308.7407 1.156820e-15 1.343306e-16 1.025596e+00 16 0
6303.6239 6309.2971 1.174114e-15 1.288969e-16 1.041708e+00 16 0
6304.1798 6309.8536 7.188484e-16 1.446266e-16 6.274548e-01 16 0
6304.7358 6310.4100 7.990877e-16 1.284845e-16 7.003872e-01 0 0
6305.2917 6310.9665 1.068955e-15 1.334961e-16 9.464447e-01 16 0
6305.8476 6311.5229 1.079821e-15 1.276607e-16 9.566494e-01 0 0
6306.4036 6312.0793 6.487060e-16 1.981768e-16 5.646281e-01 16 0
6306.9595 6312.6358 1.236715e-15 1.315324e-16 1.100910e+00 16 0
6307.5155 6313.1922 7.621427e-16 1.654349e-16 6.677917e-01 16 0
6308.0714 6313.7487 1.014516e-15 1.349705e-16 8.980165e-01 16 0
6308.6274 6314.3051 1.253111e-15 1.315618e-16 1.116922e+00 16 0
6309.1833 6314.8616 1.709209e-15 1.333015e-16 1.537419e+00 16 0
6309.7393 6315.4180 1.422414e-15 1.308205e-16 1.273311e+00 16 0
6310.2952 6315.9745 1.461949e-15 1.362753e-16 1.310110e+00 0 0
6310.8512 6316.5310 2.076044e-15 1.428595e-16 1.878416e+00 16 0
6311.4072 6317.0874 1.265289e-15 1.413952e-16 1.129739e+00 16 0
6311.9631 6317.6439 1.702232e-15 1.336574e-16 1.533217e+00 0 0
6312.5191 6318.2004 1.530163e-15 1.350430e-16 1.374608e+00 16 0
6313.0751 6318.7568 1.306548e-15 1.284540e-16 1.168712e+00 0 0
6313.6310 6319.3133 1.447347e-15 1.332772e-16 1.298915e+00 16 0
6314.1870 6319.8698 7.105186e-16 1.784594e-16 6.229618e-01 16 0
6314.7430 6320.4262 1.290774e-15 1.311442e-16 1.155180e+00 16 0
6315.2990 6320.9827 9.640036e-16 1.262640e-16 8.550008e-01 0 0
6315.8549 6321.5392 4.910362e-16 1.237790e-16 4.242039e-01 0 0
6316.4109 6322.0957 9.208602e-16 1.259677e-16 8.159180e-01 16 0
6316.9669 6322.6522 9.888554e-16 1.245058e-16 8.785312e-01 0 0
6317.5229 6323.2087 9.013907e-16 1.324170e-16 7.985194e-01 16 0
6318.0789 6323.7651 9.094560e-16 1.270763e-16 8.061372e-01 0 0
6318.6349 6324.3216 1.001886e-15 1.311723e-16 8.912453e-01 16 0
6319.1909 6324.8781 9.568150e-16 1.276315e-16 8.500688e-01 0 0
6319.7468 6325.4346 1.176697e-15 1.282053e-16 1.052802e+00 0 0
6320.3028 6325.9911 1.045855e-15 1.478379e-16 9.324654e-01 16 0
6320.8588 6326.5476 1.046267e-15 1.841776e-16 9.331059e-01 16 0
6321.4148 6327.1041 7.009513e-16 1.236556e-16 6.163775e-01 0 0
6321.9708 6327.6606 8.439686e-16 1.275917e-16 7.475460e-01 16 0
6322.5268 6328.2171 9.829950e-16 1.379843e-16 8.755839e-01 16 0
6323.0829 6328.7736 7.055492e-16 1.282292e-16 6.210687e-01 16 0
6323.6389 6329.3301 1.077826e-15 1.259585e-16 9.635315e-01 0 0
6324.1949 6329.8866 9.570591e-16 1.434790e-16 8.524096e-01 16 0
6324.7509 6330.4432 8.356954e-16 1.263390e-16 7.409536e-01 16 0
6325.3069 6330.9997 7.483082e-16 1.253922e-16 6.609106e-01 16 0
6325.8629 6331.5562 9.411317e-16 1.507233e-16 8.384264e-01 16 0
6326.4189 6332.1127 9.317211e-16 1.278186e-16 8.299787e-01 16 0
6326.9750 6332.6692 8.667348e-16 1.428246e-16 7.703198e-01 16 0
6327.5310 6333.2258 8.756969e-16 1.396058e-16 7.787828e-01 16 0
6328.0870 6333.7823 9.764416e-16 1.272943e-16 8.719393e-01 0 0
6328.6430 6334.3388 8.127590e-16 1.261382e-16 7.212249e-01 16 0
6329.1990 6334.8953 8.194924e-16 1.253124e-16 7.276161e-01 16 0
6329.7551 6335.4519 7.944038e-16 1.335030e-16 7.047049e-01 16 0
6330.3111 6336.0084 4.900861e-16 1.611129e-16 4.259329e-01 16 0
6330.8671 6336.5649 8.676665e-16 1.280075e-16 7.726237e-01 16 0
6331.4232 6337.1215 2.583492e-15 2.746063e-16 2.374944e+00 16 0
6331.9792 6337.6780 -3.734192e-14 3.085807e-16 -3.557769e+01 16400 0
6332.5352 6338.2345 4.590148e-16 1.267808e-16 3.979708e-01 0 0
6333.0913 6338.7911 9.178432e-16 1.318198e-16 8.198312e-01 16 0
6333.6473 6339.3476 9.292456e-16 1.246314e-16 8.306014e-01 16 0
6334.2034 6339.9042 1.099257e-15 1.279401e-16 9.884802e-01 0 0
6334.7594 6340.4607 7.480409e-16 1.230706e-16 6.635883e-01 0 0
6335.3155 6341.0172 1.086227e-15 1.250116e-16 9.769095e-01 0 0
6335.8715 6341.5738 1.062020e-15 1.236892e-16 9.546803e-01 0 0
6336.4276 6342.1303 9.117002e-16 1.245122e-16 8.154460e-01 16 0
6336.9836 6342.6869 8.205657e-16 1.259737e-16 7.312815e-01 16 0
6337.5397 6343.2434 1.110285e-15 1.264038e-16 1.000349e+00 16 0
6338.0957 6343.8000 8.409084e-16 1.232385e-16 7.504907e-01 16 0
6338.6518 6344.3566 6.489918e-16 1.252267e-16 5.733746e-01 16 0
6339.2078 6344.9131 6.856014e-16 1.286747e-16 6.072747e-01 16 0
6339.7639 6345.4697 8.550478e-16 1.430139e-16 7.641785e-01 16 0
6340.3199 6346.0262 5.519423e-16 1.232471e-16 4.844314e-01 16 0
6340.8760 6346.5828 6.666245e-16 1.353520e-16 5.902019e-01 16 0
6341.4321 6347.1394 8.644962e-16 1.250268e-16 7.735382e-01 16 0
6341.9881 6347.6959 5.563822e-16 1.230276e-16 4.888483e-01 16 0
6342.5442 6348.2525 8.335204e-16 1.267000e-16 7.451805e-01 0 0
6343.1003 6348.8091 9.141507e-16 1.318422e-16 8.202863e-01 16 0
6343.6563 6349.3656 1.043396e-15 1.511565e-16 9.408811e-01 16 0
6344.2124 6349.9222 6.622204e-16 1.316466e-16 5.869869e-01 16 0
6344.7685 6350.4788 9.759430e-16 1.300074e-16 8.784732e-01 16 0
6345.3246 6351.0354 1.048312e-15 1.258310e-16 9.462116e-01 16 0
6345.8806 6351.5919 6.034104e-16 1.342874e-16 5.330306e-01 16 0
6346.4367 6352.1485 1.035375e-15 1.561017e-16 9.346248e-01 16 0
6346.9928 6352.7051 1.146617e-15 1.441585e-16 1.038876e+00 16 0
6347.5489 6353.2617 8.849318e-16 1.288566e-16 7.947456e-01 0 0
6348.1049 6353.8182 9.727166e-16 1.383312e-16 8.768249e-01 0 0
6348.6610 6354.3748 1.092519e-15 1.295862e-16 9.890462e-01 0 0
6349.2171 6354.9314 8.394948e-16 1.256469e-16 7.530039e-01 0 0
6349.7732 6355.4880 7.065102e-16 1.326767e-16 6.294849e-01 16 0
6350.3293 6356.0446 8.665101e-16 1.223134e-16 7.785659e-01 0 0
6350.8854 6356.6012 1.249421e-15 1.261917e-16 1.137256e+00 0 0
6351.4415 6357.1578 9.513523e-16 1.230730e-16 8.581957e-01 0 0
6351.9976 6357.7144 6.311122e-16 1.215638e-16 5.600590e-01 16 0
6352.5536 6358.2709 8.929563e-16 1.317215e-16 8.040419e-01 16 0
6353.1097 6358.8275 7.730665e-16 1.318761e-16 6.923558e-01 16 0
6353.6658 6359.3841 8.085094e-16 1.275702e-16 7.255775e-01 16 0
6354.2219 6359.9407 9.126526e-16 1.277745e-16 8.230627e-01 16 0
6354.7780 6360.4973 7.191923e-16 1.272671e-16 6.426395e-01 16 0
6355.3341 6361.0539 8.768913e-16 1.269985e-16 7.900130e-01 16 0
6355.8902 6361.6105 9.699512e-16 1.318715e-16 8.773518e-01 16 0
6356.4463 6362.1671 9.275665e-16 1.284486e-16 8.378487e-01 0 0
6357.0024 6362.7237 9.870571e-16 1.297986e-16 8.938346e-01 16 0
6357.5585 6363.2803 3.924193e-16 1.978314e-16 3.401269e-01 16 0
6358.1146 6363.8369 9.151849e-16 1.437427e-16 8.268618e-01 16 0
6358.6707 6364.3935 7.509515e-16 1.221879e-16 6.733482e-01 0 0
6359.2268 6364.9501 7.007135e-16 1.254516e-16 6.265922e-01 272 0
6359.7829 6365.5067 9.550619e-16 1.279384e-16 8.648955e-01 0 0
6360.3390 6366.0634 7.227593e-16 1.203519e-16 6.474710e-01 0 0
6360.8952 6366.6200 8.363398e-16 1.219979e-16 7.539201e-01 16 0
6361.4513 6367.1766 7.579189e-16 1.226680e-16 6.806529e-01 0 0
6362.0074 6367.7332 7.655811e-16 1.228253e-16 6.879833e-01 16 0
6362.5635 6368.2898 8.332069e-16 1.232062e-16 7.515193e-01 16 0
6363.1196 6368.8464 5.895649e-16 1.255165e-16 5.238150e-01 16 0
6363.6757 6369.4030 5.916110e-16 1.189670e-16 5.258336e-01 0 0
6364.2318 6369.9596 6.049782e-16 1.348628e-16 5.384157e-01 16 0
6364.7879 6370.5163 8.700016e-16 1.283257e-16 7.867903e-01 16 0
6365.3441 6371.0729 9.598106e-16 1.303511e-16 8.714709e-01 16 0
6365.9002 6371.6295 1.002711e-15 1.398842e-16 9.121046e-01 16 0
6366.4563 6372.1861 5.697395e-16 1.763085e-16 5.059690e-01 16 0
6367.0124 6372.7427 7.408767e-16 1.366384e-16 6.662287e-01 16 0
6367.5685 6373.2994 7.874979e-16 1.304460e-16 7.101467e-01 16 0
6368.1247 6373.8560 9.363989e-16 1.229010e-16 8.504416e-01 0 0
6368.6808 6374.4126 6.371913e-16 1.316208e-16 5.694680e-01 16 0
6369.2369 6374.9692 8.708090e-16 1.226404e-16 7.890273e-01 0 0
6369.7930 6375.5258 9.318072e-16 1.366728e-16 8.467116e-01 16 0
6370.3492 6376.0825 8.772415e-16 1.280516e-16 7.954549e-01 16 0
6370.9053 6376.6391 5.713669e-16 1.235324e-16 5.083124e-01 16 0
6371.4614 6377.1957 7.092354e-16 1.264962e-16 6.376826e-01 16 0
6372.0175 6377.7523 8.789111e-16 1.245028e-16 7.975793e-01 16 0
6372.5737 6378.3090 1.228051e-15 1.254913e-16 1.128214e+00 0 0
6373.1298 6378.8656 1.171894e-15 1.286533e-16 1.075197e+00 16 0
6373.6859 6379.4222 1.207191e-15 1.293712e-16 1.108951e+00 0 0
6374.2421 6379.9789 9.101905e-16 1.265388e-16 8.278559e-01 0 0
6374.7982 6380.5355 9.332489e-16 1.264425e-16 8.498442e-01 0 0
6375.3543 6381.0921 1.129639e-15 1.489360e-16 1.036111e+00 16 0
6375.9104 6381.6488 1.103682e-15 1.290682e-16 1.011721e+00 16 0
6376.4666 6382.2054 6.239024e-16 1.219111e-16 5.586429e-01 16 0
6377.0227 6382.7620 8.786874e-16 1.227949e-16 7.989978e-01 0 0
6377.5788 6383.3187 8.175506e-16 1.321603e-16 7.413851e-01 16 0
6378.1350 6383.8753 8.110241e-16 1.224543e-16 7.353809e-01 16 0
6378.6911 6384.4319 8.317820e-16 1.224518e-16 7.551636e-01 16 0
6379.2473 6384.9886 7.429300e-16 1.204005e-16 6.713805e-01 0 0
6379.8034 6385.5452 9.213339e-16 1.209513e-16 8.402863e-01 0 0
6380.3595 6386.1019 5.238212e-16 1.355569e-16 4.653416e-01 16 0
6380.9157 6386.6585 1.029271e-15 1.232107e-16 9.431026e-01 16 0
6381.4718 6387.2151 1.087256e-15 1.291330e-16 9.984390e-01 16 0
6382.0279 6387.7718 7.450778e-16 1.211735e-16 6.741178e-01 0 0
6382.5841 6388.3284 7.247827e-16 1.200079e-16 6.550750e-01 0 0
6383.1402 6388.8851 8.274392e-16 1.249101e-16 7.523600e-01 16 0
6383.6964 6389.4417 4.178404e-16 2.479862e-16 3.663782e-01 16 0
6384.2525 6389.9983 7.847651e-16 1.224066e-16 7.122475e-01 0 0
6384.8087 6390.5550 8.020000e-16 1.618116e-16 7.287267e-01 16 0
6385.3648 6391.1116 9.432350e-16 1.261740e-16 8.629498e-01 16 0
6385.9209 6391.6683 8.350101e-16 1.244528e-16 7.603422e-01 0 0
6386.4771 6392.2249 1.093883e-15 1.241800e-16 1.006778e+00 0 0
6387.0332 6392.7816 9.364148e-16 1.227007e-16 8.570235e-01 0 0
6387.5894 6393.3382 8.036161e-16 1.223537e-16 7.310208e-01 0 0
6388.1455 6393.8948 7.136630e-16 1.674664e-16 6.458740e-01 16 0
6388.7017 6394.4515 8.683405e-16 1.213343e-16 7.928156e-01 0 0
6389.2578 6395.0081 7.911098e-16 1.241655e-16 7.195977e-01 16 0
6389.8140 6395.5648 5.961488e-16 2.202520e-16 5.350169e-01 16 0
6390.3701 6396.1214 7.108931e-16 1.193449e-16 6.437582e-01 0 0
6390.9262 6396.6781 9.376101e-16 1.272646e-16 8.594415e-01 16 0
6391.4824 6397.2347 5.100971e-16 1.241871e-16 4.540159e-01 16 0
6392.0385 6397.7914 4.567889e-16 1.380262e-16 4.038274e-01 16 0
6392.5947 6398.3480 1.016525e-15 1.269123e-16 9.352872e-01 0 0
6393.1508 6398.9047 8.243663e-16 1.264453e-16 7.522573e-01 0 0
6393.7070 6399.4613 6.438235e-16 1.229775e-16 5.808645e-01 16 0
6394.2631 6400.0180 7.864814e-16 1.437044e-16 7.164965e-01 16 0
6394.8193 6400.5746 7.389568e-16 1.203412e-16 6.714281e-01 0 0
6395.3754 6401.1313 3.307631e-16 1.330160e-16 2.855494e-01 16 0
6395.9316 6401.6879 4.759037e-16 1.351317e-16 4.222926e-01 16 0
6396.4877 6402.2446 4.505412e-16 1.394061e-16 3.984066e-01 16 0
6397.0439 6402.8012 8.100829e-16 1.338912e-16 7.396897e-01 16 0
6397.6000 6403.3579 7.211100e-16 1.294718e-16 6.550839e-01 16 0
6398.1562 6403.9145 6.661617e-16 1.392665e-16 6.029378e-01 16 0
6398.7123 6404.4712 7.433362e-16 2.103191e-16 6.764960e-01 16 0
6399.2685 6405.0278 4.365040e-16 1.217641e-16 3.854237e-01 16 0
6399.8246 6405.5845 8.304398e-16 1.229788e-16 7.598399e-01 16 0
6400.3808 6406.1411 8.010171e-16 1.236864e-16 7.318959e-01 16 0
6400.9369 6406.6978 6.432145e-16 1.212356e-16 5.816447e-01 16 0
6401.4931 6407.2544 5.978202e-16 1.191331e-16 5.385786e-01 0 0
6402.0492 6407.8111 7.002006e-16 1.315012e-16 6.361213e-01 16 0
6402.6054 6408.3677 6.936859e-16 1.215262e-16 6.300257e-01 16 0
6403.1615 6408.9244 5.598060e-16 1.306925e-16 5.027124e-01 16 0
6403.7177 6409.4810 6.740224e-16 1.429298e-16 6.115028e-01 16 0
6404.2738 6410.0377 6.842707e-16 1.218268e-16 6.213815e-01 0 0
6404.8300 6410.5943 7.677758e-16 1.193274e-16 7.012187e-01 0 0
6405.3862 6411.1510 6.323477e-16 1.195367e-16 5.720896e-01 0 0
6405.9423 6411.7077 7.068252e-16 1.473146e-16 6.432368e-01 16 0
6406.4985 6412.2643 7.039409e-16 1.284408e-16 6.405948e-01 16 0
6407.0546 6412.8210 5.986166e-16 1.188903e-16 5.402241e-01 0 0
6407.6108 6413.3776 8.216352e-16 1.256032e-16 7.534117e-01 16 0
6408.1669 6413.9343 1.302891e-16 1.987445e-16 9.753412e-02 16 0
6408.7231 6414.4909 5.978492e-16 1.194476e-16 5.397513e-01 0 0
6409.2792 6415.0476 6.635270e-16 1.205995e-16 6.025246e-01 16 0
6409.8354 6415.6042 6.658757e-16 1.201671e-16 6.048689e-01 0 0
6410.3915 6416.1609 6.311176e-16 1.398199e-16 5.717629e-01 16 0
6410.9477 6416.7175 5.229300e-16 1.186547e-16 4.686626e-01 0 0
6411.5038 6417.2742 5.391169e-16 1.212091e-16 4.841532e-01 16 0
6412.0600 6417.8308 7.110150e-16 1.201519e-16 6.484624e-01 0 0
6412.6161 6418.3875 2.947407e-16 1.306472e-16 2.521852e-01 16 0
6413.1723 6418.9441 6.038199e-16 1.220727e-16 5.461288e-01 0 0
6413.7284 6419.5008 8.331814e-16 1.202118e-16 7.659812e-01 0 0
6414.2846 6420.0574 6.447198e-16 1.191657e-16 5.854115e-01 0 0
6414.8407 6420.6141 6.133100e-16 1.186645e-16 5.554539e-01 0 0
6415.3969 6421.1707 7.338722e-16 1.229588e-16 6.710276e-01 16 0
6415.9530 6421.7274 5.129515e-16 1.220841e-16 4.597290e-01 0 0
6416.5092 6422.2840 5.449660e-16 1.295235e-16 4.903601e-01 16 0
6417.0653 6422.8407 1.580230e-16 1.911468e-16 1.231349e-01 16 0
6417.6215 6423.3973 7.039791e-16 1.626852e-16 6.427791e-01 16 0
6418.1776 6423.9540 4.668003e-16 1.299077e-16 4.159249e-01 16 0
6418.7338 6424.5106 6.810432e-16 1.319547e-16 6.209738e-01 16 0
6419.2899 6425.0673 7.704621e-16 1.561741e-16 7.069619e-01 16 0
6419.8461 6425.6239 5.649278e-16 1.197484e-16 5.098684e-01 16 0
6420.4022 6426.1806 7.941005e-16 1.208716e-16 7.299352e-01 0 0
6420.9584 6426.7372 5.481042e-16 1.222442e-16 4.939041e-01 16 0
6421.5145 6427.2939 7.314365e-16 1.239760e-16 6.698837e-01 16 0
6422.0707 6427.8505 5.728994e-16 1.192505e-16 5.177886e-01 16 0
6422.6268 6428.4072 6.921343e-16 1.434120e-16 6.323042e-01 16 0
6423.1829 6428.9638 6.964526e-16 1.449891e-16 6.365525e-01 16 0
6423.7391 6429.5205 4.501278e-16 1.170223e-16 4.004799e-01 0 0
6424.2952 6430.0771 3.207568e-16 1.258307e-16 2.771406e-01 16 0
6424.8514 6430.6337 7.093569e-16 1.222070e-16 6.492597e-01 16 0
6425.4075 6431.1904 8.432549e-16 1.212714e-16 7.784119e-01 16 0
6425.9637 6431.7470 5.677796e-16 1.205310e-16 5.133708e-01 16 0
6426.5198 6432.3037 4.914645e-16 1.173095e-16 4.402664e-01 0 0
6427.0759 6432.8603 7.615277e-16 1.208503e-16 6.999277e-01 16 0
6427.6321 6433.4170 7.542417e-16 1.203693e-16 6.930095e-01 0 0
6428.1882 6433.9736 6.192285e-16 1.205020e-16 5.630869e-01 0 0
6428.7444 6434.5302 6.119642e-16 1.296111e-16 5.561781e-01 16 0
6429.3005 6435.0869 7.964250e-16 1.344573e-16 7.340429e-01 16 0
6429.8567 6435.6435 4.323112e-16 1.254593e-16 3.838892e-01 16 0
6430.4128 6436.2002 6.231735e-16 1.399640e-16 5.671935e-01 16 0
6430.9689 6436.7568 7.398793e-16 1.251768e-16 6.797748e-01 16 0
6431.5251 6437.3134 4.240449e-16 1.185563e-16 3.760834e-01 16 0
6432.0812 6437.8701 4.547241e-16 1.193235e-16 4.055241e-01 0 0
6432.6373 6438.4267 8.647900e-16 1.213347e-16 8.008518e-01 0 0
6433.1935 6438.9834 6.253764e-16 1.310758e-16 5.697003e-01 16 0
6433.7496 6439.5400 9.132799e-16 1.231447e-16 8.480734e-01 0 0
6434.3058 6440.0966 7.726762e-16 1.222668e-16 7.120764e-01 16 0
6434.8619 6440.6533 6.344993e-16 1.383662e-16 5.787253e-01 16 0
6435.4180 6441.2099 5.508294e-16 1.562896e-16 4.981726e-01 16 0
6435.9742 6441.7665 6.512054e-16 1.208171e-16 5.950007e-01 16 0
6436.5303 6442.3232 9.857466e-16 1.615535e-16 9.190673e-01 16 0
6437.0864 6442.8798 2.803302e-16 1.259721e-16 2.388030e-01 16 0
6437.6425 6443.4364 4.533466e-16 1.167191e-16 4.046083e-01 16 0
6438.1987 6443.9931 6.109968e-16 1.254282e-16 5.564955e-01 16 0
6438.7548 6444.5497 5.046273e-16 1.511131e-16 4.540219e-01 16 0
6439.3109 6445.1063 6.033464e-16 1.191026e-16 5.492510e-01 0 0
6439.8671 6445.6629 6.761497e-16 1.205444e-16 6.196685e-01 1024 0
6440.4232 6446.2196 7.378575e-16 1.220107e-16 6.794746e-01 1040 0
6440.9793 6446.7762 5.521300e-16 1.183650e-16 5.000166e-01 1024 0
6441.5354 6447.3328 2.106617e-15 1.382190e-16 2.016926e+00 1040 0
6442.0916 6447.8894 5.547114e-16 1.212694e-16 5.026234e-01 1040 0
6442.6477 6448.4461 4.817550e-16 1.413123e-16 4.323178e-01 1040 0
6443.2038 6449.0027 5.870969e-16 1.202175e-16 5.340205e-01 1040 0
6443.7599 6449.5593 6.523554e-16 1.203838e-16 5.972022e-01 1024 0
6444.3161 6450.1159 7.600652e-16 1.331984e-16 7.016635e-01 1040 0
6444.8722 6450.6726 4.886121e-16 1.432844e-16 4.391029e-01 1040 0
6445.4283 6451.2292 3.288889e-16 1.945997e-16 2.854208e-01 1040 0
6445.9844 6451.7858 6.891282e-16 1.288533e-16 6.331363e-01 1040 0
6446.5405 6452.3424 6.722499e-16 1.201467e-16 6.168556e-01 1040 0
6447.0966 6452.8990 3.966786e-16 1.385920e-16 3.506503e-01 1040 0
6447.6528 6453.4556 8.164603e-16 1.328922e-16 7.570314e-01 1040 0
6448.2089 6454.0123 7.899144e-16 1.348884e-16 7.313276e-01 1040 0
6448.7650 6454.5689 1.055803e-16 2.079598e-16 7.176587e-02 1040 0
6449.3211 6455.1255 6.709914e-16 2.087830e-16 6.160207e-01 1040 0
6449.8772 6455.6821 5.882898e-16 1.231753e-16 5.359212e-01 1040 0
6450.4333 6456.2387 4.723058e-16 1.195190e-16 4.237776e-01 1024 0
6450.9894 6456.7953 4.582169e-16 1.242212e-16 4.102067e-01 1040 0
6451.5455 6457.3519 5.342323e-16 1.573964e-16 4.837468e-01 1040 0
6452.1016 6457.9085 5.777206e-16 1.347170e-16 5.259190e-01 1040 0
6452.6577 6458.4651 2.136812e-14 3.782545e-16 2.119212e+01 1040 0
6453.2139 6459.0217 5.635445e-16 1.398712e-16 5.122936e-01 1040 0
6453.7700 6459.5783 5.640599e-16 1.212686e-16 5.128479e-01 1040 0
6454.3261 6460.1350 4.779028e-17 1.490310e-16 1.633832e-02 1040 0
6454.8822 6460.6916 4.820037e-16 1.198575e-16 4.334672e-01 1024 0
6455.4383 6461.2482 7.749680e-16 1.201500e-16 7.180163e-01 1024 0
6455.9944 6461.8048 5.826921e-16 1.259221e-16 5.311427e-01 1040 0
6456.5505 6462.3614 4.769335e-16 1.215543e-16 4.286756e-01 1024 0
6457.1066 6462.9179 7.497925e-16 1.197590e-16 6.937600e-01 0 0
6457.6626 6463.4745 4.964200e-16 1.531541e-16 4.476286e-01 16 0
6458.2187 6464.0311 6.365908e-16 1.378740e-16 5.837444e-01 16 0
6458.7748 6464.5877 7.685067e-16 1.206876e-16 7.122576e-01 0 0
6459.3309 6465.1443 6.798346e-16 1.192517e-16 6.259537e-01 0 0
6459.8870 6465.7009 3.971094e-16 1.189805e-16 3.516148e-01 0 0
6460.4431 6466.2575 4.630307e-16 1.165859e-16 4.154618e-01 0 0
6460.9992 6466.8141 4.689169e-16 1.167757e-16 4.212016e-01 0 0
6461.5553 6467.3707 5.688923e-16 1.178183e-16 5.182890e-01 0 0
6462.1114 6467.9273 5.609608e-16 1.168408e-16 5.106319e-01 0 0
6462.6674 6468.4839 7.048696e-16 1.181705e-16 6.507867e-01 0 0
6463.2235 6469.0404 6.498776e-16 1.261556e-16 5.972660e-01 16 0
6463.7796 6469.5970 7.485585e-16 1.278402e-16 6.935627e-01 16 0
6464.3357 6470.1536 2.945103e-16 1.181214e-16 2.525717e-01 0 0
6464.8918 6470.7102 6.553013e-16 1.325448e-16 6.027482e-01 16 0
6465.4478 6471.2668 4.541752e-16 1.183194e-16 4.071701e-01 16 0
6466.0039 6471.8233 3.509712e-16 1.440066e-16 3.071739e-01 16 0
6466.5600 6472.3799 5.799690e-16 1.403659e-16 5.295376e-01 16 0
6467.1161 6472.9365 6.574543e-16 1.194575e-16 6.051096e-01 16 0
6467.6721 6473.4930 5.624914e-16 1.211733e-16 5.126222e-01 16 0
6468.2282 6474.0496 9.125230e-16 1.247090e-16 8.546741e-01 16 0
6468.7843 6474.6062 4.740391e-16 1.719842e-16 4.266584e-01 16 0
6469.3403 6475.1628 4.812907e-16 1.180732e-16 4.337424e-01 16 0
6469.8964 6475.7193 7.026632e-16 1.213389e-16 6.495853e-01 16 0
6470.4525 6476.2759 5.895421e-16 1.253087e-16 5.392340e-01 16 0
6471.0085 6476.8324 3.956336e-16 1.599484e-16 3.506121e-01 16 0
6471.5646 6477.3890 3.416009e-16 1.313872e-16 2.982185e-01 16 0
6472.1207 6477.9456 5.356316e-16 1.176456e-16 4.868313e-01 0 0
6472.6767 6478.5021 4.541940e-16 1.476522e-16 4.075867e-01 16 0
6473.2328 6479.0587 4.160814e-16 1.731360e-16 3.705586e-01 16 0
6473.7888 6479.6152 5.119347e-16 1.250671e-16 4.638659e-01 16 0
6474.3449 6480.1718 5.027087e-16 1.208258e-16 4.549152e-01 16 0
6474.9009 6480.7283 4.878109e-16 1.229002e-16 4.404379e-01 16 0
6475.4570 6481.2849 3.483749e-16 1.328595e-16 3.048679e-01 16 0
6476.0130 6481.8414 7.544309e-16 1.497191e-16 7.010464e-01 16 0
6476.5691 6482.3980 5.582901e-16 1.250028e-16 5.092860e-01 16 0
6477.1251 6482.9545 5.309783e-16 1.177192e-16 4.826750e-01 0 0
6477.6812 6483.5111 4.681881e-16 1.211214e-16 4.214845e-01 16 0
6478.2372 6484.0676 6.685367e-16 1.201726e-16 6.172138e-01 272 0
6478.7932 6484.6242 5.071354e-16 1.162498e-16 4.595287e-01 0 0
6479.3493 6485.1807 6.992968e-16 1.250766e-16 6.474636e-01 16 0
6479.9053 6485.7372 2.876734e-16 1.706781e-16 2.460114e-01 16 0
6480.4614 6486.2938 2.745456e-16 1.256269e-16 2.332765e-01 16 0
6481.0174 6486.8503 5.286277e-16 1.192121e-16 4.806638e-01 16 0
6481.5734 6487.4068 3.361694e-16 1.295774e-16 2.931251e-01 16 0
6482.1295 6487.9634 5.755845e-16 1.189352e-16 5.266474e-01 16 0
6482.6855 6488.5199 4.499478e-16 1.160238e-16 4.039631e-01 0 0
6483.2415 6489.0764 2.864674e-16 1.284977e-16 2.448466e-01 16 0
6483.7975 6489.6329 5.219541e-16 1.248691e-16 4.743382e-01 16 0
6484.3536 6490.1895 8.078512e-16 1.228629e-16 7.546409e-01 16 0
6484.9096 6490.7460 3.469911e-16 1.352839e-16 3.037114e-01 16 0
6485.4656 6491.3025 5.453552e-16 1.183821e-16 4.973407e-01 0 0
6486.0216 6491.8590 7.260682e-16 1.222120e-16 6.745268e-01 0 0
6486.5776 6492.4155 6.311763e-16 1.184736e-16 5.814865e-01 0 0
6487.1336 6492.9721 3.437440e-16 1.593707e-16 3.005906e-01 16 0
6487.6896 6493.5286 4.446092e-16 1.243111e-16 3.989892e-01 0 0
6488.2457 6494.0851 6.083693e-16 1.265271e-16 5.592828e-01 0 0
6488.8017 6494.6416 4.484835e-16 1.731920e-16 4.028255e-01 16 0
6489.3577 6495.1981 6.944577e-16 1.187779e-16 6.438733e-01 16 0
6489.9137 6495.7546 5.219716e-16 1.179465e-16 4.747669e-01 0 0
6490.4697 6496.3111 4.649976e-16 1.202348e-16 4.190496e-01 16 0
6491.0257 6496.8676 4.278071e-16 1.242787e-16 3.827183e-01 16 0
6491.5817 6497.4241 7.055610e-15 3.358085e-16 6.997649e+00 16 0
6492.1377 6497.9806 5.160015e-16 1.204417e-16 4.690647e-01 16 0
6492.6937 6498.5371 4.959687e-16 1.207455e-16 4.494788e-01 16 0
6493.2496 6499.0936 5.363198e-16 1.282809e-16 4.890477e-01 16 0
6493.8056 6499.6501 5.428761e-16 1.243444e-16 4.955136e-01 16 0
6494.3616 6500.2065 3.671816e-16 1.344464e-16 3.235987e-01 16 0
6494.9176 6500.7630 6.693879e-16 1.277636e-16 6.198283e-01 16 0
6495.4736 6501.3195 9.806861e-16 1.453969e-16 9.267372e-01 16 0
6496.0296 6501.8760 5.431439e-16 1.291344e-16 4.959294e-01 16 0
6496.5855 6502.4325 3.168380e-16 1.376333e-16 2.744883e-01 16 0
6497.1415 6502.9889 6.295445e-16 1.274903e-16 5.808689e-01 16 0
6497.6975 6503.5454 2.053214e-16 1.457316e-16 1.658292e-01 16 0
6498.2535 6504.1019 5.065560e-16 1.269616e-16 4.601775e-01 16 0
6498.8094 6504.6584 4.554612e-16 1.200064e-16 4.101126e-01 16 0
6499.3654 6505.2148 4.190242e-16 1.207572e-16 3.744429e-01 16 0
6499.9214 6505.7713 2.418343e-16 1.186250e-16 2.013432e-01 16 0
6500.4773 6506.3278 3.087655e-16 1.193099e-16 2.666392e-01 16 0
6501.0333 6506.8842 4.666428e-16 1.229961e-16 4.211769e-01 16 0
6501.5893 6507.4407 4.754637e-16 1.155953e-16 4.298561e-01 0 0
6502.1452 6507.9971 5.980034e-16 1.222087e-16 5.502745e-01 16 0
6502.7012 6508.5536 4.727688e-16 1.823860e-16 4.272666e-01 16 0
6503.2571 6509.1100 8.069963e-16 1.220795e-16 7.563718e-01 0 0
6503.8131 6509.6665 3.199266e-16 1.169192e-16 2.775744e-01 16 0
6504.3690 6510.2229 3.184439e-16 1.161809e-16 2.761300e-01 0 0
6504.9250 6510.7794 5.312659e-16 1.244115e-16 4.848437e-01 16 0
6505.4809 6511.3358 2.672509e-16 1.216518e-16 2.261008e-01 16 0
6506.0368 6511.8923 4.666280e-16 1.166194e-16 4.213967e-01 0 0
6506.5928 6512.4487 4.346078e-16 1.156677e-16 3.899873e-01 0 0
6507.1487 6513.0051 6.752558e-16 1.283420e-16 6.268024e-01 16 0
6507.7046 6513.5616 4.351651e-16 1.198316e-16 3.905769e-01 16 0
6508.2606 6514.1180 5.830191e-16 1.213013e-16 5.359927e-01 16 0
6508.8165 6514.6744 5.853475e-16 1.169744e-16 5.383270e-01 0 0
6509.3724 6515.2309 3.095685e-16 1.158686e-16 2.674887e-01 0 0
6509.9284 6515.7873 6.026861e-16 1.433403e-16 5.554950e-01 16 0
6510.4843 6516.3437 8.649013e-16 1.228839e-16 8.145715e-01 16 0
6511.0402 6516.9001 4.987189e-16 1.225439e-16 4.531872e-01 16 0
6511.5961 6517.4565 4.163062e-16 1.284302e-16 3.721989e-01 16 0
6512.1520 6518.0130 5.914320e-16 1.205556e-16 5.445696e-01 0 0
6512.7079 6518.5694 7.393574e-16 1.215250e-16 6.906572e-01 16 0
6513.2638 6519.1258 2.243038e-16 1.145633e-16 1.840719e-01 0 0
6513.8198 6519.6822 3.316899e-16 1.188174e-16 2.892087e-01 16 0
6514.3757 6520.2386 4.744852e-16 1.172652e-16 4.295081e-01 0 0
6514.9316 6520.7950 4.597132e-16 1.200462e-16 4.149974e-01 16 0
6515.4875 6521.3514 4.694617e-16 1.247646e-16 4.246153e-01 16 0
6516.0434 6521.9078 6.009418e-16 1.205245e-16 5.542397e-01 16 0
6516.5992 6522.4642 5.097896e-16 1.171963e-16 4.643854e-01 16 0
6517.1551 6523.0206 6.620495e-16 1.202685e-16 6.146805e-01 16 0
6517.7110 6523.5770 6.157797e-16 1.235330e-16 5.690158e-01 16 0
6518.2669 6524.1334 6.843512e-16 2.004451e-16 6.368271e-01 16 0
6518.8228 6524.6897 5.416440e-16 2.006366e-16 4.959187e-01 16 0
6519.3787 6525.2461 1.753942e-16 1.175828e-16 1.361535e-01 0 0
6519.9346 6525.8025 5.661599e-16 1.196267e-16 5.201821e-01 16 0
6520.4904 6526.3589 5.467374e-16 1.177364e-16 5.010468e-01 0 0
6521.0463 6526.9152 3.659741e-16 1.252583e-16 3.229967e-01 16 0
6521.6022 6527.4716 4.500394e-16 1.283060e-16 4.057508e-01 16 0
6522.1580 6528.0280 5.397629e-16 1.374374e-16 4.942639e-01 16 0
6522.7139 6528.5843 4.868896e-16 1.334348e-16 4.421239e-01 16 0
6523.2698 6529.1407 3.454264e-16 1.225113e-16 3.028374e-01 16 0
6523.8256 6529.6971 7.766494e-16 1.313780e-16 7.287782e-01 16 0
6524.3815 6530.2534 3.270265e-16 1.323316e-16 2.847659e-01 16 0
6524.9373 6530.8098 4.551189e-16 1.222834e-16 4.108926e-01 16 0
6525.4932 6531.3661 3.211494e-16 1.358454e-16 2.790021e-01 16 0
6526.0490 6531.9225 6.935292e-16 1.220078e-16 6.466247e-01 16 0
6526.6049 6532.4788 4.902319e-16 1.368353e-16 4.456094e-01 16 0
6527.1607 6533.0352 3.424504e-16 1.225553e-16 2.999743e-01 16 0
6527.7165 6533.5915 5.039162e-16 1.160306e-16 4.591763e-01 0 0
6528.2724 6534.1478 2.345899e-16 1.686276e-16 1.939892e-01 16 0
6528.8282 6534.7042 4.510620e-16 1.179832e-16 4.070475e-01 16 0
6529.3840 6535.2605 4.093812e-16 1.166897e-16 3.659528e-01 0 0
6529.9399 6535.8168 5.039743e-16 1.459609e-16 4.593464e-01 16 0
6530.4957 6536.3731 3.800550e-16 1.365921e-16 3.370737e-01 16 0
6531.0515 6536.9295 4.348218e-16 1.156716e-16 3.911045e-01 0 0
6531.6073 6537.4858 6.279967e-16 1.171111e-16 5.821646e-01 0 0
6532.1632 6538.0421 5.362938e-16 1.167055e-16 4.914183e-01 0 0
6532.7190 6538.5984 2.871240e-16 1.476773e-16 2.455990e-01 16 0
6533.2748 6539.1547 7.410734e-16 1.244798e-16 6.944564e-01 0 0
6533.8306 6539.7110 4.729783e-16 1.230014e-16 4.288985e-01 0 0
6534.3864 6540.2673 5.310314e-16 1.221403e-16 4.863361e-01 0 0
6534.9422 6540.8236 4.914118e-16 1.157891e-16 4.471720e-01 0 0
6535.4980 6541.3799 3.878662e-16 1.188317e-16 3.449029e-01 16 0
6536.0538 6541.9362 2.932399e-16 1.189967e-16 2.516361e-01 16 0
6536.6096 6542.4925 3.558399e-16 1.227194e-16 3.133326e-01 16 0
6537.1654 6543.0488 4.614639e-16 1.173825e-16 4.176566e-01 16 0
6537.7211 6543.6051 5.312788e-16 1.196722e-16 4.867634e-01 16 0
6538.2769 6544.1614 5.057702e-16 1.208663e-16 4.615381e-01 16 0
6538.8327 6544.7177 2.444594e-15 2.453370e-16 2.401056e+00 16 0
6539.3885 6545.2739 3.673717e-16 1.232313e-16 3.247678e-01 16 0
6539.9443 6545.8302 5.987321e-16 1.189590e-16 5.537468e-01 16 0
6540.5000 6546.3865 3.985289e-16 1.261204e-16 3.555657e-01 16 0
6541.0558 6546.9427 6.685846e-16 1.190004e-16 6.231592e-01 0 0
6541.6116 6547.4990 3.110274e-16 1.248971e-16 2.692106e-01 16 0
6542.1673 6548.0553 3.710583e-16 1.243766e-16 3.284692e-01 16 0
6542.7231 6548.6115 5.699089e-16 1.206061e-16 5.253344e-01 0 0
6543.2788 6549.1678 8.039346e-16 1.208120e-16 7.579572e-01 0 0
6543.8346 6549.7240 4.899555e-16 1.258392e-16 4.461395e-01 16 0
6544.3903 6550.2803 5.810864e-16 1.226380e-16 5.365257e-01 16 0
6544.9461 6550.8365 5.865674e-16 1.182403e-16 5.420000e-01 16 0
6545.5018 6551.3928 5.831753e-16 1.182736e-16 5.386679e-01 0 0
6546.0575 6551.9490 4.865295e-16 1.297459e-16 4.428439e-01 16 0
6546.6133 6552.5052 7.381111e-16 1.197214e-16 6.927552e-01 16 0
6547.1690 6553.0615 1.538785e-16 2.090085e-16 1.144522e-01 16 0
6547.7247 6553.6177 4.638718e-16 1.186858e-16 4.204625e-01 16 0
6548.2805 6554.1739 5.908083e-16 1.242670e-16 5.464193e-01 16 0
6548.8362 6554.7301 7.722913e-16 1.216443e-16 7.269922e-01 16 0
6549.3919 6555.2864 4.053771e-16 1.155307e-16 3.625888e-01 0 0
6549.9476 6555.8426 7.410115e-16 1.278419e-16 6.959382e-01 16 0
6550.5033 6556.3988 7.647663e-16 1.199488e-16 7.196506e-01 0 0
6551.0590 6556.9550 5.823516e-16 1.176260e-16 5.381879e-01 0 0
6551.6147 6557.5112 3.596456e-16 1.213760e-16 3.173876e-01 16 0
6552.1704 6558.0674 8.043422e-16 1.195039e-16 7.592547e-01 0 0
6552.7261 6558.6236 7.140511e-16 1.537784e-16 6.693231e-01 16 0
6553.2818 6559.1798 8.094049e-16 1.228036e-16 7.644119e-01 16 0
6553.8375 6559.7360 8.002564e-16 1.190264e-16 7.553411e-01 0 0
6554.3932 6560.2922 1.388526e-15 1.426860e-16 1.344062e+00 16 0
6554.9489 6560.8483 1.559556e-15 1.294032e-16 1.515889e+00 16 0
6555.5046 6561.4045 1.415174e-15 1.372978e-16 1.371017e+00 16 0
6556.0602 6561.9607 1.360242e-15 2.248622e-16 1.315994e+00 16 0
6556.6159 6562.5169 1.754403e-15 1.292331e-16 1.712163e+00 16 0
6557.1716 6563.0730 -6.273715e-16 1.397256e-16 -6.400009e-01 16400 0
6557.7272 6563.6292 1.853220e-15 1.343771e-16 1.811891e+00 16 0
6558.2829 6564.1854 2.285838e-15 1.358301e-16 2.248055e+00 16 0
6558.8386 6564.7415 2.191284e-15 1.372611e-16 2.152857e+00 16 0
6559.3942 6565.2977 2.231756e-15 1.325161e-16 2.193848e+00 0 0
6559.9499 6565.8538 2.491202e-15 1.355089e-16 2.455882e+00 16 0
6560.5055 6566.4100 2.381782e-15 1.354794e-16 2.345595e+00 16 0
6561.0612 6566.9661 2.719282e-15 1.384346e-16 2.686696e+00 0 0
6561.6168 6567.5223 3.355866e-15 1.432970e-16 3.330872e+00 0 0
6562.1724 6568.0784 4.480088e-15 1.532617e-16 4.470474e+00 0 0
6562.7281 6568.6345 5.489863e-15 2.392433e-16 5.495715e+00 16 0
6563.2837 6569.1907 7.511603e-15 1.767297e-16 7.550878e+00 16 0
6563.8393 6569.7468 9.185639e-15 1.865081e-16 9.254599e+00 0 0
6564.3950 6570.3029 1.040237e-14 1.945086e-16 1.049392e+01 0 0
6564.9506 6570.8590 1.103917e-14 2.024881e-16 1.114317e+01 16 0
6565.5062 6571.4151 1.175257e-14 2.945400e-16 1.187064e+01 16 0
6566.0618 6571.9713 8.170734e-15 1.796981e-16 8.224365e+00 0 0
6566.6174 6572.5274 6.352919e-15 1.682078e-16 6.375811e+00 16 0
6567.1730 6573.0835 4.617559e-15 1.556527e-16 4.613057e+00 16 0
6567.7286 6573.6396 3.783116e-15 1.526977e-16 3.766709e+00 16 0
6568.2842 6574.1957 3.430603e-15 1.433015e-16 3.409615e+00 0 0
6568.8398 6574.7517 2.798405e-15 1.389090e-16 2.769581e+00 16 0
6569.3954 6575.3078 3.031679e-15 1.390889e-16 3.005941e+00 0 0
6569.9510 6575.8639 3.236060e-15 1.413507e-16 3.213195e+00 0 0
6570.5065 6576.4200 3.811685e-15 1.485500e-16 3.797054e+00 16 0
6571.0621 6576.9761 4.512086e-15 1.543385e-16 4.508274e+00 0 0
6571.6177 6577.5321 5.602607e-15 1.625300e-16 5.616828e+00 16 0
6572.1733 6578.0882 6.040330e-15 1.702779e-16 6.062403e+00 16 0
6572.7288 6578.6443 7.228668e-15 1.746477e-16 7.272178e+00 0 0
6573.2844 6579.2003 7.456195e-15 1.760382e-16 7.504344e+00 16 0
6573.8399 6579.7564 7.312695e-15 1.747224e-16 7.358742e+00 0 0
6574.3955 6580.3125 6.398472e-15 1.702378e-16 6.428537e+00 16 0
6574.9510 6580.8685 5.501104e-15 1.711368e-16 5.515924e+00 16 0
6575.5066 6581.4245 4.541010e-15 1.588930e-16 4.540173e+00 16 0
6576.0621 6581.9806 3.381370e-15 1.447753e-16 3.363028e+00 16 0
6576.6177 6582.5366 2.524070e-15 1.457391e-16 2.494496e+00 16 0
6577.1732 6583.0927 2.147107e-15 1.353884e-16 2.113345e+00 16 0
6577.7287 6583.6487 1.622238e-15 1.364049e-16 1.583551e+00 16 0
6578.2843 6584.2047 1.472928e-15 1.266572e-16 1.433174e+00 0 0
6578.8398 6584.7607 8.296549e-16 1.534605e-16 7.869503e-01 16 0
6579.3953 6585.3167 1.088066e-15 1.628814e-16 1.046181e+00 16 0
6579.9508 6585.8728 2.384018e-16 2.346456e-16 1.976414e-01 16 0
6580.5063 6586.4288 7.463808e-16 1.894565e-16 7.037183e-01 16 0
6581.0618 6586.9848 6.796307e-16 1.904909e-16 6.369959e-01 16 0
6581.6173 6587.5408 7.966989e-16 1.192494e-16 7.541663e-01 0 0
6582.1728 6588.0968 6.918444e-16 1.254912e-16 6.492762e-01 16 0
6582.7283 6588.6528 5.974789e-16 1.190715e-16 5.550052e-01 16 0
6583.2838 6589.2088 2.455513e-16 2.709044e-16 2.047421e-01 272 0
6583.8393 6589.7647 4.939651e-16 1.179743e-16 4.517661e-01 16 0
6584.3948 6590.3207 7.023381e-16 1.186452e-16 6.599100e-01 0 0
6584.9502 6590.8767 6.752441e-16 1.170939e-16 6.328424e-01 0 0
6585.5057 6591.4327 4.239000e-16 1.194195e-16 3.820068e-01 16 0
6586.0612 6591.9886 4.220946e-16 1.179920e-16 3.802242e-01 16 0
6586.6166 6592.5446 9.103383e-16 1.195790e-16 8.684792e-01 0 0
6587.1721 6593.1005 7.629205e-16 1.194516e-16 7.207344e-01 0 0
6587.7275 6593.6565 5.249503e-16 1.194988e-16 4.828215e-01 0 0
6588.2830 6594.2125 9.967887e-16 2.216033e-16 9.554188e-01 16 0
6588.8384 6594.7684 8.920295e-16 1.399118e-16 8.502928e-01 16 0
6589.3939 6595.3243 6.025725e-16 1.191104e-16 5.604202e-01 0 0
6589.9493 6595.8803 7.225165e-16 1.189862e-16 6.804486e-01 16 0
6590.5048 6596.4362 7.250804e-16 1.273263e-16 6.830502e-01 16 0
6591.0602 6596.9921 8.319977e-16 1.201541e-16 7.902409e-01 0 0
6591.6156 6597.5481 1.392276e-15 1.339972e-16 1.353861e+00 16 0
6592.1710 6598.1040 1.444066e-15 1.308817e-16 1.406168e+00 16 0
6592.7264 6598.6599 1.617846e-15 1.277203e-16 1.581656e+00 16 0
6593.2819 6599.2158 1.480865e-15 1.283998e-16 1.443449e+00 16 0
6593.8373 6599.7717 1.475578e-15 1.256711e-16 1.438190e+00 0 0
6594.3927 6600.3276 1.669662e-15 1.353176e-16 1.634257e+00 16 0
6594.9481 6600.8835 1.655429e-15 1.281858e-16 1.619962e+00 0 0
6595.5035 6601.4394 7.162559e-16 1.184339e-16 6.745055e-01 16 0
6596.0588 6601.9953 8.011930e-16 1.236258e-16 7.596870e-01 16 0
6596.6142 6602.5512 6.853045e-16 1.220837e-16 6.435621e-01 0 0
6597.1696 6603.1071 4.629992e-16 1.314316e-16 4.213247e-01 16 0
6597.7250 6603.6629 3.672939e-16 1.233464e-16 3.259248e-01 16 0
6598.2804 6604.2188 5.661404e-16 1.170589e-16 5.243906e-01 0 0
6598.8357 6604.7747 2.879803e-16 1.266526e-16 2.470141e-01 16 0
6599.3911 6605.3305 2.025581e-16 1.184815e-16 1.621754e-01 16 0
6599.9464 6605.8864 5.476760e-16 1.161877e-16 5.059958e-01 0 0
6600.5018 6606.4422 5.362059e-16 1.169441e-16 4.945508e-01 0 0
6601.0571 6606.9981 3.181930e-16 1.147517e-16 2.771005e-01 0 0
6601.6125 6607.5539 4.607718e-16 1.207542e-16 4.192346e-01 16 0
6602.1678 6608.1098 5.375042e-16 1.174195e-16 4.959096e-01 0 0
6602.7232 6608.6656 4.783215e-16 1.230930e-16 4.367914e-01 16 0
6603.2785 6609.2214 4.264664e-16 1.193658e-16 3.850435e-01 16 0
6603.8338 6609.7773 5.041183e-16 1.363188e-16 4.625977e-01 16 0
6604.3891 6610.3331 1.733447e-16 1.336760e-16 1.332180e-01 16 0
6604.9445 6610.8889 2.519065e-16 1.201571e-16 2.112242e-01 16 0
6605.4998 6611.4447 4.878003e-16 1.180452e-16 4.463459e-01 16 0
6606.0551 6612.0005 3.186412e-16 1.183459e-16 2.776287e-01 16 0
6606.6104 6612.5563 3.199567e-16 1.216615e-16 2.789478e-01 16 0
6607.1657 6613.1121 3.244923e-16 1.219026e-16 2.834740e-01 16 0
6607.7210 6613.6679 2.895381e-16 1.159734e-16 2.486854e-01 16 0
6608.2763 6614.2237 1.799816e-16 1.284226e-16 1.398209e-01 16 0
6608.8315 6614.7795 2.999299e-16 1.159147e-16 2.590449e-01 16 0
6609.3868 6615.3353 4.372532e-16 1.167405e-16 3.959700e-01 16 0
6609.9421 6615.8910 3.930109e-16 1.173500e-16 3.518273e-01 16 0
6610.4974 6616.4468 2.668951e-16 1.147581e-16 2.261955e-01 0 0
6611.0526 6617.0026 3.451791e-16 1.191603e-16 3.041550e-01 16 0
6611.6079 6617.5583 4.721901e-16 1.221504e-16 4.309295e-01 16 0
6612.1631 6618.1141 2.572366e-16 1.176740e-16 2.166099e-01 16 0
6612.7184 6618.6698 1.783251e-16 1.137985e-16 1.382070e-01 0 0
6613.2736 6619.2256 4.284132e-16 1.206970e-16 3.872429e-01 16 0
6613.8289 6619.7813 2.762605e-16 1.160895e-16 2.355609e-01 16 0
6614.3841 6620.3371 1.750942e-16 1.145265e-16 1.350132e-01 16 0
6614.9393 6620.8928 3.334839e-16 1.150770e-16 2.925723e-01 0 0
6615.4946 6621.4485 2.603537e-16 1.232890e-16 2.197559e-01 16 0
6616.0498 6622.0042 2.271084e-16 1.157141e-16 1.866992e-01 16 0
6616.6050 6622.5599 1.437740e-16 1.156094e-16 1.039546e-01 16 0
6617.1602 6623.1157 5.280485e-16 1.214777e-16 4.869562e-01 16 0
6617.7154 6623.6714 5.062593e-16 1.213987e-16 4.651720e-01 16 0
6618.2706 6624.2271 1.658824e-16 1.251230e-16 1.259038e-01 16 0
6618.8258 6624.7828 3.891299e-16 1.482263e-16 3.481549e-01 16 0
6619.3810 6625.3384 3.964175e-16 1.168139e-16 3.554422e-01 0 0
6619.9362 6625.8941 2.496267e-16 1.149160e-16 2.091466e-01 16 0
6620.4914 6626.4498 5.957668e-16 1.178445e-16 5.548785e-01 0 0
6621.0465 6627.0055 6.037728e-16 1.167624e-16 5.629206e-01 0 0
6621.6017 6627.5612 3.210667e-16 1.190048e-16 2.803202e-01 16 0
6622.1569 6628.1168 4.802794e-16 1.235156e-16 4.393108e-01 16 0
6622.7120 6628.6725 5.110380e-16 1.327987e-16 4.700988e-01 16 0
6623.2672 6629.2281 3.116433e-16 1.288536e-16 2.709588e-01 16 0
6623.8223 6629.7838 3.857300e-18 1.194916e-16 -3.435981e-02 0 0
6624.3775 6630.3394 5.454201e-16 1.165071e-16 5.045670e-01 0 0
6624.9326 6630.8951 3.381884e-16 1.180881e-16 2.974564e-01 0 0
6625.4878 6631.4507 1.867150e-16 1.383008e-16 1.466748e-01 16 0
6626.0429 6632.0063 3.313710e-16 1.170127e-16 2.906798e-01 16 0
6626.5980 6632.5620 2.434945e-16 1.368363e-16 2.031480e-01 16 0
6627.1531 6633.1176 3.730654e-16 1.249003e-16 3.323025e-01 16 0
6627.7083 6633.6732 1.305418e-16 1.133785e-16 9.093982e-02 16 0
6628.2634 6634.2288 4.873787e-16 1.179223e-16 4.465760e-01 16 0
6628.8185 6634.7844 5.137245e-16 1.162205e-16 4.729581e-01 0 0
6629.3736 6635.3400 2.715648e-16 1.311939e-16 2.311405e-01 16 0
6629.9287 6635.8956 1.941883e-16 1.168007e-16 1.541669e-01 16 0
6630.4837 6636.4512 2.473320e-16 1.185535e-16 2.070336e-01 0 0
6631.0388 6637.0068 1.046261e-16 1.421396e-16 6.528807e-02 16 0
6631.5939 6637.5623 1.937830e-16 1.138178e-16 1.537912e-01 0 0
6632.1490 6638.1179 3.096291e-16 1.301067e-16 2.691225e-01 16 0
6632.7040 6638.6735 6.021368e-16 1.204384e-16 5.616497e-01 16 0
6633.2591 6639.2290 5.171210e-16 1.161297e-16 4.764774e-01 0 0
6633.8142 6639.7846 4.001246e-16 1.233653e-16 3.594730e-01 16 0
6634.3692 6640.3401 2.061005e-16 1.168933e-16 1.660850e-01 0 0
6634.9243 6640.8957 1.726056e-17 1.676495e-16 -2.104634e-02 16 0
6635.4793 6641.4512 -1.434010e-16 1.449966e-16 -1.787858e-01 16 0
6636.0343 6642.0068 3.252199e-16 1.150594e-16 2.847498e-01 0 0
6636.5894 6642.5623 3.196107e-16 1.201374e-16 2.791673e-01 16 0
6637.1444 6643.1178 1.775224e-16 1.167983e-16 1.377323e-01 16 0
6637.6994 6643.6733 3.228406e-16 1.159137e-16 2.824124e-01 0 0
6638.2544 6644.2289 3.233191e-16 1.338373e-16 2.829016e-01 16 0
6638.8094 6644.7844 2.516593e-16 1.382519e-16 2.115027e-01 16 0
6639.3644 6645.3399 2.982256e-16 1.173382e-16 2.579050e-01 16 0
6639.9194 6645.8954 5.922849e-16 1.158858e-16 5.519709e-01 0 0
6640.4744 6646.4509 3.159359e-16 1.133224e-16 2.755871e-01 0 0
6641.0294 6647.0063 1.642105e-16 1.124145e-16 1.245878e-01 1024 0
6641.5844 6647.5618 2.429874e-16 1.151996e-16 2.029294e-01 1040 0
6642.1394 6648.1173 2.861540e-16 1.293934e-16 2.459348e-01 1040 0
6642.6943 6648.6728 3.722442e-16 1.180472e-16 3.318292e-01 1040 0
6643.2493 6649.2282 2.278363e-16 1.572170e-16 1.878881e-01 1040 0
6643.8043 6649.7837 4.129179e-16 1.151381e-16 3.724893e-01 1024 0
6644.3592 6650.3391 2.559763e-16 1.144409e-16 2.159243e-01 1024 0
6644.9142 6650.8946 2.955427e-16 1.152548e-16 2.553565e-01 1040 0
6645.4691 6651.4500 3.398053e-16 1.134321e-16 2.995138e-01 1024 0
6646.0240 6652.0055 3.148571e-16 1.145893e-16 2.746400e-01 1024 0
6646.5790 6652.5609 2.175341e-16 1.163571e-16 1.777182e-01 1024 0
6647.1339 6653.1163 5.164469e-16 1.155689e-16 4.761524e-01 1024 0
6647.6888 6653.6717 3.261054e-16 1.222694e-16 2.858994e-01 1040 0
6648.2437 6654.2271 4.211133e-16 1.172468e-16 3.807887e-01 1040 0
6648.7986 6654.7826 3.345218e-16 1.143152e-16 2.943234e-01 1024 0
6649.3535 6655.3380 4.618496e-16 1.252525e-16 4.215551e-01 1040 0
6649.9084 6655.8933 1.472022e-16 1.128575e-16 1.079184e-01 1024 0
6650.4633 6656.4487 3.253124e-16 1.184627e-16 2.851785e-01 1040 0
6651.0182 6657.0041 4.327159e-16 1.163842e-16 3.924578e-01 1024 0
6651.5731 6657.5595 1.474542e-16 1.247352e-16 1.082159e-01 16 0
6652.1280 6658.1149 2.556922e-16 1.417435e-16 2.158387e-01 16 0
6652.6828 6658.6702 2.287593e-16 1.148635e-16 1.890470e-01 16 0
6653.2377 6659.2256 2.994550e-16 1.163895e-16 2.594683e-01 16 0
6653.7925 6659.7810 2.123685e-16 1.157805e-16 1.727749e-01 0 0
6654.3474 6660.3363 3.222632e-16 1.134738e-16 2.822404e-01 1024 0
6654.9022 6660.8917 1.305494e-16 1.136661e-16 9.154451e-02 1040 0
6655.4571 6661.4470 3.973956e-16 1.161176e-16 3.572705e-01 1024 0
6656.0119 6662.0023 3.372090e-16 1.148042e-16 2.971955e-01 1024 0
6656.5667 6662.5577 3.286956e-16 1.263384e-16 2.887184e-01 1040 0
6657.1216 6663.1130 2.523279e-16 1.470530e-16 2.126337e-01 1040 0
6657.6764 6663.6683 3.533804e-16 1.197149e-16 3.133795e-01 1040 0
6658.2312 6664.2236 3.631913e-16 1.573538e-16 3.231880e-01 1040 0
6658.7860 6664.7789 2.417013e-16 1.229250e-16 2.021087e-01 1040 0
6659.3408 6665.3342 3.961292e-16 1.350686e-16 3.561121e-01 1040 0
6659.8956 6665.8895 -4.649431e-17 1.234495e-16 -8.299935e-02 1040 0
6660.4504 6666.4448 1.976232e-16 1.420681e-16 1.583281e-01 1040 0
6661.0051 6667.0001 5.583601e-16 1.174757e-16 5.184921e-01 1024 0
6661.5599 6667.5553 3.300747e-16 1.154172e-16 2.902422e-01 1024 0
6662.1147 6668.1106 3.423924e-16 1.156950e-16 3.025468e-01 1024 0
6662.6695 6668.6659 2.899723e-16 1.234055e-16 2.503009e-01 1040 0
6663.2242 6669.2211 4.850764e-16 1.182245e-16 4.451584e-01 1040 0
6663.7790 6669.7764 3.822308e-16 1.195205e-16 3.423614e-01 1040 0
6664.3337 6670.3316 3.789444e-16 1.181020e-16 3.390969e-01 1040 0
6664.8884 6670.8868 2.948668e-16 1.155493e-16 2.552522e-01 1040 0
6665.4432 6671.4421 3.622134e-16 1.148586e-16 3.224303e-01 1024 0
6665.9979 6671.9973 1.962562e-16 1.152385e-16 1.571743e-01 1040 0
6666.5526 6672.5525 5.688418e-16 1.203676e-16 5.291422e-01 1040 0
6667.1073 6673.1077 8.072447e-17 1.392559e-16 4.265487e-02 1040 0
6667.6620 6673.6629 3.432341e-16 1.171566e-16 3.035668e-01 1040 0
6668.2167 6674.2181 4.474467e-16 1.156577e-16 4.076624e-01 1040 0
6668.7714 6674.7733 1.634932e-16 1.182680e-16 1.247562e-01 1040 0
6669.3261 6675.3285 3.414851e-16 1.149826e-16 3.018801e-01 1040 0
6669.8808 6675.8837 5.180678e-16 1.319327e-16 4.783722e-01 1040 0
6670.4355 6676.4389 4.585618e-16 1.189551e-16 4.188458e-01 1040 0
6670.9902 6676.9940 3.000067e-16 1.147550e-16 2.605944e-01 1024 0
6671.5448 6677.5492 1.940219e-16 1.158996e-16 1.551869e-01 16 0
6672.0995 6678.1044 3.938439e-16 1.158759e-16 3.542296e-01 0 0
6672.6541 6678.6595 3.366983e-16 1.150472e-16 2.972281e-01 0 0
6673.2088 6679.2147 -1.527800e-16 1.257485e-16 -1.862429e-01 16 0
6673.7634 6679.7698 5.746483e-16 1.155751e-16 5.351616e-01 16 0
6674.3181 6680.3249 6.672451e-16 1.364605e-16 6.280478e-01 16 0
6674.8727 6680.8801 5.345483e-16 1.220046e-16 4.950238e-01 0 0
6675.4273 6681.4352 1.087616e-16 1.220176e-16 7.082814e-02 16 0
6675.9819 6681.9903 4.875719e-16 1.228895e-16 4.480411e-01 16 0
6676.5365 6682.5454 4.761326e-16 1.445883e-16 4.366174e-01 16 0
6677.0911 6683.1005 2.324886e-16 1.178588e-16 1.936626e-01 0 0
6677.6457 6683.6556 3.514723e-16 1.176722e-16 3.121566e-01 16 0
6678.2003 6684.2107 4.471583e-16 1.158739e-16 4.077076e-01 16 0
6678.7549 6684.7658 1.946986e-16 1.150159e-16 1.562049e-01 16 0
6679.3095 6685.3208 4.660384e-16 1.160968e-16 4.266208e-01 0 0
6679.8640 6685.8759 4.679548e-16 1.218068e-16 4.285572e-01 16 0
6680.4186 6686.4310 2.143349e-16 1.150714e-16 1.757898e-01 16 0
6680.9732 6686.9860 2.674553e-16 1.141725e-16 2.286206e-01 0 0
6681.5277 6687.5411 4.010876e-16 1.299138e-16 3.618188e-01 16 0
6682.0823 6688.0961 3.138369e-16 1.164553e-16 2.748420e-01 16 0
6682.6368 6688.6512 2.597410e-16 1.151060e-16 2.210309e-01 16 0
6683.1913 6689.2062 3.265838e-16 1.351124e-16 2.875918e-01 16 0
6683.7459 6689.7612 4.333906e-16 1.152755e-16 3.941660e-01 0 0
6684.3004 6690.3162 2.895208e-16 1.152672e-16 2.507409e-01 0 0
6684.8549 6690.8713 1.702880e-16 1.270650e-16 1.323291e-01 16 0
6685.4094 6691.4263 4.920960e-16 1.167112e-16 4.529061e-01 16 0
6685.9639 6691.9813 3.955353e-16 1.140965e-16 3.564685e-01 0 0
6686.5184 6692.5362 5.306083e-16 1.152577e-16 4.914768e-01 0 0
6687.0729 6693.0912 5.342563e-16 1.247450e-16 4.951489e-01 16 0
6687.6273 6693.6462 2.752630e-16 1.570912e-16 2.367322e-01 16 0
6688.1818 6694.2012 6.283714e-16 1.339177e-16 5.894638e-01 16 0
6688.7363 6694.7561 7.030487e-16 1.171355e-16 6.643957e-01 0 0
6689.2907 6695.3111 3.816760e-16 1.155890e-16 3.427995e-01 16 0
6689.8452 6695.8661 5.173840e-16 1.201242e-16 4.783764e-01 16 0
6690.3996 6696.4210 4.305742e-16 1.138066e-16 3.916450e-01 0 0
6690.9541 6696.9759 3.945517e-16 1.156886e-16 3.557236e-01 16 0
6691.5085 6697.5309 4.751842e-16 1.255601e-16 4.362552e-01 16 0
6692.0629 6698.0858 2.745792e-16 1.726879e-16 2.363079e-01 16 0
6692.6174 6698.6407 4.327855e-16 1.133976e-16 3.939587e-01 0 0
6693.1718 6699.1956 3.344094e-16 1.309091e-16 2.959012e-01 16 0
6693.7262 6699.7505 3.261027e-16 1.319551e-16 2.876627e-01 16 0
6694.2806 6700.3054 3.493996e-16 1.154061e-16 3.108930e-01 16 0
6694.8350 6700.8603 5.697606e-16 1.156307e-16 5.309983e-01 0 0
6695.3894 6701.4152 3.730476e-16 1.165043e-16 3.345168e-01 16 0
6695.9437 6701.9701 4.022516e-16 1.183126e-16 3.636627e-01 16 0
6696.4981 6702.5250 4.235923e-16 1.241484e-16 3.849812e-01 16 0
6697.0525 6703.0798 -1.033663e-16 1.412145e-16 -1.357392e-01 16 0
6697.6068 6703.6347 3.706611e-16 1.182673e-16 3.322654e-01 16 0
6698.1612 6704.1895 2.972317e-16 1.178547e-16 2.592124e-01 16 0
6698.7155 6704.7444 3.351501e-16 1.156311e-16 2.969692e-01 0 0
6699.2699 6705.2992 4.201168e-16 1.183352e-16 3.816658e-01 0 0
6699.8242 6705.8541 3.557061e-16 1.164842e-16 3.175031e-01 0 0
6700.3785 6706.4089 4.817251e-16 1.291200e-16 4.432241e-01 16 0
6700.9329 6706.9637 5.818688e-16 2.416442e-16 5.433905e-01 16 0
6701.4872 6707.5185 5.332979e-16 1.357243e-16 4.948243e-01 0 0
6702.0415 6708.0733 6.264957e-16 1.262482e-16 5.881299e-01 16 0
6702.5958 6708.6281 5.732536e-16 1.605843e-16 5.348481e-01 16 0
6703.1501 6709.1829 6.283198e-16 1.178715e-16 5.900080e-01 0 0
6703.7043 6709.7377 4.069312e-16 1.137399e-16 3.687818e-01 0 0
6704.2586 6710.2925 4.223556e-16 1.574488e-16 3.841942e-01 16 0
6704.8129 6710.8472 3.318674e-16 1.287520e-16 2.941106e-01 16 0
6705.3672 6711.4020 1.607939e-16 1.495025e-16 1.244697e-01 16 0
6705.9214 6711.9567 5.609714e-16 1.167958e-16 5.227309e-01 0 0
6706.4757 6712.5115 6.139078e-16 1.148208e-16 5.757353e-01 0 0
6707.0299 6713.0662 4.311455e-16 1.143567e-16 3.931351e-01 0 0
6707.5841 6713.6210 3.923588e-16 1.151752e-16 3.545163e-01 0 0
6708.1384 6714.1757 5.131187e-16 1.162158e-16 4.750215e-01 16 0
6708.6926 6714.7304 6.355714e-16 1.169040e-16 5.975423e-01 0 0
6709.2468 6715.2851 4.584505e-16 1.767900e-16 4.205132e-01 16 0
6709.8010 6715.8398 4.725418e-16 1.135382e-16 4.346094e-01 0 0
6710.3552 6716.3945 4.508201e-16 1.161132e-16 4.129755e-01 0 0
6710.9094 6716.9492 6.169537e-16 1.180953e-16 5.790194e-01 16 0
6711.4636 6717.5039 5.539309e-16 1.159244e-16 5.160066e-01 0 0
6712.0178 6718.0586 6.706623e-16 1.259744e-16 6.328689e-01 16 0
6712.5719 6718.6132 5.588129e-16 1.159138e-16 5.209546e-01 0 0
6713.1261 6719.1679 3.424178e-16 1.200330e-16 3.052366e-01 16 0
6713.6803 6719.7226 4.866691e-16 1.332723e-16 4.489668e-01 16 0
6714.2344 6720.2772 3.980924e-16 1.139731e-16 3.607140e-01 16 0
6714.7885 6720.8319 3.290883e-16 1.261584e-16 2.921291e-01 16 0
6715.3427 6721.3865 3.744995e-16 1.179491e-16 3.373226e-01 16 0
6715.8968 6721.9411 4.120302e-16 1.215259e-16 3.747224e-01 16 0
6716.4509 6722.4957 4.524348e-16 1.184269e-16 4.150219e-01 16 0
6717.0050 6723.0504 1.940552e-16 1.113136e-16 1.585109e-01 0 0
6717.5592 6723.6050 5.468101e-16 1.167031e-16 5.092853e-01 16 0
6718.1133 6724.1596 6.902717e-16 1.178877e-16 6.528597e-01 16 0
6718.6673 6724.7141 5.877405e-16 1.159006e-16 5.502688e-01 0 0
6719.2214 6725.2687 6.390291e-16 1.241417e-16 6.016132e-01 0 0
6719.7755 6725.8233 7.582679e-16 1.256761e-16 7.211243e-01 16 0
6720.3296 6726.3779 6.346331e-16 1.221193e-16 5.972861e-01 0 0
6720.8836 6726.9324 4.247985e-16 1.208511e-16 3.878465e-01 16 0
6721.4377 6727.4870 5.700321e-16 1.223365e-16 5.327630e-01 16 0
6721.9917 6728.0415 4.476053e-16 1.295670e-16 4.106547e-01 16 0
6722.5458 6728.5961 6.220377e-16 1.204977e-16 5.848359e-01 16 0
6723.0998 6729.1506 4.483217e-16 1.156899e-16 4.114636e-01 16 0
6723.6538 6729.7051 4.569668e-16 1.207724e-16 4.201236e-01 16 0
6724.2079 6730.2596 2.158432e-16 1.444683e-16 1.808620e-01 16 0
6724.7619 6730.8142 6.152952e-16 1.293937e-16 5.782533e-01 16 0
6725.3159 6731.3687 4.642960e-16 1.162678e-16 4.275717e-01 16 0
6725.8699 6731.9232 7.370365e-16 1.179047e-16 7.002154e-01 16 0
6726.4239 6732.4776 5.266016e-16 1.148519e-16 4.897892e-01 0 0
6726.9778 6733.0321 8.631835e-16 1.288689e-16 8.268602e-01 16 0
6727.5318 6733.5866 6.503913e-16 1.167518e-16 6.135660e-01 0 0
6728.0858 6734.1411 4.434002e-16 1.139208e-16 4.070188e-01 0 0
6728.6397 6734.6955 7.088730e-16 1.192886e-16 6.721920e-01 16 0
6729.1937 6735.2500 5.510751e-16 1.237019e-16 5.144506e-01 16 0
6729.7476 6735.8044 7.755562e-16 1.276572e-16 7.391012e-01 16 0
6730.3016 6736.3588 -2.488153e-15 1.497152e-16 -2.557254e+00 16400 0
6730.8555 6736.9133 6.510545e-16 1.196373e-16 6.144912e-01 16 0
6731.4094 6737.4677 4.074115e-16 1.186679e-16 3.715577e-01 16 0
6731.9633 6738.0221 3.375143e-16 1.398922e-16 3.022259e-01 16 0
6732.5172 6738.5765 5.410309e-16 1.135621e-16 5.047292e-01 0 0
6733.0711 6739.1309 7.533359e-16 1.169313e-16 7.170737e-01 0 0
6733.6250 6739.6853 4.858179e-16 1.163006e-16 4.498021e-01 16 0
6734.1789 6740.2397 4.483821e-16 1.137196e-16 4.125956e-01 0 0
6734.7328 6740.7941 7.405452e-16 1.195691e-16 7.043905e-01 16 0
6735.2867 6741.3484 5.256478e-16 1.182185e-16 4.896587e-01 16 0
6735.8405 6741.9028 4.624949e-16 1.138000e-16 4.268171e-01 0 0
6736.3944 6742.4571 7.908402e-16 1.265009e-16 7.549320e-01 16 0
6736.9482 6743.0115 3.657973e-16 1.141572e-16 3.308761e-01 16 0
6737.5021 6743.5658 5.308788e-16 1.317929e-16 4.951011e-01 16 0
6738.0559 6744.1201 5.914784e-16 1.165647e-16 5.556089e-01 0 0
6738.6097 6744.6745 6.916224e-16 1.227078e-16 6.557482e-01 16 0
6739.1635 6745.2288 6.073612e-16 1.420756e-16 5.715777e-01 16 0
6739.7173 6745.7831 6.427643e-16 1.165572e-16 6.069989e-01 16 0
6740.2711 6746.3374 6.813966e-16 1.156436e-16 6.456759e-01 256 0
6740.8249 6746.8917 9.397510e-16 1.694929e-16 9.047652e-01 16 0
6741.3787 6747.4459 1.294784e-15 2.044851e-16 1.262432e+00 16 0
6741.9325 6748.0002 5.864523e-16 1.138688e-16 5.509962e-01 16 0
6742.4862 6748.5545 6.650716e-16 1.153797e-16 6.295730e-01 0 0
6743.0400 6749.1087 5.900798e-16 1.241270e-16 5.547367e-01 16 0
6743.5938 6749.6630 5.104652e-16 1.286348e-16 4.754502e-01 16 0
6744.1475 6750.2172 7.010702e-16 1.247308e-16 6.657400e-01 16 0
6744.7012 6750.7715 2.035306e-16 1.465046e-16 1.716996e-01 16 0
6745.2550 6751.3257 7.090670e-16 1.156807e-16 6.738545e-01 0 0
6745.8087 6751.8799 5.662862e-16 1.403268e-16 5.313244e-01 16 0
6746.3624 6752.4341 6.897257e-16 1.206148e-16 6.546291e-01 0 0
6746.9161 6752.9883 6.130011e-16 1.200595e-16 5.780492e-01 0 0
6747.4698 6753.5425 6.908307e-16 1.142297e-16 6.558553e-01 0 0
6748.0235 6754.0967 6.545024e-16 1.357478e-16 6.196135e-01 16 0
6748.5772 6754.6509 5.667452e-16 1.211579e-16 5.321203e-01 16 0
6749.1308 6755.2051 7.598999e-16 1.165944e-16 7.251395e-01 0 0
6749.6845 6755.7592 7.089265e-16 1.297014e-16 6.741981e-01 16 0
6750.2382 6756.3134 7.151221e-16 1.224211e-16 6.804573e-01 16 0
6750.7918 6756.8675 5.093082e-16 1.179097e-16 4.752260e-01 16 0
6751.3455 6757.4217 7.172264e-16 1.257535e-16 6.826903e-01 16 0
6751.8991 6757.9758 6.411839e-16 1.151975e-16 6.067803e-01 16 0
6752.4527 6758.5299 4.496109e-16 1.336081e-16 4.161525e-01 16 0
6753.0063 6759.0840 6.152116e-16 1.156395e-16 5.810066e-01 0 0
6753.5599 6759.6381 5.638971e-16 1.165961e-16 5.299377e-01 16 0
6754.1135 6760.1922 5.284031e-16 1.147301e-16 4.946864e-01 16 0
6754.6671 6760.7463 4.978485e-16 1.130865e-16 4.643881e-01 0 0
6755.2207 6761.3004 5.112202e-16 1.172953e-16 4.777607e-01 16 0
6755.7743 6761.8545 7.022924e-16 1.274545e-16 6.683042e-01 16 0
6756.3279 6762.4086 4.974249e-16 1.221548e-16 4.642183e-01 272 0
6756.8814 6762.9626 5.463612e-16 1.206046e-16 5.129558e-01 272 0
6757.4350 6763.5167 6.275900e-16 1.196586e-16 5.939498e-01 16 0
6757.9885 6764.0707 5.119557e-16 1.151803e-16 4.789128e-01 0 0
6758.5421 6764.6247 6.283730e-16 1.503096e-16 5.948867e-01 16 0
6759.0956 6765.1788 5.544260e-16 1.293243e-16 5.213127e-01 16 0
6759.6491 6765.7328 5.539280e-16 1.244801e-16 5.209024e-01 16 0
6760.2026 6766.2868 7.331823e-16 1.242062e-16 6.997627e-01 0 0
6760.7561 6766.8408 7.403670e-16 1.202089e-16 7.070208e-01 0 0
6761.3096 6767.3948 4.953234e-16 1.157253e-16 4.629307e-01 0 0
6761.8631 6767.9488 6.205268e-16 1.143320e-16 5.875527e-01 0 0
6762.4166 6768.5028 6.402089e-16 1.507601e-16 6.072555e-01 16 0
6762.9700 6769.0567 1.396537e-14 3.239110e-16 1.423090e+01 16 0
6763.5235 6769.6107 -3.168210e-16 1.251984e-16 -3.258897e-01 16400 0
6764.0770 6770.1646 6.353010e-16 1.147502e-16 6.026168e-01 0 0
6764.6304 6770.7186 6.651090e-16 1.140452e-16 6.324232e-01 0 0
6765.1838 6771.2725 6.121940e-16 1.145039e-16 5.797706e-01 0 0
6765.7373 6771.8264 7.576422e-16 1.148488e-16 7.249956e-01 0 0
6766.2907 6772.3804 5.666810e-16 1.160535e-16 5.346642e-01 16 0
6766.8441 6772.9343 7.957817e-16 1.273065e-16 7.633027e-01 16 0
6767.3975 6773.4882 7.919876e-16 1.182244e-16 7.595880e-01 16 0
6767.9509 6774.0421 6.142496e-16 1.159952e-16 5.822731e-01 16 0
6768.5043 6774.5959 7.105998e-16 1.154059e-16 6.784202e-01 16 0
6769.0577 6775.1498 7.179675e-16 1.223838e-16 6.858630e-01 16 0
6769.6110 6775.7037 5.963502e-16 1.131346e-16 5.647457e-01 0 0
6770.1644 6776.2575 6.392950e-16 1.146230e-16 6.075890e-01 16 0
6770.7177 6776.8114 8.895310e-16 1.158261e-16 8.577546e-01 0 0
6771.2711 6777.3652 7.414420e-16 1.140840e-16 7.096591e-01 0 0
6771.8244 6777.9191 7.538694e-16 1.330429e-16 7.221625e-01 16 0
6772.3778 6778.4729 7.794176e-16 1.151914e-16 7.477832e-01 16 0
6772.9311 6779.0267 7.115636e-16 1.274226e-16 6.801059e-01 16 0
6773.4844 6779.5805 6.438113e-16 1.171153e-16 6.126688e-01 16 0
6774.0377 6780.1343 8.388518e-16 1.158984e-16 8.075002e-01 16 0
6774.5910 6780.6881 8.074925e-16 1.321967e-16 7.762134e-01 16 0
6775.1443 6781.2419 5.725987e-16 1.144344e-16 5.421656e-01 16 0
6775.6975 6781.7957 7.700452e-16 1.239044e-16 7.389650e-01 16 0
6776.2508 6782.3494 7.692491e-16 1.161503e-16 7.382639e-01 16 0
6776.8041 6782.9032 8.764884e-16 1.164562e-16 8.456281e-01 16 0
6777.3573 6783.4569 6.461811e-16 1.225508e-16 6.157448e-01 16 0
6777.9106 6784.0107 1.039072e-15 1.191988e-16 1.008913e+00 16 0
6778.4638 6784.5644 7.046560e-16 1.271849e-16 6.741969e-01 16 0
6779.0170 6785.1181 2.513898e-16 1.198952e-16 2.266453e-01 16 0
6779.5702 6785.6718 4.382239e-16 1.532235e-16 4.101149e-01 16 0
6780.1234 6786.2256 8.550745e-16 1.148077e-16 8.247445e-01 0 0
6780.6766 6786.7793 8.432145e-16 1.306246e-16 8.129734e-01 16 0
6781.2298 6787.3329 6.313663e-16 1.141122e-16 6.017755e-01 16 0
6781.7830 6787.8866 6.610842e-16 1.374514e-16 6.314432e-01 16 0
6782.3362 6788.4403 7.195391e-16 1.343528e-16 6.897681e-01 16 0
6782.8893 6788.9939 7.789849e-16 1.138498e-16 7.491792e-01 0 0
6783.4425 6789.5476 7.173264e-16 1.195257e-16 6.877795e-01 16 0
6783.9957 6790.1012 8.329349e-16 1.158165e-16 8.032892e-01 0 0
6784.5488 6790.6549 8.827006e-16 1.164967e-16 8.531762e-01 16 0
6785.1019 6791.2085 7.800132e-16 1.163106e-16 7.506285e-01 16 0
6785.6550 6791.7621 7.005279e-16 1.316749e-16 6.714948e-01 16 0
6786.2081 6792.3157 8.613772e-16 1.166167e-16 8.321441e-01 16 0
6786.7613 6792.8693 6.683302e-16 1.124367e-16 6.396918e-01 0 0
6787.3143 6793.4229 7.313219e-16 1.131761e-16 7.025113e-01 256 0
6787.8674 6793.9765 7.356449e-16 1.134405e-16 7.069338e-01 0 0
6788.4205 6794.5301 9.080043e-16 1.157353e-16 8.792223e-01 0 0
6788.9736 6795.0836 8.984524e-16 1.152669e-16 8.697647e-01 0 0
6789.5266 6795.6372 6.405396e-16 1.199566e-16 6.126996e-01 16 0
6790.0797 6796.1908 8.851675e-16 1.348156e-16 8.566835e-01 16 0
6790.6327 6796.7443 7.784429e-16 1.271736e-16 7.501795e-01 16 0
6791.1858 6797.2978 7.875176e-16 1.156554e-16 7.593479e-01 16 0
6791.7388 6797.8513 7.239923e-16 1.372151e-16 6.961640e-01 16 0
6792.2918 6798.4049 8.176839e-16 1.292977e-16 7.896852e-01 16 0
6792.8448 6798.9584 1.067758e-16 2.289065e-16 9.275606e-02 16 0
6793.3978 6799.5118 8.588473e-16 1.613870e-16 8.310318e-01 16 0
6793.9508 6800.0653 6.595823e-16 1.157314e-16 6.326557e-01 16 0
6794.5038 6800.6188 9.581875e-16 1.209442e-16 9.306600e-01 16 0
6795.0567 6801.1723 9.268596e-16 1.194842e-16 8.993983e-01 16 0
6795.6097 6801.7257 7.811520e-16 1.130563e-16 7.539663e-01 0 0
6796.1626 6802.2792 6.486386e-16 1.117000e-16 6.223519e-01 0 0
6796.7156 6802.8326 8.443342e-16 1.134190e-16 8.172416e-01 0 0
6797.2685 6803.3861 9.717013e-16 1.137621e-16 9.447570e-01 16 0
6797.8214 6803.9395 7.329101e-16 1.170442e-16 7.064536e-01 16 0
6798.3743 6804.4929 8.623532e-16 1.136802e-16 8.356013e-01 0 0
6798.9273 6805.0463 1.181506e-15 1.209174e-16 1.155771e+00 16 0
6799.4802 6805.5997 1.004553e-15 1.184407e-16 9.781353e-01 16 0
6800.0330 6806.1531 8.876544e-16 1.146339e-16 8.612463e-01 16 0
6800.5859 6806.7064 8.946717e-16 1.228240e-16 8.683825e-01 16 0
6801.1388 6807.2598 9.281712e-16 1.180214e-16 9.019997e-01 16 0
6801.6916 6807.8132 9.594095e-16 1.163818e-16 9.333808e-01 16 0
6802.2445 6808.3665 6.218720e-16 1.144349e-16 5.975075e-01 16 0
6802.7973 6808.9199 1.073165e-15 1.180513e-16 1.047652e+00 16 0
6803.3502 6809.4732 7.575540e-16 1.284558e-16 7.323444e-01 16 0
6803.9030 6810.0265 7.981029e-16 1.133209e-16 7.728301e-01 0 0
6804.4558 6810.5798 7.183186e-16 1.244306e-16 6.936637e-01 16 0
6805.0086 6811.1331 1.140579e-15 1.459357e-16 1.115825e+00 16 0
6805.5614 6811.6864 8.657540e-16 1.220382e-16 8.406684e-01 16 0
6806.1142 6812.2397 8.250388e-16 1.366330e-16 8.002152e-01 16 0
6806.6670 6812.7930 1.004233e-15 1.133644e-16 9.793710e-01 0 0
6807.2197 6813.3462 1.019565e-15 1.648926e-16 9.948550e-01 16 0
6807.7725 6813.8995 8.287982e-16 1.213123e-16 8.043857e-01 16 0
6808.3252 6814.4527 1.114366e-15 1.149383e-16 1.090197e+00 0 0
6808.8780 6815.0060 9.159571e-16 1.205227e-16 8.915952e-01 16 0
6809.4307 6815.5592 7.681724e-16 1.173826e-16 7.445342e-01 16 0
6809.9834 6816.1124 8.974305e-16 1.117237e-16 8.733758e-01 0 0
6810.5362 6816.6656 1.003796e-15 1.145857e-16 9.798302e-01 16 0
6811.0889 6817.2188 9.614044e-16 1.133604e-16 9.375530e-01 0 0
6811.6416 6817.7720 6.332581e-16 1.147017e-16 6.116927e-01 16 0
6812.1942 6818.3252 1.198437e-15 1.238446e-16 1.175537e+00 16 0
6812.7469 6818.8784 9.258196e-16 1.142456e-16 9.024184e-01 0 0
6813.2996 6819.4315 9.279301e-16 1.216908e-16 9.046682e-01 16 0
6813.8522 6819.9847 8.213418e-16 1.222038e-16 7.986209e-01 16 0
6814.4049 6820.5378 9.312742e-16 1.204476e-16 9.082947e-01 16 0
6814.9575 6821.0910 1.136250e-15 1.139285e-16 1.113670e+00 0 0
6815.5101 6821.6441 8.892470e-16 1.440537e-16 8.666762e-01 16 0
6816.0628 6822.1972 9.990456e-16 1.136225e-16 9.764394e-01 0 0
6816.6154 6822.7503 1.244175e-15 1.329187e-16 1.222540e+00 16 0
6817.1680 6823.3034 1.119039e-15 1.149352e-16 1.096919e+00 16 0
6817.7206 6823.8565 1.083612e-15 1.445493e-16 1.061527e+00 16 0
6818.2731 6824.4096 1.750345e-15 1.228197e-16 1.734455e+00 16 0
6818.8257 6824.9627 9.494793e-16 1.137051e-16 9.276525e-01 16 0
6819.3783 6825.5157 9.260606e-16 1.172330e-16 9.044477e-01 16 0
6819.9308 6826.0688 1.082321e-15 1.253599e-16 1.060787e+00 16 0
6820.4834 6826.6218 1.067156e-15 1.179303e-16 1.045738e+00 0 0
6821.0359 6827.1748 9.389228e-16 1.126774e-16 9.177421e-01 16 0
6821.5884 6827.7278 1.021565e-15 1.117307e-16 1.000410e+00 0 0
6822.1409 6828.2809 1.284855e-15 1.162438e-16 1.264764e+00 16 0
6822.6934 6828.8339 6.805613e-16 1.258553e-16 6.622794e-01 16 0
6823.2459 6829.3869 1.052508e-15 1.126509e-16 1.031804e+00 0 0
6823.7984 6829.9398 9.850726e-16 1.135685e-16 9.645687e-01 16 0
6824.3509 6830.4928 1.186899e-15 1.199149e-16 1.166807e+00 16 0
6824.9034 6831.0458 1.012703e-15 1.479058e-16 9.924716e-01 16 0
6825.4558 6831.5987 1.201044e-15 1.144945e-16 1.181292e+00 0 0
6826.0083 6832.1517 1.247987e-15 1.147259e-16 1.228606e+00 0 0
6826.5607 6832.7046 9.893886e-16 1.209693e-16 9.696786e-01 16 0
6827.1131 6833.2575 1.170920e-15 1.178722e-16 1.151477e+00 16 0
6827.6655 6833.8104 1.141318e-15 1.168464e-16 1.121935e+00 16 0
6828.2179 6834.3633 1.094266e-15 1.145053e-16 1.074955e+00 0 0
6828.7703 6834.9162 6.893146e-16 1.356560e-16 6.733712e-01 16 0
6829.3227 6835.4691 1.224627e-15 1.186896e-16 1.205973e+00 0 0
6829.8751 6836.0220 1.149694e-15 1.168432e-16 1.130930e+00 0 0
6830.4275 6836.5749 1.254310e-15 1.162018e-16 1.236087e+00 16 0
6830.9798 6837.1277 1.082890e-15 1.130624e-16 1.064360e+00 16 0
6831.5322 6837.6806 1.085170e-15 1.159040e-16 1.066801e+00 0 0
6832.0845 6838.2334 1.067107e-15 1.241449e-16 1.048911e+00 16 0
6832.6368 6838.7862 1.077311e-15 1.274009e-16 1.059271e+00 16 0
6833.1892 6839.3390 1.437918e-15 1.289598e-16 1.421704e+00 16 0
6833.7415 6839.8918 1.036109e-15 1.421598e-16 1.018471e+00 16 0
6834.2938 6840.4446 1.235753e-15 1.133622e-16 1.218471e+00 0 0
6834.8461 6840.9974 1.274612e-15 1.163824e-16 1.257658e+00 0 0
6835.3983 6841.5502 1.290268e-15 1.206554e-16 1.273544e+00 0 0
6835.9506 6842.1030 1.232556e-15 1.320504e-16 1.215718e+00 16 0
6836.5029 6842.6557 1.326142e-15 1.161004e-16 1.309920e+00 0 0
6837.0551 6843.2085 1.327773e-15 1.148081e-16 1.311708e+00 0 0
6837.6074 6843.7612 1.305327e-15 1.153223e-16 1.289280e+00 16 0
6838.1596 6844.3139 1.158494e-15 1.200534e-16 1.142118e+00 16 0
6838.7118 6844.8667 1.127781e-15 1.172487e-16 1.111563e+00 0 0
6839.2640 6845.4194 1.234421e-15 1.191801e-16 1.218526e+00 16 0
6839.8162 6845.9721 1.136456e-15 1.123018e-16 1.120578e+00 0 0
6840.3684 6846.5247 1.362391e-15 1.633244e-16 1.347435e+00 16 0
6840.9206 6847.0774 1.281632e-15 1.204359e-16 1.266387e+00 16 0
6841.4728 6847.6301 1.240772e-15 1.139069e-16 1.225538e+00 0 0
6842.0249 6848.1827 1.116531e-15 1.161039e-16 1.101375e+00 16 0
6842.5771 6848.7354 1.700300e-15 2.112905e-16 1.689330e+00 16 0
6843.1292 6849.2880 1.317769e-15 1.189095e-16 1.303319e+00 16 0
6843.6813 6849.8407 1.185712e-15 1.125072e-16 1.171049e+00 0 0
6844.2335 6850.3933 1.185270e-15 1.168337e-16 1.170781e+00 16 0
6844.7856 6850.9459 1.376089e-15 1.139063e-16 1.362435e+00 0 0
6845.3377 6851.4985 1.253578e-15 1.199482e-16 1.239532e+00 16 0
6845.8898 6852.0511 1.367761e-15 1.151823e-16 1.354366e+00 16 0
6846.4418 6852.6036 1.418736e-15 1.145792e-16 1.405830e+00 16 0
6846.9939 6853.1562 1.023220e-15 1.128090e-16 1.010255e+00 0 0
6847.5460 6853.7088 9.359634e-16 1.198355e-16 9.241580e-01 16 0
6848.0980 6854.2613 1.405916e-15 1.136417e-16 1.393385e+00 0 0
6848.6501 6854.8138 1.223803e-15 1.154576e-16 1.210743e+00 16 0
6849.2021 6855.3664 1.440977e-15 1.213825e-16 1.429002e+00 16 0
6849.7541 6855.9189 1.279560e-15 1.126103e-16 1.266937e+00 0 0
6850.3061 6856.4714 1.199163e-15 1.160009e-16 1.186649e+00 16 0
6850.8581 6857.0239 1.150277e-15 1.144229e-16 1.138048e+00 16 0
6851.4101 6857.5764 4.684300e-16 1.119437e-16 4.435695e-01 0 0
6851.9621 6858.1288 9.164078e-16 1.200129e-16 8.918654e-01 16 0
6852.5140 6858.6813 9.907847e-16 1.148988e-16 9.695891e-01 0 0
6853.0660 6859.2337 6.993214e-16 1.134563e-16 6.778583e-01 16 0
6853.6179 6859.7862 7.379524e-16 1.135865e-16 7.122786e-01 16 0
6854.1699 6860.3386 7.076090e-16 1.166559e-16 6.804051e-01 16 0
6854.7218 6860.8910 6.782720e-16 1.138330e-16 6.517060e-01 16 0
6855.2737 6861.4435 6.897966e-16 1.179603e-16 6.657377e-01 16 0
6855.8256 6861.9959 1.281886e-15 1.352133e-16 1.261285e+00 528 0
