# PTF11KLY obnd49010 G230L MAMA z=0.000804 a2center=491.2 extrsize=11 exptime=2200.0 mode=fixed flags=none
# rest_wvl obs_wvl flux error net dq mask
1589.4346 1590.7125 -1.592620e-14 1.179941e-14 -8.219647e-03 2564 0
1590.9769 1592.2560 1.320898e-15 1.299919e-14 7.766635e-04 2564 0
1592.5191 1593.7995 5.183698e-15 6.912837e-15 3.460660e-03 2564 0
1594.0614 1595.3430 -5.321457e-15 7.062340e-15 -4.026572e-03 2564 0
1595.6036 1596.8865 -2.111583e-14 6.351427e-15 -1.801717e-02 2048 0
1597.1459 1598.4300 1.440635e-14 6.797880e-15 1.382959e-02 0 0
1598.6882 1599.9735 -3.616026e-17 5.795352e-15 -3.880804e-05 0 0
1600.2305 1601.5170 -7.807735e-16 5.016586e-15 -9.339602e-04 0 0
1601.7728 1603.0606 2.571772e-15 4.744283e-15 3.407628e-03 0 0
1603.3151 1604.6041 7.094823e-15 4.490092e-15 1.038244e-02 0 0
1604.8574 1606.1477 -6.237883e-15 3.552355e-15 -1.002577e-02 0 0
1606.3997 1607.6913 -4.424132e-15 3.344740e-15 -7.791015e-03 0 0
1607.9420 1609.2348 1.121707e-15 3.365909e-15 2.153740e-03 0 0
1609.4844 1610.7784 -5.346764e-16 3.031776e-15 -1.117265e-03 0 0
1611.0267 1612.3220 -2.396387e-15 2.668797e-15 -5.425265e-03 0 0
1612.5691 1613.8656 -3.990620e-15 2.305666e-15 -9.772563e-03 0 0
1614.1115 1615.4092 -2.273137e-15 2.215272e-15 -5.996210e-03 0 0
1615.6538 1616.9528 -3.451427e-15 1.983655e-15 -9.790769e-03 0 0
1617.1962 1618.4965 -4.112920e-15 1.796136e-15 -1.249852e-02 0 0
1618.7386 1620.0401 -1.574137e-15 1.807445e-15 -5.115488e-03 0 0
1620.2810 1621.5837 -9.429213e-16 1.768563e-15 -3.265382e-03 0 0
1621.8235 1623.1274 -1.972919e-15 1.592180e-15 -7.267484e-03 0 0
1623.3659 1624.6711 5.901459e-16 1.639420e-15 2.305091e-03 0 0
1624.9083 1626.2147 -5.948456e-16 1.470373e-15 -2.458926e-03 0 0
1626.4507 1627.7584 -6.273104e-16 1.403394e-15 -2.736770e-03 0 0
1627.9932 1629.3021 -1.213061e-15 1.260887e-15 -5.574348e-03 0 0
1629.5357 1630.8458 6.930291e-16 1.351456e-15 3.346410e-03 0 0
1631.0781 1632.3895 -1.485469e-15 1.132694e-15 -7.522260e-03 0 0
1632.6206 1633.9332 -9.198262e-16 1.108291e-15 -4.874795e-03 0 0
1634.1631 1635.4769 2.671872e-15 1.300939e-15 1.479069e-02 0 0
1635.7056 1637.0207 -4.169304e-16 1.051283e-15 -2.406583e-03 0 0
1637.2481 1638.5644 8.561104e-17 1.041307e-15 5.142973e-04 0 0
1638.7906 1640.1082 1.242967e-16 1.015363e-15 7.759840e-04 0 0
1640.3331 1641.6519 -1.227776e-16 9.303942e-16 -7.951506e-04 0 0
1641.8756 1643.1957 -2.069403e-16 9.299527e-16 -1.388599e-03 0 0
1643.4182 1644.7395 -2.367071e-16 8.762420e-16 -1.642978e-03 0 0
1644.9607 1646.2833 -7.998824e-16 8.015894e-16 -5.737020e-03 0 0
1646.5033 1647.8271 2.376468e-16 8.397636e-16 1.758717e-03 0 0
1648.0458 1649.3709 2.439528e-16 8.526862e-16 1.861205e-03 0 0
1649.5884 1650.9147 -8.276467e-16 7.254860e-16 -6.500912e-03 0 0
1651.1310 1652.4585 1.638001e-16 7.760938e-16 1.323532e-03 0 0
1652.6736 1654.0023 4.248702e-16 7.722798e-16 3.527484e-03 0 0
1654.2162 1655.5462 9.855145e-16 7.869358e-16 8.401757e-03 0 0
1655.7588 1657.0900 3.163162e-16 7.209998e-16 2.766001e-03 0 0
1657.3014 1658.6339 -1.603409e-16 6.782695e-16 -1.437274e-03 0 0
1658.8440 1660.1778 -4.468068e-16 6.412063e-16 -4.101489e-03 0 0
1660.3867 1661.7216 -1.411434e-15 5.354936e-16 -1.326098e-02 0 0
1661.9293 1663.2655 4.916820e-16 6.799123e-16 4.723814e-03 0 0
1663.4720 1664.8094 -6.836677e-16 5.705585e-16 -6.713293e-03 0 0
1665.0146 1666.3533 -2.331060e-16 5.939992e-16 -2.337602e-03 0 0
1666.5573 1667.8972 -1.248254e-16 5.864508e-16 -1.277775e-03 0 0
1668.1000 1669.4411 -2.648763e-16 5.752221e-16 -2.765783e-03 0 0
1669.6427 1670.9851 7.656930e-16 6.211905e-16 8.152260e-03 0 0
1671.1854 1672.5290 7.874954e-16 6.262083e-16 8.543901e-03 0 0
1672.7281 1674.0729 -3.713286e-17 5.483107e-16 -4.103861e-04 0 0
1674.2708 1675.6169 -5.145197e-16 5.091444e-16 -5.789513e-03 0 0
1675.8135 1677.1609 7.223333e-16 5.864075e-16 8.272559e-03 0 0
1677.3562 1678.7048 5.383623e-16 5.606143e-16 6.272496e-03 0 0
1678.8990 1680.2488 2.163315e-16 5.236857e-16 2.563395e-03 0 0
1680.4417 1681.7928 5.135558e-16 5.484880e-16 6.186224e-03 0 0
1681.9845 1683.3368 -2.871049e-17 4.907865e-16 -3.514746e-04 0 0
1683.5273 1684.8808 -4.036040e-16 4.548247e-16 -5.019373e-03 0 0
1685.0700 1686.4248 1.901562e-16 4.825586e-16 2.401732e-03 0 0
1686.6128 1687.9689 -7.180111e-17 4.693961e-16 -9.206673e-04 0 0
1688.1556 1689.5129 -2.718236e-16 4.412375e-16 -3.537539e-03 0 0
1689.6984 1691.0569 -7.502882e-17 4.477214e-16 -9.906833e-04 0 0
1691.2412 1692.6010 -6.415095e-16 3.987328e-16 -8.591982e-03 0 0
1692.7841 1694.1451 9.972465e-17 4.434194e-16 1.354376e-03 0 0
1694.3269 1695.6891 -1.360755e-16 4.297344e-16 -1.873524e-03 0 0
1695.8697 1697.2332 5.332705e-16 4.687121e-16 7.441247e-03 0 0
1697.4126 1698.7773 -4.133978e-16 3.962656e-16 -5.845035e-03 0 0
1698.9554 1700.3214 8.452864e-16 4.724324e-16 1.210687e-02 0 0
1700.4983 1701.8655 4.989651e-16 4.508481e-16 7.237279e-03 0 0
1702.0412 1703.4096 6.181241e-16 4.420640e-16 9.077414e-03 0 0
1703.5840 1704.9537 2.110954e-16 4.211552e-16 3.138075e-03 0 0
1705.1269 1706.4979 2.967806e-16 4.167001e-16 4.465116e-03 0 0
1706.6698 1708.0420 1.279440e-16 4.020659e-16 1.947837e-03 0 0
1708.2128 1709.5862 -5.205048e-16 3.447644e-16 -8.017128e-03 0 0
1709.7557 1711.1303 1.802260e-17 3.864288e-16 2.808042e-04 0 0
1711.2986 1712.6745 -1.344429e-16 3.666582e-16 -2.118625e-03 0 0
1712.8415 1714.2187 -5.811747e-16 3.227047e-16 -9.261740e-03 0 0
1714.3845 1715.7628 -1.275871e-16 3.562983e-16 -2.055940e-03 0 0
1715.9274 1717.3070 -6.477110e-16 3.062706e-16 -1.055240e-02 0 0
1717.4704 1718.8512 -9.756141e-18 3.566607e-16 -1.606842e-04 0 0
1719.0134 1720.3955 -3.395370e-16 3.273481e-16 -5.652844e-03 0 0
1720.5563 1721.9397 -2.791737e-16 3.275001e-16 -4.697924e-03 0 0
1722.0993 1723.4839 2.057376e-16 3.637194e-16 3.499186e-03 0 0
1723.6423 1725.0281 -3.029076e-16 3.109756e-16 -5.206672e-03 0 0
1725.1853 1726.5724 3.425109e-16 3.660562e-16 5.949805e-03 0 0
1726.7284 1728.1166 -1.437965e-16 3.259687e-16 -2.524226e-03 0 0
1728.2714 1729.6609 -3.619194e-16 3.015373e-16 -6.419844e-03 0 0
1729.8144 1731.2052 3.233061e-16 3.499710e-16 5.794680e-03 0 0
1731.3575 1732.7495 -2.309557e-16 3.035262e-16 -4.182389e-03 0 0
1732.9005 1734.2938 -8.617910e-17 3.039552e-16 -1.576685e-03 0 0
1734.4436 1735.8381 -3.669766e-16 2.860386e-16 -6.782662e-03 0 0
1735.9866 1737.3824 1.163417e-16 3.244696e-16 2.172104e-03 0 0
1737.5297 1738.9267 1.610861e-16 3.238265e-16 3.037761e-03 0 0
1739.0728 1740.4710 -1.228128e-16 2.927887e-16 -2.339114e-03 0 0
1740.6159 1742.0153 1.276921e-16 3.162729e-16 2.456079e-03 0 0
1742.1590 1743.5597 -2.213539e-18 2.905150e-16 -4.299299e-05 0 0
1743.7021 1745.1040 -4.937426e-17 2.907514e-16 -9.682718e-04 0 0
1745.2452 1746.6484 3.883414e-16 3.172338e-16 7.688770e-03 0 0
1746.7884 1748.1928 9.502512e-17 3.007595e-16 1.899207e-03 0 0
1748.3315 1749.7372 2.881957e-16 3.084850e-16 5.813965e-03 0 0
1749.8747 1751.2816 8.328060e-16 3.409048e-16 1.696180e-02 0 0
1751.4178 1752.8259 3.418581e-16 3.040101e-16 7.029241e-03 0 0
1752.9610 1754.3704 6.782243e-16 3.264221e-16 1.407692e-02 0 0
1754.5042 1755.9148 4.798069e-16 3.139313e-16 1.005168e-02 0 0
1756.0473 1757.4592 5.433280e-16 3.089774e-16 1.148710e-02 0 0
1757.5905 1759.0036 5.683504e-16 3.135311e-16 1.212576e-02 0 0
1759.1337 1760.5481 2.346265e-16 2.819743e-16 5.050733e-03 0 0
1760.6769 1762.0925 7.638849e-16 3.204189e-16 1.659055e-02 0 0
1762.2202 1763.6370 8.369409e-16 3.244866e-16 1.833689e-02 0 0
1763.7634 1765.1815 4.884193e-16 2.953314e-16 1.079432e-02 0 0
1765.3066 1766.7259 4.211187e-16 2.853554e-16 9.386927e-03 0 0
1766.8499 1768.2704 8.106751e-16 3.144703e-16 1.822460e-02 0 0
1768.3931 1769.8149 -1.125294e-16 2.407213e-16 -2.551040e-03 0 0
1769.9364 1771.3594 4.090157e-16 2.801523e-16 9.349937e-03 0 0
1771.4797 1772.9039 6.211832e-16 2.925622e-16 1.431715e-02 0 0
1773.0229 1774.4485 1.108973e-15 3.199598e-16 2.576946e-02 0 0
1774.5662 1775.9930 1.099156e-15 3.204930e-16 2.574812e-02 0 0
1776.1095 1777.5375 4.353132e-16 2.739353e-16 1.027946e-02 0 0
1777.6528 1779.0821 4.695152e-16 2.700009e-16 1.117539e-02 0 0
1779.1962 1780.6266 7.191794e-16 2.893862e-16 1.725345e-02 0 0
1780.7395 1782.1712 4.538648e-16 2.697160e-16 1.097401e-02 0 0
1782.2828 1783.7158 1.050339e-15 3.043597e-16 2.559474e-02 0 0
1783.8262 1785.2604 1.374251e-15 3.242869e-16 3.374840e-02 0 0
1785.3695 1786.8049 1.050067e-15 2.996092e-16 2.598680e-02 0 0
1786.9129 1788.3496 1.499514e-15 3.292428e-16 3.739647e-02 0 0
1788.4562 1789.8942 9.907480e-16 2.929312e-16 2.489837e-02 0 0
1789.9996 1791.4388 1.220728e-15 3.015322e-16 3.091429e-02 0 0
1791.5430 1792.9834 1.421322e-15 3.171534e-16 3.627026e-02 0 0
1793.0864 1794.5280 1.536780e-15 3.162112e-16 3.951872e-02 0 0
1794.6298 1796.0727 1.097386e-15 2.929438e-16 2.843613e-02 0 0
1796.1732 1797.6173 9.443894e-16 2.827161e-16 2.466080e-02 0 0
1797.7166 1799.1620 1.069321e-15 2.822441e-16 2.813837e-02 0 0
1799.2601 1800.7067 1.494087e-15 3.090278e-16 3.962157e-02 0 0
1800.8035 1802.2514 1.424236e-15 3.006935e-16 3.806228e-02 0 0
1802.3470 1803.7961 1.449268e-15 3.035913e-16 3.903364e-02 0 0
1803.8904 1805.3408 1.297474e-15 2.915377e-16 3.521748e-02 0 0
1805.4339 1806.8855 1.462136e-15 2.985351e-16 3.999652e-02 0 0
1806.9774 1808.4302 1.857417e-15 3.176116e-16 5.120446e-02 0 0
1808.5209 1809.9749 1.229444e-15 2.868532e-16 3.415559e-02 0 0
1810.0644 1811.5196 1.572913e-15 2.992337e-16 4.403503e-02 0 0
1811.6079 1813.0644 1.175635e-15 2.777075e-16 3.316529e-02 0 0
1813.1514 1814.6091 1.559105e-15 2.966381e-16 4.431852e-02 0 0
1814.6949 1816.1539 1.886061e-15 3.176696e-16 5.401684e-02 0 0
1816.2384 1817.6987 1.425253e-15 2.878424e-16 4.112488e-02 0 0
1817.7820 1819.2435 1.444515e-15 2.838815e-16 4.198806e-02 0 0
1819.3255 1820.7882 1.430256e-15 2.850182e-16 4.187721e-02 0 0
1820.8691 1822.3330 1.473346e-15 2.811561e-16 4.344801e-02 0 0
1822.4126 1823.8778 1.411052e-15 2.823724e-16 4.190565e-02 0 0
1823.9562 1825.4227 1.771047e-15 2.952391e-16 5.296103e-02 0 0
1825.4998 1826.9675 1.841424e-15 2.977091e-16 5.544131e-02 0 0
1827.0434 1828.5123 1.546514e-15 2.820516e-16 4.687329e-02 0 0
1828.5870 1830.0572 2.102150e-15 3.055240e-16 6.413335e-02 0 0
1830.1306 1831.6020 2.086452e-15 3.128610e-16 6.406602e-02 0 0
1831.6742 1833.1469 1.939687e-15 2.973473e-16 5.993940e-02 0 0
1833.2178 1834.6917 2.006368e-15 2.954179e-16 6.238985e-02 0 0
1834.7615 1836.2366 2.207591e-15 3.114827e-16 6.907359e-02 0 0
1836.3051 1837.7815 1.850260e-15 2.893840e-16 5.824894e-02 0 0
1837.8488 1839.3264 2.240272e-15 3.031136e-16 7.095656e-02 0 0
1839.3924 1840.8713 1.958459e-15 2.985299e-16 6.240553e-02 0 0
1840.9361 1842.4162 1.978084e-15 2.901458e-16 6.340903e-02 0 0
1842.4798 1843.9611 2.313486e-15 3.064941e-16 7.460363e-02 0 0
1844.0235 1845.5061 1.536381e-15 2.665964e-16 4.983881e-02 0 0
1845.5672 1847.0510 2.768663e-15 3.259957e-16 9.034651e-02 0 0
1847.1109 1848.5959 2.568732e-15 3.127262e-16 8.431995e-02 0 0
1848.6546 1850.1409 2.300929e-15 3.002408e-16 7.597362e-02 0 0
1850.1983 1851.6859 2.698174e-15 3.168715e-16 8.957194e-02 0 0
1851.7420 1853.2308 2.178059e-15 2.929718e-16 7.269698e-02 0 0
1853.2858 1854.7758 2.162499e-15 2.942851e-16 7.256951e-02 0 0
1854.8295 1856.3208 2.654975e-15 3.088484e-16 8.957966e-02 0 0
1856.3733 1857.8658 1.975839e-15 2.779909e-16 6.702774e-02 0 0
1857.9171 1859.4108 2.787484e-15 3.186036e-16 9.507505e-02 0 0
1859.4608 1860.9558 2.504969e-15 3.027842e-16 8.590318e-02 0 0
1861.0046 1862.5009 2.708917e-15 3.126885e-16 9.340062e-02 0 0
1862.5484 1864.0459 3.205910e-15 3.300484e-16 1.111348e-01 0 0
1864.0922 1865.5910 2.165563e-15 2.807544e-16 7.547548e-02 0 0
1865.6360 1867.1360 2.574988e-15 2.976679e-16 9.022770e-02 0 0
1867.1799 1868.6811 2.013232e-15 2.791640e-16 7.092161e-02 0 0
1868.7237 1870.2261 2.467309e-15 2.940289e-16 8.738136e-02 0 0
1870.2675 1871.7712 2.244338e-15 2.868956e-16 7.990661e-02 0 0
1871.8114 1873.3163 2.679338e-15 2.998235e-16 9.589747e-02 0 0
1873.3552 1874.8614 1.982470e-15 2.706258e-16 7.132785e-02 0 0
1874.8991 1876.4065 2.575988e-15 2.954283e-16 9.316452e-02 0 0
1876.4430 1877.9516 2.069885e-15 2.677856e-16 7.524822e-02 0 0
1877.9869 1879.4968 2.332432e-15 2.850825e-16 8.522882e-02 0 0
1879.5308 1881.0419 2.123289e-15 2.739176e-16 7.798384e-02 0 0
1881.0747 1882.5870 2.141410e-15 2.745191e-16 7.904987e-02 0 0
1882.6186 1884.1322 3.005477e-15 3.078263e-16 1.115096e-01 0 0
1884.1625 1885.6774 2.744779e-15 2.960008e-16 1.023519e-01 0 0
1885.7064 1887.2225 2.717618e-15 2.972933e-16 1.018496e-01 0 0
1887.2504 1888.7677 2.437377e-15 2.797609e-16 9.180669e-02 0 0
1888.7943 1890.3129 2.741719e-15 2.957899e-16 1.037884e-01 0 0
1890.3383 1891.8581 3.101762e-15 3.090789e-16 1.180079e-01 0 0
1891.8822 1893.4033 2.699725e-15 2.905290e-16 1.032270e-01 0 0
1893.4262 1894.9485 2.724424e-15 2.925661e-16 1.046954e-01 0 0
1894.9702 1896.4937 3.205097e-15 3.122683e-16 1.237850e-01 0 0
1896.5142 1898.0390 3.052308e-15 2.997012e-16 1.184791e-01 0 0
1898.0582 1899.5842 3.050134e-15 3.048802e-16 1.189906e-01 0 0
1899.6022 1901.1295 2.663740e-15 2.808967e-16 1.044444e-01 0 0
1901.1462 1902.6747 2.278068e-15 2.671406e-16 8.977437e-02 0 0
1902.6902 1904.2200 2.759101e-15 2.891907e-16 1.092850e-01 0 0
1904.2343 1905.7653 2.631668e-15 2.783847e-16 1.047667e-01 0 0
1905.7783 1907.3105 2.649662e-15 2.834068e-16 1.060197e-01 0 0
1907.3223 1908.8558 3.215186e-15 2.996760e-16 1.292999e-01 0 0
1908.8664 1910.4011 3.084801e-15 2.972592e-16 1.246843e-01 0 0
1910.4105 1911.9464 2.553784e-15 2.721010e-16 1.037418e-01 0 0
1911.9546 1913.4918 2.803374e-15 2.815679e-16 1.144513e-01 0 0
1913.4986 1915.0371 2.551449e-15 2.739981e-16 1.046861e-01 0 0
1915.0427 1916.5824 2.997592e-15 2.852468e-16 1.235994e-01 0 0
1916.5868 1918.1278 2.634189e-15 2.742216e-16 1.091502e-01 0 0
1918.1310 1919.6731 2.734729e-15 2.768280e-16 1.138659e-01 0 0
1919.6751 1921.2185 2.650504e-15 2.744423e-16 1.108922e-01 0 0
1921.2192 1922.7639 2.725701e-15 2.746173e-16 1.145789e-01 0 0
1922.7634 1924.3093 2.850233e-15 2.778775e-16 1.203789e-01 0 0
1924.3075 1925.8547 2.973613e-15 2.847485e-16 1.261691e-01 0 0
1925.8517 1927.4001 2.505810e-15 2.604559e-16 1.068081e-01 0 0
1927.3958 1928.9455 2.738478e-15 2.729782e-16 1.172490e-01 0 0
1928.9400 1930.4909 2.972551e-15 2.819330e-16 1.278384e-01 0 0
1930.4842 1932.0363 3.330508e-15 2.906772e-16 1.438590e-01 0 0
1932.0284 1933.5817 2.087229e-15 2.422061e-16 9.054821e-02 0 0
1933.5726 1935.1272 2.957010e-15 2.757121e-16 1.288288e-01 0 0
1935.1168 1936.6726 2.430036e-15 2.580301e-16 1.063193e-01 0 0
1936.6610 1938.2181 3.079758e-15 2.803952e-16 1.353095e-01 0 0
1938.2053 1939.7636 2.432477e-15 2.555229e-16 1.073154e-01 0 0
1939.7495 1941.3091 2.482569e-15 2.524082e-16 1.099753e-01 0 0
1941.2937 1942.8545 2.703317e-15 2.652731e-16 1.202433e-01 0 0
1942.8380 1944.4000 3.094749e-15 2.735690e-16 1.382112e-01 0 0
1944.3823 1945.9456 2.830488e-15 2.712546e-16 1.269182e-01 0 0
1945.9265 1947.4911 2.821193e-15 2.641616e-16 1.270071e-01 0 0
1947.4708 1949.0366 2.752662e-15 2.626112e-16 1.244149e-01 0 0
1949.0151 1950.5821 2.701112e-15 2.607269e-16 1.225726e-01 0 0
1950.5594 1952.1277 3.297689e-15 2.799003e-16 1.502473e-01 0 0
1952.1037 1953.6732 3.103597e-15 2.749208e-16 1.419737e-01 0 0
1953.6481 1955.2188 2.638901e-15 2.539601e-16 1.212015e-01 0 0
1955.1924 1956.7644 2.891072e-15 2.635747e-16 1.333195e-01 0 0
1956.7367 1958.3099 2.848987e-15 2.622965e-16 1.319096e-01 0 0
1958.2811 1959.8555 3.050031e-15 2.697363e-16 1.417936e-01 0 0
1959.8254 1961.4011 2.912600e-15 2.636270e-16 1.359583e-01 0 0
1961.3698 1962.9467 2.889076e-15 2.582586e-16 1.354183e-01 0 0
1962.9142 1964.4923 2.880895e-15 2.624815e-16 1.355971e-01 0 0
1964.4585 1966.0380 3.548306e-15 2.849672e-16 1.677165e-01 0 0
1966.0029 1967.5836 3.145336e-15 2.695315e-16 1.493036e-01 0 0
1967.5473 1969.1292 3.737439e-15 2.918190e-16 1.781798e-01 0 0
1969.0917 1970.6749 3.201618e-15 2.697089e-16 1.533055e-01 0 0
1970.6361 1972.2205 3.186250e-15 2.670836e-16 1.532534e-01 0 0
1972.1806 1973.7662 3.601349e-15 2.838077e-16 1.740073e-01 0 0
1973.7250 1975.3119 3.449033e-15 2.757039e-16 1.674219e-01 0 0
1975.2694 1976.8576 3.341104e-15 2.698665e-16 1.629496e-01 0 0
1976.8139 1978.4033 3.289397e-15 2.745363e-16 1.611997e-01 0 0
1978.3584 1979.9490 3.718272e-15 2.837872e-16 1.831087e-01 0 0
1979.9028 1981.4947 3.253133e-15 2.666145e-16 1.609971e-01 0 0
1981.4473 1983.0404 3.668996e-15 2.811045e-16 1.824918e-01 0 0
1982.9918 1984.5861 2.967683e-15 2.537235e-16 1.483594e-01 0 0
1984.5363 1986.1319 3.249359e-15 2.659348e-16 1.632762e-01 0 0
1986.0808 1987.6776 3.071088e-15 2.571031e-16 1.551175e-01 0 0
1987.6253 1989.2234 3.412238e-15 2.674176e-16 1.732501e-01 0 0
1989.1698 1990.7691 3.293832e-15 2.645786e-16 1.681166e-01 0 0
1990.7144 1992.3149 2.892700e-15 2.510816e-16 1.484237e-01 0 0
1992.2589 1993.8607 3.476782e-15 2.677800e-16 1.793376e-01 0 0
1993.8035 1995.4065 3.167531e-15 2.622047e-16 1.642551e-01 0 0
1995.3480 1996.9523 3.258479e-15 2.561876e-16 1.698696e-01 0 0
1996.8926 1998.4981 3.086338e-15 2.536881e-16 1.617526e-01 0 0
1998.4372 2000.0439 3.503888e-15 2.669953e-16 1.846084e-01 0 0
1999.9817 2001.5897 3.681253e-15 2.668553e-16 1.949724e-01 0 0
2001.5263 2003.1356 3.398255e-15 2.646413e-16 1.809258e-01 0 0
2003.0709 2004.6814 3.224417e-15 2.511569e-16 1.725655e-01 0 0
2004.6156 2006.2273 3.769181e-15 2.732324e-16 2.027678e-01 0 0
2006.1602 2007.7731 3.321878e-15 2.560648e-16 1.796287e-01 0 0
2007.7048 2009.3190 3.179386e-15 2.490270e-16 1.728088e-01 0 0
2009.2494 2010.8649 3.465981e-15 2.602948e-16 1.893514e-01 0 0
2010.7941 2012.4108 3.392963e-15 2.564631e-16 1.863079e-01 0 0
2012.3387 2013.9567 3.519086e-15 2.619027e-16 1.942128e-01 0 0
2013.8834 2015.5026 2.835907e-15 2.342243e-16 1.572986e-01 0 0
2015.4281 2017.0485 3.404316e-15 2.534110e-16 1.897711e-01 0 0
2016.9728 2018.5944 3.355667e-15 2.494168e-16 1.879901e-01 0 0
2018.5175 2020.1403 2.706304e-15 2.295599e-16 1.523589e-01 0 0
2020.0622 2021.6863 3.378515e-15 2.514147e-16 1.911356e-01 0 0
2021.6069 2023.2322 2.981012e-15 2.372130e-16 1.694653e-01 0 0
2023.1516 2024.7782 3.431646e-15 2.487920e-16 1.960242e-01 0 0
2024.6963 2026.3242 2.846895e-15 2.315092e-16 1.633958e-01 0 0
2026.2411 2027.8702 3.259705e-15 2.462922e-16 1.879751e-01 0 0
2027.7858 2029.4161 2.953875e-15 2.324605e-16 1.711363e-01 0 0
2029.3306 2030.9621 3.368660e-15 2.477867e-16 1.960768e-01 0 0
2030.8753 2032.5081 3.303377e-15 2.394242e-16 1.931628e-01 0 0
2032.4201 2034.0542 2.825371e-15 2.284965e-16 1.659700e-01 0 0
2033.9649 2035.6002 3.162397e-15 2.370956e-16 1.866122e-01 0 0
2035.5097 2037.1462 2.792216e-15 2.229241e-16 1.655142e-01 0 0
2037.0545 2038.6922 3.065806e-15 2.357845e-16 1.825488e-01 0 0
2038.5993 2040.2383 2.472838e-15 2.077860e-16 1.479011e-01 0 0
2040.1441 2041.7844 2.439628e-15 2.129614e-16 1.465650e-01 0 0
2041.6889 2043.3304 2.834623e-15 2.237966e-16 1.710513e-01 0 0
2043.2337 2044.8765 2.496233e-15 2.108223e-16 1.512981e-01 0 0
2044.7786 2046.4226 2.520161e-15 2.108223e-16 1.534220e-01 0 0
2046.3234 2047.9687 3.121843e-15 2.303959e-16 1.908881e-01 0 0
2047.8683 2049.5148 2.453899e-15 2.083861e-16 1.507047e-01 0 0
2049.4132 2051.0609 2.609896e-15 2.123302e-16 1.610037e-01 0 0
2050.9580 2052.6070 2.478278e-15 2.094538e-16 1.535732e-01 0 0
2052.5029 2054.1531 2.591478e-15 2.103957e-16 1.613148e-01 0 0
2054.0478 2055.6993 2.235992e-15 1.989999e-16 1.398147e-01 0 0
2055.5927 2057.2454 2.367701e-15 2.028448e-16 1.487236e-01 0 0
2057.1376 2058.7916 2.315584e-15 1.988758e-16 1.461098e-01 0 0
2058.6826 2060.3377 1.902298e-15 1.851936e-16 1.205829e-01 0 0
2060.2275 2061.8839 2.003687e-15 1.855655e-16 1.275913e-01 0 0
2061.7724 2063.4301 1.941001e-15 1.850815e-16 1.241736e-01 0 0
2063.3174 2064.9763 2.072167e-15 1.905796e-16 1.331796e-01 0 0
2064.8623 2066.5225 2.139520e-15 1.901365e-16 1.381570e-01 0 0
2066.4073 2068.0687 2.080307e-15 1.896171e-16 1.349666e-01 0 0
2067.9523 2069.6149 2.067846e-15 1.901862e-16 1.348030e-01 0 0
2069.4973 2071.1611 2.334027e-15 1.969895e-16 1.528870e-01 0 0
2071.0423 2072.7074 2.022492e-15 1.844135e-16 1.331311e-01 0 0
2072.5873 2074.2536 2.069587e-15 1.887353e-16 1.369012e-01 0 0
2074.1323 2075.7999 2.215749e-15 1.888849e-16 1.473070e-01 0 0
2075.6773 2077.3461 2.089118e-15 1.860210e-16 1.395885e-01 0 0
2077.2223 2078.8924 2.124308e-15 1.890949e-16 1.426680e-01 0 0
2078.7674 2080.4387 2.036280e-15 1.816998e-16 1.374589e-01 0 0
2080.3124 2081.9850 1.981228e-15 1.830926e-16 1.344371e-01 0 0
2081.8575 2083.5313 2.070978e-15 1.814938e-16 1.412572e-01 0 0
2083.4025 2085.0776 1.570120e-15 1.635234e-16 1.076534e-01 0 0
2084.9476 2086.6239 2.019488e-15 1.793739e-16 1.391853e-01 0 0
2086.4927 2088.1702 1.643801e-15 1.644311e-16 1.138817e-01 0 0
2088.0378 2089.7166 1.829804e-15 1.738226e-16 1.274253e-01 0 0
2089.5829 2091.2629 1.779778e-15 1.697707e-16 1.245795e-01 0 0
2091.1280 2092.8093 1.706282e-15 1.672860e-16 1.200466e-01 0 0
2092.6731 2094.3556 1.547750e-15 1.603943e-16 1.094435e-01 0 0
2094.2182 2095.9020 1.411236e-15 1.523745e-16 1.002911e-01 0 0
2095.7634 2097.4484 1.748073e-15 1.659660e-16 1.248406e-01 0 0
2097.3085 2098.9948 1.646412e-15 1.611938e-16 1.181529e-01 0 0
2098.8537 2100.5412 1.864785e-15 1.696645e-16 1.344609e-01 0 0
2100.3988 2102.0876 2.035288e-15 1.766995e-16 1.474432e-01 0 0
2101.9440 2103.6340 1.814044e-15 1.672767e-16 1.320172e-01 0 0
2103.4892 2105.1804 1.807810e-15 1.667068e-16 1.321563e-01 0 0
2105.0344 2106.7268 1.739281e-15 1.628490e-16 1.277068e-01 0 0
2106.5796 2108.2733 1.633153e-15 1.573212e-16 1.204340e-01 0 0
2108.1248 2109.8197 1.667399e-15 1.598149e-16 1.234806e-01 0 0
2109.6700 2111.3662 1.649206e-15 1.587760e-16 1.226422e-01 0 0
2111.2152 2112.9126 1.219588e-15 1.408037e-16 9.106420e-02 0 0
2112.7605 2114.4591 1.591858e-15 1.547800e-16 1.193380e-01 0 0
2114.3057 2116.0056 1.722057e-15 1.601122e-16 1.296069e-01 0 0
2115.8510 2117.5521 1.471392e-15 1.498552e-16 1.111694e-01 0 0
2117.3962 2119.0986 1.488792e-15 1.494956e-16 1.129112e-01 0 0
2118.9415 2120.6451 1.386604e-15 1.469266e-16 1.055536e-01 0 0
2120.4868 2122.1916 1.597667e-15 1.535071e-16 1.220668e-01 0 0
2122.0321 2123.7382 1.530138e-15 1.502219e-16 1.173291e-01 0 0
2123.5773 2125.2847 1.283053e-15 1.415247e-16 9.873242e-02 0 0
2125.1227 2126.8313 1.193635e-15 1.350596e-16 9.217236e-02 0 0
2126.6680 2128.3778 1.112080e-15 1.338343e-16 8.617122e-02 0 0
2128.2133 2129.9244 1.527816e-15 1.476337e-16 1.187885e-01 0 0
2129.7586 2131.4709 1.329726e-15 1.412913e-16 1.037367e-01 0 0
2131.3040 2133.0175 1.704772e-15 1.572227e-16 1.334418e-01 0 0
2132.8493 2134.5641 1.759188e-15 1.559156e-16 1.381624e-01 0 0
2134.3947 2136.1107 1.446181e-15 1.480906e-16 1.139592e-01 0 0
2135.9400 2137.6573 1.647958e-15 1.515774e-16 1.302940e-01 0 0
2137.4854 2139.2040 1.482134e-15 1.461220e-16 1.175772e-01 0 0
2139.0308 2140.7506 1.443217e-15 1.430501e-16 1.148767e-01 0 0
2140.5762 2142.2972 1.688525e-15 1.531874e-16 1.348614e-01 0 0
2142.1216 2143.8439 1.577974e-15 1.497244e-16 1.264657e-01 0 0
2143.6670 2145.3905 1.489328e-15 1.431799e-16 1.197796e-01 0 0
2145.2124 2146.9372 1.443583e-15 1.447374e-16 1.165119e-01 0 0
2146.7579 2148.4839 1.766368e-15 1.557018e-16 1.430812e-01 0 0
2148.3033 2150.0305 1.638401e-15 1.490884e-16 1.332031e-01 0 0
2149.8487 2151.5772 1.272510e-15 1.363898e-16 1.038612e-01 0 0
2151.3942 2153.1239 1.417929e-15 1.397774e-16 1.161867e-01 0 0
2152.9397 2154.6706 1.533743e-15 1.448772e-16 1.261829e-01 0 0
2154.4851 2156.2173 1.396857e-15 1.398610e-16 1.153851e-01 0 0
2156.0306 2157.7641 1.487482e-15 1.429740e-16 1.233723e-01 0 0
2157.5761 2159.3108 1.521845e-15 1.439070e-16 1.267363e-01 0 0
2159.1216 2160.8576 1.552262e-15 1.447614e-16 1.297951e-01 0 0
2160.6671 2162.4043 1.263443e-15 1.327678e-16 1.060723e-01 0 0
2162.2126 2163.9511 1.402005e-15 1.379170e-16 1.181755e-01 0 0
2163.7582 2165.4978 1.317456e-15 1.353561e-16 1.114890e-01 0 0
2165.3037 2167.0446 1.465173e-15 1.404548e-16 1.244682e-01 0 0
2166.8493 2168.5914 1.314124e-15 1.354571e-16 1.120631e-01 0 0
2168.3948 2170.1382 1.543429e-15 1.419596e-16 1.320999e-01 0 0
2169.9404 2171.6850 1.480670e-15 1.400748e-16 1.271876e-01 0 0
2171.4859 2173.2318 1.572193e-15 1.427994e-16 1.355100e-01 0 0
2173.0315 2174.7786 1.313813e-15 1.319889e-16 1.136212e-01 0 0
2174.5771 2176.3255 1.360613e-15 1.358916e-16 1.180347e-01 0 0
2176.1227 2177.8723 1.357147e-15 1.341324e-16 1.180965e-01 0 0
2177.6683 2179.4192 1.100816e-15 1.247412e-16 9.606377e-02 0 0
2179.2139 2180.9660 1.265759e-15 1.297963e-16 1.107700e-01 0 0
2180.7596 2182.5129 1.272692e-15 1.279883e-16 1.116722e-01 0 0
2182.3052 2184.0598 1.333751e-15 1.337479e-16 1.173391e-01 0 0
2183.8508 2185.6067 1.300248e-15 1.291136e-16 1.146809e-01 0 0
2185.3965 2187.1536 1.098607e-15 1.204412e-16 9.714082e-02 0 0
2186.9422 2188.7005 1.419274e-15 1.362283e-16 1.258050e-01 0 0
2188.4878 2190.2474 1.301941e-15 1.280708e-16 1.156896e-01 0 0
2190.0335 2191.7943 1.164519e-15 1.255028e-16 1.037354e-01 0 0
2191.5792 2193.3412 1.309632e-15 1.302967e-16 1.169515e-01 0 0
2193.1249 2194.8882 1.147738e-15 1.212995e-16 1.027573e-01 0 0
2194.6706 2196.4351 1.329107e-15 1.313065e-16 1.193006e-01 0 0
2196.2163 2197.9821 1.331015e-15 1.301015e-16 1.197963e-01 0 0
2197.7620 2199.5290 1.199814e-15 1.239394e-16 1.082809e-01 0 0
2199.3078 2201.0760 9.395583e-16 1.144843e-16 8.504048e-02 0 0
2200.8535 2202.6230 1.094686e-15 1.193167e-16 9.937043e-02 0 0
2202.3993 2204.1700 1.345866e-15 1.305964e-16 1.225497e-01 0 0
2203.9450 2205.7170 1.219645e-15 1.248690e-16 1.114011e-01 0 0
2205.4908 2207.2640 1.076852e-15 1.200986e-16 9.867623e-02 0 0
2207.0366 2208.8110 9.735526e-16 1.140789e-16 8.949909e-02 0 0
2208.5823 2210.3580 1.074875e-15 1.197844e-16 9.914121e-02 0 0
2210.1281 2211.9051 9.333156e-16 1.119056e-16 8.637016e-02 0 0
2211.6739 2213.4521 1.081963e-15 1.179130e-16 1.004615e-01 0 0
2213.2198 2214.9992 1.176185e-15 1.228937e-16 1.095758e-01 0 0
2214.7656 2216.5462 1.035715e-15 1.153870e-16 9.681135e-02 0 0
2216.3114 2218.0933 1.220444e-15 1.236432e-16 1.144584e-01 0 0
2217.8572 2219.6404 1.172861e-15 1.207764e-16 1.103561e-01 0 0
2219.4031 2221.1875 1.128459e-15 1.193637e-16 1.065242e-01 0 0
2220.9489 2222.7346 1.148634e-15 1.199701e-16 1.087717e-01 0 0
2222.4948 2224.2817 9.823883e-16 1.116105e-16 9.332073e-02 0 0
2224.0407 2225.8288 1.104167e-15 1.179039e-16 1.052047e-01 0 0
2225.5866 2227.3759 1.186710e-15 1.199954e-16 1.134057e-01 0 0
2227.1325 2228.9231 1.338858e-15 1.245945e-16 1.283092e-01 0 0
2228.6784 2230.4702 1.062790e-15 1.149986e-16 1.021377e-01 0 0
2230.2243 2232.0174 1.193239e-15 1.194588e-16 1.149815e-01 0 0
2231.7702 2233.5645 1.167890e-15 1.191467e-16 1.128355e-01 0 0
2233.3161 2235.1117 1.358062e-15 1.257584e-16 1.315396e-01 0 0
2234.8621 2236.6589 9.649760e-16 1.116470e-16 9.369741e-02 0 0
2236.4080 2238.2061 1.101141e-15 1.145933e-16 1.071720e-01 0 0
2237.9540 2239.7533 1.143762e-15 1.162532e-16 1.115790e-01 0 0
2239.4999 2241.3005 1.397075e-15 1.287273e-16 1.365938e-01 0 0
2241.0459 2242.8477 1.194153e-15 1.172813e-16 1.170081e-01 0 0
2242.5919 2244.3949 1.133111e-15 1.169709e-16 1.112583e-01 0 0
2244.1379 2245.9422 1.350252e-15 1.230476e-16 1.328492e-01 0 0
2245.6839 2247.4894 1.298663e-15 1.234365e-16 1.280226e-01 0 0
2247.2299 2249.0366 1.354203e-15 1.236097e-16 1.337516e-01 0 0
2248.7759 2250.5839 1.563241e-15 1.315015e-16 1.546757e-01 0 0
2250.3219 2252.1312 1.519960e-15 1.314284e-16 1.506514e-01 0 0
2251.8680 2253.6785 1.427531e-15 1.270556e-16 1.417247e-01 0 0
2253.4140 2255.2257 1.547548e-15 1.307192e-16 1.538886e-01 0 0
2254.9600 2256.7730 1.501694e-15 1.290188e-16 1.495651e-01 0 0
2256.5061 2258.3203 1.520003e-15 1.303380e-16 1.516243e-01 0 0
2258.0522 2259.8677 1.623580e-15 1.310583e-16 1.622054e-01 0 0
2259.5983 2261.4150 1.385022e-15 1.255392e-16 1.385829e-01 0 0
2261.1443 2262.9623 1.951660e-15 1.447005e-16 1.955774e-01 0 0
2262.6904 2264.5096 1.604597e-15 1.318357e-16 1.610431e-01 0 0
2264.2365 2266.0570 1.965982e-15 1.458564e-16 1.976177e-01 0 0
2265.7827 2267.6044 1.719772e-15 1.357174e-16 1.731390e-01 0 0
2267.3288 2269.1517 1.989533e-15 1.448068e-16 2.006170e-01 0 0
2268.8749 2270.6991 1.842985e-15 1.392907e-16 1.861427e-01 0 0
2270.4211 2272.2465 1.655881e-15 1.333757e-16 1.675260e-01 0 0
2271.9672 2273.7939 1.866788e-15 1.393555e-16 1.891902e-01 0 0
2273.5134 2275.3413 1.937966e-15 1.434430e-16 1.967554e-01 0 0
2275.0595 2276.8887 1.917171e-15 1.428662e-16 1.950063e-01 0 0
2276.6057 2278.4361 1.761283e-15 1.353347e-16 1.794922e-01 0 0
2278.1519 2279.9835 2.013810e-15 1.465591e-16 2.056320e-01 0 0
2279.6981 2281.5310 2.275947e-15 1.510241e-16 2.328649e-01 0 0
2281.2443 2283.0784 2.152071e-15 1.491283e-16 2.206418e-01 0 0
2282.7905 2284.6259 2.590290e-15 1.633371e-16 2.661200e-01 0 0
2284.3367 2286.1733 2.189648e-15 1.454971e-16 2.254312e-01 0 0
2285.8830 2287.7208 2.551463e-15 1.612314e-16 2.632345e-01 0 0
2287.4292 2289.2683 2.305393e-15 1.522008e-16 2.383516e-01 0 0
2288.9755 2290.8158 2.315889e-15 1.532144e-16 2.399430e-01 0 0
2290.5217 2292.3633 2.554245e-15 1.635636e-16 2.651958e-01 0 0
2292.0680 2293.9108 2.534925e-15 1.584614e-16 2.637404e-01 0 0
2293.6143 2295.4583 2.139620e-15 1.466720e-16 2.230711e-01 0 0
2295.1605 2297.0059 2.666673e-15 1.618799e-16 2.785870e-01 0 0
2296.7068 2298.5534 2.893905e-15 1.664804e-16 3.029268e-01 0 0
2298.2531 2300.1009 3.129510e-15 1.747467e-16 3.282306e-01 0 0
2299.7994 2301.6485 2.473055e-15 1.558699e-16 2.598699e-01 0 0
2301.3458 2303.1961 2.767073e-15 1.650136e-16 2.913065e-01 0 0
2302.8921 2304.7436 2.691607e-15 1.622885e-16 2.838693e-01 0 0
2304.4384 2306.2912 2.958769e-15 1.690339e-16 3.125978e-01 0 0
2305.9848 2307.8388 2.680431e-15 1.611842e-16 2.836763e-01 0 0
2307.5311 2309.3864 3.008172e-15 1.702341e-16 3.189022e-01 0 0
2309.0775 2310.9340 2.785853e-15 1.647666e-16 2.958206e-01 0 0
2310.6239 2312.4816 2.771901e-15 1.649843e-16 2.948208e-01 0 0
2312.1703 2314.0292 3.072956e-15 1.706776e-16 3.273633e-01 0 0
2313.7166 2315.5769 3.101079e-15 1.726129e-16 3.308846e-01 0 0
2315.2630 2317.1245 3.002289e-15 1.663033e-16 3.208445e-01 0 0
2316.8095 2318.6722 3.381007e-15 1.810638e-16 3.618804e-01 0 0
2318.3559 2320.2198 3.355874e-15 1.772397e-16 3.597457e-01 0 0
2319.9023 2321.7675 3.356470e-15 1.754579e-16 3.603654e-01 0 0
2321.4487 2323.3152 2.977773e-15 1.703676e-16 3.201996e-01 0 0
2322.9952 2324.8629 3.203371e-15 1.719538e-16 3.449891e-01 0 0
2324.5416 2326.4106 3.553632e-15 1.852081e-16 3.833031e-01 0 0
2326.0881 2327.9583 3.254197e-15 1.722439e-16 3.515485e-01 0 0
2327.6346 2329.5060 3.381068e-15 1.770478e-16 3.658203e-01 0 0
2329.1811 2331.0537 3.103742e-15 1.706824e-16 3.363342e-01 0 0
2330.7275 2332.6014 3.507096e-15 1.799233e-16 3.806269e-01 0 0
2332.2740 2334.1492 3.423396e-15 1.788206e-16 3.721123e-01 0 0
2333.8205 2335.6969 3.162048e-15 1.727718e-16 3.442232e-01 0 0
2335.3671 2337.2447 3.358140e-15 1.741067e-16 3.661203e-01 0 0
2336.9136 2338.7925 3.120249e-15 1.704008e-16 3.406840e-01 0 0
2338.4601 2340.3402 3.294035e-15 1.758939e-16 3.601859e-01 0 0
2340.0067 2341.8880 3.359756e-15 1.745467e-16 3.678909e-01 0 0
2341.5532 2343.4358 3.358692e-15 1.777923e-16 3.682930e-01 0 0
2343.0998 2344.9836 3.172860e-15 1.688310e-16 3.483846e-01 0 0
2344.6463 2346.5314 2.701008e-15 1.631263e-16 2.969739e-01 0 0
2346.1929 2348.0793 2.757382e-15 1.564247e-16 3.035553e-01 0 0
2347.7395 2349.6271 3.145505e-15 1.704761e-16 3.467205e-01 0 0
2349.2861 2351.1749 3.554713e-15 1.788259e-16 3.922736e-01 0 0
2350.8327 2352.7228 3.582700e-15 1.793013e-16 3.958090e-01 0 0
2352.3793 2354.2706 3.724771e-15 1.846940e-16 4.119406e-01 0 0
2353.9260 2355.8185 3.859856e-15 1.837133e-16 4.273315e-01 0 0
2355.4726 2357.3664 3.820861e-15 1.876628e-16 4.234411e-01 0 0
2357.0192 2358.9143 3.542230e-15 1.780624e-16 3.929570e-01 0 0
2358.5659 2360.4622 3.937740e-15 1.865229e-16 4.372632e-01 0 0
2360.1125 2362.0101 3.650454e-15 1.808703e-16 4.057603e-01 0 0
2361.6592 2363.5580 4.172501e-15 1.908352e-16 4.642440e-01 0 0
2363.2059 2365.1059 3.897426e-15 1.863217e-16 4.340648e-01 0 0
2364.7526 2366.6538 3.886135e-15 1.879485e-16 4.332432e-01 0 0
2366.2993 2368.2018 4.097284e-15 1.890898e-16 4.572441e-01 0 0
2367.8460 2369.7497 4.086150e-15 1.887466e-16 4.564831e-01 0 0
2369.3927 2371.2977 4.192499e-15 1.927494e-16 4.688613e-01 0 0
2370.9394 2372.8456 3.820404e-15 1.811567e-16 4.277305e-01 0 0
2372.4861 2374.3936 3.626585e-15 1.816015e-16 4.064928e-01 0 0
2374.0329 2375.9416 3.188252e-15 1.682847e-16 3.577965e-01 0 0
2375.5796 2377.4896 3.068714e-15 1.653261e-16 3.448063e-01 0 0
2377.1264 2379.0376 3.716944e-15 1.827314e-16 4.181857e-01 0 0
2378.6731 2380.5856 3.343929e-15 1.717359e-16 3.767133e-01 0 0
2380.2199 2382.1336 3.591062e-15 1.775494e-16 4.051040e-01 0 0
2381.7667 2383.6816 3.342646e-15 1.705633e-16 3.775971e-01 0 0
2383.3135 2385.2297 2.478547e-15 1.494052e-16 2.803754e-01 0 0
2384.8603 2386.7777 2.339422e-15 1.473433e-16 2.650079e-01 0 0
2386.4071 2388.3258 3.072871e-15 1.659623e-16 3.485805e-01 0 0
2387.9539 2389.8738 3.643352e-15 1.801907e-16 4.138745e-01 0 0
2389.5007 2391.4219 3.703967e-15 1.796203e-16 4.213435e-01 0 0
2391.0476 2392.9700 3.765287e-15 1.775464e-16 4.289101e-01 0 0
2392.5944 2394.5181 3.893014e-15 1.843269e-16 4.440560e-01 0 0
2394.1413 2396.0662 3.743424e-15 1.802115e-16 4.275611e-01 0 0
2395.6881 2397.6143 3.770405e-15 1.778233e-16 4.311936e-01 0 0
2397.2350 2399.1624 3.525072e-15 1.789202e-16 4.036431e-01 0 0
2398.7819 2400.7105 3.620788e-15 1.742129e-16 4.150914e-01 0 0
2400.3288 2402.2587 3.793753e-15 1.825882e-16 4.354087e-01 0 0
2401.8757 2403.8068 3.512329e-15 1.732566e-16 4.035414e-01 0 0
2403.4226 2405.3549 3.490335e-15 1.735068e-16 4.014329e-01 0 0
2404.9695 2406.9031 3.497388e-15 1.750520e-16 4.026476e-01 0 0
2406.5164 2408.4513 3.416048e-15 1.720682e-16 3.936683e-01 0 0
2408.0634 2409.9995 3.400165e-15 1.719731e-16 3.922115e-01 0 0
2409.6103 2411.5476 3.357128e-15 1.700077e-16 3.876100e-01 0 0
2411.1573 2413.0958 3.269223e-15 1.680623e-16 3.778101e-01 0 0
2412.7042 2414.6440 3.135491e-15 1.648970e-16 3.626877e-01 0 0
2414.2512 2416.1923 3.115880e-15 1.647073e-16 3.607497e-01 0 0
2415.7982 2417.7405 3.012294e-15 1.639224e-16 3.490765e-01 0 0
2417.3452 2419.2887 2.939248e-15 1.603052e-16 3.409278e-01 0 0
2418.8922 2420.8370 3.409141e-15 1.713475e-16 3.958020e-01 0 0
2420.4392 2422.3852 3.245796e-15 1.678464e-16 3.771996e-01 0 0
2421.9862 2423.9335 2.803938e-15 1.559445e-16 3.261697e-01 0 0
2423.5332 2425.4817 3.341996e-15 1.712404e-16 3.891525e-01 0 0
2425.0802 2427.0300 3.429061e-15 1.697932e-16 3.997054e-01 0 0
2426.6273 2428.5783 3.040232e-15 1.603178e-16 3.547589e-01 0 0
2428.1743 2430.1266 2.967985e-15 1.618889e-16 3.467057e-01 0 0
2429.7214 2431.6749 2.803964e-15 1.565118e-16 3.279074e-01 0 0
2431.2685 2433.2232 2.919597e-15 1.610121e-16 3.418133e-01 0 0
2432.8155 2434.7715 2.841777e-15 1.582986e-16 3.330784e-01 0 0
2434.3626 2436.3199 3.046900e-15 1.618844e-16 3.575268e-01 0 0
2435.9097 2437.8682 3.110308e-15 1.634573e-16 3.653832e-01 0 0
2437.4568 2439.4166 3.156253e-15 1.650874e-16 3.712046e-01 0 0
2439.0040 2440.9649 3.009315e-15 1.614577e-16 3.543250e-01 0 0
2440.5511 2442.5133 3.117868e-15 1.622991e-16 3.675189e-01 0 0
2442.0982 2444.0617 3.121123e-15 1.637042e-16 3.683114e-01 0 0
2443.6453 2445.6100 3.280066e-15 1.673519e-16 3.874907e-01 0 0
2445.1925 2447.1584 3.215465e-15 1.653287e-16 3.802669e-01 0 0
2446.7397 2448.7068 3.085657e-15 1.641896e-16 3.652963e-01 0 0
2448.2868 2450.2552 3.718107e-15 1.749475e-16 4.406359e-01 0 0
2449.8340 2451.8037 3.227149e-15 1.687417e-16 3.829094e-01 0 0
2451.3812 2453.3521 3.248330e-15 1.628384e-16 3.858749e-01 0 0
2452.9284 2454.9005 3.156431e-15 1.627892e-16 3.753828e-01 0 0
2454.4756 2456.4490 3.164678e-15 1.634723e-16 3.767828e-01 0 0
2456.0228 2457.9974 3.723226e-15 1.744000e-16 4.437598e-01 0 0
2457.5700 2459.5459 3.586124e-15 1.729965e-16 4.278714e-01 0 0
2459.1172 2461.0944 3.602360e-15 1.718033e-16 4.302472e-01 0 0
2460.6645 2462.6429 3.454110e-15 1.705834e-16 4.129561e-01 0 0
2462.2117 2464.1913 3.499499e-15 1.721397e-16 4.187900e-01 0 0
2463.7590 2465.7398 3.634918e-15 1.736915e-16 4.354137e-01 0 0
2465.3062 2467.2884 3.590057e-15 1.725958e-16 4.304393e-01 0 0
2466.8535 2468.8369 3.988790e-15 1.799589e-16 4.786856e-01 0 0
2468.4008 2470.3854 4.085603e-15 1.816417e-16 4.907393e-01 0 0
2469.9481 2471.9339 3.756238e-15 1.762831e-16 4.515748e-01 0 0
2471.4954 2473.4825 3.688560e-15 1.747459e-16 4.438165e-01 0 0
2473.0427 2475.0310 3.584459e-15 1.732927e-16 4.316556e-01 0 0
2474.5900 2476.5796 3.731466e-15 1.748030e-16 4.497295e-01 0 0
2476.1374 2478.1282 3.714900e-15 1.769122e-16 4.480996e-01 0 0
2477.6847 2479.6768 3.693509e-15 1.712989e-16 4.458748e-01 0 0
2479.2320 2481.2253 3.655180e-15 1.733630e-16 4.415985e-01 0 0
2480.7794 2482.7739 3.744119e-15 1.755278e-16 4.526985e-01 0 0
2482.3268 2484.3225 3.818923e-15 1.748420e-16 4.621045e-01 0 0
2483.8741 2485.8712 3.652490e-15 1.750476e-16 4.423082e-01 0 0
2485.4215 2487.4198 3.818398e-15 1.757613e-16 4.627577e-01 0 0
2486.9689 2488.9684 3.585654e-15 1.715070e-16 4.348880e-01 0 0
2488.5163 2490.5171 3.928560e-15 1.807666e-16 4.768474e-01 0 0
2490.0637 2492.0657 3.971575e-15 1.776388e-16 4.824459e-01 0 0
2491.6111 2493.6144 4.146267e-15 1.831311e-16 5.040616e-01 0 0
2493.1586 2495.1631 4.124631e-15 1.856197e-16 5.018315e-01 0 0
2494.7060 2496.7117 4.349668e-15 1.823554e-16 5.296344e-01 0 0
2496.2534 2498.2604 4.131442e-15 1.835643e-16 5.034757e-01 0 0
2497.8009 2499.8091 4.146716e-15 1.831387e-16 5.057533e-01 0 0
2499.3483 2501.3578 4.248883e-15 1.842524e-16 5.186540e-01 0 0
2500.8958 2502.9065 4.432000e-15 1.897639e-16 5.414667e-01 0 0
2502.4433 2504.4553 4.595399e-15 1.927818e-16 5.619221e-01 0 0
2503.9908 2506.0040 4.406611e-15 1.871821e-16 5.393100e-01 0 0
2505.5383 2507.5527 4.131551e-15 1.836920e-16 5.060998e-01 0 0
2507.0858 2509.1015 4.176519e-15 1.818027e-16 5.120668e-01 0 0
2508.6333 2510.6502 4.427664e-15 1.889603e-16 5.433519e-01 0 0
2510.1808 2512.1990 4.338025e-15 1.867804e-16 5.328352e-01 0 0
2511.7284 2513.7478 4.008932e-15 1.804227e-16 4.928646e-01 0 0
2513.2759 2515.2966 4.547320e-15 1.893294e-16 5.595676e-01 0 0
2514.8235 2516.8454 4.686614e-15 1.947234e-16 5.772372e-01 0 0
2516.3710 2518.3942 4.482744e-15 1.898564e-16 5.526332e-01 0 0
2517.9186 2519.9430 4.674813e-15 1.907439e-16 5.768383e-01 0 0
2519.4662 2521.4918 4.910360e-15 1.991205e-16 6.064565e-01 0 0
2521.0137 2523.0406 4.579050e-15 1.915068e-16 5.660476e-01 0 0
2522.5613 2524.5895 4.740397e-15 1.946714e-16 5.865203e-01 0 0
2524.1089 2526.1383 4.586006e-15 1.913849e-16 5.679208e-01 0 0
2525.6566 2527.6872 4.838480e-15 1.943160e-16 5.997168e-01 0 0
2527.2042 2529.2361 4.560794e-15 1.927415e-16 5.657870e-01 0 0
2528.7518 2530.7849 4.357523e-15 1.860531e-16 5.410363e-01 0 0
2530.2995 2532.3338 4.712751e-15 1.940849e-16 5.856345e-01 0 0
2531.8471 2533.8827 4.831437e-15 1.959842e-16 6.008869e-01 0 0
2533.3948 2535.4316 4.867686e-15 1.929438e-16 6.058883e-01 0 0
2534.9424 2536.9805 4.985924e-15 1.993259e-16 6.211086e-01 0 0
2536.4901 2538.5294 5.104402e-15 1.987275e-16 6.363650e-01 0 0
2538.0378 2540.0784 5.201786e-15 2.028293e-16 6.490096e-01 0 0
2539.5855 2541.6273 5.050670e-15 1.985403e-16 6.306261e-01 0 0
2541.1332 2543.1763 5.116879e-15 1.972547e-16 6.393660e-01 0 0
2542.6809 2544.7252 4.991785e-15 1.992819e-16 6.241776e-01 0 0
2544.2286 2546.2742 5.254236e-15 1.999343e-16 6.574555e-01 0 0
2545.7764 2547.8232 5.185755e-15 2.002132e-16 6.493200e-01 0 0
2547.3241 2549.3721 5.274169e-15 2.046793e-16 6.608256e-01 0 0
2548.8718 2550.9211 5.132735e-15 1.999036e-16 6.434687e-01 0 0
2550.4196 2552.4701 5.239276e-15 2.035730e-16 6.571676e-01 0 0
2551.9674 2554.0191 5.116269e-15 1.998304e-16 6.420548e-01 0 0
2553.5151 2555.5682 5.428619e-15 2.048948e-16 6.815813e-01 0 0
2555.0629 2557.1172 5.111128e-15 2.030067e-16 6.420135e-01 0 0
2556.6107 2558.6662 5.396851e-15 2.007934e-16 6.782078e-01 0 0
2558.1585 2560.2153 5.675872e-15 2.110524e-16 7.135787e-01 0 0
2559.7063 2561.7643 5.750360e-15 2.108342e-16 7.232492e-01 0 0
2561.2541 2563.3134 5.297962e-15 2.034369e-16 6.666218e-01 0 0
2562.8020 2564.8625 5.437606e-15 2.088430e-16 6.844686e-01 0 0
2564.3498 2566.4115 5.343193e-15 2.004397e-16 6.728510e-01 0 0
2565.8977 2567.9606 5.954127e-15 2.182934e-16 7.500790e-01 0 0
2567.4455 2569.5097 5.667952e-15 2.098971e-16 7.143062e-01 0 0
2568.9934 2571.0588 5.647128e-15 2.078677e-16 7.119580e-01 0 0
2570.5412 2572.6080 5.550162e-15 2.100933e-16 7.000055e-01 0 0
2572.0891 2574.1571 5.781065e-15 2.105502e-16 7.294123e-01 0 0
2573.6370 2575.7062 5.269798e-15 2.026615e-16 6.651683e-01 0 0
2575.1849 2577.2554 5.504406e-15 2.085711e-16 6.950598e-01 0 0
2576.7328 2578.8045 5.372706e-15 2.041152e-16 6.787008e-01 0 0
2578.2807 2580.3537 5.148603e-15 2.014891e-16 6.506505e-01 0 0
2579.8287 2581.9029 5.349866e-15 2.038860e-16 6.763484e-01 0 0
2581.3766 2583.4520 5.366481e-15 2.020913e-16 6.787091e-01 0 0
2582.9245 2585.0012 4.962195e-15 1.986549e-16 6.278095e-01 0 0
2584.4725 2586.5504 5.010794e-15 1.974017e-16 6.341847e-01 0 0
2586.0205 2588.0996 4.416271e-15 1.881017e-16 5.591261e-01 0 0
2587.5684 2589.6488 3.754828e-15 1.741457e-16 4.755332e-01 0 0
2589.1164 2591.1981 3.871819e-15 1.747690e-16 4.904896e-01 0 0
2590.6644 2592.7473 4.643737e-15 1.894813e-16 5.884307e-01 0 0
2592.2124 2594.2965 5.263598e-15 2.021510e-16 6.671271e-01 0 0
2593.7604 2595.8458 5.135338e-15 1.992569e-16 6.509970e-01 0 0
2595.3084 2597.3951 5.065425e-15 2.007210e-16 6.422325e-01 0 0
2596.8565 2598.9443 4.887961e-15 1.952578e-16 6.198019e-01 0 0
2598.4045 2600.4936 4.989988e-15 1.998557e-16 6.327826e-01 0 0
2599.9525 2602.0429 3.747917e-15 1.706746e-16 4.752860e-01 0 0
2601.5006 2603.5922 3.337109e-15 1.643085e-16 4.231855e-01 0 0
2603.0486 2605.1415 3.718365e-15 1.728380e-16 4.715103e-01 0 0
2604.5967 2606.6908 5.513966e-15 2.069137e-16 6.991526e-01 0 0
2606.1448 2608.2401 5.312504e-15 2.042631e-16 6.735404e-01 0 0
2607.6929 2609.7895 5.179927e-15 2.022887e-16 6.566588e-01 0 0
2609.2410 2611.3388 5.418103e-15 2.061300e-16 6.867663e-01 0 0
2610.7891 2612.8882 5.921556e-15 2.145813e-16 7.504862e-01 0 0
2612.3372 2614.4375 6.250102e-15 2.205342e-16 7.920246e-01 0 0
2613.8853 2615.9869 6.216028e-15 2.178009e-16 7.876134e-01 0 0
2615.4334 2617.5363 6.123412e-15 2.198997e-16 7.757980e-01 0 0
2616.9816 2619.0856 6.363611e-15 2.207416e-16 8.061596e-01 0 0
2618.5297 2620.6350 6.201723e-15 2.188407e-16 7.856048e-01 0 0
2620.0779 2622.1844 6.504765e-15 2.222777e-16 8.239647e-01 0 0
2621.6261 2623.7339 6.561909e-15 2.264106e-16 8.312120e-01 0 0
2623.1742 2625.2833 7.144761e-15 2.320306e-16 9.050798e-01 0 0
2624.7224 2626.8327 6.905580e-15 2.314817e-16 8.748674e-01 0 0
2626.2706 2628.3821 6.971164e-15 2.319019e-16 8.832825e-01 0 0
2627.8188 2629.9316 6.995372e-15 2.308508e-16 8.864971e-01 0 0
2629.3670 2631.4810 7.444801e-15 2.405140e-16 9.436203e-01 0 0
2630.9153 2633.0305 7.448729e-15 2.412310e-16 9.443153e-01 0 0
2632.4635 2634.5800 7.520645e-15 2.368594e-16 9.536353e-01 0 0
2634.0117 2636.1295 7.696815e-15 2.415529e-16 9.761924e-01 0 0
2635.5600 2637.6790 7.446970e-15 2.393645e-16 9.447124e-01 0 0
2637.1082 2639.2285 7.754140e-15 2.438033e-16 9.838880e-01 0 0
2638.6565 2640.7780 7.983954e-15 2.459741e-16 1.013252e+00 0 0
2640.2048 2642.3275 7.640774e-15 2.415619e-16 9.698651e-01 0 0
2641.7531 2643.8770 7.966744e-15 2.468637e-16 1.011398e+00 0 0
2643.3014 2645.4266 8.051470e-15 2.460430e-16 1.022261e+00 0 0
2644.8497 2646.9761 7.650449e-15 2.428811e-16 9.714257e-01 0 0
2646.3980 2648.5257 7.837488e-15 2.445466e-16 9.951856e-01 0 0
2647.9463 2650.0752 7.803645e-15 2.420048e-16 9.908741e-01 0 0
2649.4946 2651.6248 8.408436e-15 2.547253e-16 1.067545e+00 0 0
2651.0430 2653.1744 8.703916e-15 2.560101e-16 1.104908e+00 0 0
2652.5913 2654.7240 8.110682e-15 2.481752e-16 1.029363e+00 0 0
2654.1397 2656.2736 8.307058e-15 2.542821e-16 1.054025e+00 0 0
2655.6880 2657.8232 8.750697e-15 2.553674e-16 1.109947e+00 0 0
2657.2364 2659.3728 8.421052e-15 2.555989e-16 1.067764e+00 0 0
2658.7848 2660.9224 8.762494e-15 2.563400e-16 1.110586e+00 0 0
2660.3332 2662.4721 8.658397e-15 2.636260e-16 1.096912e+00 0 0
2661.8816 2664.0217 9.094921e-15 2.611056e-16 1.151631e+00 0 0
2663.4300 2665.5714 9.142997e-15 2.617475e-16 1.157121e+00 0 0
2664.9784 2667.1210 9.546295e-15 2.704374e-16 1.207463e+00 0 0
2666.5268 2668.6707 9.759689e-15 2.700545e-16 1.233731e+00 0 0
2668.0753 2670.2204 8.929888e-15 2.615434e-16 1.128116e+00 0 0
2669.6237 2671.7701 9.502512e-15 2.672486e-16 1.199684e+00 0 0
2671.1722 2673.3198 9.942549e-15 2.774780e-16 1.254372e+00 0 0
2672.7206 2674.8695 1.040946e-14 2.829178e-16 1.312366e+00 0 0
2674.2691 2676.4192 1.095366e-14 2.889927e-16 1.379972e+00 0 0
2675.8176 2677.9689 1.119083e-14 2.928744e-16 1.408823e+00 0 0
2677.3661 2679.5187 1.122829e-14 2.907053e-16 1.412478e+00 0 0
2678.9146 2681.0684 1.183621e-14 3.011343e-16 1.487832e+00 0 0
2680.4631 2682.6182 1.178104e-14 3.003671e-16 1.479776e+00 0 0
2682.0116 2684.1679 1.231299e-14 3.084479e-16 1.545417e+00 0 0
2683.5601 2685.7177 1.241881e-14 3.075487e-16 1.557533e+00 0 0
2685.1086 2687.2675 1.248005e-14 3.102349e-16 1.564040e+00 0 0
2686.6572 2688.8173 1.366215e-14 3.250231e-16 1.710954e+00 0 0
2688.2057 2690.3671 1.355238e-14 3.181366e-16 1.695982e+00 0 0
2689.7543 2691.9169 1.389549e-14 3.236815e-16 1.737738e+00 0 0
2691.3029 2693.4667 1.464459e-14 3.374870e-16 1.830171e+00 0 0
2692.8515 2695.0165 1.529268e-14 3.363471e-16 1.909984e+00 0 0
2694.4000 2696.5663 1.510645e-14 3.486947e-16 1.885558e+00 0 0
2695.9486 2698.1162 1.575248e-14 3.453076e-16 1.965121e+00 0 0
2697.4972 2699.6660 1.696227e-14 3.617582e-16 2.114891e+00 0 0
2699.0459 2701.2159 1.724343e-14 3.606149e-16 2.148957e+00 0 0
2700.5945 2702.7658 1.833532e-14 3.785463e-16 2.283993e+00 0 0
2702.1431 2704.3156 1.777858e-14 3.713864e-16 2.213754e+00 0 0
2703.6918 2705.8655 1.814912e-14 3.757177e-16 2.258997e+00 0 0
2705.2404 2707.4154 1.907956e-14 3.783608e-16 2.373920e+00 0 0
2706.7891 2708.9653 1.989599e-14 3.885601e-16 2.474581e+00 0 0
2708.3377 2710.5152 2.015202e-14 3.945079e-16 2.505468e+00 0 0
2709.8864 2712.0652 2.103994e-14 3.999718e-16 2.614857e+00 0 0
2711.4351 2713.6151 2.182285e-14 4.067275e-16 2.711005e+00 0 0
2712.9838 2715.1650 2.191682e-14 4.141793e-16 2.721499e+00 0 0
2714.5325 2716.7150 2.284755e-14 4.185781e-16 2.835643e+00 0 0
2716.0812 2718.2649 2.413958e-14 4.298898e-16 2.994444e+00 0 0
2717.6299 2719.8149 2.379340e-14 4.267938e-16 2.949685e+00 0 0
2719.1787 2721.3649 2.463979e-14 4.310580e-16 3.052665e+00 0 0
2720.7274 2722.9149 2.551344e-14 4.460261e-16 3.158492e+00 0 0
2722.2762 2724.4649 2.539878e-14 4.395382e-16 3.141797e+00 0 0
2723.8249 2726.0149 2.588802e-14 4.437962e-16 3.199312e+00 0 0
2725.3737 2727.5649 2.714345e-14 4.569681e-16 3.351181e+00 0 0
2726.9225 2729.1149 2.748466e-14 4.557875e-16 3.389600e+00 0 0
2728.4712 2730.6649 2.658645e-14 4.445922e-16 3.275123e+00 0 0
2730.0200 2732.2150 2.819537e-14 4.831753e-16 3.469134e+00 0 0
2731.5688 2733.7650 2.844872e-14 4.693185e-16 3.495990e+00 0 0
2733.1177 2735.3151 2.952789e-14 4.800657e-16 3.623978e+00 0 0
2734.6665 2736.8652 2.802111e-14 4.677945e-16 3.434602e+00 0 0
2736.2153 2738.4152 2.834619e-14 4.701884e-16 3.469927e+00 0 0
2737.7641 2739.9653 2.891557e-14 4.736790e-16 3.534998e+00 0 0
2739.3130 2741.5154 2.815863e-14 4.631221e-16 3.438052e+00 0 0
2740.8619 2743.0655 2.796718e-14 4.653917e-16 3.410332e+00 0 0
2742.4107 2744.6156 2.833484e-14 4.689332e-16 3.450964e+00 0 0
2743.9596 2746.1657 2.936522e-14 4.777349e-16 3.572191e+00 0 0
2745.5085 2747.7159 2.844952e-14 4.758376e-16 3.456964e+00 0 0
2747.0574 2749.2660 2.871841e-14 4.710649e-16 3.485912e+00 0 0
2748.6063 2750.8162 2.874987e-14 4.749342e-16 3.486283e+00 0 0
2750.1552 2752.3663 2.906014e-14 4.793055e-16 3.520546e+00 0 0
2751.7041 2753.9165 2.943038e-14 4.812217e-16 3.562246e+00 0 0
2753.2530 2755.4666 2.911987e-14 4.739445e-16 3.521678e+00 0 0
2754.8020 2757.0168 2.954139e-14 4.812163e-16 3.569729e+00 0 0
2756.3509 2758.5670 2.957132e-14 4.829257e-16 3.570478e+00 0 0
2757.8999 2760.1172 2.996421e-14 4.865345e-16 3.614966e+00 0 0
2759.4488 2761.6674 3.066470e-14 4.986199e-16 3.696425e+00 0 0
2760.9978 2763.2177 3.027007e-14 4.890785e-16 3.645648e+00 0 0
2762.5468 2764.7679 3.027040e-14 4.906780e-16 3.642337e+00 0 0
2764.0958 2766.3181 3.035151e-14 4.914406e-16 3.648410e+00 0 0
2765.6448 2767.8684 3.194762e-14 5.116474e-16 3.836129e+00 0 0
2767.1938 2769.4186 3.229756e-14 4.997138e-16 3.873478e+00 0 0
2768.7428 2770.9689 3.240866e-14 5.116755e-16 3.881723e+00 0 0
2770.2918 2772.5192 3.249277e-14 5.116893e-16 3.886100e+00 0 0
2771.8409 2774.0694 3.258767e-14 5.078700e-16 3.891215e+00 0 0
2773.3899 2775.6197 3.270374e-14 5.170645e-16 3.898141e+00 0 0
2774.9390 2777.1700 3.454071e-14 5.180500e-16 4.109122e+00 0 0
2776.4880 2778.7203 3.329991e-14 5.225295e-16 3.953303e+00 0 0
2778.0371 2780.2706 3.416618e-14 5.286316e-16 4.047206e+00 0 0
2779.5862 2781.8210 3.412379e-14 5.126188e-16 4.032960e+00 0 0
2781.1353 2783.3713 3.383185e-14 5.275343e-16 3.989004e+00 0 0
2782.6844 2784.9217 3.525753e-14 5.279480e-16 4.147164e+00 0 0
2784.2335 2786.4720 3.676318e-14 5.495120e-16 4.313804e+00 0 0
2785.7826 2788.0224 3.543921e-14 5.437227e-16 4.148474e+00 0 0
2787.3317 2789.5727 3.565528e-14 5.332147e-16 4.163866e+00 0 0
2788.8809 2791.1231 3.596207e-14 5.440574e-16 4.190007e+00 0 0
2790.4300 2792.6735 3.638512e-14 5.522537e-16 4.229892e+00 0 0
2791.9792 2794.2239 3.495953e-14 5.267568e-16 4.055580e+00 0 0
2793.5283 2795.7743 3.366385e-14 5.320984e-16 3.897614e+00 0 0
2795.0775 2797.3247 2.732669e-14 4.747609e-16 3.158151e+00 0 0
2796.6267 2798.8752 1.868276e-14 3.955076e-16 2.155719e+00 0 0
2798.1759 2800.4256 1.767329e-14 3.848630e-16 2.036311e+00 0 0
2799.7251 2801.9760 2.531986e-14 4.579774e-16 2.913892e+00 0 0
2801.2743 2803.5265 3.201534e-14 5.144108e-16 3.680581e+00 0 0
2802.8235 2805.0769 2.559530e-14 4.666922e-16 2.940137e+00 0 0
2804.3727 2806.6274 2.127997e-14 4.224215e-16 2.442696e+00 0 0
2805.9219 2808.1779 2.427935e-14 4.480205e-16 2.785492e+00 0 0
2807.4712 2809.7284 3.556215e-14 5.414482e-16 4.077968e+00 0 0
2809.0204 2811.2789 4.193640e-14 5.965821e-16 4.807133e+00 0 0
2810.5697 2812.8294 4.292687e-14 5.899494e-16 4.918954e+00 0 0
2812.1190 2814.3799 4.279187e-14 6.469784e-16 4.902006e+00 0 0
2813.6682 2815.9304 4.701123e-14 6.541507e-16 5.383661e+00 0 0
2815.2175 2817.4810 4.511069e-14 6.090398e-16 5.164256e+00 0 0
2816.7668 2819.0315 4.701397e-14 6.272772e-16 5.380088e+00 0 0
2818.3161 2820.5820 4.909829e-14 6.460782e-16 5.615914e+00 0 0
2819.8654 2822.1326 5.117190e-14 6.590322e-16 5.849890e+00 0 0
2821.4148 2823.6832 5.122767e-14 6.531941e-16 5.852025e+00 0 0
2822.9641 2825.2338 5.275581e-14 6.630303e-16 6.021719e+00 0 0
2824.5134 2826.7843 5.345595e-14 6.709477e-16 6.095256e+00 0 0
2826.0628 2828.3349 5.328331e-14 6.702105e-16 6.068731e+00 0 0
2827.6121 2829.8855 5.524451e-14 6.832113e-16 6.283494e+00 0 0
2829.1615 2831.4362 5.539695e-14 6.827614e-16 6.291786e+00 0 0
2830.7109 2832.9868 5.844664e-14 6.977828e-16 6.627175e+00 0 0
2832.2603 2834.5374 6.171738e-14 7.208558e-16 6.986060e+00 0 0
2833.8097 2836.0880 6.125005e-14 7.203085e-16 6.919916e+00 0 0
2835.3591 2837.6387 6.331119e-14 7.238168e-16 7.138771e+00 0 0
2836.9085 2839.1894 6.388077e-14 7.376844e-16 7.187616e+00 0 0
2838.4579 2840.7400 6.859666e-14 7.634075e-16 7.701446e+00 0 0
2840.0073 2842.2907 6.653264e-14 7.615019e-16 7.452327e+00 0 0
2841.5568 2843.8414 6.863299e-14 7.624033e-16 7.669442e+00 0 0
2843.1062 2845.3921 7.194540e-14 7.837413e-16 8.019571e+00 0 0
2844.6557 2846.9428 7.238124e-14 7.901881e-16 8.047852e+00 0 0
2846.2051 2848.4935 7.450984e-14 8.025550e-16 8.262824e+00 0 0
2847.7546 2850.0442 7.514609e-14 8.111613e-16 8.311417e+00 0 0
2849.3041 2851.5949 7.802867e-14 8.210975e-16 8.607584e+00 0 0
2850.8536 2853.1457 7.692047e-14 8.189914e-16 8.462906e+00 0 0
2852.4031 2854.6964 7.316615e-14 7.961398e-16 8.028096e+00 0 0
2853.9526 2856.2472 7.460279e-14 8.064986e-16 8.163486e+00 0 0
2855.5021 2857.7979 7.805769e-14 8.370369e-16 8.518024e+00 0 0
2857.0517 2859.3487 8.360447e-14 8.600278e-16 9.098077e+00 0 0
2858.6012 2860.8995 8.623918e-14 8.715472e-16 9.358663e+00 0 0
2860.1507 2862.4503 8.974431e-14 9.082297e-16 9.711810e+00 0 0
2861.7003 2864.0011 9.259049e-14 8.994716e-16 9.991874e+00 0 0
2863.2499 2865.5519 9.598640e-14 9.404419e-16 1.032935e+01 0 0
2864.7994 2867.1027 9.769077e-14 9.317953e-16 1.048362e+01 0 0
2866.3490 2868.6536 1.000057e-13 9.589469e-16 1.070218e+01 0 0
2867.8986 2870.2044 1.031853e-13 9.965513e-16 1.101227e+01 0 0
2869.4482 2871.7552 1.045439e-13 9.847543e-16 1.112664e+01 0 0
2870.9978 2873.3061 1.049491e-13 9.824074e-16 1.113993e+01 0 0
2872.5474 2874.8570 1.089073e-13 1.004902e-15 1.152907e+01 0 0
2874.0971 2876.4078 1.102052e-13 9.966862e-16 1.163618e+01 0 0
2875.6467 2877.9587 1.116535e-13 1.025060e-15 1.175836e+01 0 0
2877.1963 2879.5096 1.176171e-13 1.046398e-15 1.235479e+01 0 0
2878.7460 2881.0605 1.164477e-13 1.030451e-15 1.220061e+01 0 0
2880.2957 2882.6114 1.187051e-13 1.066184e-15 1.240538e+01 0 0
2881.8453 2884.1623 1.207400e-13 1.066979e-15 1.258570e+01 0 0
2883.3950 2885.7133 1.219905e-13 1.094229e-15 1.268300e+01 0 0
2884.9447 2887.2642 1.257229e-13 1.093280e-15 1.303691e+01 0 0
2886.4944 2888.8151 1.278966e-13 1.111472e-15 1.322669e+01 0 0
2888.0441 2890.3661 1.291159e-13 1.106886e-15 1.331671e+01 0 0
2889.5938 2891.9171 1.315077e-13 1.112915e-15 1.352520e+01 0 0
2891.1436 2893.4680 1.305057e-13 1.117576e-15 1.338408e+01 0 0
2892.6933 2895.0190 1.289562e-13 1.127808e-15 1.318565e+01 0 0
2894.2430 2896.5700 1.301165e-13 1.119865e-15 1.326415e+01 0 0
2895.7928 2898.1210 1.345852e-13 1.159999e-15 1.367570e+01 0 0
2897.3426 2899.6720 1.315419e-13 1.133220e-15 1.332310e+01 0 0
2898.8923 2901.2230 1.323106e-13 1.146135e-15 1.335467e+01 0 0
2900.4421 2902.7741 1.326851e-13 1.145001e-15 1.334562e+01 0 0
2901.9919 2904.3251 1.312081e-13 1.126366e-15 1.314853e+01 0 0
2903.5417 2905.8761 1.303752e-13 1.144886e-15 1.301643e+01 0 0
2905.0915 2907.4272 1.305045e-13 1.132907e-15 1.297912e+01 0 0
2906.6413 2908.9783 1.304124e-13 1.142087e-15 1.291945e+01 0 0
2908.1911 2910.5293 1.305613e-13 1.139729e-15 1.288269e+01 0 0
2909.7410 2912.0804 1.310606e-13 1.129184e-15 1.288000e+01 0 0
2911.2908 2913.6315 1.320727e-13 1.167580e-15 1.292672e+01 0 0
2912.8407 2915.1826 1.300066e-13 1.145047e-15 1.267243e+01 0 0
2914.3905 2916.7337 1.297537e-13 1.156436e-15 1.259595e+01 0 0
2915.9404 2918.2848 1.303627e-13 1.139046e-15 1.260296e+01 0 0
2917.4903 2919.8359 1.301045e-13 1.151111e-15 1.252665e+01 0 0
2919.0402 2921.3871 1.307460e-13 1.190385e-15 1.253693e+01 0 0
2920.5901 2922.9382 1.314043e-13 1.174007e-15 1.254941e+01 0 0
2922.1400 2924.4894 1.266310e-13 1.156085e-15 1.204501e+01 0 0
2923.6899 2926.0405 1.257733e-13 1.149974e-15 1.191655e+01 0 0
2925.2398 2927.5917 1.219734e-13 1.113627e-15 1.151141e+01 0 0
2926.7897 2929.1429 1.230066e-13 1.139719e-15 1.156447e+01 0 0
2928.3397 2930.6941 1.209198e-13 1.125961e-15 1.132491e+01 0 0
2929.8896 2932.2453 1.200816e-13 1.113324e-15 1.120397e+01 0 0
2931.4396 2933.7965 1.210842e-13 1.124832e-15 1.125493e+01 0 0
2932.9896 2935.3477 1.202011e-13 1.137420e-15 1.113088e+01 0 0
2934.5395 2936.8989 1.171124e-13 1.108079e-15 1.080405e+01 0 0
2936.0895 2938.4501 1.182098e-13 1.117144e-15 1.086407e+01 0 0
2937.6395 2940.0014 1.189846e-13 1.120118e-15 1.089373e+01 0 0
2939.1895 2941.5526 1.183158e-13 1.121853e-15 1.079089e+01 0 0
2940.7395 2943.1039 1.194026e-13 1.139480e-15 1.084782e+01 0 0
2942.2896 2944.6552 1.191800e-13 1.126148e-15 1.078488e+01 0 0
2943.8396 2946.2064 1.200018e-13 1.146527e-15 1.081590e+01 0 0
2945.3896 2947.7577 1.206076e-13 1.141409e-15 1.082609e+01 0 0
2946.9397 2949.3090 1.213780e-13 1.149805e-15 1.085006e+01 0 0
2948.4897 2950.8603 1.230057e-13 1.162166e-15 1.094787e+01 0 0
2950.0398 2952.4116 1.236276e-13 1.162440e-15 1.095404e+01 0 0
2951.5899 2953.9630 1.270757e-13 1.185591e-15 1.120798e+01 0 0
2953.1400 2955.5143 1.262892e-13 1.187795e-15 1.108668e+01 0 0
2954.6901 2957.0656 1.251825e-13 1.169558e-15 1.093715e+01 0 0
2956.2402 2958.6170 1.270615e-13 1.200669e-15 1.104751e+01 0 0
2957.7903 2960.1683 1.287319e-13 1.199901e-15 1.113738e+01 0 0
2959.3404 2961.7197 1.299595e-13 1.228200e-15 1.118707e+01 0 0
2960.8905 2963.2711 1.302515e-13 1.205290e-15 1.115480e+01 0 0
2962.4407 2964.8225 1.300729e-13 1.218694e-15 1.108157e+01 0 0
2963.9908 2966.3739 1.298276e-13 1.212272e-15 1.100219e+01 0 0
2965.5410 2967.9253 1.318969e-13 1.225678e-15 1.111759e+01 0 0
2967.0911 2969.4767 1.321335e-13 1.243198e-15 1.107686e+01 0 0
2968.6413 2971.0281 1.293625e-13 1.231531e-15 1.078467e+01 0 0
2970.1915 2972.5795 1.347182e-13 1.258489e-15 1.116826e+01 0 0
2971.7417 2974.1310 1.311055e-13 1.247029e-15 1.080707e+01 0 0
2973.2919 2975.6824 1.329812e-13 1.259143e-15 1.089867e+01 0 0
2974.8421 2977.2339 1.342068e-13 1.255088e-15 1.093509e+01 0 0
2976.3923 2978.7853 1.321719e-13 1.284416e-15 1.070591e+01 0 0
2977.9426 2980.3368 1.298172e-13 1.220459e-15 1.045260e+01 0 0
2979.4928 2981.8883 1.298395e-13 1.262524e-15 1.039156e+01 0 0
2981.0430 2983.4398 1.289362e-13 1.253866e-15 1.025663e+01 0 0
2982.5933 2984.9913 1.280264e-13 1.250699e-15 1.012194e+01 0 0
2984.1436 2986.5428 1.290842e-13 1.289707e-15 1.014262e+01 0 0
2985.6938 2988.0943 1.280402e-13 1.241867e-15 9.998102e+00 0 0
2987.2441 2989.6459 1.283176e-13 1.286939e-15 9.957085e+00 0 0
2988.7944 2991.1974 1.244796e-13 1.248807e-15 9.598485e+00 0 0
2990.3447 2992.7489 1.252269e-13 1.251692e-15 9.595010e+00 0 0
2991.8950 2994.3005 1.219548e-13 1.252580e-15 9.284878e+00 0 0
2993.4453 2995.8521 1.221467e-13 1.242336e-15 9.240117e+00 0 0
2994.9957 2997.4036 1.200012e-13 1.241025e-15 9.019622e+00 0 0
2996.5460 2998.9552 1.212136e-13 1.255370e-15 9.052205e+00 0 0
2998.0963 3000.5068 1.216681e-13 1.265988e-15 9.027534e+00 0 0
2999.6467 3002.0584 1.197614e-13 1.241161e-15 8.828659e+00 0 0
3001.1971 3003.6100 1.216198e-13 1.283042e-15 8.907463e+00 0 0
3002.7474 3005.1616 1.194053e-13 1.246724e-15 8.688354e+00 0 0
3004.2978 3006.7133 1.216645e-13 1.273143e-15 8.794761e+00 0 0
3005.8482 3008.2649 1.212636e-13 1.274845e-15 8.708095e+00 0 0
3007.3986 3009.8166 1.186571e-13 1.258878e-15 8.464431e+00 0 0
3008.9490 3011.3682 1.204034e-13 1.280229e-15 8.531672e+00 0 0
3010.4994 3012.9199 1.170021e-13 1.268260e-15 8.234856e+00 0 0
3012.0499 3014.4715 1.191253e-13 1.285453e-15 8.327362e+00 0 0
3013.6003 3016.0232 1.193901e-13 1.273463e-15 8.288667e+00 0 0
3015.1507 3017.5749 1.214081e-13 1.315046e-15 8.370360e+00 0 0
3016.7012 3019.1266 1.236984e-13 1.316198e-15 8.468551e+00 0 0
3018.2517 3020.6783 1.199801e-13 1.310282e-15 8.155738e+00 0 0
3019.8021 3022.2300 1.203728e-13 1.317113e-15 8.123768e+00 0 0
3021.3526 3023.7818 1.208657e-13 1.294379e-15 8.097704e+00 0 0
3022.9031 3025.3335 1.209544e-13 1.332778e-15 8.044029e+00 0 0
3024.4536 3026.8853 1.232373e-13 1.334145e-15 8.134593e+00 0 0
3026.0041 3028.4370 1.211409e-13 1.334742e-15 7.935834e+00 0 0
3027.5546 3029.9888 1.222698e-13 1.355682e-15 7.948489e+00 0 0
3029.1051 3031.5405 1.221086e-13 1.344663e-15 7.876694e+00 0 0
3030.6557 3033.0923 1.253841e-13 1.364384e-15 8.024866e+00 0 0
3032.2062 3034.6441 1.240280e-13 1.361296e-15 7.875605e+00 0 0
3033.7568 3036.1959 1.285539e-13 1.410506e-15 8.098273e+00 0 0
3035.3073 3037.7477 1.253796e-13 1.377198e-15 7.835186e+00 0 0
3036.8579 3039.2995 1.284411e-13 1.414787e-15 7.962079e+00 0 0
3038.4085 3040.8514 1.308008e-13 1.425852e-15 8.042800e+00 0 0
3039.9591 3042.4032 1.302720e-13 1.433775e-15 7.945444e+00 0 0
3041.5097 3043.9550 1.310268e-13 1.439256e-15 7.926347e+00 0 0
3043.0603 3045.5069 1.337604e-13 1.473853e-15 8.025862e+00 0 0
3044.6109 3047.0588 1.330272e-13 1.455132e-15 7.916486e+00 0 0
3046.1615 3048.6106 1.320836e-13 1.477089e-15 7.796248e+00 0 0
3047.7121 3050.1625 1.366735e-13 1.498036e-15 8.000961e+00 0 0
3049.2628 3051.7144 1.319373e-13 1.484321e-15 7.660697e+00 0 0
3050.8134 3053.2663 1.360857e-13 1.508704e-15 7.836658e+00 0 0
3052.3641 3054.8182 1.381134e-13 1.507490e-15 7.888466e+00 0 0
3053.9148 3056.3701 1.359223e-13 1.535360e-15 7.699436e+00 0 0
3055.4654 3057.9220 1.373617e-13 1.512232e-15 7.717148e+00 0 0
3057.0161 3059.4740 1.367716e-13 1.541644e-15 7.620461e+00 0 0
3058.5668 3061.0259 1.369322e-13 1.546127e-15 7.566395e+00 0 0
3060.1175 3062.5779 1.375954e-13 1.545360e-15 7.539702e+00 0 0
3061.6682 3064.1298 1.378927e-13 1.567717e-15 7.492976e+00 0 0
3063.2190 3065.6818 1.403000e-13 1.577987e-15 7.559626e+00 0 0
3064.7697 3067.2338 1.391958e-13 1.588376e-15 7.436783e+00 0 0
3066.3204 3068.7858 1.395387e-13 1.589053e-15 7.391548e+00 0 0
3067.8712 3070.3378 1.373876e-13 1.600778e-15 7.215222e+00 0 0
3069.4220 3071.8898 1.378840e-13 1.573455e-15 7.178621e+00 0 0
3070.9727 3073.4418 1.424607e-13 1.657846e-15 7.352196e+00 0 0
3072.5235 3074.9938 1.409912e-13 1.608781e-15 7.212252e+00 0 0
3074.0743 3076.5458 1.469472e-13 1.686572e-15 7.450085e+00 0 0
3075.6251 3078.0979 1.446193e-13 1.642199e-15 7.266211e+00 0 0
3077.1759 3079.6499 1.449841e-13 1.669375e-15 7.218599e+00 0 0
3078.7267 3081.2020 1.457375e-13 1.691180e-15 7.189749e+00 0 0
3080.2775 3082.7541 1.478954e-13 1.691391e-15 7.229098e+00 0 0
3081.8283 3084.3061 1.492330e-13 1.745895e-15 7.226684e+00 0 0
3083.3792 3085.8582 1.529870e-13 1.741914e-15 7.339364e+00 0 0
3084.9300 3087.4103 1.531059e-13 1.745100e-15 7.275821e+00 0 0
3086.4809 3088.9624 1.537115e-13 1.756335e-15 7.235599e+00 0 0
3088.0318 3090.5145 1.539165e-13 1.786085e-15 7.176078e+00 0 0
3089.5826 3092.0667 1.556750e-13 1.787200e-15 7.188749e+00 0 0
3091.1335 3093.6188 1.604041e-13 1.834474e-15 7.335639e+00 0 0
3092.6844 3095.1709 1.589561e-13 1.856791e-15 7.199336e+00 0 0
3094.2353 3096.7231 1.607775e-13 1.852539e-15 7.210898e+00 0 0
3095.7862 3098.2752 1.652201e-13 1.894818e-15 7.338137e+00 0 0
3097.3371 3099.8274 1.606238e-13 1.863235e-15 7.063957e+00 0 0
3098.8881 3101.3796 1.669174e-13 1.915900e-15 7.268937e+00 0 0
3100.4390 3102.9318 1.728876e-13 1.957619e-15 7.454547e+00 0 0
3101.9900 3104.4840 1.704646e-13 1.969992e-15 7.277753e+00 0 0
3103.5409 3106.0362 1.738320e-13 1.993012e-15 7.347790e+00 0 0
3105.0919 3107.5884 1.761712e-13 1.995748e-15 7.372995e+00 0 0
3106.6429 3109.1406 1.818985e-13 2.072359e-15 7.536663e+00 0 0
3108.1938 3110.6928 1.838660e-13 2.042902e-15 7.542422e+00 0 0
3109.7448 3112.2451 1.837251e-13 2.112875e-15 7.461000e+00 0 0
3111.2958 3113.7973 1.850669e-13 2.088751e-15 7.440389e+00 0 0
3112.8468 3115.3496 1.915463e-13 2.145982e-15 7.623240e+00 0 0
3114.3979 3116.9018 1.997015e-13 2.220115e-15 7.868050e+00 0 0
3115.9489 3118.4541 1.992400e-13 2.242491e-15 7.770410e+00 0 0
3117.4999 3120.0064 1.983775e-13 2.233491e-15 7.658816e+00 0 0
3119.0510 3121.5587 1.952762e-13 2.191340e-15 7.462483e+00 0 0
3120.6020 3123.1110 1.949821e-13 2.240059e-15 7.375903e+00 0 0
3122.1531 3124.6633 1.972875e-13 2.250206e-15 7.387040e+00 0 0
3123.7042 3126.2156 1.987401e-13 2.279224e-15 7.365944e+00 0 0
3125.2553 3127.7680 1.968728e-13 2.272920e-15 7.222140e+00 0 0
3126.8063 3129.3203 1.955273e-13 2.279994e-15 7.099810e+00 0 0
3128.3574 3130.8726 1.971998e-13 2.262481e-15 7.087152e+00 0 0
3129.9086 3132.4250 2.007195e-13 2.324851e-15 7.140078e+00 0 0
3131.4597 3133.9774 2.019778e-13 2.350069e-15 7.111043e+00 0 0
3133.0108 3135.5297 1.959096e-13 2.311781e-15 6.826913e+00 0 0
3134.5619 3137.0821 2.013000e-13 2.398879e-15 6.942583e+00 0 0
3136.1131 3138.6345 1.960119e-13 2.315397e-15 6.690993e+00 0 0
3137.6642 3140.1869 1.954344e-13 2.378760e-15 6.602549e+00 0 0
3139.2154 3141.7393 2.044351e-13 2.411283e-15 6.835829e+00 0 0
3140.7666 3143.2918 1.995343e-13 2.418544e-15 6.603157e+00 0 0
3142.3178 3144.8442 2.017797e-13 2.448137e-15 6.608933e+00 0 0
3143.8689 3146.3966 1.911257e-13 2.372224e-15 6.195380e+00 0 0
3145.4201 3147.9491 1.927305e-13 2.407812e-15 6.183243e+00 0 0
3146.9714 3149.5015 1.874149e-13 2.350141e-15 5.950649e+00 0 0
3148.5226 3151.0540 1.828417e-13 2.351628e-15 5.744814e+00 0 0
3150.0738 3152.6065 1.841419e-13 2.341714e-15 5.724519e+00 0 0
3151.6250 3154.1589 1.843509e-13 2.373994e-15 5.669728e+00 0 0
3153.1763 3155.7114 1.868607e-13 2.443510e-15 5.684725e+00 0 0
3154.7275 3157.2639 1.823201e-13 2.375505e-15 5.485833e+00 0 0
3156.2788 3158.8164 1.832772e-13 2.465282e-15 5.453484e+00 0 0
3157.8301 3160.3690 1.820470e-13 2.440263e-15 5.356071e+00 0 0
3159.3813 3161.9215 1.869081e-13 2.477525e-15 5.436586e+00 0 0
3160.9326 3163.4740 1.849693e-13 2.478502e-15 5.318264e+00 0 0
3162.4839 3165.0266 1.791940e-13 2.417554e-15 5.092144e+00 0 0
3164.0352 3166.5791 1.786677e-13 2.473454e-15 5.017226e+00 0 0
3165.5866 3168.1317 1.392404e-13 1.964285e-15 3.863271e+00 2560 0
3167.1379 3169.6843 1.271849e-13 2.062308e-15 3.486003e+00 2564 0
3168.6892 3171.2368 2.032323e-13 2.623004e-15 5.501937e+00 2564 0
3170.2406 3172.7894 3.585340e-13 3.507319e-15 9.585399e+00 2580 0
3171.7919 3174.3420 5.155418e-15 4.567561e-16 1.360893e-01 2580 0
