# obs_wvl flux error
5.290000000000000000e+03 1.621513965037891386e-14 1.673051801180609538e-16
5.294879726336481326e+03 1.642716116298034714e-14 1.372998130268995176e-16
5.299759452672962652e+03 1.666065450619381144e-14 1.317785934285358041e-16
5.304639179009443978e+03 1.657758717887716316e-14 1.280519167299720938e-16
5.309518905345925305e+03 1.663565988520713618e-14 1.254691284075066995e-16
5.314398631682406631e+03 1.722035961915300291e-14 1.298041963299772259e-16
5.319278358018887957e+03 1.713362256323889215e-14 1.286608761768766806e-16
5.324158084355369283e+03 1.845181025137002135e-14 1.614049357385326086e-16
5.329037810691850609e+03 1.797226050268087890e-14 1.322956973997131837e-16
5.333917537028331935e+03 1.771569231978966298e-14 1.339502601374396510e-16
5.338797263364813261e+03 1.768164544232203152e-14 1.334431698662265712e-16
5.343676989701294588e+03 1.778176043311896469e-14 1.375040491031745080e-16
5.348556716037775914e+03 1.770085738251420692e-14 1.374433061950669976e-16
5.353436442374257240e+03 1.729127744862571287e-14 1.612318304416909859e-16
5.358316168710738566e+03 1.713692614516394155e-14 1.418963209868332607e-16
5.363195895047219892e+03 1.753521159231450145e-14 1.515504524795643213e-16
5.368075621383701218e+03 1.736625558692620970e-14 1.416209024887908357e-16
5.372955347720182544e+03 1.741500190810399375e-14 1.416170601522323398e-16
5.377835074056663871e+03 1.711789318916552044e-14 1.508304382761525756e-16
5.382714800393145197e+03 1.757109780620414716e-14 1.423634729951241847e-16
5.387594526729626523e+03 1.735702935815184687e-14 1.405289780932158321e-16
5.392474253066107849e+03 1.675349012554779130e-14 1.418935198658685322e-16
5.397353979402589175e+03 1.680268927210379602e-14 1.362987655030114286e-16
5.402233705739070501e+03 1.711459672319849163e-14 1.404325353989545534e-16
5.407113432075551827e+03 1.712753544605312918e-14 1.363077791189220394e-16
5.411993158412033154e+03 1.717567176789876226e-14 1.465596636137655908e-16
5.416872884748514480e+03 1.644133698761336562e-14 1.315167281263738877e-16
5.421752611084995806e+03 1.623726992324349754e-14 1.279413191303322742e-16
5.426632337421477132e+03 1.608826038242141010e-14 1.257014418286460285e-16
5.431512063757958458e+03 1.614169930668305417e-14 1.244552799066546726e-16
5.436391790094439784e+03 1.620919386146278271e-14 1.239987506505721307e-16
5.441271516430921110e+03 1.588384241140023296e-14 1.213611039195391630e-16
5.446151242767402437e+03 1.610528181150381751e-14 1.211508559344793285e-16
5.451030969103883763e+03 1.557162436241199704e-14 1.373300797676736500e-16
5.455910695440365089e+03 1.556669378489530695e-14 1.206981746976143823e-16
5.460790421776846415e+03 1.594379495359841049e-14 1.167597742785657620e-16
5.465670148113327741e+03 1.594564657293510580e-14 1.173169999538227194e-16
5.470549874449809067e+03 1.639825211152996633e-14 1.217157454786134095e-16
5.475429600786290393e+03 1.633985080380551363e-14 1.151815026103437983e-16
5.480309327122771720e+03 1.649984338398892141e-14 1.145338624574792919e-16
5.485189053459253046e+03 1.669445022504065364e-14 1.146115347477706716e-16
5.490068779795734372e+03 1.682325667505659856e-14 1.146948527018449868e-16
5.494948506132215698e+03 1.684183565143743704e-14 1.151246495268292344e-16
5.499828232468697024e+03 1.702654171381207927e-14 1.148402284399036757e-16
5.504707958805178350e+03 1.719389838611024115e-14 1.159255203906417611e-16
5.509587685141659676e+03 1.730056602630648396e-14 1.150845456270776461e-16
5.514467411478141003e+03 1.733079454483119807e-14 1.150401974991337870e-16
5.519347137814622329e+03 1.772740939433374146e-14 1.194304863199997561e-16
5.524226864151103655e+03 1.744407249475336009e-14 1.174837428043430595e-16
5.529106590487584981e+03 1.727652534382647786e-14 1.150177622544522294e-16
5.533986316824066307e+03 1.708078952341695861e-14 1.139243741466138339e-16
5.538866043160547633e+03 1.701185972337004016e-14 1.145379077390698100e-16
5.543745769497028959e+03 1.641864464240421025e-14 1.129302612710427614e-16
5.548625495833510286e+03 1.627094831692607348e-14 1.111045606461545507e-16
5.553505222169991612e+03 1.605640400597365909e-14 1.140354049374059966e-16
5.558384948506472938e+03 1.589103492331004033e-14 1.106577909170438121e-16
5.563264674842954264e+03 1.632828810390098390e-14 1.115378976526915647e-16
5.568144401179435590e+03 1.651194449872069858e-14 1.122216507727932147e-16
5.573024127515916916e+03 1.647129200241529873e-14 1.161050698631882747e-16
5.577903853852398242e+03 1.643503200314315828e-14 1.117044731973859052e-16
5.582783580188879569e+03 1.658939313238843001e-14 1.115656591864280752e-16
5.587663306525360895e+03 1.680030364817580550e-14 1.126228526778954784e-16
5.592543032861842221e+03 1.717157169367404746e-14 1.220947417592681760e-16
5.597422759198323547e+03 1.696416246985004176e-14 1.148974884433505001e-16
5.602302485534804873e+03 1.727869922967362207e-14 1.126422614362257572e-16
5.607182211871286199e+03 1.709853614800527790e-14 1.227306181918078033e-16
5.612061938207767525e+03 1.719897177988032425e-14 1.235881740577031696e-16
5.616941664544248852e+03 1.707093826888851705e-14 1.112648946671988014e-16
5.621821390880730178e+03 1.746939952528254821e-14 1.122743087161665558e-16
5.626701117217211504e+03 1.774111316883854302e-14 1.118948550189430090e-16
5.631580843553692830e+03 1.750852876898294132e-14 1.104682750109786644e-16
5.636460569890174156e+03 1.753139311967872270e-14 1.105117397292952830e-16
5.641340296226655482e+03 1.781076218147385439e-14 1.111824604178265534e-16
5.646220022563136808e+03 1.755574296189265977e-14 1.170146866062380197e-16
5.651099748899618135e+03 1.739810860091206527e-14 1.103360236714971088e-16
5.655979475236099461e+03 1.783867873186575941e-14 1.104866953841511515e-16
5.660859201572580787e+03 1.773406984108674098e-14 1.097765647926166729e-16
5.665738927909062113e+03 1.786994373850943583e-14 1.110366586677828564e-16
5.670618654245543439e+03 1.786326407684137721e-14 1.105092903457739184e-16
5.675498380582024765e+03 1.793752025850193617e-14 1.110688783302971340e-16
5.680378106918506091e+03 1.778127633189112989e-14 1.100242778871410623e-16
5.685257833254987418e+03 1.776823117135750122e-14 1.090222206163326758e-16
5.690137559591468744e+03 1.770128169966515621e-14 1.096464142938845112e-16
5.695017285927950070e+03 1.759856597249922480e-14 1.086290133613072973e-16
5.699897012264431396e+03 1.751842430697518741e-14 1.075893232712562170e-16
5.704776738600912722e+03 1.761762143514139054e-14 1.079905849381261990e-16
5.709656464937394048e+03 1.755576114134274156e-14 1.080212411911341899e-16
5.714536191273875374e+03 1.745228405673569330e-14 1.073705248057922802e-16
5.719415917610356701e+03 1.758308804484221310e-14 1.077348740105420707e-16
5.724295643946838027e+03 1.755045012326965117e-14 1.074076782587859560e-16
5.729175370283319353e+03 1.733172771950852242e-14 1.086594201723188555e-16
5.734055096619800679e+03 1.717900266899151430e-14 1.063873279582723022e-16
5.738934822956282005e+03 1.741403171097696003e-14 1.065793013840806552e-16
5.743814549292763331e+03 1.733734136384872058e-14 1.079691086983737943e-16
5.748694275629244657e+03 1.725647632775068835e-14 1.061521845103413505e-16
5.753574001965725984e+03 1.735012798202815088e-14 1.055565055146349170e-16
5.758453728302207310e+03 1.709153393164990530e-14 1.064290812638625206e-16
5.763333454638688636e+03 1.695474285896648586e-14 1.178834186582240754e-16
5.768213180975169962e+03 1.713789902187623905e-14 1.049238463497086383e-16
5.773092907311651288e+03 1.707579869204767992e-14 1.070974987435821596e-16
5.777972633648132614e+03 1.707258010144348866e-14 1.043930078318703386e-16
5.782852359984613940e+03 1.674186119233137194e-14 1.029757170347704333e-16
5.787732086321095267e+03 1.714669159287071441e-14 1.046035670839758111e-16
5.792611812657576593e+03 1.718034810878505436e-14 1.039741621029914822e-16
5.797491538994057919e+03 1.676842009453504421e-14 1.041962187527920869e-16
5.802371265330539245e+03 1.701951415272001486e-14 1.079159720453186039e-16
5.807250991667020571e+03 1.730380927678332970e-14 1.130010692565892091e-16
5.812130718003501897e+03 1.671564219232466658e-14 1.030576887246910513e-16
5.817010444339983223e+03 1.692316351077573940e-14 1.053039693956988527e-16
5.821890170676464550e+03 1.697260250215907845e-14 1.023880121246561712e-16
5.826769897012945876e+03 1.690160589046950051e-14 1.034836282495297006e-16
5.831649623349427202e+03 1.695541133256484131e-14 1.018575598362652020e-16
5.836529349685908528e+03 1.696231305685652611e-14 1.016014519810125017e-16
5.841409076022389854e+03 1.678481033229707680e-14 1.022867551740246746e-16
5.846288802358871180e+03 1.693181450097762436e-14 1.102086082825368039e-16
5.851168528695352506e+03 1.705628914221686113e-14 1.020942828699635534e-16
5.856048255031833833e+03 1.719858695460252596e-14 1.034461670398186659e-16
5.860927981368315159e+03 1.732031278358121345e-14 1.020367781211370376e-16
5.865807707704796485e+03 1.720755847396155788e-14 1.026448311141093367e-16
5.870687434041277811e+03 1.708893491464771019e-14 1.064417741338127286e-16
5.875567160377759137e+03 1.723558123208727832e-14 1.013616146942672206e-16
5.880446886714240463e+03 1.705015109792650295e-14 1.010667516294895027e-16
5.885326613050721789e+03 1.707899397996203640e-14 1.013630577292609513e-16
5.890206339387203116e+03 1.656161730389165595e-14 9.954691150064015261e-17
5.895086065723684442e+03 1.656208255377299534e-14 1.028274191156338572e-16
5.899965792060165768e+03 1.647892573653457557e-14 9.983471268694491223e-17
5.904845518396647094e+03 1.693642582767488586e-14 1.006438024223507942e-16
5.909725244733128420e+03 1.688588376511362425e-14 1.006661146429288918e-16
5.914604971069609746e+03 1.654716397646936993e-14 1.002601170677544568e-16
5.919484697406091072e+03 1.639333255252675739e-14 9.929680195470557182e-17
5.924364423742572399e+03 1.673862219728695768e-14 1.021317212726963474e-16
5.929244150079053725e+03 1.686129400642085837e-14 1.030936073510544636e-16
5.934123876415535051e+03 1.715431782826529669e-14 1.017962631416592433e-16
5.939003602752016377e+03 1.714410862351509978e-14 1.015338783687655011e-16
5.943883329088497703e+03 1.733938356778552297e-14 1.029960867914528255e-16
5.948763055424979029e+03 1.726143957556029081e-14 8.656635570562839827e-17
5.953642781761460355e+03 1.706349058089914189e-14 1.166770150090465580e-16
5.958522508097941682e+03 1.700423555656286480e-14 1.007800336897968243e-16
5.963402234434423008e+03 1.682108554394942401e-14 1.002095884574518508e-16
5.968281960770904334e+03 1.689689748621358535e-14 1.004573369380146363e-16
5.973161687107385660e+03 1.663281385730820373e-14 1.172333976299813889e-16
5.978041413443866986e+03 1.683270092786933777e-14 1.007816549495080511e-16
5.982921139780348312e+03 1.677132711134257188e-14 1.000338258726532269e-16
5.987800866116829638e+03 1.645036563047917375e-14 9.908701095537304368e-17
5.992680592453310965e+03 1.641491388052912216e-14 9.907909586745870648e-17
5.997560318789792291e+03 1.638731664311637965e-14 1.004787241808398995e-16
6.002440045126273617e+03 1.608667845631441898e-14 9.859822081772375030e-17
6.007319771462754943e+03 1.605656445674865606e-14 9.794616740416689087e-17
6.012199497799236269e+03 1.587139498964858378e-14 9.675101850840629001e-17
6.017079224135717595e+03 1.592266311450502538e-14 9.731273469251393655e-17
6.021958950472198921e+03 1.607982042356826416e-14 1.018716387132985348e-16
6.026838676808680248e+03 1.611119424672241687e-14 9.754274778076333854e-17
6.031718403145161574e+03 1.582049017323282851e-14 9.626822411915164770e-17
6.036598129481642900e+03 1.563469645291391381e-14 9.782930245540155789e-17
6.041477855818124226e+03 1.561148976205687516e-14 1.129270413328741602e-16
6.046357582154605552e+03 1.513755669716318400e-14 9.355947790516394668e-17
6.051237308491086878e+03 1.505634606249230123e-14 1.078694340745983223e-16
6.056117034827568204e+03 1.504732887648263105e-14 9.319343702034043738e-17
6.060996761164049531e+03 1.491497521726728180e-14 9.974042213857248502e-17
6.065876487500530857e+03 1.483346637611638321e-14 9.543764095997815709e-17
6.070756213837012183e+03 1.438845437132434416e-14 8.994865957646370529e-17
6.075635940173493509e+03 1.436711921479513123e-14 9.032902995748980944e-17
6.080515666509974835e+03 1.396501549967375937e-14 9.031957597579167446e-17
6.085395392846456161e+03 1.347235582014940891e-14 8.760709771082435897e-17
6.090275119182937487e+03 1.318213293187785948e-14 9.734955001780878281e-17
6.095154845519418814e+03 1.311587337113287058e-14 8.583789356315671945e-17
6.100034571855900140e+03 1.275446035392134642e-14 9.027182437378810252e-17
6.104914298192381466e+03 1.232285492254568270e-14 8.287637290491853346e-17
6.109794024528862792e+03 1.215212806712648666e-14 8.198940680608953426e-17
6.114673750865344118e+03 1.186394251130962546e-14 8.166437825825716266e-17
6.119553477201825444e+03 1.142459857296385353e-14 7.954198910161439206e-17
6.124433203538306770e+03 1.121128861601267440e-14 7.899796273164828877e-17
6.129312929874788097e+03 1.106700819158212156e-14 7.843575482216347332e-17
6.134192656211269423e+03 1.077357811328922080e-14 8.112762588379906537e-17
6.139072382547750749e+03 1.081094570951805674e-14 8.033018307395281803e-17
6.143952108884232075e+03 1.075377014552681747e-14 7.779685943344442464e-17
6.148831835220713401e+03 1.083345388465978820e-14 7.768391438467347822e-17
6.153711561557194727e+03 1.054268235011601140e-14 7.608897112528351437e-17
6.158591287893676053e+03 1.074076935013259540e-14 7.642804231967374223e-17
6.163471014230157380e+03 1.089993259424488018e-14 7.691732423651887160e-17
6.168350740566638706e+03 1.061947110211663093e-14 8.663763025628470830e-17
6.173230466903120032e+03 1.106337363619350699e-14 7.888531802703011023e-17
6.178110193239601358e+03 1.125627250372793707e-14 7.838644219880334373e-17
6.182989919576082684e+03 1.137936445964082568e-14 7.837755080059065151e-17
6.187869645912564010e+03 1.154217101671726674e-14 7.864632175797298033e-17
6.192749372249045337e+03 1.160437035412322094e-14 7.910474268583685938e-17
6.197629098585526663e+03 1.172429529220947720e-14 6.883524262528712961e-17
6.202508824922007989e+03 1.194332464551266584e-14 9.413381545302459182e-17
6.207388551258489315e+03 1.219313688463010996e-14 8.193070208431214102e-17
6.212268277594970641e+03 1.239533362256109880e-14 8.103532947341065354e-17
6.217148003931451967e+03 1.252409783962046217e-14 8.201936817208800965e-17
6.222027730267933293e+03 1.254015801059140211e-14 8.164998246047161842e-17
6.226907456604414620e+03 1.263060448196532286e-14 8.133378861256029262e-17
6.231787182940895946e+03 1.293036561907585923e-14 8.268293124085523770e-17
6.236666909277377272e+03 1.338973568707709572e-14 8.630416112099907485e-17
6.241546635613858598e+03 1.336903802502930575e-14 8.445632754106032483e-17
6.246426361950339924e+03 1.342756223067618120e-14 8.371044829546260035e-17
6.251306088286821250e+03 1.364557386130310737e-14 8.492000891359709869e-17
6.256185814623302576e+03 1.379007788778060356e-14 8.446263085850196808e-17
6.261065540959783903e+03 1.415976106363784801e-14 8.558505548522403295e-17
6.265945267296265229e+03 1.426751350316445394e-14 8.603558983690894307e-17
6.270824993632746555e+03 1.420753786434146928e-14 8.527994944360090878e-17
6.275704719969227881e+03 1.452482890447807542e-14 8.661690165240531243e-17
6.280584446305709207e+03 1.470904395874960474e-14 8.793313476175186170e-17
6.285464172642190533e+03 1.446404074573182913e-14 8.591251615689956314e-17
6.290343898978671859e+03 1.454344923826828724e-14 9.083278315282734514e-17
6.295223625315153186e+03 1.478493254258592367e-14 8.668741893181777653e-17
6.300103351651634512e+03 1.489470040553176044e-14 9.081465530360844350e-17
6.304983077988115838e+03 1.487473202080066606e-14 8.781580064434282690e-17
6.309862804324597164e+03 1.489509059388245498e-14 8.769371413910795676e-17
6.314742530661078490e+03 1.499722643798978992e-14 8.914096593518754404e-17
6.319622256997559816e+03 1.512269842433033486e-14 8.684620487408665843e-17
6.324501983334041142e+03 1.475006087393337126e-14 9.456202343284519832e-17
6.329381709670522469e+03 1.499064519450792042e-14 8.703651698854353948e-17
6.334261436007003795e+03 1.500655540222645802e-14 7.677690405361469232e-17
6.339141162343485121e+03 1.490076305074063134e-14 1.027667223118812052e-16
6.344020888679966447e+03 1.475414416829210392e-14 8.531148430269531811e-17
6.348900615016447773e+03 1.492330809338745103e-14 8.721530518066126125e-17
6.353780341352929099e+03 1.462734456292055706e-14 8.441575390322243754e-17
6.358660067689410425e+03 1.452400122476715263e-14 8.404398780579786513e-17
6.363539794025891752e+03 1.453789638436450281e-14 8.345075674640596400e-17
6.368419520362373078e+03 1.456275075623040301e-14 8.367182398404576521e-17
6.373299246698854404e+03 1.443189782704584733e-14 8.360872436400751881e-17
6.378178973035335730e+03 1.454953978983464311e-14 8.371040204097062514e-17
6.383058699371817056e+03 1.442872266219739829e-14 8.275924042637920987e-17
6.387938425708298382e+03 1.454983984858464530e-14 8.328983101643172059e-17
6.392818152044779708e+03 1.429583195918378994e-14 9.174574629091078368e-17
6.397697878381261035e+03 1.438008447709909176e-14 8.278257464434346945e-17
6.402577604717742361e+03 1.436711437666898914e-14 8.235520190132901886e-17
6.407457331054223687e+03 1.421786922683057004e-14 8.155838833880875009e-17
6.412337057390705013e+03 1.434249259599178315e-14 8.192438655043333168e-17
6.417216783727186339e+03 1.422512358008523528e-14 8.140250420802870892e-17
6.422096510063667665e+03 1.412597272000540819e-14 8.191424642331392021e-17
6.426976236400148991e+03 1.401125079033623825e-14 8.164655981580972619e-17
6.431855962736630318e+03 1.409326509122244138e-14 8.119929041475037329e-17
6.436735689073111644e+03 1.398505333054562326e-14 8.035308789792983993e-17
6.441615415409592970e+03 1.385022319764626613e-14 8.093198074437292596e-17
6.446495141746074296e+03 1.394296933559833794e-14 8.244715008114411517e-17
6.451374868082555622e+03 1.384520960333958750e-14 7.995107523307000334e-17
6.456254594419036948e+03 1.387875672404220979e-14 8.375044755454023903e-17
6.461134320755518274e+03 1.372376055325346775e-14 7.940346972405751277e-17
6.466014047091999601e+03 1.338007150193236077e-14 8.035380935618320818e-17
6.470893773428480927e+03 1.355080502488670134e-14 7.961845768573648088e-17
6.475773499764962253e+03 1.340145519860020569e-14 7.828918614412036844e-17
6.480653226101443579e+03 1.350797724875372318e-14 7.891521639269680947e-17
6.485532952437924905e+03 1.358049907754937743e-14 8.207740489385119054e-17
6.490412678774406231e+03 1.343920678189406441e-14 7.995713011543666206e-17
6.495292405110887557e+03 1.326563085247019882e-14 7.811800391770755362e-17
6.500172131447368884e+03 1.327560202193356694e-14 7.850739194385102196e-17
6.505051857783850210e+03 1.336317497998296894e-14 7.833330883941456457e-17
6.509931584120331536e+03 1.314102143175399636e-14 8.131391314229270068e-17
6.514811310456812862e+03 1.302485047730235616e-14 8.145610958827541792e-17
6.519691036793294188e+03 1.295920842913904006e-14 8.369547328156143812e-17
6.524570763129775514e+03 1.312218920156503899e-14 7.801381209830104554e-17
6.529450489466256840e+03 1.305736644558298562e-14 7.794255197092088793e-17
6.534330215802738167e+03 1.309504638597814997e-14 7.760229713457094549e-17
6.539209942139219493e+03 1.305029886658042532e-14 7.743522548560565641e-17
6.544089668475700819e+03 1.294028789877420627e-14 7.677097770554290755e-17
6.548969394812182145e+03 1.294111922446077184e-14 7.684821170921012798e-17
6.553849121148663471e+03 1.307327510657183474e-14 7.725821575447496182e-17
6.558728847485144797e+03 1.289845027771998247e-14 7.651430615818451478e-17
6.563608573821626123e+03 1.286324292349456212e-14 7.677463222664524269e-17
6.568488300158107450e+03 1.297904906830960156e-14 7.706534513586799166e-17
6.573368026494588776e+03 1.293573790235879215e-14 7.680876069683835644e-17
6.578247752831070102e+03 1.313351372219528317e-14 7.723356854325051260e-17
6.583127479167551428e+03 1.290025581210674482e-14 7.667342370005249161e-17
6.588007205504032754e+03 1.290620300609249348e-14 7.647662384697368870e-17
6.592886931840514080e+03 1.275543478201300639e-14 7.608286277291912398e-17
6.597766658176995406e+03 1.277978169896987709e-14 7.628779676947504348e-17
6.602646384513476733e+03 1.266376669011627503e-14 7.694801914049827415e-17
6.607526110849958059e+03 1.278457285185223483e-14 7.620690922659636720e-17
6.612405837186439385e+03 1.255177985713652232e-14 7.606489420591034339e-17
6.617285563522920711e+03 1.247090182096977948e-14 7.530542839791333986e-17
6.622165289859402037e+03 1.260822508553894451e-14 7.578235798257131414e-17
6.627045016195883363e+03 1.239079744131968834e-14 7.485400547707510019e-17
6.631924742532364689e+03 1.230823916336008041e-14 7.534999611994550183e-17
6.636804468868846016e+03 1.254702118207617057e-14 7.573321538308010047e-17
6.641684195205327342e+03 1.238297695673368401e-14 7.575815950935505067e-17
6.646563921541808668e+03 1.237424655922153400e-14 7.457542786050548283e-17
6.651443647878289994e+03 1.249768582225700729e-14 7.519162305673201294e-17
6.656323374214771320e+03 1.239412935207661265e-14 7.690075422845194341e-17
6.661203100551252646e+03 1.229564966360072818e-14 7.442010165327374691e-17
6.666082826887733972e+03 1.226177500493626117e-14 7.440633916804234502e-17
6.670962553224215299e+03 1.245147462083327488e-14 7.488974017828047417e-17
6.675842279560696625e+03 1.253075375103617477e-14 7.506547657579191771e-17
6.680722005897177951e+03 1.217965715828287238e-14 7.353210698089939865e-17
6.685601732233659277e+03 1.226327222634927378e-14 7.420318167726846105e-17
6.690481458570140603e+03 1.217892015415279916e-14 7.364217089729917064e-17
6.695361184906621929e+03 1.231608045873875051e-14 7.470845207585229938e-17
6.700240911243103255e+03 1.225258018989439595e-14 7.336541737942807965e-17
6.705120637579584582e+03 1.222220796431330115e-14 7.335368759963532679e-17
6.710000363916065908e+03 1.200370302134308779e-14 7.450126690618419801e-17
6.714880090252547234e+03 1.194890341237829330e-14 7.445906485011981935e-17
6.719759816589028560e+03 1.184289906179303685e-14 7.477360876271385794e-17
6.724639542925509886e+03 1.190196738742756964e-14 7.340307877550534717e-17
6.729519269261991212e+03 1.216687792571993792e-14 7.313439625250263846e-17
6.734398995598472538e+03 1.213815572584731627e-14 7.661547550980254506e-17
6.739278721934953865e+03 1.210213325890157222e-14 7.386914704518514016e-17
6.744158448271435191e+03 1.201159896856829473e-14 7.292094680766657948e-17
6.749038174607916517e+03 1.173081534311181727e-14 7.179987146567721090e-17
6.753917900944397843e+03 1.187948556873370952e-14 7.199180842014431522e-17
6.758797627280879169e+03 1.176696743438552079e-14 7.148559510818420789e-17
6.763677353617360495e+03 1.190946160398693197e-14 7.195063301525406535e-17
6.768557079953841821e+03 1.187341455131078367e-14 7.181983473639663769e-17
6.773436806290323148e+03 1.186565219165868837e-14 7.169160008312114722e-17
6.778316532626804474e+03 1.175349200069308180e-14 7.148660702296757538e-17
6.783196258963285800e+03 1.159794337917768060e-14 7.307235341189019022e-17
6.788075985299767126e+03 1.169454848491015284e-14 7.077385920864116370e-17
6.792955711636248452e+03 1.169472728927531403e-14 7.126024739890189439e-17
6.797835437972729778e+03 1.149324899065115156e-14 7.035220455914367469e-17
6.802715164309211104e+03 1.164318265398483099e-14 7.071241863761686887e-17
6.807594890645692431e+03 1.147091033174226636e-14 6.995767768484065461e-17
6.812474616982173757e+03 1.139821168410644303e-14 6.990493772225327490e-17
6.817354343318655083e+03 1.134325165709445999e-14 6.960585149972416841e-17
6.822234069655136409e+03 1.138947211869478040e-14 7.019904781709719605e-17
6.827113795991617735e+03 1.151183329284091624e-14 6.997228971733984749e-17
6.831993522328099061e+03 1.129128969748886461e-14 6.914617890452533774e-17
6.836873248664580387e+03 1.124657571533173160e-14 7.249859239603295381e-17
6.841752975001061714e+03 1.106871376720549817e-14 7.372565533983967343e-17
6.846632701337543040e+03 1.110931294664881171e-14 7.377903860455670498e-17
6.851512427674024366e+03 1.111059821444449821e-14 6.894954787005103798e-17
6.856392154010505692e+03 1.115051923673838175e-14 6.889111850304611194e-17
6.861271880346987018e+03 1.125558141186357297e-14 7.014156864964168795e-17
6.866151606683468344e+03 1.125164402157251534e-14 7.102869014054289846e-17
6.871031333019949670e+03 1.113198489167327002e-14 6.940774635856764945e-17
6.875911059356430997e+03 1.141014674633411213e-14 8.178018635948797534e-17
6.880790785692912323e+03 1.115147904129155827e-14 7.005225320375803666e-17
6.885670512029393649e+03 1.087049050730631647e-14 6.769846564362785402e-17
6.890550238365874975e+03 1.120386483731450656e-14 7.951860397213116462e-17
6.895429964702356301e+03 1.110864076101709538e-14 6.932949285933455073e-17
6.900309691038837627e+03 1.082961645342406584e-14 6.766520990428651802e-17
6.905189417375318953e+03 1.071865164904898601e-14 6.716802499217393330e-17
6.910069143711800280e+03 1.077795805728004001e-14 6.750764866668158679e-17
6.914948870048281606e+03 1.083501506685480762e-14 6.742493085662554237e-17
6.919828596384762932e+03 1.080691875278885318e-14 6.987532353657708883e-17
6.924708322721244258e+03 1.085700718493449674e-14 6.784540993549879661e-17
6.929588049057725584e+03 1.085657542977511965e-14 6.755321277492809241e-17
6.934467775394206910e+03 1.069974447430362256e-14 6.683329792669600128e-17
6.939347501730688236e+03 1.069620340377217342e-14 6.680107223467008576e-17
6.944227228067169563e+03 1.083044919273196342e-14 6.756697461120172710e-17
6.949106954403650889e+03 1.068818544674151681e-14 6.676592843031070795e-17
6.953986680740132215e+03 1.065040758329078521e-14 6.729523093586146172e-17
6.958866407076613541e+03 1.070839190216518663e-14 6.670358087011774511e-17
6.963746133413094867e+03 1.076174323352139445e-14 6.699574200936940847e-17
6.968625859749576193e+03 1.076429523165343616e-14 6.788618892520531741e-17
6.973505586086057519e+03 1.073276379202165939e-14 8.485249163815499840e-17
6.978385312422538846e+03 1.058016776381368860e-14 6.635613837893697562e-17
6.983265038759020172e+03 1.045768695905669462e-14 6.598848305273919762e-17
6.988144765095501498e+03 1.050450518790895304e-14 6.612329996990270087e-17
6.993024491431982824e+03 1.052860378885808365e-14 7.011041106195710028e-17
6.997904217768464150e+03 1.050453627236341305e-14 6.751135869049866334e-17
7.002783944104945476e+03 1.044574642552938132e-14 6.515582353165977657e-17
7.007663670441426802e+03 1.052253588212302344e-14 6.645153687752925511e-17
7.012543396777908129e+03 1.057619676524537514e-14 6.716518103076369165e-17
7.017423123114389455e+03 1.055179710053347165e-14 6.557752274595454130e-17
7.022302849450870781e+03 1.053018590923077540e-14 6.754046108458599987e-17
7.027182575787352107e+03 1.047201316584344669e-14 6.525122648557411917e-17
7.032062302123833433e+03 1.046566486599094228e-14 7.540966331816504252e-17
7.036942028460314759e+03 1.025826617853935623e-14 7.557992109323104231e-17
7.041821754796796085e+03 1.027984696087752941e-14 6.602240449001674279e-17
7.046701481133277412e+03 1.039986115270132315e-14 6.462092260156822975e-17
7.051581207469758738e+03 1.035684652680075497e-14 6.428999456972023818e-17
7.056460933806240064e+03 1.032358425176758686e-14 6.545438538516833359e-17
7.061340660142721390e+03 1.040711688370337216e-14 6.462071591281877045e-17
7.066220386479202716e+03 1.052743561522803182e-14 6.462649617898246840e-17
7.071100112815684042e+03 1.022506735110230453e-14 6.368792583044786182e-17
7.075979839152165368e+03 1.004014352217785725e-14 6.638735073846043543e-17
7.080859565488646695e+03 1.011259883139965194e-14 6.826169874839442270e-17
7.085739291825128021e+03 1.026103868012640808e-14 6.486799311895379867e-17
7.090619018161609347e+03 1.023736751982184976e-14 6.380634170484366508e-17
7.095498744498090673e+03 1.040953097791773772e-14 6.443705575601220031e-17
7.100378470834571999e+03 1.039697291256206489e-14 6.776677966928912406e-17
7.105258197171053325e+03 1.032990050638037247e-14 6.521747016431649931e-17
7.110137923507534651e+03 1.035045159237062376e-14 6.406956633442247954e-17
7.115017649844015978e+03 1.005619832143992822e-14 7.238434933106970251e-17
7.119897376180497304e+03 1.005910208750223220e-14 6.483482916470154374e-17
7.124777102516978630e+03 1.027429196704404549e-14 6.385533182194668198e-17
7.129656828853459956e+03 1.027351074906722940e-14 6.520539631748705700e-17
7.134536555189941282e+03 1.038277555395386185e-14 6.540292503578208099e-17
7.139416281526422608e+03 1.027608331388181385e-14 6.401365307339615784e-17
7.144296007862903934e+03 1.037039862295741755e-14 6.459063267800094359e-17
7.149175734199385261e+03 1.035372615125538005e-14 6.568052525916281508e-17
7.154055460535866587e+03 1.037028275106606077e-14 7.057257385893727683e-17
7.158935186872347913e+03 1.001091482121525514e-14 6.896547389912398864e-17
7.163814913208829239e+03 9.921637730209925794e-15 7.292518901982676625e-17
7.168694639545310565e+03 1.012435152515620733e-14 7.112505041968042382e-17
7.173574365881791891e+03 1.015250922826444518e-14 6.559642706158882460e-17
7.178454092218273217e+03 1.048137131914402983e-14 7.055518620521036185e-17
7.183333818554754544e+03 1.045495471022158467e-14 6.552561801645258109e-17
7.188213544891235870e+03 1.019263026397571547e-14 6.651940156962310921e-17
7.193093271227717196e+03 1.008689289911879856e-14 7.095543675185374080e-17
7.197972997564198522e+03 9.987238426133367153e-15 8.250875809054724979e-17
7.202852723900679848e+03 9.944334063475940917e-15 6.374160089545106027e-17
7.207732450237161174e+03 9.691430927246882161e-15 6.484739537499769920e-17
7.212612176573642500e+03 9.971982595454293463e-15 6.449318228101520313e-17
7.217491902910123827e+03 9.833524796235903270e-15 6.423257247442669804e-17
7.222371629246605153e+03 9.711863675746510250e-15 6.294071223929589276e-17
7.227251355583086479e+03 9.733726277824444273e-15 6.387895386442236939e-17
7.232131081919567805e+03 9.623198308383241573e-15 6.359510432424742021e-17
7.237010808256049131e+03 9.577895227424137775e-15 6.822800240848897073e-17
7.241890534592530457e+03 9.596218371527628216e-15 8.221318991406980194e-17
7.246770260929011783e+03 9.524359884098948909e-15 6.235945880941281546e-17
7.251649987265493110e+03 9.334732143653523826e-15 6.593767574803250151e-17
7.256529713601974436e+03 9.292107560683538392e-15 6.413555244970251710e-17
7.261409439938455762e+03 9.406168640063916477e-15 6.290206313760138226e-17
7.266289166274937088e+03 9.460299320004182184e-15 6.396933485373528162e-17
7.271168892611418414e+03 9.514133209279666709e-15 6.310571177691599270e-17
7.276048618947899740e+03 9.556562356864714530e-15 6.289928663481456046e-17
7.280928345284381066e+03 9.551373461861089918e-15 6.298679176450591676e-17
7.285808071620862393e+03 9.494086084895773658e-15 7.180057811381905296e-17
7.290687797957343719e+03 9.386784986759239242e-15 6.439013196757917311e-17
7.295567524293825045e+03 9.477244395819442821e-15 6.320345692151188267e-17
7.300447250630306371e+03 9.503152979799538677e-15 6.350982953383386626e-17
7.305326976966787697e+03 8.951582929959198209e-15 6.494217077234277902e-17
7.310206703303269023e+03 9.208528729598920238e-15 6.335974450098077079e-17
7.315086429639750349e+03 9.317767258023726377e-15 6.264784134243817759e-17
7.319966155976231676e+03 9.380626703518602982e-15 6.510376114045686519e-17
7.324845882312713002e+03 9.483694889641238675e-15 6.451434962494813030e-17
7.329725608649194328e+03 9.452569937631099311e-15 6.369616182864594697e-17
7.334605334985675654e+03 9.405407305541862655e-15 6.338889992597156104e-17
7.339485061322156980e+03 9.312652299327705078e-15 6.320624646714835446e-17
7.344364787658638306e+03 9.181486839303718827e-15 6.522361602869323773e-17
7.349244513995119632e+03 9.100734260584377798e-15 6.379249378415639960e-17
7.354124240331600959e+03 9.164703326946123202e-15 6.346970716470708675e-17
7.359003966668082285e+03 9.164004014596929823e-15 6.288512101354539076e-17
7.363883693004563611e+03 9.127189599378242696e-15 6.397290594583869273e-17
7.368763419341044937e+03 9.145245674576185309e-15 6.335409948596562258e-17
7.373643145677526263e+03 9.183089103062038601e-15 6.366718544667904853e-17
7.378522872014007589e+03 9.206599229530330651e-15 6.323335816222198847e-17
7.383402598350488915e+03 9.108625393967306037e-15 6.364941261401918549e-17
7.388282324686970242e+03 9.116341482183529783e-15 6.372537345916719572e-17
7.393162051023451568e+03 9.083875957928314337e-15 6.489463268597958840e-17
7.398041777359932894e+03 9.151841443582672311e-15 6.547140603698021674e-17
7.402921503696414220e+03 8.910860129556588957e-15 6.274075003088105512e-17
7.407801230032895546e+03 8.906625642123482733e-15 6.286653078262229252e-17
7.412680956369376872e+03 8.925508442417444168e-15 6.268063210558380793e-17
7.417560682705858198e+03 8.936368430389946553e-15 6.264379849148316893e-17
7.422440409042339525e+03 8.880144069506132079e-15 6.346036063919438980e-17
7.427320135378820851e+03 8.894635102312142442e-15 6.416249453467862203e-17
7.432199861715302177e+03 9.150320995190794463e-15 6.383590905396225944e-17
7.437079588051783503e+03 9.054484359133152664e-15 6.338287419215298181e-17
7.441959314388264829e+03 9.069269572102645661e-15 6.416128533756408962e-17
7.446839040724746155e+03 9.111112855601769262e-15 6.340833380842154291e-17
7.451718767061227481e+03 9.059665230558166443e-15 6.335249365980096973e-17
7.456598493397708808e+03 8.941230522743096804e-15 6.259743997950284368e-17
7.461478219734190134e+03 8.769507538507021212e-15 7.309923441534400763e-17
7.466357946070671460e+03 8.492234600333390273e-15 7.399489118350739719e-17
7.471237672407152786e+03 8.458962692218166431e-15 6.371829611539905656e-17
7.476117398743634112e+03 8.516978680770755801e-15 6.167643159233396750e-17
7.480997125080115438e+03 8.366151416814480480e-15 6.128325807754679893e-17
7.485876851416596764e+03 8.333388047168953206e-15 6.093634264608788444e-17
7.490756577753078091e+03 8.422285509257284948e-15 6.098664883408653813e-17
7.495636304089559417e+03 8.421491694317531969e-15 6.085157923407834826e-17
7.500516030426040743e+03 8.321888491532608725e-15 6.185290790940389871e-17
7.505395756762522069e+03 8.216908613200585291e-15 6.078187338890940407e-17
7.510275483099003395e+03 7.877453775523120834e-15 5.974183656487638196e-17
7.515155209435484721e+03 7.833409134593459524e-15 6.021637401080741896e-17
7.520034935771966047e+03 7.920409583663256785e-15 6.040149802019622393e-17
7.524914662108447374e+03 7.878303552245959175e-15 6.011160164775089110e-17
7.529794388444928700e+03 7.966379451730557289e-15 6.388647020877479549e-17
7.534674114781410026e+03 8.107003466421472487e-15 6.162723646950870144e-17
7.539553841117891352e+03 8.024678361921738104e-15 6.697436543673252416e-17
7.544433567454372678e+03 8.133699110023047928e-15 6.240843351763626099e-17
7.549313293790854004e+03 8.370115314299047065e-15 6.210397341027218270e-17
7.554193020127335330e+03 8.193879498845533451e-15 6.122833300682796127e-17
7.559072746463816657e+03 8.087758016791885578e-15 6.051572748244084410e-17
7.563952472800297983e+03 8.020174305122353445e-15 6.685193240571708381e-17
7.568832199136779309e+03 7.866657992117934827e-15 6.150514588470849035e-17
7.573711925473260635e+03 7.725155649374334181e-15 5.984107126143760207e-17
7.578591651809741961e+03 7.890296209966022513e-15 6.141762347455203650e-17
7.583471378146223287e+03 8.096433678532548154e-15 6.285950756519713739e-17
7.588351104482704613e+03 8.174406234214551042e-15 6.180711761159347293e-17
7.593230830819185940e+03 8.252550208770318418e-15 6.213737497327203843e-17
7.598110557155667266e+03 8.172384493593055987e-15 6.089318675268274835e-17
7.602990283492148592e+03 8.302899280600476398e-15 6.190442040256883279e-17
7.607870009828629918e+03 8.211209091902467970e-15 6.226276410869035284e-17
7.612749736165111244e+03 7.962994760131249472e-15 6.225633980052664035e-17
7.617629462501592570e+03 7.751008769569059414e-15 5.977856686973397753e-17
7.622509188838073896e+03 7.774665012434791462e-15 5.966058959129797820e-17
7.627388915174555223e+03 7.886527235366597554e-15 6.001081003225226010e-17
7.632268641511036549e+03 7.891161575400817005e-15 6.005311002829613668e-17
7.637148367847517875e+03 7.887858143765885376e-15 6.088504678451529375e-17
7.642028094183999201e+03 8.105131514300849686e-15 6.159244663665404353e-17
7.646907820520480527e+03 8.272173884534720139e-15 6.394629160775116770e-17
7.651787546856961853e+03 8.177442273364243463e-15 7.092858687309235817e-17
7.656667273193443179e+03 8.267320119420037727e-15 6.447306440064620663e-17
7.661546999529924506e+03 8.139939262225803020e-15 6.167942697563718271e-17
7.666426725866405832e+03 7.842882002056596459e-15 6.042635385590412644e-17
7.671306452202887158e+03 7.689624161222784638e-15 6.094992660983785209e-17
7.676186178539368484e+03 7.881512986444292306e-15 6.125892481351944968e-17
7.681065904875849810e+03 7.942077271624588398e-15 6.139113979221472978e-17
7.685945631212331136e+03 8.163155727583630579e-15 6.600201913622795729e-17
7.690825357548812462e+03 8.365733350468057747e-15 6.387457726050415111e-17
7.695705083885293789e+03 8.314038630323623828e-15 6.288509713118810601e-17
7.700584810221775115e+03 8.049352995700920256e-15 6.221328595877183565e-17
7.705464536558256441e+03 7.857205642843201951e-15 7.076881883463379752e-17
7.710344262894737767e+03 7.760182645317806152e-15 6.569654641466649823e-17
7.715223989231219093e+03 7.606747371792898295e-15 6.957185627820494563e-17
7.720103715567700419e+03 8.012145329891374537e-15 6.661389496259062631e-17
7.724983441904181745e+03 8.346527474246110900e-15 6.520161512869262045e-17
7.729863168240663072e+03 8.476349389364574002e-15 7.497317856724058374e-17
7.734742894577144398e+03 8.245388635365964317e-15 7.172374136347053089e-17
7.739622620913625724e+03 8.154890008220046071e-15 7.014507081241032966e-17
7.744502347250107050e+03 8.077917685648314828e-15 6.470700715954453635e-17
7.749382073586588376e+03 7.844965670198569054e-15 6.345405175722059996e-17
7.754261799923069702e+03 7.839983817908481395e-15 6.278517305629657486e-17
7.759141526259551028e+03 7.785187619974110602e-15 6.517457538293138408e-17
7.764021252596032355e+03 7.952337228163581380e-15 6.434548646608899419e-17
7.768900978932513681e+03 8.285051874810482927e-15 6.498407101117478122e-17
7.773780705268995007e+03 8.564168431562352406e-15 6.550102644162644704e-17
7.778660431605476333e+03 8.652124785557426264e-15 7.138779946806626142e-17
7.783540157941957659e+03 8.505651296869329999e-15 6.863749886762887263e-17
7.788419884278438985e+03 8.449839630001016178e-15 7.382289136526269201e-17
7.793299610614920311e+03 8.189485938871539623e-15 6.736644074984869947e-17
7.798179336951401638e+03 7.937704694568648812e-15 6.634339934091496066e-17
7.803059063287882964e+03 7.823722893202415876e-15 6.601493411084379824e-17
7.807938789624364290e+03 8.007165751894188630e-15 6.576256142901246060e-17
7.812818515960845616e+03 8.203369596923596981e-15 6.592503949523778393e-17
7.817698242297326942e+03 8.293209212587103911e-15 6.695360068194248314e-17
7.822577968633808268e+03 8.549321258059690522e-15 6.772666939027782106e-17
7.827457694970289594e+03 8.683730347673419963e-15 6.852399178676904917e-17
7.832337421306770921e+03 8.481659977597020677e-15 7.484202700086305739e-17
7.837217147643252247e+03 8.397145630575829395e-15 6.923876205390880236e-17
7.842096873979733573e+03 8.316312286269913038e-15 6.681279899248262534e-17
7.846976600316214899e+03 7.998804535611504959e-15 6.735294169182363839e-17
7.851856326652696225e+03 7.781789267710915684e-15 6.702378318910201050e-17
7.856736052989177551e+03 7.843284629933779736e-15 6.607831326812972842e-17
7.861615779325658877e+03 7.695757613316046114e-15 6.512598808045259847e-17
7.866495505662140204e+03 7.391868146724253794e-15 6.475434206071987050e-17
7.871375231998621530e+03 7.369358320595829609e-15 6.941480945031473200e-17
7.876254958335102856e+03 7.494406381918123272e-15 6.644024994027236312e-17
7.881134684671584182e+03 7.520773073407652284e-15 6.526495763209057441e-17
7.886014411008065508e+03 7.519723290483680640e-15 6.531679045527495452e-17
7.890894137344546834e+03 7.880796740175088054e-15 6.706439889011984888e-17
7.895773863681028160e+03 7.989142502034537583e-15 6.918813707315764278e-17
7.900653590017509487e+03 7.904535191332053694e-15 6.761317854839339235e-17
7.905533316353990813e+03 7.826546094317782888e-15 7.729494126418279952e-17
7.910413042690472139e+03 7.697266069587621046e-15 6.988603744516575950e-17
7.915292769026953465e+03 7.409259471107146674e-15 6.608035946638574224e-17
7.920172495363434791e+03 7.213763941362750093e-15 6.619794819360579871e-17
7.925052221699916117e+03 7.074506393638860456e-15 6.506057001068011617e-17
7.929931948036397444e+03 6.837285275691851898e-15 6.619523580665581101e-17
7.934811674372878770e+03 6.766577713706276807e-15 6.499529599680111972e-17
7.939691400709360096e+03 6.894950694701097865e-15 6.493225049165036443e-17
7.944571127045841422e+03 7.158582636130013246e-15 6.719505457435560598e-17
7.949450853382322748e+03 7.349157441898018425e-15 8.142312922632654392e-17
7.954330579718804074e+03 7.240543370023816594e-15 7.111103253320037949e-17
7.959210306055285400e+03 7.128607364748991723e-15 6.811832471575834502e-17
7.964090032391766727e+03 7.014419702089650089e-15 6.872176104394990266e-17
7.968969758728248053e+03 6.660586882598605043e-15 6.837311181642867669e-17
7.973849485064729379e+03 6.501295086949866401e-15 6.587016394035411456e-17
7.978729211401210705e+03 6.802619069116887825e-15 6.835601335281531923e-17
7.983608937737692031e+03 6.722929093240506427e-15 6.633893505552602453e-17
7.988488664074173357e+03 6.657769132412831529e-15 6.607698688711381567e-17
7.993368390410654683e+03 6.816428316874141538e-15 6.623141063759395317e-17
7.998248116747136010e+03 6.877739236277137951e-15 6.797473923293537841e-17
8.003127843083617336e+03 6.692451681984365217e-15 6.666336637605950955e-17
8.008007569420098662e+03 6.668735502864093219e-15 6.653789025453491010e-17
8.012887295756579988e+03 6.486321446797132221e-15 6.853630657334246155e-17
8.017767022093061314e+03 6.282617979719717609e-15 6.600380962614926880e-17
8.022646748429542640e+03 6.241116416045653854e-15 6.458712392478811343e-17
8.027526474766023966e+03 6.391654480911480280e-15 6.664318993027147693e-17
8.032406201102505293e+03 6.379283307019248040e-15 7.003007762353097024e-17
8.037285927438986619e+03 6.381820983979836255e-15 6.696221165346346827e-17
8.042165653775467945e+03 6.538861156151349301e-15 6.619275176217703374e-17
8.047045380111949271e+03 6.649194539056265433e-15 6.700530353012634479e-17
8.051925106448430597e+03 6.814540553876718465e-15 6.812873855647276251e-17
8.056804832784911923e+03 6.946278048137462419e-15 6.889008723002018734e-17
8.061684559121393249e+03 7.141477317042543826e-15 7.096182843868835929e-17
8.066564285457874576e+03 7.084663787293548730e-15 6.957696796587586388e-17
8.071444011794355902e+03 6.970210592979999385e-15 6.913448316900126366e-17
8.076323738130837228e+03 6.944096854260427858e-15 6.938462841487634214e-17
8.081203464467318554e+03 6.884566969475649995e-15 6.963223221480623718e-17
8.086083190803799880e+03 6.832898800799343759e-15 6.978590347754035498e-17
8.090962917140281206e+03 6.821022991549775628e-15 6.996372093398807997e-17
8.095842643476762532e+03 6.822617965026534114e-15 7.061777796583581957e-17
8.100722369813243859e+03 6.949138448968923527e-15 7.174144730549488699e-17
8.105602096149725185e+03 7.047479354523916925e-15 7.194557683578811390e-17
8.110481822486206511e+03 7.176438984572428417e-15 7.329371961012206320e-17
8.115361548822687837e+03 7.315001998268793840e-15 7.429754645130540096e-17
8.120241275159169163e+03 7.361640396871519028e-15 7.430173556704966405e-17
8.125121001495650489e+03 7.337888797738780727e-15 7.333228962370581190e-17
8.130000727832131815e+03 7.569444643164219052e-15 7.646782810471390903e-17
8.134880454168613142e+03 7.497135639091362573e-15 7.417386645757128066e-17
8.139760180505094468e+03 7.237775089526327620e-15 7.260822924355989373e-17
8.144639906841575794e+03 7.277084614662167425e-15 7.360319419112202737e-17
8.149519633178057120e+03 7.099926106890225993e-15 7.369652919417094624e-17
8.154399359514538446e+03 7.001298131282412455e-15 7.188780342592606375e-17
8.159279085851019772e+03 7.183684786240675404e-15 7.258813615870736089e-17
8.164158812187501098e+03 7.286905368026714892e-15 7.388696784009393020e-17
8.169038538523982425e+03 7.199852536305687044e-15 7.324307734926181654e-17
8.173918264860463751e+03 7.240234077712528760e-15 7.424158331292892616e-17
8.178797991196945077e+03 7.340230249600339118e-15 7.468288491135296213e-17
8.183677717533426403e+03 7.225717649645906203e-15 7.737079395480277945e-17
8.188557443869907729e+03 7.146162019067408416e-15 1.065250141162934362e-16
8.193437170206389055e+03 6.873199792412335643e-15 7.331319269423918115e-17
8.198316896542870381e+03 6.719497971008261267e-15 9.764247738345813227e-17
8.203196622879351708e+03 6.822339173010621865e-15 7.507377995696049093e-17
8.208076349215833034e+03 6.803020344344641764e-15 7.292522996606092821e-17
8.212956075552314360e+03 6.883895321838814805e-15 7.413676599829662075e-17
8.217835801888795686e+03 6.821985018245594206e-15 7.302628062851510704e-17
8.222715528225277012e+03 6.670955527441616651e-15 7.317606061997190628e-17
8.227595254561758338e+03 6.828357843309994076e-15 7.443868992363355277e-17
8.232474980898239664e+03 6.931824736743066890e-15 7.450559565212670145e-17
8.237354707234720991e+03 6.751577247522275906e-15 7.311601034924635767e-17
8.242234433571202317e+03 6.692773417771565231e-15 7.428050226983472352e-17
8.247114159907683643e+03 6.604566215829066626e-15 7.318835532828638849e-17
8.251993886244164969e+03 6.471736221228205560e-15 7.211180427786172443e-17
8.256873612580646295e+03 6.299789577346309618e-15 7.136800137741241702e-17
8.261753338917127621e+03 6.192910966921267293e-15 7.072534603879637633e-17
8.266633065253608947e+03 6.321418729164607650e-15 7.148740475350043263e-17
8.271512791590090274e+03 6.392810273043739921e-15 7.356736456073436564e-17
8.276392517926571600e+03 6.342003599771472766e-15 7.269871362330038476e-17
8.281272244263052926e+03 6.553542092556679270e-15 7.313973035386314799e-17
8.286151970599534252e+03 6.610306146159447078e-15 7.356039565470825167e-17
8.291031696936015578e+03 6.520494829351501406e-15 7.327218319948586808e-17
8.295911423272496904e+03 6.489855608922478433e-15 7.281103075071205359e-17
8.300791149608978230e+03 6.355609297100534717e-15 7.227220525732479910e-17
8.305670875945459557e+03 6.121050107915244467e-15 7.152197397134649736e-17
8.310550602281940883e+03 6.048116896648584318e-15 7.151577180188120850e-17
8.315430328618422209e+03 6.260616455534025901e-15 7.319341856941016555e-17
8.320310054954903535e+03 6.378599941716304124e-15 7.344962887269161858e-17
8.325189781291384861e+03 6.428227886924924263e-15 7.494305272850122408e-17
8.330069507627866187e+03 6.439563203318417823e-15 7.570921054535775744e-17
8.334949233964347513e+03 6.448817490366185480e-15 7.421134293500209334e-17
8.339828960300828840e+03 6.331360568545437021e-15 7.378511950771942853e-17
8.344708686637310166e+03 6.350865571116234830e-15 7.364321917536293294e-17
8.349588412973791492e+03 6.345673513195863065e-15 7.380892248603907944e-17
8.354468139310272818e+03 6.665198726931266142e-15 9.862740216829893981e-17
8.359347865646754144e+03 6.209174530189021181e-15 8.017011596146920131e-17
8.364227591983235470e+03 5.965028166856465174e-15 7.187628113030761444e-17
8.369107318319716796e+03 5.963943468659059327e-15 7.194154520694859585e-17
8.373987044656198123e+03 5.839312323275656749e-15 7.182011885790992734e-17
8.378866770992679449e+03 6.045226965838484570e-15 7.229275807078129038e-17
8.383746497329160775e+03 6.183411665723961836e-15 9.814516496787394550e-17
8.388626223665642101e+03 6.319611484375442928e-15 7.352337798209081406e-17
8.393505950002123427e+03 6.392863008305689834e-15 9.998842777510751068e-17
8.398385676338604753e+03 6.529180329192724779e-15 8.538706345943641409e-17
8.403265402675086079e+03 6.591486739278606366e-15 7.836513628500067860e-17
8.408145129011567406e+03 6.480631493038480282e-15 7.722978171723265269e-17
8.413024855348048732e+03 6.312495240635452694e-15 7.412627971266271571e-17
8.417904581684530058e+03 6.127273216927974555e-15 7.377731099083216550e-17
8.422784308021011384e+03 5.862515522229543055e-15 7.222139207260631787e-17
8.427664034357492710e+03 5.898436270515505156e-15 8.384076619686504870e-17
8.432543760693974036e+03 6.103816407472543013e-15 7.643287955745646781e-17
8.437423487030455362e+03 6.286805570553381292e-15 7.668469775109320627e-17
8.442303213366936689e+03 6.384722626851001038e-15 7.537545598128310784e-17
8.447182939703418015e+03 6.568011696777806614e-15 7.546320476383528400e-17
8.452062666039899341e+03 6.876372647008290444e-15 7.769651589632884058e-17
8.456942392376380667e+03 6.774684869547677197e-15 7.623241425576128773e-17
8.461822118712861993e+03 6.637003425389831142e-15 7.548948420851008172e-17
8.466701845049343319e+03 6.613507546536198642e-15 7.506759447554429802e-17
8.471581571385824645e+03 6.479261651034086199e-15 7.537076127202753909e-17
8.476461297722305972e+03 6.204057408688830101e-15 7.408227825121682956e-17
8.481341024058787298e+03 6.089905824034737520e-15 8.456785534278285721e-17
8.486220750395268624e+03 6.239247199831791462e-15 7.810019329507652947e-17
8.491100476731749950e+03 6.235184667940078705e-15 7.561774409817452954e-17
8.495980203068231276e+03 6.276642184990723556e-15 7.504623066428044866e-17
8.500859929404712602e+03 6.536820999582712504e-15 7.674841906905867920e-17
8.505739655741193928e+03 6.519758626028818502e-15 7.807591729150508488e-17
8.510619382077675255e+03 6.611087127823123771e-15 7.771221709676760227e-17
8.515499108414156581e+03 6.673434972974274560e-15 7.807011671074506669e-17
8.520378834750637907e+03 6.956340522747956389e-15 7.979046179844849551e-17
8.525258561087119233e+03 6.934384119087897456e-15 7.965450637920204239e-17
8.530138287423600559e+03 6.750516065469895063e-15 7.895442153616449369e-17
8.535018013760081885e+03 6.786270553607563104e-15 8.061110157733861289e-17
8.539897740096563211e+03 6.869693672451656572e-15 8.122248324350538509e-17
8.544777466433044538e+03 6.827915157243149658e-15 8.213661713177453997e-17
8.549657192769525864e+03 6.752466911199076874e-15 7.966560448487200299e-17
8.554536919106007190e+03 6.787649706618407919e-15 7.873180187382080863e-17
8.559416645442488516e+03 6.419148914799583959e-15 7.667513637203172459e-17
8.564296371778969842e+03 6.189008683562240457e-15 7.782631322511728112e-17
8.569176098115451168e+03 6.187892630825631265e-15 7.773722994950228974e-17
8.574055824451932494e+03 6.070011711006849096e-15 7.564593903702613873e-17
8.578935550788413821e+03 5.978207600327938359e-15 7.421749670308223202e-17
8.583815277124895147e+03 6.068275963006510634e-15 7.463883199809138233e-17
8.588695003461376473e+03 6.008711796495587430e-15 7.406833937600449533e-17
8.593574729797857799e+03 6.058319955257540416e-15 7.410542905579595910e-17
8.598454456134339125e+03 6.191564560383638777e-15 7.706747432671339175e-17
8.603334182470820451e+03 6.387856341140910887e-15 7.648510496107468682e-17
8.608213908807301777e+03 6.364127400233521770e-15 7.552590060601303272e-17
8.613093635143783104e+03 6.639994982531957086e-15 7.749694987022069262e-17
8.617973361480264430e+03 6.633386008660781040e-15 7.723160238267092495e-17
8.622853087816745756e+03 6.495496337612244067e-15 7.652408442959647231e-17
8.627732814153227082e+03 6.369955282859877097e-15 7.899213083502958258e-17
8.632612540489708408e+03 6.293526632058039639e-15 7.680233512269177989e-17
8.637492266826189734e+03 6.119233247314191354e-15 7.562259729276330402e-17
8.642371993162671060e+03 5.937855329832094768e-15 7.464479984208703398e-17
8.647251719499152387e+03 6.056281479173794816e-15 7.474341125572925989e-17
8.652131445835633713e+03 6.208649967139985998e-15 8.122198508520210928e-17
8.657011172172115039e+03 6.364534134277521096e-15 8.016461886262892463e-17
8.661890898508596365e+03 6.346068450230683120e-15 7.726140021779152068e-17
8.666770624845077691e+03 6.418147618509954565e-15 7.970178604920215422e-17
8.671650351181559017e+03 6.624483568611004546e-15 8.039148236350927956e-17
8.676530077518040343e+03 6.870337644658650381e-15 8.193604163396927356e-17
8.681409803854521670e+03 6.949502568055114862e-15 1.089275304269516532e-16
8.686289530191002996e+03 6.597547675837844152e-15 8.757695666618948310e-17
8.691169256527484322e+03 6.438603634490369307e-15 1.172238012462788106e-16
8.696048982863965648e+03 6.221332119548639896e-15 7.996605606582288517e-17
8.700928709200446974e+03 5.909263047220983788e-15 7.485867617765236021e-17
8.705808435536928300e+03 5.946163371534812268e-15 7.597322815239355534e-17
8.710688161873409626e+03 5.978238701575712708e-15 7.525804845102565675e-17
8.715567888209890953e+03 5.832086020904274015e-15 7.604816353091813709e-17
8.720447614546372279e+03 5.978598473826088236e-15 7.553394609473206640e-17
8.725327340882853605e+03 6.237879868453726453e-15 7.713207695058633841e-17
8.730207067219334931e+03 6.103174975888975265e-15 8.005518872228791223e-17
8.735086793555816257e+03 6.276191112489464099e-15 7.860702632613865055e-17
8.739966519892297583e+03 6.403901950929533178e-15 8.496274507127173670e-17
8.744846246228778909e+03 6.458968000608257196e-15 1.051982362660931057e-16
8.749725972565260236e+03 6.212196398618747259e-15 8.528994674621592910e-17
8.754605698901741562e+03 6.082920784979668396e-15 8.178769390022242708e-17
8.759485425238222888e+03 5.844562758324346582e-15 7.574054044501180760e-17
8.764365151574704214e+03 5.793882594365877035e-15 7.598498727372191119e-17
8.769244877911185540e+03 5.803071409112994926e-15 7.859795223484516023e-17
8.774124604247666866e+03 5.899821018231618697e-15 7.734110793672200139e-17
8.779004330584148192e+03 5.957459061925634464e-15 7.662180061683687656e-17
8.783884056920629519e+03 5.845983637247718459e-15 7.722910255599667607e-17
8.788763783257110845e+03 6.097063741683380887e-15 7.971629142774476492e-17
8.793643509593592171e+03 6.274286887136344399e-15 8.284065510691075531e-17
8.798523235930073497e+03 6.254678024674316076e-15 8.457526005623550390e-17
8.803402962266554823e+03 6.306183611213565070e-15 8.299396087541507680e-17
8.808282688603036149e+03 6.296171936563779047e-15 8.234889850972770823e-17
8.813162414939517475e+03 6.154248958259111338e-15 7.977147381848972315e-17
8.818042141275998802e+03 5.893499667908287266e-15 8.001013270533219163e-17
8.822921867612480128e+03 5.855921499906207232e-15 7.970362213515082746e-17
8.827801593948961454e+03 5.801683811297645563e-15 7.969177335244898161e-17
8.832681320285442780e+03 5.657900634649810227e-15 7.576178357665073412e-17
8.837561046621924106e+03 5.826320487946801242e-15 7.686621414959371589e-17
8.842440772958405432e+03 6.130147306645047262e-15 9.770096126311549242e-17
8.847320499294886758e+03 6.023929416257063417e-15 8.195679160611215336e-17
8.852200225631368085e+03 5.690964070031108474e-15 7.590149572645810057e-17
8.857079951967849411e+03 5.688232692735299504e-15 7.799837856010713480e-17
8.861959678304330737e+03 5.818042490329866640e-15 7.767674717633690919e-17
8.866839404640812063e+03 5.860341708122657552e-15 7.949811798136912805e-17
8.871719130977293389e+03 5.924954521012794200e-15 7.840708621746968921e-17
8.876598857313774715e+03 5.864030524375304065e-15 7.761288901014887593e-17
8.881478583650256041e+03 5.694632293023112583e-15 8.371597882155753999e-17
8.886358309986737368e+03 5.382770318967117242e-15 9.837798025909419259e-17
8.891238036323218694e+03 5.530232615955124638e-15 7.944715245071157291e-17
8.896117762659700020e+03 5.517558051364129854e-15 8.033410093304634226e-17
8.900997488996181346e+03 5.425066372423922135e-15 8.117940175549051034e-17
8.905877215332662672e+03 5.566126548721267729e-15 8.657976042408754281e-17
8.910756941669143998e+03 5.519300373123637049e-15 8.145222772065897974e-17
8.915636668005625324e+03 5.523562673169248369e-15 7.706500588095049354e-17
8.920516394342106651e+03 5.623230403796074794e-15 1.120374982125128013e-16
8.925396120678587977e+03 5.644450767023535807e-15 8.478383665821335012e-17
8.930275847015069303e+03 5.403845610109503006e-15 8.895954582775917106e-17
8.935155573351550629e+03 5.059554040318438700e-15 8.331412295790479112e-17
8.940035299688031955e+03 5.217576956890111939e-15 7.610497675302288577e-17
8.944915026024513281e+03 5.083126539406353827e-15 7.458099977192382107e-17
8.949794752360994607e+03 5.110703335461065720e-15 7.602905733283683365e-17
8.954674478697475934e+03 5.170387265070317964e-15 7.573006790299606467e-17
8.959554205033957260e+03 5.680623975419426765e-15 1.048075946619668876e-16
8.964433931370438586e+03 5.466145579491795977e-15 8.581097764561280682e-17
8.969313657706919912e+03 5.191389554675825712e-15 7.808118803849510242e-17
8.974193384043401238e+03 5.296097444473482559e-15 7.695617320751199938e-17
8.979073110379882564e+03 5.446661564428650679e-15 7.758858278014169318e-17
8.983952836716363890e+03 5.440844789722856795e-15 7.930205914798953503e-17
8.988832563052845217e+03 5.698291430945713556e-15 8.141455210390286359e-17
8.993712289389326543e+03 5.730065987138383770e-15 8.097408565703780217e-17
8.998592015725807869e+03 5.801264508681852770e-15 8.326746759622448416e-17
9.003471742062289195e+03 5.746636943751979836e-15 8.081283304629482572e-17
9.008351468398770521e+03 5.583794859193541849e-15 7.928453310658878841e-17
9.013231194735251847e+03 5.492611524296301804e-15 7.995495227630086987e-17
9.018110921071733173e+03 5.067498557457838017e-15 7.802147086169171450e-17
9.022990647408214500e+03 4.926144601587877579e-15 7.893381799614856715e-17
9.027870373744695826e+03 5.198105590185415029e-15 1.172377950211202820e-16
9.032750100081177152e+03 4.959469580283414236e-15 8.168748535663348775e-17
9.037629826417658478e+03 4.951416423239431428e-15 7.669580826367946367e-17
9.042509552754139804e+03 5.241664834048955581e-15 7.941354915663882171e-17
9.047389279090621130e+03 5.489712944644369750e-15 7.949444739346348313e-17
9.052269005427102456e+03 5.522311933894327074e-15 8.022199338356731635e-17
9.057148731763583783e+03 5.490033293881442558e-15 8.233025602997314920e-17
9.062028458100065109e+03 5.691657740106275626e-15 8.359515015295996007e-17
9.066908184436546435e+03 5.623551817149016562e-15 8.253198735881582003e-17
9.071787910773027761e+03 5.724833503648280272e-15 8.213810709885593197e-17
9.076667637109509087e+03 5.945450973746288041e-15 8.283718013083454933e-17
9.081547363445990413e+03 5.673598845949719845e-15 8.176799883767451709e-17
9.086427089782471739e+03 5.350370086047751831e-15 7.965022958076186186e-17
9.091306816118953066e+03 5.047355862354232304e-15 7.950646937105227267e-17
9.096186542455434392e+03 5.013753179092772182e-15 7.940766953867808003e-17
9.101066268791915718e+03 5.105048956718013412e-15 7.971718520464053307e-17
9.105945995128397044e+03 5.149684346700925021e-15 8.062770543482666097e-17
9.110825721464878370e+03 5.534060344606011088e-15 9.518305488761227382e-17
9.115705447801359696e+03 5.773999558585829989e-15 8.541688971343199874e-17
9.120585174137841022e+03 5.917235499772452980e-15 8.447005446968318796e-17
9.125464900474322349e+03 6.148659417261127902e-15 1.021718890144110483e-16
9.130344626810803675e+03 6.451896971114048631e-15 8.808793037383336396e-17
9.135224353147285001e+03 6.281135546811717041e-15 8.586109955195569131e-17
9.140104079483766327e+03 6.029762976731354685e-15 8.486203481532692582e-17
9.144983805820247653e+03 5.680525249487672804e-15 8.812479084856808915e-17
9.149863532156728979e+03 5.324895855808125840e-15 8.939971074538034526e-17
9.154743258493210305e+03 5.023562325302343072e-15 8.636352084829688506e-17
9.159622984829691632e+03 5.068872587024542286e-15 8.571608540102992033e-17
9.164502711166172958e+03 5.365986829363569139e-15 8.277190962315375071e-17
9.169382437502654284e+03 5.494969856473766761e-15 8.365499341956295640e-17
9.174262163839135610e+03 5.523858980659737763e-15 8.416261682276060096e-17
9.179141890175616936e+03 5.786758107774685438e-15 9.356118235548040592e-17
9.184021616512098262e+03 6.040014128481578591e-15 8.686789175283033624e-17
9.188901342848579588e+03 6.296853490163417977e-15 8.816174732069221720e-17
9.193781069185060915e+03 6.445470591392383757e-15 8.975439058146469177e-17
9.198660795521542241e+03 6.236853409619138491e-15 8.807628115329416772e-17
9.203540521858023567e+03 5.944557681876557435e-15 9.384538018566338640e-17
9.208420248194504893e+03 5.510326707595839448e-15 8.475597622840413687e-17
9.213299974530986219e+03 5.162154863094028027e-15 8.494358258513375954e-17
9.218179700867467545e+03 4.906523721327981092e-15 8.127579838555210772e-17
9.223059427203948871e+03 4.902188725047508676e-15 8.358926116019973866e-17
9.227939153540430198e+03 5.000916396532381118e-15 8.315411412800547282e-17
9.232818879876911524e+03 5.363395862618937247e-15 8.532636500484544186e-17
9.237698606213392850e+03 5.472309880845110625e-15 8.544665612400161877e-17
9.242578332549874176e+03 5.675274328183984244e-15 8.727178181449286309e-17
9.247458058886355502e+03 5.883518317582171409e-15 8.870567877988628365e-17
9.252337785222836828e+03 5.990898238203907197e-15 7.628112399242925632e-17
9.257217511559318154e+03 6.130881223434091892e-15 1.072182444091720891e-16
9.262097237895799481e+03 6.012027628924753818e-15 7.826615500104637698e-17
9.266976964232280807e+03 5.800675169825896330e-15 1.045457628163561533e-16
9.271856690568762133e+03 5.303035441376282546e-15 8.684213254782589555e-17
9.276736416905243459e+03 4.955356497125216485e-15 8.928696851177859646e-17
9.281616143241724785e+03 4.670908459146455149e-15 8.578726470114537982e-17
9.286495869578206111e+03 4.734504609462972562e-15 1.288494047098202247e-16
9.291375595914687437e+03 4.940493267192411835e-15 8.787096526715952650e-17
9.296255322251168764e+03 5.067831384512644790e-15 8.777081862510599567e-17
9.301135048587650090e+03 5.293494800840330017e-15 8.947176193492365489e-17
9.306014774924131416e+03 5.409566189604193731e-15 8.937750538346509169e-17
9.310894501260612742e+03 5.656454200481722521e-15 9.074167387517653787e-17
9.315774227597094068e+03 5.955459575060968713e-15 1.063692210092229210e-16
9.320653953933575394e+03 6.187783888289891384e-15 9.446355356923649177e-17
9.325533680270056720e+03 6.125600318133374374e-15 9.836885669796875887e-17
9.330413406606538047e+03 6.267316148474755730e-15 1.190875493969363984e-16
9.335293132943019373e+03 6.384539116063901566e-15 1.022647649945473087e-16
9.340172859279500699e+03 5.865025291312256538e-15 9.645481741632000401e-17
9.345052585615982025e+03 5.387918483222815963e-15 9.279937147581343243e-17
9.349932311952463351e+03 4.872707060221908927e-15 9.727612139452861974e-17
9.354812038288944677e+03 4.674023573024993951e-15 8.886653333708647263e-17
9.359691764625426003e+03 4.478138784314777325e-15 8.764137349111610676e-17
9.364571490961907330e+03 4.448454359644478474e-15 9.576298214326072482e-17
9.369451217298388656e+03 4.437197328179492921e-15 8.912301924942271684e-17
9.374330943634869982e+03 4.502271804888265900e-15 8.921023545088161624e-17
9.379210669971351308e+03 4.549307954615710487e-15 9.017701012959869320e-17
9.384090396307832634e+03 4.609330854656493814e-15 9.042054143504967147e-17
9.388970122644313960e+03 4.675104364723974989e-15 9.372766600796957104e-17
9.393849848980795286e+03 4.893094651834340579e-15 9.345406977500966095e-17
9.398729575317276613e+03 5.193360994092970357e-15 9.457733167766485473e-17
9.403609301653757939e+03 5.637580172415622610e-15 9.823601139025526398e-17
9.408489027990239265e+03 5.706841124009060593e-15 7.736116581179523753e-17
9.413368754326720591e+03 5.752987638411952848e-15 1.121130559054525785e-16
9.418248480663201917e+03 5.752987638411952848e-15 1.121130559054525785e-16
9.423128206999683243e+03 5.887226579658580055e-15 1.015794994531033998e-16
9.428007933336164569e+03 5.896866348898462812e-15 1.085758992572778236e-16
9.432887659672645896e+03 5.632677728865980368e-15 1.004279912665276011e-16
9.437767386009127222e+03 5.416220843534926863e-15 1.066248818948419138e-16
9.442647112345608548e+03 5.076070981879220787e-15 9.824849773124741878e-17
9.447526838682089874e+03 4.678376850567004703e-15 9.586017359064204774e-17
9.452406565018571200e+03 4.660946233169380451e-15 9.875249663108429083e-17
9.457286291355052526e+03 4.257958234417780215e-15 9.594896091264589032e-17
9.462166017691533852e+03 3.924949500720058133e-15 1.181521858133891625e-16
9.467045744028015179e+03 4.112851557846284576e-15 1.019355120706871833e-16
9.471925470364496505e+03 4.002290843350966391e-15 9.908404958386886914e-17
9.476805196700977831e+03 4.012858864614653772e-15 9.472233551678655079e-17
9.481684923037459157e+03 4.059682592512512574e-15 9.558443045325811102e-17
9.486564649373940483e+03 4.333710917412435060e-15 9.986674727762823618e-17
9.491444375710421809e+03 4.123820690230191878e-15 1.037641125448008115e-16
9.496324102046903135e+03 4.056630519862670869e-15 9.934640224332799103e-17
9.501203828383384462e+03 4.204650125452294361e-15 9.985570095250544788e-17
9.506083554719865788e+03 4.493527711589250113e-15 1.045680409679897194e-16
9.510963281056347114e+03 4.524682342808271031e-15 1.158748221528901250e-16
9.515843007392828440e+03 4.780538447652530257e-15 1.040607029692366339e-16
9.520722733729309766e+03 5.200793303590083148e-15 1.087812924444323702e-16
9.525602460065791092e+03 5.520313988700418745e-15 1.115332896306671415e-16
9.530482186402272418e+03 5.388043810697685140e-15 1.157973177952943697e-16
9.535361912738753745e+03 5.469813418340920406e-15 1.125135905166763050e-16
9.540241639075235071e+03 5.386233471096400821e-15 1.122267431820375731e-16
9.545121365411716397e+03 4.874010721181277751e-15 7.717931084471411095e-17
9.550001091748197723e+03 4.359439769364968289e-15 1.050135594601156433e-16
9.554880818084679049e+03 4.028086006268184105e-15 1.055649876081744724e-16
9.559760544421160375e+03 3.693967609311202932e-15 1.034639074404673870e-16
9.564640270757641701e+03 3.558983861683162729e-15 1.001241779832260290e-16
9.569519997094123028e+03 3.712826368105272746e-15 1.017137967157587497e-16
9.574399723430604354e+03 3.828724981098016590e-15 1.016715051296377858e-16
9.579279449767085680e+03 3.732411418846473922e-15 1.082553942410516637e-16
9.584159176103567006e+03 4.208868688239692718e-15 1.053508615673848794e-16
9.589038902440048332e+03 4.222911628661980207e-15 1.060770348230399178e-16
9.593918628776529658e+03 4.325110273569486474e-15 1.076263055569904871e-16
9.598798355113010984e+03 4.330590820944559052e-15 1.104673951205724457e-16
9.603678081449492311e+03 4.991091243902659954e-15 1.128890477979935334e-16
9.608557807785973637e+03 4.970642863899371920e-15 1.173860705234883560e-16
9.613437534122454963e+03 4.942210214748828518e-15 1.181502464729903315e-16
9.618317260458936289e+03 4.910745992785339573e-15 1.117002892696609311e-16
9.623196986795417615e+03 5.008188815363741447e-15 1.325027612528864709e-16
9.628076713131898941e+03 4.988422578606056196e-15 1.123141340619179093e-16
9.632956439468380267e+03 4.597850070358252842e-15 1.087351134150234030e-16
9.637836165804861594e+03 4.360391474154615999e-15 1.317316990532796089e-16
9.642715892141342920e+03 3.889614991249985208e-15 1.060674162376486324e-16
9.647595618477824246e+03 3.555908100130369695e-15 1.018631648860023413e-16
9.652475344814305572e+03 3.734239940322197342e-15 1.368530918341754429e-16
9.657355071150786898e+03 3.507794021991846389e-15 1.043882560874246171e-16
9.662234797487268224e+03 3.356098053691621137e-15 1.009319728099359284e-16
9.667114523823749551e+03 3.348442568023277437e-15 1.018652818571992828e-16
9.671994250160230877e+03 3.741746946940627278e-15 1.065427659430135304e-16
9.676873976496712203e+03 3.550387296093865086e-15 1.038668294736706023e-16
9.681753702833193529e+03 3.349040750554195244e-15 1.088011354644541032e-16
9.686633429169674855e+03 3.720404209892868251e-15 1.061348492574405094e-16
9.691513155506156181e+03 3.938224458658305679e-15 1.074356105051696278e-16
9.696392881842637507e+03 3.873518103929242239e-15 1.080939686342930601e-16
9.701272608179118834e+03 4.278679901946765494e-15 1.115990770878735705e-16
9.706152334515600160e+03 4.781992454802335694e-15 1.214680039829023511e-16
9.711032060852081486e+03 4.792268341107573699e-15 1.160112397778712982e-16
9.715911787188562812e+03 4.958576664079984671e-15 1.192952288841565768e-16
9.720791513525044138e+03 4.854873415284614819e-15 1.166458320366470345e-16
9.725671239861525464e+03 4.632487607569077099e-15 1.167861815596419251e-16
9.730550966198006790e+03 4.562873063081900653e-15 1.282407195399848920e-16
9.735430692534488117e+03 3.965129627135843140e-15 1.349567108722802379e-16
9.740310418870969443e+03 3.998203944789494287e-15 1.177791816322799114e-16
9.745190145207450769e+03 3.355990657593210827e-15 1.213499277697009214e-16
9.750069871543932095e+03 3.209167526196956493e-15 1.092163702672698248e-16
9.754949597880413421e+03 3.677108059573664721e-15 1.137749228723593315e-16
9.759829324216894747e+03 3.460639577411518442e-15 1.150852677454585096e-16
9.764709050553376073e+03 3.320555051125652217e-15 1.096435109413649147e-16
9.769588776889857400e+03 3.412518717757995693e-15 1.116934440395747088e-16
9.774468503226338726e+03 3.798981671559825465e-15 1.125599590122677350e-16
9.779348229562820052e+03 3.818422533835242701e-15 1.129471948252310992e-16
9.784227955899301378e+03 4.065949717618825510e-15 1.152645833337153259e-16
9.789107682235782704e+03 4.311918454001837282e-15 1.166722881036939396e-16
9.793987408572264030e+03 4.696577034472742753e-15 1.208848739834477941e-16
9.798867134908745356e+03 4.626008893586143342e-15 1.238591612593725138e-16
9.803746861245226683e+03 4.772143884485340406e-15 1.211424065770725958e-16
9.808626587581708009e+03 4.557526962658340831e-15 1.243271825473906022e-16
9.813506313918189335e+03 4.152569667137002507e-15 1.180756328981369010e-16
9.818386040254670661e+03 3.799002112651843514e-15 1.167966712305672769e-16
9.823265766591151987e+03 3.581701164964163222e-15 1.183550696944278402e-16
9.828145492927633313e+03 3.651400843988378163e-15 1.227395932187803986e-16
9.833025219264114639e+03 3.321090488716569854e-15 1.241495079029565311e-16
9.837904945600595966e+03 3.434602039696852849e-15 1.153972363227951636e-16
9.842784671937077292e+03 3.683076284547674023e-15 1.430075635700385180e-16
9.847664398273558618e+03 3.264933671936592498e-15 1.063614219504905813e-16
9.852544124610039944e+03 3.200109043023146937e-15 1.154696429570383945e-16
9.857423850946521270e+03 3.662317497289724368e-15 1.216367184683877892e-16
9.862303577283002596e+03 3.595521826841367965e-15 1.185822985519598484e-16
9.867183303619483922e+03 3.603667936779461962e-15 1.203879568275006318e-16
9.872063029955965249e+03 4.139004094140712411e-15 1.261881946412288608e-16
9.876942756292446575e+03 4.530967051904082325e-15 1.319026963658122418e-16
9.881822482628927901e+03 4.179265126623085116e-15 1.365044212957298645e-16
9.886702208965409227e+03 4.146373268389410860e-15 2.136185129939561567e-16
9.891581935301890553e+03 4.082474471572045400e-15 1.921630552869608182e-16
9.896461661638371879e+03 3.904300403165488862e-15 1.259117034377332542e-16
9.901341387974853205e+03 3.166793370418275071e-15 1.214570228561249193e-16
9.906221114311334532e+03 3.359366430566095113e-15 1.221402616883641882e-16
9.911100840647815858e+03 3.179975166562949736e-15 1.218255555907321397e-16
9.915980566984297184e+03 3.087227987110569982e-15 1.236490748095737023e-16
9.920860293320778510e+03 2.993136432783495912e-15 1.308311627675053319e-16
9.925740019657259836e+03 3.379934664287995868e-15 1.618588110514541116e-16
9.930619745993741162e+03 3.277539110741691133e-15 1.291817718650026299e-16
9.935499472330222488e+03 3.239645280388749232e-15 1.273957535614717688e-16
9.940379198666703815e+03 3.903036296804826473e-15 1.322367530292108370e-16
9.945258925003185141e+03 3.969241524272856718e-15 1.362827165562531798e-16
9.950138651339666467e+03 3.613883995238876879e-15 1.376265506512650595e-16
9.955018377676147793e+03 4.270560173429669506e-15 1.472753424855534664e-16
9.959898104012629119e+03 4.762647767703033273e-15 2.024546398471317422e-16
9.964777830349110445e+03 4.266558950874608354e-15 1.412858397937977092e-16
9.969657556685591771e+03 3.737616721273068441e-15 1.389146748407940588e-16
9.974537283022073098e+03 3.910637740225025326e-15 1.432778789888891903e-16
9.979417009358554424e+03 3.361866411010229271e-15 1.356296449765279485e-16
9.984296735695035750e+03 2.785582558162447255e-15 1.321123232959924217e-16
9.989176462031517076e+03 2.959840857687598848e-15 1.336091419608422141e-16
9.994056188367998402e+03 3.491633452707384501e-15 1.415466014576639337e-16
9.998935914704479728e+03 3.189276753920127735e-15 1.495045413430928684e-16
1.000381564104096105e+04 3.104822751432299769e-15 1.584607372761289966e-16
1.000869536737744238e+04 3.633937354418023904e-15 1.417251328890164275e-16
1.001357509371392371e+04 4.079354906407498463e-15 1.482635654587329862e-16
1.001845482005040503e+04 3.996559882220116119e-15 1.561893967500708988e-16
1.002333454638688636e+04 3.686281899203058073e-15 1.513787207160711715e-16
1.002821427272336769e+04 3.466025638178116307e-15 1.473286742207603498e-16
1.003309399905984901e+04 2.751501645234127153e-15 1.448777607824839592e-16
1.003797372539633034e+04 2.634838941197356579e-15 1.433661710780624405e-16
1.004285345173281166e+04 2.946028678346180436e-15 1.449032491305500058e-16
1.004773317806929299e+04 3.029445886835165288e-15 1.541155669713121385e-16
1.005261290440577432e+04 1.621732653516816603e-15 1.828721178917927383e-16
1.005749263074225564e+04 9.892714507232197254e-16 2.035965099501499144e-16
1.006237235707873697e+04 3.048543217038994267e-15 1.536099350093820284e-16
1.006725208341521829e+04 2.990258134729020501e-15 1.553723130478102572e-16
1.007213180975169962e+04 3.423706328214906421e-15 1.665185778065259581e-16
1.007701153608818095e+04 3.862993421355548858e-15 1.745232297864761682e-16
1.008189126242466227e+04 3.539074605078809667e-15 1.713325282640028911e-16
1.008677098876114360e+04 3.210670815299418879e-15 1.909159766010912863e-16
1.009165071509762492e+04 3.202888809635364511e-15 2.299712600316958273e-16
1.009653044143410625e+04 3.229025846797880949e-15 2.143587202298293543e-16
1.010141016777058758e+04 3.172295916333119553e-15 1.819024757217168669e-16
1.010628989410706890e+04 3.422665992236274719e-15 1.744940480604829737e-16
1.011116962044355023e+04 3.472716257802880815e-15 1.842508195945904638e-16
1.011604934678003156e+04 2.840919736544919467e-15 2.313787377988294895e-16
1.012092907311651288e+04 2.472983571151500610e-15 2.516438829519279344e-16
1.012580879945299421e+04 2.982633073898703979e-15 1.814319163311374718e-16
1.013068852578947553e+04 3.007617105093663702e-15 1.860299736050502770e-16
1.013556825212595686e+04 2.574772277015601353e-15 1.857954464119697969e-16
1.014044797846243819e+04 2.429500941222817198e-15 1.985268785749207663e-16
1.014532770479891951e+04 2.266839526079088805e-15 2.967132326732376544e-16
1.015020743113540084e+04 1.965886609031733883e-15 2.540550437267292300e-16
1.015508715747188216e+04 2.120640432259331557e-15 1.959632799156407031e-16
1.015996688380836349e+04 2.701158481336407458e-15 2.925366146006881104e-16
1.016484661014484482e+04 3.143785018349201134e-15 5.425308495843653676e-16
1.016972633648132614e+04 1.608838836483327839e-15 3.336385764746881395e-16
1.017460606281780747e+04 1.945310869169147133e-15 2.310090040473066007e-16
1.017948578915428880e+04 2.440275075686074286e-15 2.227699219103968626e-16
1.018436551549077012e+04 2.318695530860410200e-15 2.331257034532289380e-16
1.018924524182725145e+04 2.586282517502570337e-15 2.305650479103958848e-16
1.019412496816373277e+04 3.317523255414871143e-15 3.140081997305364814e-16
1.019900469450021410e+04 2.852587895206072219e-15 3.206597412696542874e-16
1.020388442083669543e+04 2.197265152763821900e-15 2.517000829093473811e-16
1.020876414717317675e+04 2.332958828878691575e-15 2.797802297476237148e-16
1.021364387350965808e+04 2.388473216627628455e-15 4.067285799442747312e-16
1.021852359984613940e+04 2.778048473702529435e-15 5.190463317261478568e-16
1.022340332618262073e+04 2.769348058441149596e-15 3.280931369221413907e-16
