# M82-SN ocb153040 G750L CCD z=0.00068 a2center=903.6 extrsize=25 exptime=100.0 mode=adaptive_clamphi flags=no_defringe(no_flat)
# rest_wvl obs_wvl flux error net dq mask
5237.3307 5240.8921 2.044168e-13 1.001814e-14 4.300011e+01 528 0
5242.2037 5245.7684 1.091067e-13 2.005321e-15 4.232505e+01 512 0
5247.0766 5250.6446 9.474634e-14 1.498121e-15 5.375277e+01 512 0
5251.9496 5255.5210 9.534663e-14 1.265688e-15 7.131123e+01 512 0
5256.8227 5260.3973 9.584678e-14 1.116818e-15 8.904095e+01 512 0
5261.6958 5265.2737 1.029936e-13 1.045074e-15 1.144255e+02 528 0
5266.5689 5270.1502 1.116572e-13 9.848572e-16 1.444257e+02 528 0
5271.4421 5275.0266 1.192492e-13 9.453610e-16 1.760537e+02 528 0
5276.3153 5279.9031 1.277741e-13 9.203146e-16 2.120618e+02 528 0
5281.1885 5284.7797 1.367182e-13 8.945668e-16 2.520201e+02 512 0
5286.0618 5289.6563 1.393171e-13 8.739220e-16 2.825403e+02 16 0
5290.9351 5294.5329 1.443381e-13 8.437326e-16 3.192768e+02 16 0
5295.8084 5299.4096 1.482407e-13 8.114378e-16 3.552224e+02 16 0
5300.6818 5304.2863 1.517846e-13 8.007421e-16 3.811512e+02 0 0
5305.5552 5309.1630 1.528103e-13 7.879313e-16 3.999242e+02 16 0
5310.4287 5314.0398 1.582603e-13 7.991046e-16 4.204186e+02 16 0
5315.3022 5318.9166 1.583683e-13 8.182269e-16 4.237053e+02 16 0
5320.1757 5323.7935 1.671970e-13 8.681958e-16 4.429489e+02 16 0
5325.0493 5328.6703 1.630418e-13 8.276870e-16 4.255625e+02 16 0
5329.9229 5333.5473 1.649217e-13 8.325281e-16 4.209654e+02 16 0
5334.7966 5338.4242 1.670422e-13 8.447248e-16 4.166028e+02 16 0
5339.6702 5343.3012 1.693848e-13 8.611650e-16 4.129116e+02 16 0
5344.5440 5348.1782 1.718009e-13 8.755092e-16 4.093891e+02 16 0
5349.4177 5353.0553 1.737223e-13 8.886693e-16 4.061606e+02 16 0
5354.2915 5357.9324 1.727407e-13 8.963034e-16 3.971073e+02 16 0
5359.1653 5362.8096 1.736630e-13 9.190415e-16 3.941506e+02 16 0
5364.0392 5367.6867 1.717183e-13 9.025328e-16 3.860753e+02 16 0
5368.9131 5372.5639 1.725002e-13 9.070255e-16 3.856825e+02 0 0
5373.7870 5377.4412 1.719228e-13 9.148588e-16 3.839955e+02 16 0
5378.6610 5382.3185 1.724020e-13 9.052769e-16 3.859105e+02 0 0
5383.5350 5387.1958 1.703436e-13 8.990873e-16 3.838803e+02 0 0
5388.4090 5392.0731 1.687264e-13 8.903933e-16 3.837311e+02 0 0
5393.2831 5396.9505 1.645686e-13 8.699215e-16 3.791707e+02 0 0
5398.1572 5401.8280 1.634494e-13 8.623525e-16 3.820869e+02 16 0
5403.0314 5406.7054 1.596816e-13 8.453931e-16 3.799515e+02 16 0
5407.9055 5411.5829 1.562061e-13 8.390872e-16 3.785571e+02 16 0
5412.7797 5416.4604 1.536871e-13 8.152344e-16 3.804493e+02 16 0
5417.6540 5421.3380 1.521175e-13 8.041433e-16 3.846010e+02 16 0
5422.5283 5426.2156 1.491958e-13 7.865422e-16 3.854830e+02 16 0
5427.4026 5431.0932 1.499663e-13 7.793696e-16 3.955389e+02 16 0
5432.2769 5435.9709 1.481776e-13 7.651383e-16 3.991021e+02 16 0
5437.1513 5440.8486 1.497064e-13 7.641894e-16 4.116264e+02 0 0
5442.0258 5445.7263 1.506763e-13 7.583718e-16 4.229373e+02 16 0
5446.9002 5450.6041 1.521880e-13 7.622172e-16 4.360703e+02 16 0
5451.7747 5455.4819 1.546351e-13 7.484884e-16 4.519464e+02 0 0
5456.6492 5460.3597 1.592886e-13 7.529980e-16 4.748669e+02 0 0
5461.5238 5465.2376 1.637732e-13 7.549200e-16 4.965269e+02 16 0
5466.3984 5470.1155 1.718539e-13 7.702614e-16 5.294512e+02 16 0
5471.2730 5474.9934 1.760237e-13 7.700053e-16 5.492045e+02 16 0
5476.1476 5479.8714 1.844157e-13 7.858313e-16 5.822780e+02 16 0
5481.0223 5484.7494 1.877860e-13 7.819738e-16 5.985958e+02 16 0
5485.8970 5489.6275 1.933961e-13 7.946865e-16 6.222848e+02 16 0
5490.7718 5494.5055 1.992607e-13 8.017709e-16 6.456271e+02 0 0
5495.6466 5499.3836 2.058053e-13 8.108078e-16 6.711327e+02 16 0
5500.5214 5504.2618 2.125367e-13 8.212207e-16 6.964419e+02 16 0
5505.3963 5509.1399 2.181025e-13 8.316417e-16 7.176830e+02 16 0
5510.2711 5514.0181 2.225587e-13 8.396482e-16 7.347997e+02 16 0
5515.1461 5518.8964 2.271533e-13 8.502211e-16 7.521343e+02 16 0
5520.0210 5523.7746 2.311079e-13 8.514724e-16 7.673441e+02 16 0
5524.8960 5528.6529 2.350391e-13 8.634239e-16 7.824698e+02 16 0
5529.7710 5533.5312 2.367934e-13 8.654119e-16 7.897136e+02 16 0
5534.6460 5538.4096 2.416917e-13 8.734806e-16 8.069965e+02 0 0
5539.5211 5543.2880 2.439706e-13 8.733109e-16 8.161106e+02 16 0
5544.3962 5548.1664 2.483223e-13 8.780342e-16 8.325563e+02 0 0
5549.2714 5553.0449 2.477248e-13 8.831673e-16 8.320103e+02 16 0
5554.1465 5557.9234 2.533616e-13 8.888216e-16 8.524602e+02 16 0
5559.0217 5562.8019 2.550934e-13 9.001350e-16 8.605936e+02 0 0
5563.8970 5567.6804 2.576790e-13 8.943591e-16 8.723809e+02 16 0
5568.7722 5572.5590 2.588495e-13 9.061784e-16 8.789120e+02 16 0
5573.6475 5577.4376 2.583005e-13 9.330381e-16 8.795244e+02 0 0
5578.5229 5582.3163 2.605831e-13 8.929537e-16 8.905876e+02 16 0
5583.3982 5587.1949 2.656856e-13 9.019637e-16 9.121447e+02 16 0
5588.2736 5592.0736 2.692126e-13 9.166633e-16 9.286660e+02 16 0
5593.1490 5596.9524 2.661300e-13 8.987794e-16 9.228876e+02 16 0
5598.0245 5601.8311 2.669770e-13 8.972778e-16 9.309488e+02 16 0
5602.9000 5606.7099 2.665788e-13 8.895284e-16 9.352516e+02 16 0
5607.7755 5611.5887 2.664809e-13 8.900126e-16 9.396364e+02 16 0
5612.6510 5616.4676 2.694374e-13 9.004404e-16 9.546190e+02 16 0
5617.5266 5621.3465 2.707923e-13 8.996857e-16 9.646350e+02 16 0
5622.4022 5626.2254 2.676134e-13 8.851429e-16 9.589673e+02 16 0
5627.2778 5631.1043 2.707569e-13 8.845445e-16 9.755645e+02 16 0
5632.1535 5635.9833 2.699128e-13 8.807907e-16 9.774980e+02 0 0
5637.0291 5640.8623 2.674454e-13 8.741360e-16 9.733311e+02 0 0
5641.9049 5645.7414 2.662578e-13 8.768276e-16 9.733832e+02 16 0
5646.7806 5650.6204 2.651850e-13 8.679615e-16 9.733582e+02 16 0
5651.6564 5655.4995 2.659688e-13 8.666344e-16 9.794778e+02 16 0
5656.5322 5660.3786 2.621495e-13 8.581164e-16 9.691819e+02 0 0
5661.4080 5665.2578 2.615985e-13 9.075369e-16 9.709446e+02 16 0
5666.2839 5670.1370 2.588253e-13 1.015617e-15 9.644286e+02 16 0
5671.1598 5675.0162 2.613288e-13 8.587234e-16 9.773676e+02 16 0
5676.0357 5679.8954 2.564251e-13 8.442546e-16 9.623983e+02 16 0
5680.9116 5684.7747 2.568746e-13 8.432106e-16 9.672368e+02 0 0
5685.7876 5689.6540 2.528055e-13 8.384428e-16 9.549034e+02 16 0
5690.6636 5694.5333 2.552211e-13 8.383210e-16 9.669062e+02 16 0
5695.5397 5699.4126 2.527668e-13 8.315863e-16 9.601940e+02 0 0
5700.4157 5704.2920 2.521220e-13 8.344809e-16 9.601581e+02 16 0
5705.2918 5709.1714 2.492246e-13 8.412471e-16 9.513752e+02 0 0
5710.1679 5714.0508 2.505278e-13 8.286553e-16 9.585791e+02 16 0
5715.0441 5718.9303 2.504422e-13 8.290476e-16 9.604017e+02 16 0
5719.9202 5723.8098 2.530571e-13 8.307330e-16 9.726234e+02 16 0
5724.7964 5728.6893 2.488525e-13 8.403845e-16 9.585565e+02 16 0
5729.6727 5733.5688 2.469290e-13 8.184465e-16 9.532760e+02 16 0
5734.5489 5738.4484 2.495356e-13 8.188955e-16 9.655720e+02 0 0
5739.4252 5743.3280 2.464566e-13 8.155033e-16 9.559104e+02 16 0
5744.3015 5748.2076 2.477757e-13 8.140746e-16 9.635092e+02 16 0
5749.1778 5753.0873 2.445977e-13 8.072096e-16 9.536718e+02 0 0
5754.0542 5757.9670 2.442488e-13 8.070971e-16 9.551075e+02 16 0
5758.9306 5762.8467 2.473181e-13 8.137696e-16 9.700081e+02 16 0
5763.8070 5767.7264 2.477251e-13 8.101354e-16 9.747310e+02 0 0
5768.6834 5772.6062 2.471241e-13 8.102479e-16 9.755049e+02 16 0
5773.5599 5777.4859 2.455002e-13 8.048991e-16 9.723444e+02 0 0
5778.4364 5782.3657 2.443220e-13 8.013131e-16 9.709079e+02 0 0
5783.3129 5787.2456 2.428697e-13 7.962748e-16 9.684100e+02 16 0
5788.1895 5792.1254 2.518121e-13 8.104483e-16 1.007514e+03 0 0
5793.0660 5797.0053 2.536958e-13 8.169687e-16 1.018436e+03 16 0
5797.9426 5801.8852 2.537400e-13 8.142482e-16 1.021995e+03 0 0
5802.8193 5806.7652 2.596395e-13 8.274989e-16 1.049088e+03 16 0
5807.6959 5811.6451 2.616922e-13 8.218603e-16 1.060733e+03 16 0
5812.5726 5816.5251 2.656848e-13 8.265776e-16 1.080102e+03 16 0
5817.4493 5821.4052 2.661411e-13 8.253549e-16 1.085130e+03 16 0
5822.3260 5826.2852 2.672752e-13 8.288862e-16 1.092661e+03 16 0
5827.2028 5831.1653 2.699830e-13 8.305976e-16 1.106650e+03 0 0
5832.0795 5836.0454 2.699509e-13 8.289467e-16 1.109095e+03 0 0
5836.9563 5840.9255 2.688624e-13 8.247731e-16 1.107125e+03 16 0
5841.8332 5845.8056 2.673333e-13 8.204760e-16 1.102946e+03 0 0
5846.7100 5850.6858 2.666418e-13 8.215256e-16 1.102102e+03 16 0
5851.5869 5855.5660 2.682302e-13 8.258838e-16 1.110324e+03 16 0
5856.4638 5860.4462 2.666827e-13 8.169214e-16 1.105394e+03 16 0
5861.3407 5865.3264 2.689108e-13 8.625213e-16 1.115814e+03 16 0
5866.2176 5870.2067 2.722309e-13 8.325806e-16 1.130613e+03 16 0
5871.0946 5875.0870 2.703296e-13 8.208645e-16 1.123440e+03 0 0
5875.9716 5879.9673 2.712616e-13 8.245817e-16 1.127859e+03 16 0
5880.8486 5884.8476 2.614090e-13 8.101520e-16 1.087157e+03 0 0
5885.7257 5889.7280 2.409501e-13 7.778661e-16 1.002078e+03 0 0
5890.6027 5894.6083 1.887734e-13 6.930087e-16 7.847777e+02 16 0
5895.4798 5899.4887 1.777101e-13 6.712406e-16 7.385457e+02 0 0
5900.3569 5904.3692 2.160224e-13 7.353536e-16 8.977160e+02 0 0
5905.2341 5909.2496 2.633291e-13 8.126725e-16 1.094035e+03 0 0
5910.1112 5914.1301 2.762018e-13 8.326359e-16 1.146934e+03 16 0
5914.9884 5919.0106 2.779482e-13 8.347081e-16 1.153429e+03 16 0
5919.8656 5923.8911 2.805588e-13 8.413124e-16 1.163469e+03 16 0
5924.7428 5928.7717 2.806134e-13 8.448991e-16 1.162860e+03 16 0
5929.6201 5933.6522 2.808946e-13 8.441805e-16 1.163200e+03 0 0
5934.4974 5938.5328 2.785133e-13 8.394744e-16 1.152590e+03 0 0
5939.3747 5943.4134 2.760309e-13 8.349437e-16 1.141604e+03 16 0
5944.2520 5948.2941 2.904734e-13 8.799662e-16 1.200885e+03 16 0
5949.1293 5953.1747 2.759647e-13 8.388724e-16 1.140364e+03 16 0
5954.0067 5958.0554 2.718564e-13 8.290859e-16 1.123218e+03 0 0
5958.8840 5962.9361 2.688705e-13 8.221736e-16 1.110733e+03 0 0
5963.7615 5967.8168 2.675877e-13 8.208576e-16 1.105685e+03 0 0
5968.6389 5972.6976 2.645159e-13 8.169605e-16 1.093229e+03 0 0
5973.5163 5977.5783 2.599614e-13 8.083449e-16 1.075088e+03 16 0
5978.3938 5982.4591 2.574237e-13 8.040219e-16 1.065279e+03 16 0
5983.2713 5987.3399 2.506945e-13 8.964631e-16 1.038559e+03 0 0
5988.1488 5992.2207 2.479384e-13 7.891227e-16 1.028305e+03 16 0
5993.0263 5997.1016 2.419349e-13 7.798980e-16 1.005011e+03 16 0
5997.9039 6001.9825 2.354336e-13 7.701008e-16 9.796305e+02 16 0
6002.7815 6006.8634 2.303093e-13 7.644394e-16 9.603456e+02 16 0
6007.6591 6011.7443 2.208121e-13 7.455428e-16 9.227668e+02 0 0
6012.5367 6016.6252 2.125153e-13 8.501897e-16 8.903755e+02 16 0
6017.4143 6021.5062 2.067899e-13 7.238945e-16 8.687299e+02 16 0
6022.2920 6026.3871 1.952651e-13 6.977860e-16 8.227263e+02 16 0
6027.1697 6031.2681 1.845148e-13 6.790242e-16 7.798055e+02 0 0
6032.0473 6036.1491 1.741651e-13 6.601040e-16 7.384556e+02 16 0
6036.9251 6041.0302 1.646723e-13 6.409541e-16 7.005480e+02 16 0
6041.8028 6045.9112 1.550995e-13 6.180434e-16 6.621128e+02 16 0
6046.6806 6050.7923 1.448918e-13 5.984724e-16 6.207260e+02 16 0
6051.5583 6055.6734 1.363446e-13 5.790298e-16 5.862188e+02 16 0
6056.4361 6060.5545 1.300917e-13 5.772005e-16 5.613926e+02 16 0
6061.3140 6065.4357 1.233963e-13 5.519007e-16 5.344551e+02 16 0
6066.1918 6070.3168 1.149622e-13 5.287487e-16 4.997350e+02 0 0
6071.0697 6075.1980 1.101098e-13 5.192980e-16 4.803869e+02 16 0
6075.9475 6080.0792 1.056675e-13 5.075113e-16 4.626613e+02 16 0
6080.8254 6084.9604 1.014919e-13 4.983504e-16 4.459401e+02 16 0
6085.7033 6089.8416 9.720944e-14 4.855759e-16 4.285693e+02 0 0
6090.5813 6094.7229 9.526067e-14 4.804210e-16 4.213776e+02 0 0
6095.4592 6099.6041 9.439587e-14 4.839009e-16 4.188676e+02 16 0
6100.3372 6104.4854 9.255208e-14 4.713250e-16 4.119432e+02 16 0
6105.2152 6109.3667 9.244675e-14 4.708529e-16 4.126462e+02 0 0
6110.0932 6114.2481 9.228793e-14 4.715490e-16 4.130735e+02 16 0
6114.9712 6119.1294 9.378793e-14 4.731043e-16 4.208438e+02 16 0
6119.8493 6124.0108 9.588740e-14 4.778438e-16 4.313218e+02 16 0
6124.7273 6128.8921 9.923731e-14 4.858724e-16 4.473689e+02 0 0
6129.6054 6133.7735 1.011232e-13 4.912807e-16 4.568298e+02 16 0
6134.4835 6138.6550 1.060269e-13 5.000363e-16 4.798773e+02 16 0
6139.3616 6143.5364 1.107047e-13 5.104973e-16 5.019620e+02 16 0
6144.2398 6148.4178 1.163405e-13 5.227239e-16 5.283280e+02 16 0
6149.1179 6153.2993 1.241728e-13 5.380649e-16 5.647703e+02 16 0
6153.9961 6158.1808 1.321142e-13 5.543707e-16 6.016390e+02 16 0
6158.8743 6163.0623 1.384786e-13 5.668259e-16 6.313798e+02 0 0
6163.7525 6167.9438 1.451318e-13 5.805845e-16 6.623455e+02 16 0
6168.6307 6172.8253 1.510195e-13 5.898045e-16 6.898499e+02 16 0
6173.5089 6177.7069 1.594111e-13 6.071500e-16 7.287107e+02 16 0
6178.3872 6182.5885 1.674241e-13 6.203710e-16 7.658663e+02 16 0
6183.2654 6187.4701 1.747940e-13 6.371589e-16 7.999764e+02 16 0
6188.1437 6192.3517 1.836847e-13 6.505457e-16 8.410627e+02 16 0
6193.0220 6197.2333 1.921849e-13 6.803120e-16 8.802634e+02 16 0
6197.9003 6202.1149 1.960048e-13 6.681420e-16 8.979786e+02 16 0
6202.7787 6206.9966 2.035020e-13 6.823220e-16 9.324877e+02 16 0
6207.6570 6211.8782 2.092563e-13 6.903370e-16 9.589755e+02 16 0
6212.5354 6216.7599 2.168092e-13 7.034049e-16 9.936938e+02 16 0
6217.4138 6221.6416 2.228692e-13 7.127158e-16 1.021550e+03 16 0
6222.2922 6226.5233 2.279073e-13 7.187675e-16 1.044739e+03 0 0
6227.1706 6231.4051 2.328600e-13 7.273863e-16 1.067547e+03 16 0
6232.0490 6236.2868 2.383141e-13 7.377184e-16 1.092730e+03 16 0
6236.9275 6241.1686 2.404389e-13 7.368327e-16 1.102677e+03 16 0
6241.8059 6246.0504 2.464245e-13 7.472552e-16 1.130461e+03 16 0
6246.6844 6250.9322 2.498049e-13 7.526743e-16 1.146377e+03 16 0
6251.5629 6255.8140 2.545680e-13 7.595977e-16 1.168786e+03 0 0
6256.4414 6260.6958 2.579244e-13 7.613367e-16 1.184882e+03 16 0
6261.3199 6265.5776 2.589732e-13 7.626870e-16 1.190511e+03 16 0
6266.1985 6270.4595 2.604722e-13 7.654864e-16 1.198419e+03 0 0
6271.0770 6275.3414 2.570299e-13 7.620391e-16 1.183688e+03 16 0
6275.9556 6280.2232 2.589868e-13 7.704151e-16 1.194106e+03 16 0
6280.8342 6285.1051 2.535440e-13 8.710248e-16 1.170453e+03 0 0
6285.7128 6289.9871 2.512763e-13 7.537218e-16 1.161756e+03 16 0
6290.5914 6294.8690 2.581262e-13 7.640067e-16 1.195375e+03 0 0
6295.4700 6299.7509 2.652587e-13 7.733566e-16 1.230845e+03 16 0
6300.3486 6304.6329 2.682695e-13 7.753146e-16 1.247287e+03 16 0
6305.2273 6309.5148 2.687379e-13 8.840948e-16 1.252397e+03 16 0
6310.1060 6314.3968 2.663131e-13 8.792047e-16 1.243990e+03 16 0
6314.9846 6319.2788 2.684276e-13 7.703046e-16 1.257225e+03 0 0
6319.8633 6324.1608 2.666700e-13 7.669594e-16 1.252202e+03 16 0
6324.7420 6329.0429 2.674807e-13 7.715877e-16 1.259538e+03 16 0
6329.6208 6333.9249 2.688172e-13 7.688311e-16 1.269267e+03 16 0
6334.4995 6338.8069 2.701649e-13 7.710042e-16 1.279303e+03 16 0
6339.3782 6343.6890 2.674690e-13 7.630839e-16 1.270042e+03 16 0
6344.2570 6348.5711 2.676763e-13 7.624093e-16 1.274620e+03 16 0
6349.1358 6353.4532 2.662145e-13 7.615792e-16 1.271159e+03 0 0
6354.0145 6358.3353 2.638227e-13 7.564336e-16 1.263193e+03 0 0
6358.8933 6363.2174 2.590673e-13 7.454127e-16 1.243732e+03 0 0
6363.7721 6368.0995 2.608197e-13 7.496315e-16 1.255407e+03 16 0
6368.6510 6372.9817 2.605580e-13 7.500218e-16 1.257342e+03 16 0
6373.5298 6377.8638 2.600988e-13 7.488283e-16 1.258158e+03 0 0
6378.4086 6382.7460 2.580230e-13 7.423949e-16 1.251027e+03 0 0
6383.2875 6387.6281 2.598158e-13 7.484064e-16 1.262436e+03 16 0
6388.1664 6392.5103 2.567779e-13 8.577508e-16 1.250229e+03 16 0
6393.0453 6397.3925 2.557614e-13 7.368639e-16 1.247572e+03 0 0
6397.9242 6402.2747 2.546410e-13 7.350543e-16 1.244241e+03 16 0
6402.8031 6407.1570 2.545776e-13 7.361062e-16 1.245813e+03 0 0
6407.6820 6412.0392 2.531982e-13 7.339891e-16 1.240758e+03 16 0
6412.5609 6416.9214 2.491152e-13 7.258268e-16 1.222198e+03 16 0
6417.4398 6421.8037 2.495489e-13 7.248703e-16 1.225643e+03 16 0
6422.3188 6426.6860 2.471394e-13 7.222925e-16 1.214944e+03 16 0
6427.1977 6431.5682 2.467900e-13 7.203948e-16 1.214211e+03 16 0
6432.0767 6436.4505 2.440954e-13 8.129182e-16 1.201798e+03 16 0
6436.9557 6441.3328 2.429574e-13 7.158253e-16 1.196891e+03 16 0
6441.8347 6446.2151 2.421425e-13 7.153407e-16 1.193495e+03 16 0
6446.7137 6451.0975 2.385762e-13 7.086926e-16 1.176372e+03 0 0
6451.5927 6455.9798 2.388111e-13 7.092557e-16 1.177959e+03 0 0
6456.4717 6460.8621 2.365715e-13 7.107320e-16 1.167173e+03 16 0
6461.3508 6465.7445 2.329495e-13 7.006761e-16 1.149523e+03 16 0
6466.2298 6470.6269 2.342275e-13 7.041777e-16 1.155935e+03 16 0
6471.1089 6475.5092 2.341484e-13 7.009542e-16 1.155633e+03 16 0
6475.9879 6480.3916 2.339685e-13 7.014998e-16 1.154684e+03 16 0
6480.8670 6485.2740 2.336731e-13 7.013129e-16 1.153160e+03 16 0
6485.7461 6490.1564 2.318492e-13 6.996798e-16 1.143940e+03 16 0
6490.6252 6495.0388 2.322710e-13 7.003088e-16 1.145818e+03 16 0
6495.5043 6499.9212 2.285790e-13 6.952795e-16 1.127237e+03 16 0
6500.3834 6504.8037 2.276491e-13 6.920856e-16 1.122285e+03 0 0
6505.2625 6509.6861 2.290963e-13 6.972629e-16 1.128929e+03 0 0
6510.1417 6514.5685 2.267132e-13 6.945629e-16 1.116672e+03 16 0
6515.0208 6519.4510 2.267358e-13 6.980555e-16 1.116173e+03 16 0
6519.8999 6524.3335 2.234502e-13 6.928302e-16 1.099365e+03 0 0
6524.7791 6529.2159 2.212771e-13 6.858125e-16 1.087972e+03 16 0
6529.6583 6534.0984 2.194591e-13 6.822944e-16 1.078314e+03 16 0
6534.5374 6538.9809 2.183912e-13 6.821469e-16 1.072305e+03 0 0
6539.4166 6543.8634 2.173488e-13 6.786163e-16 1.066407e+03 0 0
6544.2958 6548.7459 2.180783e-13 6.805110e-16 1.069183e+03 16 0
6549.1750 6553.6284 2.182229e-13 6.808922e-16 1.069063e+03 16 0
6554.0542 6558.5110 2.178801e-13 6.801414e-16 1.066551e+03 0 0
6558.9334 6563.3935 2.159080e-13 6.766690e-16 1.056054e+03 0 0
6563.8127 6568.2760 2.163230e-13 6.772551e-16 1.057276e+03 0 0
6568.6919 6573.1586 2.140274e-13 6.767354e-16 1.045249e+03 1040 0
6573.5711 6578.0411 2.135415e-13 6.735987e-16 1.042127e+03 1024 0
6578.4504 6582.9237 2.110809e-13 6.715028e-16 1.029397e+03 1040 0
6583.3296 6587.8063 2.120557e-13 6.713108e-16 1.033511e+03 1024 0
6588.2089 6592.6889 2.110986e-13 6.710646e-16 1.028253e+03 1024 0
6593.0881 6597.5714 2.089314e-13 6.701942e-16 1.017188e+03 1040 0
6597.9674 6602.4540 2.079836e-13 6.674917e-16 1.012159e+03 1040 0
6602.8467 6607.3366 2.075055e-13 6.656014e-16 1.009510e+03 1024 0
6607.7260 6612.2192 2.051095e-13 6.646840e-16 9.976265e+02 1040 0
6612.6053 6617.1018 2.031915e-13 6.625362e-16 9.881590e+02 1040 0
6617.4846 6621.9845 2.015267e-13 6.570391e-16 9.800349e+02 1040 0
6622.3639 6626.8671 2.008441e-13 7.881442e-16 9.767637e+02 1040 0
6627.2432 6631.7497 2.011408e-13 7.697771e-16 9.783663e+02 1040 0
6632.1225 6636.6324 2.004653e-13 6.560855e-16 9.753044e+02 1040 0
6637.0018 6641.5150 1.988479e-13 6.530442e-16 9.677586e+02 1040 0
6641.8812 6646.3977 1.974318e-13 6.484441e-16 9.612447e+02 1024 0
6646.7605 6651.2803 1.980433e-13 6.500078e-16 9.647113e+02 1024 0
6651.6399 6656.1630 1.980041e-13 6.518344e-16 9.650533e+02 1040 0
6656.5192 6661.0456 1.978297e-13 6.513948e-16 9.648235e+02 1024 0
6661.3986 6665.9283 1.949622e-13 6.450755e-16 9.514772e+02 1040 0
6666.2779 6670.8110 1.942421e-13 6.453989e-16 9.486907e+02 1024 0
6671.1573 6675.6937 1.941830e-13 6.438823e-16 9.491608e+02 1040 0
6676.0367 6680.5764 1.923193e-13 6.407013e-16 9.408461e+02 1040 0
6680.9160 6685.4591 1.903895e-13 6.355902e-16 9.322074e+02 1040 0
6685.7954 6690.3418 1.901265e-13 6.360721e-16 9.317696e+02 1040 0
6690.6748 6695.2245 1.899429e-13 7.070337e-16 9.317286e+02 1040 0
6695.5542 6700.1072 1.886926e-13 6.326222e-16 9.264576e+02 1024 0
6700.4336 6704.9899 1.877188e-13 6.410995e-16 9.225336e+02 1024 0
6705.3130 6709.8726 1.858112e-13 6.326474e-16 9.139985e+02 1040 0
6710.1924 6714.7553 1.853007e-13 6.281690e-16 9.123215e+02 1040 0
6715.0718 6719.6380 1.823110e-13 6.245721e-16 8.983921e+02 1040 0
6719.9512 6724.5208 1.821889e-13 6.207735e-16 8.985732e+02 16 0
6724.8306 6729.4035 1.832417e-13 6.254275e-16 9.045300e+02 0 0
6729.7100 6734.2862 1.828377e-13 6.261650e-16 9.032582e+02 16 0
6734.5895 6739.1690 1.821535e-13 6.195459e-16 9.005618e+02 16 0
6739.4689 6744.0517 1.809109e-13 6.206033e-16 8.950506e+02 16 0
6744.3483 6748.9345 1.786316e-13 6.168522e-16 8.843461e+02 0 0
6749.2278 6753.8172 1.791943e-13 6.168209e-16 8.876825e+02 16 0
6754.1072 6758.7000 1.774535e-13 6.122328e-16 8.795435e+02 16 0
6758.9866 6763.5827 1.782250e-13 7.272885e-16 8.838167e+02 16 0
6763.8661 6768.4655 1.795490e-13 6.173222e-16 8.907890e+02 0 0
6768.7455 6773.3483 1.775497e-13 6.115438e-16 8.812001e+02 1040 0
6773.6250 6778.2310 1.763869e-13 6.101408e-16 8.757152e+02 1040 0
6778.5044 6783.1138 1.751057e-13 6.121629e-16 8.695813e+02 1040 0
6783.3839 6787.9966 1.757009e-13 6.076558e-16 8.727316e+02 1024 0
6788.2633 6792.8794 1.763558e-13 6.088928e-16 8.761240e+02 1040 0
6793.1428 6797.7621 1.761959e-13 6.099707e-16 8.754236e+02 1040 0
6798.0223 6802.6449 1.758077e-13 6.080036e-16 8.735284e+02 1024 0
6802.9017 6807.5277 1.744688e-13 6.051614e-16 8.668742e+02 1040 0
6807.7812 6812.4105 1.729991e-13 6.045808e-16 8.595156e+02 1040 0
6812.6607 6817.2933 1.716488e-13 6.035672e-16 8.527349e+02 1040 0
6817.5401 6822.1761 1.696135e-13 6.041199e-16 8.425084e+02 1040 0
6822.4196 6827.0588 1.726535e-13 6.031169e-16 8.575185e+02 1024 0
6827.2991 6831.9416 1.708219e-13 5.996215e-16 8.482694e+02 1024 0
6832.1785 6836.8244 1.700345e-13 6.017582e-16 8.442175e+02 1040 0
6837.0580 6841.7072 1.693615e-13 5.969125e-16 8.407195e+02 1024 0
6841.9375 6846.5900 1.651728e-13 5.876177e-16 8.197557e+02 1024 0
6846.8170 6851.4728 1.647325e-13 5.883045e-16 8.174174e+02 1040 0
6851.6965 6856.3556 1.661309e-13 5.929537e-16 8.242239e+02 1040 0
6856.5759 6861.2384 1.653592e-13 5.927541e-16 8.202496e+02 1040 0
6861.4554 6866.1212 1.632847e-13 5.860570e-16 8.098161e+02 1040 0
6866.3349 6871.0040 1.628079e-13 5.843109e-16 8.073328e+02 1040 0
6871.2144 6875.8868 1.660267e-13 6.029315e-16 8.232092e+02 1040 0
6876.0939 6880.7696 1.631158e-13 5.857835e-16 8.086721e+02 1040 0
6880.9734 6885.6524 1.627669e-13 5.876485e-16 8.068651e+02 0 0
6885.8528 6890.5352 1.648206e-13 5.995660e-16 8.170085e+02 16 0
6890.7323 6895.4180 1.632992e-13 5.865643e-16 8.094125e+02 0 0
6895.6118 6900.3008 1.628755e-13 5.860510e-16 8.072979e+02 16 0
6900.4913 6905.1836 1.622447e-13 5.866980e-16 8.041619e+02 16 0
6905.3708 6910.0664 1.621066e-13 5.873571e-16 8.034985e+02 0 0
6910.2503 6914.9492 1.609780e-13 6.198398e-16 7.979271e+02 0 0
6915.1297 6919.8320 1.617387e-13 5.846447e-16 8.017582e+02 16 0
6920.0092 6924.7148 1.615726e-13 5.854308e-16 8.009979e+02 0 0
6924.8887 6929.5976 1.613108e-13 5.846494e-16 7.997872e+02 16 0
6929.7682 6934.4804 1.613728e-13 5.823166e-16 8.001959e+02 16 0
6934.6477 6939.3632 1.584973e-13 6.160418e-16 7.860380e+02 0 0
6939.5271 6944.2460 1.605846e-13 5.849289e-16 7.965413e+02 16 0
6944.4066 6949.1288 1.596255e-13 5.813196e-16 7.919329e+02 0 0
6949.2861 6954.0116 1.586095e-13 5.788246e-16 7.870569e+02 16 0
6954.1656 6958.8944 1.581442e-13 5.834967e-16 7.849339e+02 16 0
6959.0450 6963.7772 1.592982e-13 5.762619e-16 7.908816e+02 16 0
6963.9245 6968.6600 1.575304e-13 5.762756e-16 7.823236e+02 16 0
6968.8040 6973.5428 1.579689e-13 5.760377e-16 7.847636e+02 16 0
6973.6835 6978.4256 1.554425e-13 5.711671e-16 7.724754e+02 16 0
6978.5629 6983.3083 1.565765e-13 6.138015e-16 7.784350e+02 16 0
6983.4424 6988.1911 1.560562e-13 5.990262e-16 7.761797e+02 16 0
6988.3219 6993.0739 1.568391e-13 5.799706e-16 7.804524e+02 16 0
6993.2013 6997.9567 1.567867e-13 5.723930e-16 7.808827e+02 16 0
6998.0808 7002.8395 1.558816e-13 5.710135e-16 7.772524e+02 16 0
7002.9602 7007.7222 1.566208e-13 5.724016e-16 7.815628e+02 16 0
7007.8397 7012.6050 1.580814e-13 5.770574e-16 7.893649e+02 16 0
7012.7191 7017.4878 1.557833e-13 6.716235e-16 7.783610e+02 0 0
7017.5986 7022.3705 1.553612e-13 5.710767e-16 7.767426e+02 16 0
7022.4780 7027.2533 1.560032e-13 5.698688e-16 7.804444e+02 0 0
7027.3575 7032.1361 1.552616e-13 5.674219e-16 7.772039e+02 16 0
7032.2369 7037.0188 1.535215e-13 5.734890e-16 7.689362e+02 16 0
7037.1163 7041.9016 1.548519e-13 5.691896e-16 7.760342e+02 16 0
7041.9958 7046.7843 1.544194e-13 5.660141e-16 7.742744e+02 0 0
7046.8752 7051.6671 1.556439e-13 5.688644e-16 7.807778e+02 0 0
7051.7546 7056.5498 1.548795e-13 5.692936e-16 7.772777e+02 16 0
7056.6340 7061.4326 1.562638e-13 5.721936e-16 7.845004e+02 0 0
7061.5135 7066.3153 1.553184e-13 5.676436e-16 7.799956e+02 0 0
7066.3929 7071.1980 1.534161e-13 5.646725e-16 7.705881e+02 16 0
7071.2723 7076.0807 1.535606e-13 5.642353e-16 7.714486e+02 16 0
7076.1517 7080.9635 1.515708e-13 5.591107e-16 7.614680e+02 0 0
7081.0311 7085.8462 1.538367e-13 5.639673e-16 7.728629e+02 16 0
7085.9105 7090.7289 1.555453e-13 5.704125e-16 7.813412e+02 0 0
7090.7899 7095.6116 1.571936e-13 5.731349e-16 7.894700e+02 0 0
7095.6693 7100.4943 1.586619e-13 5.755964e-16 7.965728e+02 16 0
7100.5486 7105.3770 1.558218e-13 5.700670e-16 7.819617e+02 16 0
7105.4280 7110.2597 1.568045e-13 5.713853e-16 7.864576e+02 0 0
7110.3074 7115.1424 1.551141e-13 5.680505e-16 7.774600e+02 16 0
7115.1867 7120.0251 1.538788e-13 5.680928e-16 7.706613e+02 0 0
7120.0661 7124.9078 1.529007e-13 5.652838e-16 7.650964e+02 0 0
7124.9455 7129.7904 1.551192e-13 5.712422e-16 7.754673e+02 16 0
7129.8248 7134.6731 1.560499e-13 5.725688e-16 7.793002e+02 16 0
7134.7042 7139.5558 1.548851e-13 5.689036e-16 7.725870e+02 0 0
7139.5835 7144.4384 1.535834e-13 5.735721e-16 7.651324e+02 16 0
7144.4628 7149.3211 1.531309e-13 5.664107e-16 7.619125e+02 0 0
7149.3422 7154.2037 1.524176e-13 5.653242e-16 7.573344e+02 16 0
7154.2215 7159.0863 1.523701e-13 5.785066e-16 7.560231e+02 0 0
7159.1008 7163.9690 1.512161e-13 5.889970e-16 7.491442e+02 0 0
7163.9801 7168.8516 1.522425e-13 5.684640e-16 7.530483e+02 16 0
7168.8594 7173.7342 1.537059e-13 5.715697e-16 7.590224e+02 16 0
7173.7387 7178.6168 1.561379e-13 5.801019e-16 7.697293e+02 16 0
7178.6180 7183.4994 1.570864e-13 5.783088e-16 7.730068e+02 0 0
7183.4973 7188.3820 1.562671e-13 5.790737e-16 7.675542e+02 16 0
7188.3765 7193.2646 1.618559e-13 5.877960e-16 7.934970e+02 8464 0
7193.2558 7198.1472 1.532631e-13 5.718773e-16 7.498437e+02 0 0
7198.1351 7203.0298 1.531873e-13 5.743219e-16 7.479321e+02 16 0
7203.0143 7207.9124 1.517451e-13 5.720873e-16 7.393538e+02 16 0
7207.8936 7212.7949 1.517664e-13 5.745288e-16 7.378681e+02 16 0
7212.7728 7217.6775 1.528817e-13 5.740629e-16 7.416975e+02 16 0
7217.6520 7222.5600 1.515947e-13 5.734058e-16 7.338028e+02 0 0
7222.5313 7227.4426 1.515172e-13 5.735893e-16 7.317874e+02 16 0
7227.4105 7232.3251 1.499378e-13 5.714040e-16 7.224855e+02 16 0
7232.2897 7237.2077 1.532965e-13 5.918588e-16 7.369871e+02 16 0
7237.1689 7242.0902 1.528048e-13 5.754834e-16 7.328940e+02 16 0
7242.0481 7246.9727 1.512169e-13 5.737938e-16 7.235582e+02 16 0
7246.9273 7251.8552 1.498372e-13 5.745966e-16 7.152384e+02 16 0
7251.8064 7256.7377 1.489358e-13 5.725366e-16 7.092280e+02 16 0
7256.6856 7261.6202 1.471204e-13 5.707623e-16 6.988782e+02 256 0
7261.5648 7266.5026 1.456831e-13 5.676272e-16 6.903597e+02 16 0
7266.4439 7271.3851 1.458878e-13 5.716251e-16 6.896473e+02 16 0
7271.3231 7276.2676 1.450219e-13 5.713258e-16 6.838748e+02 0 0
7276.2022 7281.1500 1.444665e-13 5.698533e-16 6.795891e+02 16 0
7281.0813 7286.0325 1.420905e-13 5.649761e-16 6.667636e+02 16 0
7285.9604 7290.9149 1.415239e-13 5.641410e-16 6.624802e+02 0 0
7290.8395 7295.7973 1.408978e-13 5.630034e-16 6.579359e+02 0 0
7295.7186 7300.6797 1.388217e-13 5.604380e-16 6.466566e+02 1040 0
7300.5977 7305.5621 1.373284e-13 5.592851e-16 6.381542e+02 1040 0
7305.4768 7310.4445 1.356151e-13 5.549272e-16 6.286768e+02 1040 0
7310.3559 7315.3269 1.346498e-13 5.528323e-16 6.227158e+02 1040 0
7315.2349 7320.2093 1.346950e-13 5.569075e-16 6.214583e+02 1040 0
7320.1140 7325.0916 1.347846e-13 5.556356e-16 6.204239e+02 1040 0
7324.9930 7329.9740 1.334587e-13 6.517261e-16 6.128943e+02 1024 0
7329.8720 7334.8563 1.333037e-13 5.549946e-16 6.107940e+02 1040 0
7334.7510 7339.7387 1.296285e-13 5.472536e-16 5.925958e+02 1040 0
7339.6301 7344.6210 1.282284e-13 5.495209e-16 5.848994e+02 1040 0
7344.5090 7349.5033 1.268025e-13 5.472754e-16 5.771239e+02 1040 0
7349.3880 7354.3856 1.267155e-13 5.473998e-16 5.755093e+02 1040 0
7354.2670 7359.2679 1.250717e-13 5.405565e-16 5.668425e+02 1024 0
7359.1460 7364.1502 1.239608e-13 5.399786e-16 5.606735e+02 1040 0
7364.0249 7369.0325 1.248206e-13 5.432950e-16 5.634389e+02 1040 0
7368.9039 7373.9147 1.231903e-13 5.399206e-16 5.550215e+02 1040 0
7373.7828 7378.7970 1.194228e-13 5.306521e-16 5.370114e+02 1024 0
7378.6617 7383.6792 1.181307e-13 5.279630e-16 5.302617e+02 1040 0
7383.5406 7388.5614 1.141084e-13 5.205042e-16 5.112819e+02 1040 0
7388.4195 7393.4436 1.112620e-13 5.596653e-16 4.977145e+02 1040 0
7393.2984 7398.3258 1.104001e-13 5.144225e-16 4.930584e+02 1024 0
7398.1773 7403.2080 1.082840e-13 5.105743e-16 4.829020e+02 16 0
7403.0561 7408.0902 1.063086e-13 5.062119e-16 4.733967e+02 16 0
7407.9350 7412.9724 1.064438e-13 5.175580e-16 4.733923e+02 16 0
7412.8138 7417.8545 1.061395e-13 5.057101e-16 4.714350e+02 0 0
7417.6926 7422.7367 1.087222e-13 5.134508e-16 4.823734e+02 16 0
7422.5714 7427.6188 1.086774e-13 5.132878e-16 4.816290e+02 16 0
7427.4502 7432.5009 1.093394e-13 5.144497e-16 4.840697e+02 0 0
7432.3290 7437.3830 1.100329e-13 5.166369e-16 4.866576e+02 0 0
7437.2078 7442.2651 1.124290e-13 5.252034e-16 4.968163e+02 16 0
7442.0866 7447.1472 1.112640e-13 5.184032e-16 4.912256e+02 0 0
7446.9653 7452.0293 1.116515e-13 5.212979e-16 4.925340e+02 16 0
7451.8440 7456.9113 1.127943e-13 5.217680e-16 4.971891e+02 16 0
7456.7228 7461.7933 1.130357e-13 5.253917e-16 4.978846e+02 16 0
7461.6015 7466.6754 1.122597e-13 5.227777e-16 4.941099e+02 16 0
7466.4802 7471.5574 1.129811e-13 5.249131e-16 4.969506e+02 0 0
7471.3589 7476.4394 1.135569e-13 5.276697e-16 4.991607e+02 16 0
7476.2375 7481.3214 1.135376e-13 5.253260e-16 4.987613e+02 16 0
7481.1162 7486.2033 1.150851e-13 5.291349e-16 5.052621e+02 0 0
7485.9948 7491.0853 1.156278e-13 5.296088e-16 5.073448e+02 16 0
7490.8734 7495.9672 1.174548e-13 5.324251e-16 5.150712e+02 16 0
7495.7521 7500.8492 1.161353e-13 5.314654e-16 5.089797e+02 16 0
7500.6307 7505.7311 1.164105e-13 5.317823e-16 5.098917e+02 0 0
7505.5092 7510.6130 1.168893e-13 5.333916e-16 5.116924e+02 16 0
7510.3878 7515.4949 1.154484e-13 5.302948e-16 5.050789e+02 0 0
7515.2664 7520.3767 1.153129e-13 5.299956e-16 5.041835e+02 0 0
7520.1449 7525.2586 1.167348e-13 5.335203e-16 5.100872e+02 16 0
7525.0234 7530.1404 1.185118e-13 5.406329e-16 5.175271e+02 16 0
7529.9019 7535.0223 1.201088e-13 5.422259e-16 5.241496e+02 16 0
7534.7804 7539.9041 1.213307e-13 5.457075e-16 5.291179e+02 0 0
7539.6589 7544.7859 1.223852e-13 5.480677e-16 5.333123e+02 16 0
7544.5374 7549.6677 1.227906e-13 5.536014e-16 5.346633e+02 16 0
7549.4158 7554.5494 1.217524e-13 5.508781e-16 5.296731e+02 16 0
7554.2943 7559.4312 1.220224e-13 5.466680e-16 5.303782e+02 16 0
7559.1727 7564.3129 1.212630e-13 5.597263e-16 5.265432e+02 16 0
7564.0511 7569.1946 1.188506e-13 5.417385e-16 5.155353e+02 16 0
7568.9295 7574.0763 1.190322e-13 5.417778e-16 5.157253e+02 0 0
7573.8078 7578.9580 1.215733e-13 5.526713e-16 5.261369e+02 16 0
7578.6862 7583.8397 1.237297e-13 5.531787e-16 5.347634e+02 16 0
7583.5645 7588.7214 1.248115e-13 5.530074e-16 5.387189e+02 16 0
7588.4429 7593.6030 1.262015e-13 5.572353e-16 5.438906e+02 16 0
7593.3212 7598.4846 1.261134e-13 5.569778e-16 5.426680e+02 16 0
7598.1995 7603.3662 1.246015e-13 5.694196e-16 5.352328e+02 0 0
7603.0777 7608.2478 1.227624e-13 5.508582e-16 5.264050e+02 16 0
7607.9560 7613.1294 1.198402e-13 5.479195e-16 5.128705e+02 16 0
7612.8342 7618.0110 1.206732e-13 5.490281e-16 5.154196e+02 0 0
7617.7125 7622.8925 1.202590e-13 5.487810e-16 5.125489e+02 16 0
7622.5907 7627.7740 1.197543e-13 5.466140e-16 5.092724e+02 0 0
7627.4689 7632.6555 1.211843e-13 5.501546e-16 5.141495e+02 0 0
7632.3470 7637.5370 1.221021e-13 5.544893e-16 5.167939e+02 16 0
7637.2252 7642.4185 1.235614e-13 5.580809e-16 5.216432e+02 16 0
7642.1033 7647.2999 1.262513e-13 5.651812e-16 5.316118e+02 16 0
7646.9814 7652.1814 1.275841e-13 5.687614e-16 5.357527e+02 0 0
7651.8595 7657.0628 1.262903e-13 5.693690e-16 5.288103e+02 0 0
7656.7376 7661.9442 1.250738e-13 5.683128e-16 5.221698e+02 16 0
7661.6157 7666.8256 1.211395e-13 5.587560e-16 5.041926e+02 0 0
7666.4937 7671.7069 1.160138e-13 5.477744e-16 4.813275e+02 16 0
7671.3718 7676.5883 1.181940e-13 5.536153e-16 4.888094e+02 0 0
7676.2498 7681.4696 1.242139e-13 5.663434e-16 5.120428e+02 16 0
7681.1278 7686.3509 1.290059e-13 5.795975e-16 5.300178e+02 16 0
7686.0057 7691.2322 1.320451e-13 5.854376e-16 5.406437e+02 0 0
7690.8837 7696.1135 1.310978e-13 5.845711e-16 5.348583e+02 16 0
7695.7616 7700.9948 1.266884e-13 5.759222e-16 5.149894e+02 16 0
7700.6396 7705.8760 1.227676e-13 5.689066e-16 4.972057e+02 16 0
7705.5175 7710.7572 1.224172e-13 5.685882e-16 4.939445e+02 0 0
7710.3953 7715.6384 1.287899e-13 5.828766e-16 5.177155e+02 16 0
7715.2732 7720.5196 1.308931e-13 5.907456e-16 5.241590e+02 16 0
7720.1510 7725.4007 1.367079e-13 6.053151e-16 5.453256e+02 16 0
7725.0289 7730.2819 1.392619e-13 6.195509e-16 5.533315e+02 16 0
7729.9067 7735.1630 1.386155e-13 6.097419e-16 5.485505e+02 0 0
7734.7844 7740.0441 1.383393e-13 6.135690e-16 5.452444e+02 0 0
7739.6622 7744.9252 1.357342e-13 6.062758e-16 5.327749e+02 16 0
7744.5399 7749.8062 1.335233e-13 6.045986e-16 5.219308e+02 16 0
7749.4177 7754.6873 1.333392e-13 6.022293e-16 5.190411e+02 16 0
7754.2954 7759.5683 1.355299e-13 6.105768e-16 5.253738e+02 16 0
7759.1731 7764.4493 1.393574e-13 6.199710e-16 5.379534e+02 16 0
7764.0507 7769.3303 1.452089e-13 6.323515e-16 5.581985e+02 16 0
7768.9284 7774.2112 1.488201e-13 7.110093e-16 5.696688e+02 0 0
7773.8060 7779.0922 1.498695e-13 6.493929e-16 5.712526e+02 16 0
7778.6836 7783.9731 1.488355e-13 6.469897e-16 5.648962e+02 16 0
7783.5612 7788.8540 1.456028e-13 6.480008e-16 5.502625e+02 16 0
7788.4387 7793.7349 1.438747e-13 6.364011e-16 5.414117e+02 16 0
7793.3163 7798.6157 1.432875e-13 6.380941e-16 5.369067e+02 16 0
7798.1938 7803.4965 1.444320e-13 6.428292e-16 5.389067e+02 16 0
7803.0713 7808.3774 1.451337e-13 6.441258e-16 5.392391e+02 16 0
7807.9487 7813.2582 1.482333e-13 7.524481e-16 5.484481e+02 0 0
7812.8262 7818.1389 1.549439e-13 6.712532e-16 5.708977e+02 16 0
7817.7036 7823.0197 1.587657e-13 6.785299e-16 5.825497e+02 16 0
7822.5810 7827.9004 1.573928e-13 6.749152e-16 5.751025e+02 16 0
7827.4584 7832.7811 1.574391e-13 6.759867e-16 5.728842e+02 16 0
7832.3358 7837.6618 1.575163e-13 6.776269e-16 5.707994e+02 0 0
7837.2131 7842.5424 1.548134e-13 6.738364e-16 5.586868e+02 0 0
7842.0905 7847.4231 1.531041e-13 6.702930e-16 5.502544e+02 0 0
7846.9678 7852.3037 1.481989e-13 6.617569e-16 5.304399e+02 0 0
7851.8450 7857.1843 1.465729e-13 6.605674e-16 5.224918e+02 16 0
7856.7223 7862.0649 1.444700e-13 6.575285e-16 5.129089e+02 16 0
7861.5995 7866.9454 1.399092e-13 6.486994e-16 4.947091e+02 16 0
7866.4767 7871.8259 1.393318e-13 6.548914e-16 4.906953e+02 16 0
7871.3539 7876.7064 1.390556e-13 6.497624e-16 4.877769e+02 0 0
7876.2311 7881.5869 1.397815e-13 7.490354e-16 4.883813e+02 0 0
7881.1082 7886.4674 1.440243e-13 6.657819e-16 5.012395e+02 0 0
7885.9853 7891.3478 1.484758e-13 6.754575e-16 5.147194e+02 16 0
7890.8624 7896.2282 1.509460e-13 6.851910e-16 5.212534e+02 16 0
7895.7395 7901.1086 1.484824e-13 6.782649e-16 5.107426e+02 16 0
7900.6165 7905.9890 1.456458e-13 6.816622e-16 4.990389e+02 16 0
7905.4936 7910.8693 1.400957e-13 6.624032e-16 4.781453e+02 0 0
7910.3706 7915.7496 1.364470e-13 6.557890e-16 4.638905e+02 16 0
7915.2475 7920.6299 1.325438e-13 6.474194e-16 4.488719e+02 16 0
7920.1245 7925.5102 1.276359e-13 6.374052e-16 4.305819e+02 16 0
7925.0014 7930.3904 1.269153e-13 6.410719e-16 4.265081e+02 16 0
7929.8783 7935.2706 1.249888e-13 6.351169e-16 4.184306e+02 16 0
7934.7552 7940.1508 1.269067e-13 6.400558e-16 4.232396e+02 0 0
7939.6320 7945.0310 1.311436e-13 6.523766e-16 4.357275e+02 16 0
7944.5089 7949.9111 1.325512e-13 6.640068e-16 4.387338e+02 16 0
7949.3857 7954.7913 1.303515e-13 6.512138e-16 4.298122e+02 0 0
7954.2625 7959.6714 1.275018e-13 6.560812e-16 4.188100e+02 16 0
7959.1392 7964.5514 1.229232e-13 6.394694e-16 4.022255e+02 16 0
7964.0159 7969.4315 1.192896e-13 6.309524e-16 3.888401e+02 16 0
7968.8926 7974.3115 1.146371e-13 6.190926e-16 3.722420e+02 16 0
7973.7693 7979.1915 1.143524e-13 6.218034e-16 3.699074e+02 16 0
7978.6460 7984.0715 1.166955e-13 6.269421e-16 3.760654e+02 16 0
7983.5226 7988.9514 1.185885e-13 6.333206e-16 3.807212e+02 16 0
7988.3992 7993.8313 1.204018e-13 6.622864e-16 3.850822e+02 16 0
7993.2758 7998.7112 1.226175e-13 6.448166e-16 3.906859e+02 16 0
7998.1523 8003.5911 1.187473e-13 6.378726e-16 3.769014e+02 16 0
8003.0289 8008.4709 1.157442e-13 6.317764e-16 3.659599e+02 16 0
8007.9054 8013.3507 1.126289e-13 6.253402e-16 3.547417e+02 16 0
8012.7818 8018.2305 1.115792e-13 6.220432e-16 3.500924e+02 0 0
8017.6583 8023.1103 1.080128e-13 6.146555e-16 3.375964e+02 1040 0
8022.5347 8027.9900 1.072079e-13 6.175408e-16 3.338024e+02 1040 0
8027.4111 8032.8697 1.078048e-13 6.361272e-16 3.343857e+02 1040 0
8032.2875 8037.7494 1.066188e-13 6.146550e-16 3.294475e+02 1040 0
8037.1638 8042.6291 1.080979e-13 6.190043e-16 3.327562e+02 1024 0
8042.0401 8047.5087 1.122308e-13 6.308171e-16 3.441909e+02 1040 0
8046.9164 8052.3883 1.156551e-13 6.444113e-16 3.533667e+02 1040 0
8051.7927 8057.2679 1.159002e-13 6.449763e-16 3.527891e+02 1040 0
8056.6689 8062.1474 1.158762e-13 6.464431e-16 3.513922e+02 1040 0
8061.5451 8067.0270 1.117239e-13 6.351191e-16 3.375253e+02 1024 0
8066.4213 8071.9065 1.088507e-13 6.333872e-16 3.276108e+02 1040 0
8071.2974 8076.7859 1.062543e-13 6.248661e-16 3.186120e+02 1040 0
8076.1736 8081.6654 1.066309e-13 6.305618e-16 3.185667e+02 1040 0
8081.0497 8086.5448 1.049803e-13 6.293140e-16 3.124928e+02 1040 0
8085.9257 8091.4241 1.043518e-13 6.303902e-16 3.094915e+02 1024 0
8090.8018 8096.3035 1.050094e-13 6.334501e-16 3.103343e+02 1040 0
8095.6778 8101.1828 1.067755e-13 6.408238e-16 3.144189e+02 1024 0
8100.5538 8106.0621 1.099705e-13 6.519373e-16 3.226537e+02 1024 0
8105.4297 8110.9414 1.107824e-13 6.563441e-16 3.238445e+02 1040 0
8110.3056 8115.8206 1.083456e-13 6.508340e-16 3.155742e+02 1040 0
8115.1815 8120.6999 1.067602e-13 6.436796e-16 3.098332e+02 1024 0
8120.0574 8125.5790 1.043748e-13 6.611523e-16 3.018376e+02 1024 0
8124.9332 8130.4582 1.016879e-13 6.321608e-16 2.930250e+02 1040 0
8129.8090 8135.3373 9.793732e-14 6.181294e-16 2.812350e+02 1040 0
8134.6848 8140.2164 9.482926e-14 6.100791e-16 2.713673e+02 1024 0
8139.5606 8145.0955 9.286408e-14 6.275366e-16 2.648492e+02 1040 0
8144.4363 8149.9745 9.059531e-14 6.792290e-16 2.575129e+02 1040 0
8149.3120 8154.8535 9.093293e-14 5.980608e-16 2.576375e+02 1024 0
8154.1877 8159.7325 9.172026e-14 6.017876e-16 2.590388e+02 1040 0
8159.0633 8164.6115 9.203183e-14 6.063030e-16 2.591067e+02 1040 0
8163.9389 8169.4904 9.146987e-14 6.050752e-16 2.567248e+02 1040 0
8168.8145 8174.3693 9.071426e-14 6.041858e-16 2.538303e+02 16 0
8173.6900 8179.2481 8.978234e-14 6.005044e-16 2.504703e+02 16 0
8178.5655 8184.1270 8.710777e-14 6.203828e-16 2.422900e+02 16 0
8183.4410 8189.0058 8.676275e-14 5.940464e-16 2.406421e+02 16 0
8188.3165 8193.8845 8.490715e-14 5.896789e-16 2.348329e+02 16 0
8193.1919 8198.7633 8.516231e-14 5.901505e-16 2.348938e+02 256 0
8198.0673 8203.6420 8.629416e-14 5.982901e-16 2.373794e+02 272 0
8202.9427 8208.5207 8.640985e-14 5.958965e-16 2.370775e+02 0 0
8207.8180 8213.3993 8.955051e-14 6.115492e-16 2.450803e+02 16 0
8212.6933 8218.2779 8.890419e-14 6.080631e-16 2.427054e+02 16 0
8217.5686 8223.1565 9.165107e-14 6.190454e-16 2.496042e+02 16 0
8222.4438 8228.0351 9.237173e-14 6.228625e-16 2.509745e+02 16 0
8227.3190 8232.9136 9.482090e-14 6.306662e-16 2.570362e+02 16 0
8232.1942 8237.7921 9.356920e-14 6.235855e-16 2.530659e+02 16 0
8237.0693 8242.6706 9.218707e-14 6.444927e-16 2.487644e+02 16 0
8241.9445 8247.5490 9.243901e-14 6.202004e-16 2.489085e+02 0 0
8246.8195 8252.4274 9.054544e-14 6.157119e-16 2.432802e+02 0 0
8251.6946 8257.3057 9.068581e-14 6.156303e-16 2.431580e+02 16 0
8256.5696 8262.1841 9.138028e-14 6.190190e-16 2.445210e+02 0 0
8261.4446 8267.0624 9.616159e-14 6.352465e-16 2.568322e+02 0 0
8266.3196 8271.9407 9.592076e-14 6.355181e-16 2.556876e+02 16 0
8271.1945 8276.8189 9.979130e-14 6.512201e-16 2.655246e+02 16 0
8276.0694 8281.6971 1.023854e-13 6.564152e-16 2.719272e+02 0 0
8280.9442 8286.5753 1.037404e-13 6.614701e-16 2.750399e+02 0 0
8285.8191 8291.4534 1.043056e-13 6.656665e-16 2.760464e+02 16 0
8290.6939 8296.3315 1.025474e-13 6.584364e-16 2.709268e+02 0 0
8295.5686 8301.2096 1.028050e-13 6.585652e-16 2.711488e+02 16 0
8300.4433 8306.0876 1.054838e-13 6.673412e-16 2.777727e+02 0 0
8305.3180 8310.9657 1.069431e-13 6.708632e-16 2.811660e+02 16 0
8310.1927 8315.8436 1.110482e-13 6.871662e-16 2.915207e+02 16 0
8315.0673 8320.7216 1.157033e-13 6.999154e-16 3.032899e+02 16 0
8319.9419 8325.5995 1.184305e-13 7.089266e-16 3.099909e+02 16 0
8324.8165 8330.4774 1.213993e-13 7.159665e-16 3.173107e+02 16 0
8329.6910 8335.3552 1.233213e-13 7.187682e-16 3.218904e+02 16 0
8334.5655 8340.2330 1.283784e-13 7.366278e-16 3.346461e+02 16 0
8339.4400 8345.1108 1.304843e-13 7.445784e-16 3.396929e+02 16 0
8344.3144 8349.9885 1.292833e-13 7.408219e-16 3.361297e+02 16 0
8349.1888 8354.8662 1.308992e-13 7.638616e-16 3.399111e+02 16 0
8354.0631 8359.7439 1.300545e-13 7.426763e-16 3.373047e+02 16 0
8358.9375 8364.6215 1.282793e-13 7.378541e-16 3.323067e+02 0 0
8363.8118 8369.4992 1.302954e-13 7.421391e-16 3.371552e+02 16 0
8368.6860 8374.3767 1.355382e-13 7.575920e-16 3.503539e+02 16 0
8373.5602 8379.2543 1.413230e-13 7.698714e-16 3.649396e+02 0 0
8378.4344 8384.1318 1.481708e-13 7.862411e-16 3.822520e+02 0 0
8383.3086 8389.0092 1.533897e-13 8.027798e-16 3.953460e+02 16 0
8388.1827 8393.8867 1.568231e-13 8.084982e-16 4.038250e+02 0 0
8393.0568 8398.7641 1.605104e-13 8.255203e-16 4.129628e+02 16 0
8397.9308 8403.6414 1.602430e-13 8.154215e-16 4.119201e+02 0 0
8402.8048 8408.5187 1.616928e-13 8.231433e-16 4.153148e+02 16 0
8407.6788 8413.3960 1.587898e-13 8.154620e-16 4.075313e+02 0 0
8412.5527 8418.2733 1.566976e-13 8.090931e-16 4.018635e+02 0 0
8417.4267 8423.1505 1.567968e-13 8.100473e-16 4.018331e+02 0 0
8422.3005 8428.0277 1.573613e-13 8.160802e-16 4.030177e+02 16 0
8427.1744 8432.9048 1.631616e-13 8.233845e-16 4.176193e+02 16 0
8432.0482 8437.7819 1.698389e-13 8.428353e-16 4.344715e+02 16 0
8436.9219 8442.6590 1.750269e-13 8.530879e-16 4.474979e+02 1040 0
8441.7956 8447.5361 1.819889e-13 8.725093e-16 4.650708e+02 1024 0
8446.6693 8452.4131 1.843200e-13 8.847334e-16 4.707876e+02 1040 0
8451.5430 8457.2900 1.878517e-13 8.888223e-16 4.795874e+02 1024 0
8456.4166 8462.1670 1.816045e-13 8.729507e-16 4.634218e+02 1040 0
8461.2902 8467.0439 1.788219e-13 8.632866e-16 4.561417e+02 1024 0
8466.1637 8471.9207 1.752602e-13 8.590342e-16 4.468658e+02 1040 0
8471.0372 8476.7975 1.700608e-13 8.469760e-16 4.334272e+02 1024 0
8475.9107 8481.6743 1.682024e-13 8.440365e-16 4.285206e+02 1040 0
8480.7841 8486.5511 1.689484e-13 8.414755e-16 4.302675e+02 1040 0
8485.6575 8491.4278 1.688428e-13 8.403266e-16 4.298592e+02 1024 0
8490.5309 8496.3044 1.732180e-13 8.533344e-16 4.408839e+02 1024 0
8495.4042 8501.1811 1.774550e-13 8.652253e-16 4.515602e+02 1040 0
8500.2775 8506.0577 1.811634e-13 8.779351e-16 4.609434e+02 1040 0
8505.1507 8510.9342 1.874592e-13 9.262806e-16 4.769005e+02 1024 0
8510.0239 8515.8107 1.908517e-13 9.055056e-16 4.854600e+02 1024 0
8514.8971 8520.6872 1.949786e-13 9.257235e-16 4.958898e+02 1040 0
8519.7702 8525.5637 1.971642e-13 9.281074e-16 5.013824e+02 1024 0
8524.6433 8530.4401 1.991429e-13 9.336954e-16 5.063515e+02 1024 0
8529.5164 8535.3165 1.985416e-13 9.330336e-16 5.047597e+02 1040 0
8534.3894 8540.1928 2.008025e-13 9.399266e-16 5.104214e+02 1040 0
8539.2624 8545.0691 1.972863e-13 9.268139e-16 5.013726e+02 1040 0
8544.1353 8549.9453 1.963538e-13 9.235352e-16 4.988994e+02 1040 0
8549.0082 8554.8215 1.924793e-13 9.105652e-16 4.889505e+02 1040 0
8553.8811 8559.6977 1.852396e-13 8.879964e-16 4.704408e+02 1040 0
8558.7539 8564.5739 1.774077e-13 8.677542e-16 4.504271e+02 1040 0
8563.6267 8569.4500 1.728073e-13 8.540663e-16 4.386057e+02 1040 0
8568.4994 8574.3260 1.711565e-13 8.476731e-16 4.342660e+02 1040 0
8573.3721 8579.2020 1.683055e-13 8.402763e-16 4.268699e+02 1040 0
8578.2448 8584.0780 1.721210e-13 8.521289e-16 4.363870e+02 1040 0
8583.1174 8588.9540 1.730405e-13 8.521272e-16 4.385497e+02 1040 0
8587.9900 8593.8299 1.748075e-13 8.542518e-16 4.428592e+02 16 0
8592.8626 8598.7057 1.780144e-13 8.669575e-16 4.507845e+02 16 0
8597.7351 8603.5815 1.806284e-13 8.696742e-16 4.571836e+02 0 0
8602.6075 8608.4573 1.859272e-13 8.823318e-16 4.703494e+02 0 0
8607.4800 8613.3331 1.889196e-13 8.904429e-16 4.776510e+02 0 0
8612.3524 8618.2088 1.923389e-13 8.998489e-16 4.860094e+02 16 0
8617.2247 8623.0844 1.904677e-13 8.988011e-16 4.809806e+02 0 0
8622.0970 8627.9600 1.815364e-13 8.770011e-16 4.581113e+02 16 0
8626.9693 8632.8356 1.769794e-13 8.708107e-16 4.463038e+02 16 0
8631.8415 8637.7112 1.717131e-13 8.545343e-16 4.327091e+02 0 0
8636.7137 8642.5867 1.668718e-13 8.407807e-16 4.201975e+02 16 0
8641.5858 8647.4621 1.654989e-13 8.398737e-16 4.164269e+02 0 0
8646.4579 8652.3375 1.675302e-13 8.692554e-16 4.212222e+02 16 0
8651.3300 8657.2129 1.701682e-13 8.712755e-16 4.275265e+02 0 0
8656.2020 8662.0882 1.728011e-13 8.794730e-16 4.338038e+02 0 0
8661.0740 8666.9635 1.759327e-13 8.689825e-16 4.413172e+02 16 0
8665.9460 8671.8388 1.826535e-13 9.128009e-16 4.578187e+02 0 0
8670.8178 8676.7140 1.883987e-13 8.952196e-16 4.718455e+02 16 0
8675.6897 8681.5892 1.876886e-13 8.916555e-16 4.696821e+02 16 0
8680.5615 8686.4643 1.827786e-13 8.843243e-16 4.570121e+02 16 0
8685.4333 8691.3394 1.773614e-13 8.820672e-16 4.430945e+02 16 0
8690.3050 8696.2144 1.695753e-13 8.926428e-16 4.232827e+02 0 0
8695.1767 8701.0894 1.655597e-13 8.435137e-16 4.129149e+02 0 0
8700.0484 8705.9644 1.660247e-13 8.461193e-16 4.137477e+02 16 0
8704.9200 8710.8393 1.667744e-13 8.463394e-16 4.152923e+02 0 0
8709.7915 8715.7142 1.669573e-13 8.443754e-16 4.154366e+02 16 0
8714.6630 8720.5890 1.653292e-13 8.682388e-16 4.110794e+02 16 0
8719.5345 8725.4638 1.691927e-13 8.529166e-16 4.203945e+02 0 0
8724.4060 8730.3386 1.722867e-13 8.621222e-16 4.277873e+02 16 0
8729.2774 8735.2133 1.784961e-13 8.764619e-16 4.429224e+02 16 0
8734.1487 8740.0879 1.776157e-13 8.717295e-16 4.404503e+02 16 0
8739.0200 8744.9625 1.754556e-13 8.705552e-16 4.348254e+02 16 0
8743.8913 8749.8371 1.678903e-13 8.596876e-16 4.158166e+02 16 0
8748.7625 8754.7116 1.601173e-13 8.357417e-16 3.963313e+02 16 0
8753.6337 8759.5861 1.548168e-13 8.216588e-16 3.829966e+02 16 0
8758.5048 8764.4606 1.502347e-13 8.098289e-16 3.714714e+02 16 0
8763.3759 8769.3350 1.498725e-13 8.076177e-16 3.704034e+02 16 0
8768.2469 8774.2093 1.498339e-13 8.319887e-16 3.701535e+02 16 0
8773.1179 8779.0836 1.499323e-13 8.208450e-16 3.702504e+02 16 0
8777.9889 8783.9579 1.473802e-13 8.027472e-16 3.638143e+02 0 0
8782.8598 8788.8321 1.477917e-13 8.106018e-16 3.647084e+02 16 0
8787.7307 8793.7063 1.524092e-13 8.173105e-16 3.760045e+02 16 0
8792.6015 8798.5805 1.560182e-13 8.204196e-16 3.848095e+02 272 0
8797.4723 8803.4546 1.564333e-13 8.280972e-16 3.857428e+02 16 0
8802.3430 8808.3286 1.515709e-13 8.146002e-16 3.736605e+02 16 0
8807.2137 8813.2026 1.482736e-13 8.098495e-16 3.654581e+02 16 0
8812.0843 8818.0766 1.431830e-13 7.952334e-16 3.528406e+02 16 0
8816.9549 8822.9505 1.432033e-13 7.941170e-16 3.528399e+02 16 0
8821.8255 8827.8243 1.395866e-13 7.860706e-16 3.438730e+02 16 0
8826.6960 8832.6982 1.388723e-13 7.803557e-16 3.420724e+02 0 0
8831.5665 8837.5719 1.388677e-13 7.812895e-16 3.420251e+02 272 0
8836.4369 8842.4457 1.407522e-13 8.381398e-16 3.466391e+02 16 0
8841.3073 8847.3194 1.386353e-13 7.854434e-16 3.413904e+02 16 0
8846.1776 8852.1930 1.361225e-13 7.755094e-16 3.351664e+02 16 0
8851.0479 8857.0666 1.365457e-13 7.757250e-16 3.361784e+02 16 0
8855.9181 8861.9402 1.393518e-13 7.842038e-16 3.430620e+02 16 0
8860.7883 8866.8137 1.453054e-13 8.010200e-16 3.576990e+02 16 0
8865.6585 8871.6871 1.457931e-13 7.990748e-16 3.588605e+02 16 0
8870.5286 8876.5605 1.437350e-13 7.932056e-16 3.537465e+02 0 0
8875.3986 8881.4339 1.405037e-13 7.915590e-16 3.457386e+02 16 0
8880.2686 8886.3072 1.351630e-13 8.949152e-16 3.325342e+02 16 0
8885.1386 8891.1805 1.358007e-13 7.740997e-16 3.340454e+02 16 0
8890.0085 8896.0537 1.364984e-13 7.788975e-16 3.356987e+02 16 0
8894.8784 8900.9269 1.351660e-13 7.773525e-16 3.323406e+02 16 0
8899.7482 8905.8000 1.342861e-13 7.764490e-16 3.300800e+02 16 0
8904.6180 8910.6731 1.358928e-13 7.753438e-16 3.339243e+02 16 0
8909.4877 8915.5462 1.383951e-13 7.812602e-16 3.399613e+02 16 0
8914.3574 8920.4191 1.417202e-13 8.203090e-16 3.480036e+02 16 0
8919.2270 8925.2921 1.396679e-13 7.849262e-16 3.428199e+02 16 0
8924.0966 8930.1650 1.372713e-13 7.801997e-16 3.367818e+02 16 0
8928.9661 8935.0378 1.343759e-13 7.740225e-16 3.295153e+02 16 0
8933.8356 8939.9106 1.285364e-13 7.552154e-16 3.150182e+02 0 0
8938.7051 8944.7834 1.254117e-13 7.485532e-16 3.071851e+02 16 0
8943.5745 8949.6561 1.260318e-13 7.511684e-16 3.085253e+02 16 0
8948.4438 8954.5288 1.268052e-13 7.502208e-16 3.102321e+02 0 0
8953.3131 8959.4014 1.311929e-13 7.919706e-16 3.207700e+02 16 0
8958.1824 8964.2739 1.324805e-13 7.705671e-16 3.237039e+02 16 0
8963.0516 8969.1465 1.312032e-13 7.640329e-16 3.203536e+02 16 0
8967.9207 8974.0189 1.313329e-13 7.644903e-16 3.204381e+02 16 0
8972.7898 8978.8913 1.326792e-13 7.688268e-16 3.234805e+02 0 0
8977.6589 8983.7637 1.339476e-13 7.725154e-16 3.263214e+02 16 0
8982.5279 8988.6360 1.351669e-13 7.758969e-16 3.290336e+02 16 0
8987.3969 8993.5083 1.376193e-13 7.817310e-16 3.347411e+02 16 0
8992.2658 8998.3805 1.408871e-13 7.924770e-16 3.424162e+02 16 0
8997.1346 9003.2527 1.393749e-13 7.876919e-16 3.384557e+02 0 0
9002.0035 9008.1248 1.384305e-13 7.872119e-16 3.358767e+02 16 0
9006.8722 9012.9969 1.323260e-13 7.728985e-16 3.207781e+02 16 0
9011.7409 9017.8689 1.263750e-13 7.579412e-16 3.060768e+02 16 0
9016.6096 9022.7409 1.201468e-13 7.418519e-16 2.907286e+02 16 0
9021.4782 9027.6128 1.207912e-13 7.682541e-16 2.920415e+02 16 0
9026.3468 9032.4847 1.222419e-13 7.448694e-16 2.953023e+02 16 0
9031.2153 9037.3565 1.249736e-13 7.523559e-16 3.016549e+02 16 0
9036.0838 9042.2283 1.267922e-13 7.563447e-16 3.057932e+02 16 0
9040.9522 9047.1000 1.263806e-13 7.568642e-16 3.045513e+02 0 0
9045.8206 9051.9717 1.291252e-13 7.634630e-16 3.109209e+02 16 0
9050.6889 9056.8433 1.315061e-13 7.731794e-16 3.164120e+02 16 0
9055.5571 9061.7149 1.345648e-13 7.810612e-16 3.235284e+02 16 0
9060.4254 9066.5864 1.373095e-13 7.873697e-16 3.298884e+02 16 0
9065.2935 9071.4579 1.374163e-13 8.297482e-16 3.299031e+02 16 0
9070.1616 9076.3293 1.348075e-13 7.811327e-16 3.234084e+02 16 0
9075.0297 9081.2007 1.296937e-13 7.664697e-16 3.109144e+02 16 0
9079.8977 9086.0720 1.202996e-13 7.407171e-16 2.881865e+02 16 0
9084.7657 9090.9433 1.143301e-13 7.266393e-16 2.736960e+02 16 0
9089.6336 9095.8145 1.127039e-13 7.200268e-16 2.696387e+02 16 0
9094.5014 9100.6857 1.166222e-13 7.380379e-16 2.788584e+02 0 0
9099.3692 9105.5568 1.211102e-13 7.482072e-16 2.894433e+02 16 0
9104.2370 9110.4279 1.231939e-13 7.620707e-16 2.942677e+02 16 0
9109.1047 9115.2989 1.274483e-13 7.725980e-16 3.042899e+02 16 0
9113.9724 9120.1699 1.308505e-13 7.726344e-16 3.122648e+02 0 0
9118.8400 9125.0408 1.349924e-13 7.954094e-16 3.220137e+02 16 0
9123.7075 9129.9116 1.381116e-13 7.930422e-16 3.293078e+02 0 0
9128.5750 9134.7824 1.361892e-13 8.009346e-16 3.245831e+02 0 0
9133.4425 9139.6532 1.307333e-13 7.819010e-16 3.114329e+02 0 0
9138.3098 9144.5239 1.203847e-13 7.617504e-16 2.866425e+02 16 0
9143.1772 9149.3945 1.117579e-13 7.298936e-16 2.659685e+02 16 0
9148.0445 9154.2651 1.076146e-13 7.116620e-16 2.559933e+02 16 0
9152.9117 9159.1357 1.098093e-13 7.165622e-16 2.611065e+02 16 0
9157.7789 9164.0062 1.107875e-13 7.167842e-16 2.633288e+02 0 0
9162.6460 9168.8766 1.153575e-13 7.299507e-16 2.740888e+02 0 0
9167.5131 9173.7470 1.207884e-13 7.469674e-16 2.868842e+02 0 0
9172.3801 9178.6173 1.258962e-13 7.662624e-16 2.988899e+02 16 0
9177.2471 9183.4876 1.327590e-13 7.800114e-16 3.150493e+02 1024 0
9182.1140 9188.3579 1.396635e-13 7.981215e-16 3.312809e+02 1024 0
9186.9809 9193.2280 1.391257e-13 7.990521e-16 3.298274e+02 1040 0
9191.8477 9198.0981 1.354277e-13 7.877492e-16 3.208682e+02 1024 0
9196.7144 9202.9682 1.291346e-13 7.755143e-16 3.057548e+02 1040 0
9201.5812 9207.8382 1.189608e-13 7.431015e-16 2.814567e+02 1024 0
9206.4478 9212.7082 1.091369e-13 7.154577e-16 2.580002e+02 1040 0
9211.3144 9217.5781 1.047660e-13 7.007021e-16 2.474613e+02 1024 0
9216.1809 9222.4479 1.059114e-13 7.061865e-16 2.499649e+02 1040 0
9221.0474 9227.3177 1.098211e-13 7.173595e-16 2.589860e+02 1040 0
9225.9139 9232.1875 1.148657e-13 7.360876e-16 2.706378e+02 1040 0
9230.7802 9237.0572 1.179157e-13 7.406074e-16 2.775499e+02 1024 0
9235.6466 9241.9268 1.231363e-13 8.647302e-16 2.895305e+02 1024 0
9240.5128 9246.7964 1.303396e-13 7.782480e-16 3.061339e+02 1040 0
9245.3790 9251.6659 1.357312e-13 7.942148e-16 3.184043e+02 1040 0
9250.2452 9256.5354 1.394689e-13 8.032648e-16 3.267471e+02 1024 0
9255.1113 9261.4048 1.389541e-13 8.030039e-16 3.250865e+02 1040 0
9259.9774 9266.2742 1.325101e-13 7.889343e-16 3.095624e+02 1040 0
9264.8434 9271.1435 1.194998e-13 7.576438e-16 2.786996e+02 1040 0
9269.7093 9276.0127 1.096611e-13 7.281322e-16 2.553108e+02 1040 0
9274.5752 9280.8819 1.044411e-13 7.103801e-16 2.427249e+02 1040 0
9279.4410 9285.7510 1.035811e-13 7.472377e-16 2.403083e+02 1040 0
9284.3068 9290.6201 1.065592e-13 7.159001e-16 2.467542e+02 1040 0
9289.1725 9295.4891 1.100550e-13 7.270686e-16 2.543573e+02 1040 0
9294.0382 9300.3581 1.121539e-13 7.323670e-16 2.586785e+02 1040 0
9298.9038 9305.2270 1.171196e-13 7.484506e-16 2.695553e+02 1040 0
9303.7693 9310.0959 1.216350e-13 7.609315e-16 2.793071e+02 1024 0
9308.6348 9314.9647 1.271790e-13 7.821669e-16 2.913566e+02 1040 0
9313.5003 9319.8334 1.336996e-13 7.961978e-16 3.055492e+02 1024 0
9318.3656 9324.7021 1.382259e-13 8.108085e-16 3.151045e+02 1024 0
9323.2310 9329.5708 1.389609e-13 8.296214e-16 3.159582e+02 1040 0
9328.0962 9334.4393 1.363197e-13 8.115439e-16 3.091337e+02 16 0
9332.9614 9339.3079 1.287454e-13 7.910698e-16 2.911467e+02 16 0
9337.8266 9344.1763 1.224393e-13 7.748742e-16 2.761035e+02 16 0
9342.6917 9349.0447 1.128885e-13 7.494192e-16 2.538217e+02 16 0
9347.5567 9353.9131 1.043060e-13 7.212822e-16 2.338278e+02 0 0
9352.4217 9358.7814 9.912601e-14 7.105072e-16 2.215488e+02 16 0
9357.2866 9363.6496 9.613541e-14 7.013293e-16 2.142143e+02 16 0
9362.1515 9368.5178 9.417652e-14 6.956024e-16 2.092074e+02 16 0
9367.0163 9373.3859 9.562799e-14 6.983032e-16 2.117807e+02 16 0
9371.8811 9378.2540 9.750216e-14 7.053682e-16 2.152619e+02 16 0
9376.7458 9383.1220 9.992739e-14 7.142966e-16 2.199223e+02 16 0
9381.6104 9387.9899 1.031267e-13 7.301521e-16 2.262528e+02 16 0
9386.4750 9392.8578 1.067403e-13 7.383903e-16 2.334365e+02 16 0
9391.3395 9397.7256 1.111711e-13 7.507714e-16 2.423525e+02 0 0
9396.2040 9402.5934 1.160321e-13 7.678571e-16 2.521300e+02 0 0
9401.0684 9407.4611 1.219787e-13 8.284173e-16 2.641942e+02 0 0
9405.9327 9412.3288 1.275893e-13 8.053912e-16 2.754323e+02 0 0
9410.7970 9417.1964 1.302695e-13 8.170709e-16 2.802915e+02 16 0
9415.6613 9422.0639 1.302546e-13 8.189837e-16 2.793150e+02 16 0
9420.5254 9426.9314 1.275232e-13 8.106886e-16 2.725327e+02 0 0
9425.3895 9431.7988 1.231195e-13 7.987685e-16 2.622061e+02 0 0
9430.2536 9436.6662 1.141920e-13 7.745714e-16 2.423488e+02 16 0
9435.1176 9441.5335 1.055808e-13 7.498506e-16 2.232807e+02 0 0
9439.9815 9446.4007 9.798947e-14 7.263239e-16 2.064958e+02 16 0
9444.8454 9451.2679 9.289402e-14 7.110576e-16 1.950527e+02 16 0
9449.7092 9456.1350 8.907416e-14 7.005855e-16 1.863701e+02 16 0
9454.5730 9461.0021 8.860486e-14 7.158101e-16 1.847302e+02 16 0
9459.4367 9465.8691 8.507728e-14 6.917224e-16 1.767393e+02 16 0
9464.3003 9470.7360 8.634526e-14 7.001743e-16 1.787289e+02 16 0
9469.1639 9475.6029 8.692768e-14 7.024666e-16 1.792862e+02 0 0
9474.0274 9480.4697 8.700447e-14 7.000356e-16 1.787831e+02 0 0
9478.8909 9485.3365 8.833367e-14 7.055254e-16 1.808484e+02 16 0
9483.7543 9490.2032 8.988565e-14 7.179956e-16 1.833384e+02 16 0
9488.6176 9495.0699 9.029266e-14 7.147961e-16 1.834756e+02 16 0
9493.4809 9499.9364 9.192865e-14 7.223559e-16 1.860888e+02 16 0
9498.3441 9504.8030 9.495059e-14 7.373785e-16 1.914627e+02 16 0
9503.2072 9509.6694 9.959900e-14 7.571731e-16 2.000434e+02 16 0
9508.0703 9514.5358 1.042659e-13 7.679064e-16 2.085839e+02 0 0
9512.9334 9519.4022 1.106523e-13 7.905459e-16 2.204717e+02 16 0
9517.7964 9524.2685 1.143642e-13 8.049189e-16 2.269252e+02 16 0
9522.6593 9529.1347 1.140239e-13 8.073430e-16 2.252861e+02 16 0
9527.5221 9534.0008 1.121801e-13 8.016605e-16 2.206802e+02 16 0
9532.3849 9538.8669 1.064719e-13 7.844471e-16 2.085200e+02 16 0
9537.2476 9543.7330 9.630672e-14 8.046328e-16 1.877417e+02 16 0
9542.1103 9548.5989 8.964465e-14 7.323430e-16 1.739405e+02 16 0
9546.9729 9553.4649 8.316816e-14 7.134326e-16 1.605977e+02 16 0
9551.8355 9558.3307 7.807954e-14 7.009667e-16 1.500350e+02 16 0
9556.6979 9563.1965 7.493764e-14 6.851215e-16 1.432759e+02 0 0
9561.5604 9568.0622 7.402649e-14 6.868891e-16 1.408191e+02 0 0
9566.4227 9572.9279 7.716045e-14 6.960586e-16 1.460340e+02 0 0
9571.2850 9577.7935 7.917814e-14 7.108868e-16 1.490778e+02 16 0
9576.1473 9582.6590 8.165139e-14 7.217737e-16 1.529122e+02 0 0
9581.0094 9587.5245 8.377590e-14 7.302916e-16 1.560358e+02 16 0
9585.8715 9592.3899 8.582216e-14 7.711405e-16 1.589535e+02 16 0
9590.7336 9597.2553 9.230372e-14 7.908969e-16 1.700055e+02 16 0
9595.5956 9602.1206 9.629454e-14 7.827977e-16 1.763239e+02 16 0
9600.4575 9606.9858 9.954597e-14 7.961386e-16 1.811990e+02 16 0
9605.3193 9611.8510 1.016068e-13 8.088172e-16 1.838208e+02 16 0
9610.1811 9616.7161 1.018468e-13 8.095365e-16 1.831127e+02 16 0
9615.0429 9621.5811 1.020955e-13 8.248249e-16 1.823860e+02 16 0
9619.9045 9626.4461 9.658441e-14 7.946859e-16 1.714081e+02 16 0
9624.7661 9631.3110 9.291441e-14 7.831275e-16 1.637952e+02 0 0
9629.6277 9636.1758 8.651632e-14 7.693564e-16 1.514826e+02 16 0
9634.4892 9641.0406 7.997917e-14 7.437486e-16 1.390584e+02 16 0
9639.3506 9645.9053 7.383607e-14 7.208814e-16 1.274632e+02 16 0
9644.2119 9650.7700 6.856457e-14 7.231774e-16 1.175058e+02 16 0
9649.0732 9655.6346 6.887006e-14 7.076180e-16 1.171819e+02 0 0
9653.9344 9660.4991 6.910724e-14 7.115609e-16 1.167267e+02 0 0
9658.7956 9665.3636 6.791535e-14 7.092248e-16 1.138618e+02 16 0
9663.6567 9670.2280 6.920133e-14 7.208466e-16 1.151538e+02 16 0
9668.5177 9675.0923 6.846699e-14 7.195332e-16 1.130689e+02 0 0
9673.3787 9679.9566 6.897019e-14 7.709688e-16 1.130281e+02 16 0
9678.2396 9684.8208 6.992917e-14 7.392936e-16 1.137122e+02 0 0
9683.1004 9689.6849 7.214789e-14 7.445960e-16 1.164083e+02 0 0
9687.9612 9694.5490 7.778104e-14 7.705784e-16 1.245225e+02 16 0
9692.8219 9699.4130 8.218497e-14 7.966613e-16 1.305332e+02 16 0
9697.6825 9704.2770 8.845914e-14 8.313998e-16 1.393983e+02 16 0
9702.5431 9709.1409 9.110655e-14 8.343016e-16 1.424332e+02 0 0
9707.4036 9714.0047 9.581663e-14 8.588096e-16 1.486054e+02 16 0
9712.2641 9718.8684 9.420670e-14 8.566574e-16 1.449261e+02 0 0
9717.1245 9723.7321 8.921100e-14 8.417874e-16 1.361127e+02 0 0
9721.9848 9728.5957 8.181918e-14 8.280381e-16 1.237962e+02 16 0
9726.8450 9733.4593 7.460689e-14 8.000085e-16 1.119331e+02 16 0
9731.7052 9738.3228 6.971097e-14 7.719319e-16 1.037126e+02 16 0
9736.5653 9743.1862 6.550063e-14 7.629496e-16 9.662977e+01 16 0
9741.4254 9748.0496 6.425866e-14 7.573550e-16 9.400767e+01 16 0
9746.2854 9752.9128 6.271807e-14 7.513587e-16 9.098203e+01 272 0
9751.1453 9757.7761 6.490353e-14 7.673660e-16 9.337027e+01 16 0
9756.0051 9762.6392 6.808097e-14 7.835936e-16 9.712405e+01 0 0
9760.8649 9767.5023 6.764936e-14 7.853767e-16 9.569290e+01 16 0
9765.7246 9772.3653 6.831862e-14 7.920252e-16 9.582334e+01 0 0
9770.5843 9777.2283 7.330058e-14 8.196853e-16 1.019580e+02 16 0
9775.4439 9782.0912 7.762480e-14 8.427849e-16 1.070694e+02 0 0
9780.3034 9786.9540 8.065455e-14 8.605668e-16 1.103095e+02 16 0
9785.1629 9791.8168 8.484632e-14 8.827989e-16 1.150617e+02 0 0
9790.0222 9796.6795 8.706414e-14 8.976427e-16 1.170691e+02 16 0
9794.8816 9801.5421 8.922126e-14 9.080245e-16 1.189511e+02 0 0
9799.7408 9806.4046 8.307838e-14 1.002359e-15 1.097975e+02 16 0
9804.6000 9811.2671 8.018991e-14 8.806099e-16 1.050581e+02 0 0
9809.4591 9816.1295 7.300983e-14 8.547339e-16 9.480542e+01 16 0
9814.3182 9820.9919 6.666532e-14 8.295500e-16 8.579717e+01 16 0
9819.1771 9825.8542 6.232849e-14 8.261420e-16 7.950452e+01 16 0
9824.0361 9830.7164 6.013352e-14 8.067004e-16 7.603099e+01 16 0
9828.8949 9835.5786 5.976312e-14 8.140993e-16 7.490150e+01 16 0
9833.7537 9840.4406 6.079790e-14 8.211989e-16 7.553191e+01 16 0
9838.6124 9845.3026 9.986718e-14 1.058517e-15 1.230974e+02 16 0
9843.4710 9850.1646 6.011802e-14 8.292044e-16 7.336372e+01 16 0
9848.3296 9855.0265 6.349059e-14 8.499814e-16 7.679703e+01 16 0
9853.1881 9859.8883 6.426038e-14 8.535208e-16 7.703098e+01 0 0
9858.0465 9864.7500 6.758170e-14 8.982377e-16 8.028741e+01 16 0
9862.9049 9869.6117 7.520729e-14 9.306891e-16 8.855118e+01 16 0
9867.7632 9874.4733 7.926271e-14 9.448513e-16 9.247999e+01 16 0
9872.6214 9879.3348 8.307364e-14 9.640711e-16 9.604052e+01 16 0
9877.4796 9884.1963 8.112340e-14 9.719485e-16 9.290396e+01 16 0
9882.3377 9889.0577 7.670797e-14 1.021174e-15 8.700535e+01 16 0
9887.1957 9893.9190 6.739002e-14 9.130971e-16 7.568475e+01 0 0
9892.0536 9898.7802 5.977619e-14 8.743180e-16 6.646624e+01 16 0
9896.9115 9903.6414 5.815101e-14 8.685903e-16 6.402645e+01 0 0
9901.7693 9908.5025 5.715177e-14 8.693790e-16 6.230569e+01 16 0
9906.6271 9913.3636 5.807276e-14 8.799496e-16 6.268440e+01 16 0
9911.4848 9918.2246 5.579037e-14 8.851898e-16 5.960768e+01 16 0
9916.3424 9923.0855 6.067454e-14 9.412109e-16 6.418621e+01 16 0
9921.1999 9927.9463 6.286169e-14 9.253043e-16 6.582683e+01 16 0
9926.0574 9932.8071 6.325298e-14 9.361349e-16 6.555267e+01 0 0
9930.9147 9937.6678 7.174252e-14 9.843017e-16 7.359610e+01 0 0
9935.7721 9942.5284 7.301423e-14 9.991846e-16 7.410938e+01 0 0
9940.6293 9947.3889 7.475756e-14 1.024012e-15 7.506741e+01 16 0
9945.4865 9952.2494 7.613750e-14 1.029200e-15 7.562978e+01 16 0
9950.3436 9957.1098 7.750015e-14 1.098220e-15 7.614661e+01 16 0
9955.2006 9961.9702 7.434379e-14 1.029870e-15 7.222934e+01 0 0
9960.0576 9966.8305 7.008911e-14 1.014680e-15 6.732082e+01 272 0
9964.9145 9971.6907 6.457855e-14 1.035730e-15 6.131042e+01 16 0
9969.7713 9976.5508 6.015333e-14 9.741403e-16 5.644289e+01 16 0
9974.6281 9981.4108 5.541666e-14 9.566047e-16 5.138248e+01 0 0
9979.4848 9986.2708 5.308483e-14 9.583723e-16 4.863810e+01 16 0
9984.3414 9991.1307 5.226303e-14 1.036482e-15 4.731787e+01 0 0
9989.1979 9995.9906 5.684176e-14 1.007681e-15 5.086626e+01 16 0
9994.0544 10000.8503 5.905045e-14 1.025170e-15 5.221440e+01 16 0
9998.9108 10005.7100 6.408002e-14 1.043733e-15 5.599005e+01 0 0
10003.7671 10010.5697 6.953881e-14 1.081548e-15 6.002823e+01 0 0
10008.6234 10015.4292 7.218144e-14 1.118884e-15 6.154229e+01 16 0
10013.4795 10020.2887 7.133929e-14 1.140721e-15 6.005939e+01 16 0
10018.3357 10025.1481 6.294370e-14 1.074105e-15 5.229990e+01 16 0
10023.1917 10030.0075 5.663944e-14 1.047060e-15 4.644031e+01 16 0
10028.0477 10034.8667 5.173440e-14 1.029287e-15 4.185071e+01 0 0
10032.9035 10039.7259 4.868596e-14 1.020454e-15 3.885491e+01 0 0
10037.7594 10044.5850 4.818742e-14 1.018671e-15 3.794103e+01 0 0
10042.6151 10049.4441 4.971827e-14 1.079668e-15 3.862269e+01 16 0
10047.4708 10054.3031 5.143034e-14 1.223348e-15 3.941072e+01 16 0
10052.3264 10059.1620 5.356540e-14 1.169890e-15 4.048235e+01 0 0
10057.1819 10064.0208 5.567876e-14 1.108144e-15 4.148942e+01 16 0
10062.0374 10068.8795 6.022240e-14 1.159109e-15 4.424674e+01 16 0
10066.8927 10073.7382 6.366214e-14 1.182227e-15 4.610321e+01 16 0
10071.7480 10078.5968 6.398359e-14 1.192259e-15 4.565332e+01 0 0
10076.6033 10083.4554 6.762740e-14 1.232875e-15 4.753677e+01 16 0
10081.4584 10088.3138 6.656244e-14 1.385977e-15 4.607231e+01 16 0
10086.3135 10093.1722 6.588543e-14 1.304215e-15 4.489326e+01 16 0
10091.1685 10098.0305 6.447536e-14 1.283421e-15 4.323672e+01 16 0
10096.0235 10102.8888 6.017109e-14 1.235828e-15 3.969074e+01 0 0
10100.8783 10107.7469 6.046682e-14 1.249794e-15 3.923549e+01 0 0
10105.7331 10112.6050 5.816573e-14 1.264891e-15 3.710773e+01 16 0
10110.5878 10117.4630 5.569566e-14 1.404600e-15 3.492335e+01 16 0
10115.4425 10122.3210 5.257063e-14 1.251340e-15 3.238551e+01 0 0
10120.2970 10127.1788 5.313015e-14 1.271514e-15 3.215681e+01 16 0
10125.1515 10132.0366 5.154513e-14 1.269466e-15 3.063350e+01 0 0
10130.0059 10136.8943 4.616721e-14 1.258627e-15 2.692012e+01 16 0
10134.8603 10141.7520 4.611470e-14 1.263416e-15 2.638927e+01 16 0
10139.7145 10146.6096 4.522838e-14 1.286494e-15 2.538750e+01 16 0
10144.5687 10151.4670 4.350164e-14 1.295870e-15 2.393873e+01 0 0
10149.4229 10156.3245 4.329395e-14 1.311170e-15 2.335338e+01 16 0
10154.2769 10161.1818 4.600739e-14 1.660064e-15 2.432867e+01 16 0
10159.1309 10166.0391 4.305540e-14 1.339740e-15 2.228953e+01 16 0
10163.9847 10170.8963 3.783444e-14 1.385449e-15 1.915569e+01 16 0
10168.8386 10175.7534 4.408089e-14 1.404745e-15 2.186574e+01 0 0
10173.6923 10180.6104 4.289524e-14 1.411628e-15 2.080717e+01 16 0
10178.5460 10185.4674 4.486688e-14 1.445894e-15 2.128444e+01 0 0
10183.3995 10190.3243 4.955149e-14 1.475607e-15 2.299394e+01 16 0
10188.2531 10195.1811 5.333427e-14 1.694228e-15 2.418618e+01 16 0
10193.1065 10200.0378 4.949615e-14 1.525663e-15 2.190323e+01 0 0
10197.9599 10204.8945 5.504615e-14 1.613399e-15 2.378501e+01 16 0
10202.8131 10209.7510 5.589948e-14 1.680715e-15 2.355556e+01 16 0
10207.6663 10214.6076 5.760928e-14 1.714070e-15 2.367179e+01 16 0
10212.5195 10219.4640 6.192640e-14 1.895502e-15 2.480254e+01 16 0
10217.3725 10224.3203 6.107511e-14 1.803562e-15 2.383042e+01 16 0
10222.2255 10229.1766 8.305109e-14 3.875531e-15 3.160235e+01 528 0
