# LMC-SN1987A-STIS-2 o6kq01060 G750M CCD z=0.0009 a2center=989.8 extrsize=25 exptime=397.0 mode=fixed flags=extended_host,center_mismatch(990vs198)
# rest_wvl obs_wvl flux error net dq mask
6287.6033 6293.2621 6.206436e-17 8.554511e-17 5.808419e-02 528 0
6288.1592 6293.8185 -2.443943e-17 7.660514e-17 -2.349296e-02 0 0
6288.7151 6294.3749 -6.550797e-17 7.708323e-17 -6.200483e-02 16384 0
6289.2710 6294.9313 1.760063e-16 7.967785e-17 1.650929e-01 0 0
6289.8269 6295.4877 1.646891e-15 1.018067e-16 1.555408e+00 0 0
6290.3828 6296.0441 -1.461165e-18 7.739154e-17 -1.536643e-03 0 0
6290.9387 6296.6005 2.583268e-16 8.182341e-17 2.429325e-01 16 0
6291.4946 6297.1570 -7.648690e-18 1.434877e-16 -7.327744e-03 16 0
6292.0505 6297.7134 -1.646330e-16 1.049638e-16 -1.561028e-01 16656 0
6292.6064 6298.2698 1.095154e-16 7.773471e-17 1.028354e-01 0 0
6293.1624 6298.8262 7.290386e-17 8.004289e-17 6.827807e-02 16 0
6293.7183 6299.3826 -6.150736e-17 7.963548e-17 -5.837162e-02 16400 0
6294.2742 6299.9390 4.221716e-16 1.260077e-16 3.982270e-01 16 0
6294.8301 6300.4955 -1.311304e-17 7.898856e-17 -1.250624e-02 16 0
6295.3860 6301.0519 -1.059535e-16 9.298177e-17 -1.006399e-01 16400 0
6295.9420 6301.6083 1.789047e-16 8.066797e-17 1.683882e-01 0 0
6296.4979 6302.1647 -1.307679e-16 1.243218e-16 -1.242823e-01 16400 0
6297.0538 6302.7212 -7.069984e-17 1.015497e-16 -6.721292e-02 16400 0
6297.6098 6303.2776 2.336648e-16 8.658453e-17 2.203358e-01 16 0
6298.1657 6303.8340 1.532358e-16 1.566811e-16 1.442974e-01 16 0
6298.7216 6304.3905 4.897750e-17 8.035131e-17 4.586158e-02 272 0
6299.2776 6304.9469 3.227138e-15 2.973391e-16 3.066279e+00 16 0
6299.8335 6305.5034 -1.447676e-16 7.844764e-17 -1.378280e-01 16400 0
6300.3895 6306.0598 2.317293e-17 8.382996e-17 2.154743e-02 16 0
6300.9454 6306.6162 1.208671e-16 7.945282e-17 1.138515e-01 0 0
6301.5013 6307.1727 -1.603743e-16 7.845103e-17 -1.528195e-01 16400 0
6302.0573 6307.7291 -5.262855e-17 7.684344e-17 -5.016392e-02 16384 0
6302.6132 6308.2856 1.449923e-16 8.044116e-17 1.367972e-01 0 0
6303.1692 6308.8420 -1.292003e-16 7.522033e-17 -1.232211e-01 16384 0
6303.7251 6309.3985 1.488091e-16 7.872176e-17 1.404900e-01 0 0
6304.2811 6309.9550 2.121401e-17 9.157640e-17 1.970205e-02 16 0
6304.8371 6310.5114 -7.103075e-17 7.697591e-17 -6.780237e-02 16384 0
6305.3930 6311.0679 2.946273e-16 8.676764e-17 2.791642e-01 16 0
6305.9490 6311.6243 -3.646632e-17 1.421470e-16 -3.482902e-02 16400 0
6306.5049 6312.1808 -7.498443e-17 8.213549e-17 -7.163836e-02 16400 0
6307.0609 6312.7373 1.517379e-16 8.627497e-17 1.434993e-01 16 0
6307.6169 6313.2937 2.533454e-18 7.843304e-17 2.032446e-03 16 0
6308.1728 6313.8502 -8.489738e-17 7.590441e-17 -8.117909e-02 16400 0
6308.7288 6314.4067 2.127841e-16 7.935342e-17 2.016965e-01 0 0
6309.2848 6314.9631 -1.391874e-16 7.536406e-17 -1.331679e-01 16400 0
6309.8408 6315.5196 -1.031763e-16 8.222621e-17 -9.874260e-02 16400 0
6310.3967 6316.0761 2.142330e-15 1.081678e-16 2.046123e+00 16 0
6310.9527 6316.6326 8.598163e-15 1.698682e-16 8.226765e+00 0 0
6311.5087 6317.1891 1.473795e-16 8.084120e-17 1.396579e-01 16 0
6312.0647 6317.7455 2.196873e-16 8.078433e-17 2.086147e-01 0 0
6312.6207 6318.3020 2.189158e-15 1.081399e-16 2.093322e+00 0 0
6313.1766 6318.8585 1.063650e-15 9.370800e-17 1.015903e+00 16 0
6313.7326 6319.4150 5.702589e-16 8.518600e-17 5.438774e-01 0 0
6314.2886 6319.9715 1.612005e-15 1.026468e-16 1.541916e+00 16 0
6314.8446 6320.5280 1.077505e-14 1.859598e-16 1.033165e+01 16 0
6315.4006 6321.0845 -1.769807e-17 1.105917e-16 -1.723863e-02 16 0
6315.9566 6321.6410 1.018257e-17 8.403563e-17 9.227563e-03 16 0
6316.5126 6322.1974 1.985133e-16 8.292971e-17 1.888390e-01 16 0
6317.0686 6322.7539 -8.278339e-17 7.713770e-17 -7.952076e-02 16400 0
6317.6246 6323.3104 -8.053419e-17 7.792525e-17 -7.738218e-02 16400 0
6318.1806 6323.8669 2.047144e-16 8.852789e-17 1.949252e-01 16 0
6318.7366 6324.4234 -8.254812e-17 7.848411e-17 -7.936229e-02 16400 0
6319.2926 6324.9799 -1.357671e-16 7.936830e-17 -1.305643e-01 16400 0
6319.8486 6325.5364 1.300254e-16 7.970639e-17 1.236206e-01 16 0
6320.4046 6326.0930 -1.677222e-16 7.572142e-17 -1.613861e-01 16400 0
6320.9606 6326.6495 -2.155313e-17 7.688331e-17 -2.101234e-02 0 0
6321.5166 6327.2060 -3.768692e-18 9.159988e-17 -4.090317e-03 16 0
6322.0726 6327.7625 -1.539441e-16 7.490971e-17 -1.482539e-01 16384 0
6322.6286 6328.3190 3.890289e-16 8.189957e-17 3.722257e-01 0 0
6323.1846 6328.8755 2.070592e-15 1.050964e-16 1.990468e+00 0 0
6323.7407 6329.4320 2.219620e-15 1.139651e-16 2.134574e+00 16 0
6324.2967 6329.9885 9.609861e-17 7.740712e-17 9.137373e-02 0 0
6324.8527 6330.5450 1.291308e-16 7.945873e-17 1.230537e-01 16 0
6325.4087 6331.1016 -2.006909e-16 7.507819e-17 -1.935988e-01 16400 0
6325.9647 6331.6581 1.291560e-16 7.708599e-17 1.231418e-01 0 0
6326.5207 6332.2146 6.708788e-17 7.808433e-17 6.365781e-02 0 0
6327.0768 6332.7711 -1.577451e-16 7.487810e-17 -1.522982e-01 16384 0
6327.6328 6333.3277 2.233203e-16 8.124236e-17 2.137139e-01 16 0
6328.1888 6333.8842 1.028395e-16 7.933113e-17 9.800255e-02 16 0
6328.7448 6334.4407 -7.478445e-17 7.535631e-17 -7.226254e-02 16384 0
6329.3009 6334.9972 5.327953e-17 7.675510e-17 5.048387e-02 0 0
6329.8569 6335.5538 -9.432887e-17 7.464704e-17 -9.119850e-02 16384 0
6330.4129 6336.1103 -1.503567e-16 7.414725e-17 -1.454073e-01 16384 0
6330.9690 6336.6668 1.576428e-16 7.790005e-17 1.508333e-01 0 0
6331.5250 6337.2234 -1.585510e-16 9.185323e-17 -1.534168e-01 16400 0
6332.0810 6337.7799 -2.577693e-17 7.609725e-17 -2.527690e-02 0 0
6332.6371 6338.3364 7.191383e-17 7.796682e-17 6.845720e-02 0 0
6333.1931 6338.8930 -1.471046e-16 7.613705e-17 -1.424589e-01 16384 0
6333.7491 6339.4495 -3.676465e-16 1.871637e-16 -3.561338e-01 16400 0
6334.3052 6340.0060 9.210797e-17 7.733599e-17 8.794028e-02 0 0
6334.8612 6340.5626 -1.293249e-16 7.472012e-17 -1.253440e-01 16384 0
6335.4172 6341.1191 1.530735e-17 7.727002e-17 1.408828e-02 0 0
6335.9733 6341.6757 3.829460e-17 7.847371e-17 3.619318e-02 16 0
6336.5293 6342.2322 -1.857178e-16 7.907938e-17 -1.801489e-01 16400 0
6337.0854 6342.7887 2.596592e-16 8.055472e-17 2.498033e-01 0 0
6337.6414 6343.3453 6.588114e-15 1.549412e-16 6.387724e+00 16 0
6338.1975 6343.9018 2.291817e-15 1.122601e-16 2.220035e+00 16 0
6338.7535 6344.4584 2.870802e-16 8.841098e-17 2.765289e-01 16 0
6339.3096 6345.0149 5.726226e-15 1.440359e-16 5.555950e+00 0 0
6339.8656 6345.5715 3.346513e-15 1.224248e-16 3.246070e+00 16 0
6340.4217 6346.1280 1.797513e-16 7.871318e-17 1.728818e-01 0 0
6340.9777 6346.6846 -4.618948e-17 8.152819e-17 -4.508176e-02 16 0
6341.5338 6347.2411 -1.355412e-16 7.345967e-17 -1.317986e-01 16400 0
6342.0898 6347.7977 3.690176e-17 7.608697e-17 3.492194e-02 0 0
6342.6459 6348.3542 -2.480472e-16 7.361160e-17 -2.413281e-01 16400 0
6343.2019 6348.9108 6.732449e-16 8.961505e-17 6.519300e-01 16 0
6343.7580 6349.4674 5.929981e-16 9.320558e-17 5.741493e-01 16 0
6344.3140 6350.0239 -1.401175e-16 7.426461e-17 -1.364318e-01 16384 0
6344.8701 6350.5805 5.276867e-17 8.076009e-17 5.029094e-02 16 0
6345.4261 6351.1370 1.505232e-16 7.860672e-17 1.449523e-01 0 0
6345.9822 6351.6936 -4.980542e-17 7.546009e-17 -4.871605e-02 16 0
6346.5383 6352.2502 3.199759e-16 8.023578e-17 3.095063e-01 0 0
6347.0943 6352.8067 1.097132e-14 1.847847e-16 1.068990e+01 0 0
6347.6504 6353.3633 -3.695916e-17 7.759358e-17 -3.638313e-02 0 0
6348.2065 6353.9198 2.867040e-17 8.052581e-17 2.702449e-02 16 0
6348.7625 6354.4764 7.935269e-17 7.853897e-17 7.612787e-02 16 0
6349.3186 6355.0330 -2.237942e-16 7.310791e-17 -2.184295e-01 16384 0
6349.8746 6355.5895 5.414227e-17 8.027656e-17 5.171804e-02 16 0
6350.4307 6356.1461 -4.657097e-17 7.532751e-17 -4.573388e-02 0 0
6350.9868 6356.7027 -2.235899e-16 8.030257e-17 -2.184026e-01 16400 0
6351.5429 6357.2592 8.180397e-17 8.092547e-17 7.859599e-02 16 0
6352.0989 6357.8158 -1.474865e-17 7.674439e-17 -1.500937e-02 16 0
6352.6550 6358.3724 -1.166369e-16 7.522928e-17 -1.140206e-01 16384 0
6353.2111 6358.9289 8.700076e-17 7.695507e-17 8.370022e-02 0 0
6353.7671 6359.4855 -1.670917e-16 7.496825e-17 -1.634288e-01 16384 0
6354.3232 6360.0421 6.566732e-17 9.193868e-17 6.300346e-02 16 0
6354.8793 6360.5987 -1.383104e-16 1.916185e-16 -1.353487e-01 16400 0
6355.4353 6361.1552 -1.725568e-17 7.630120e-17 -1.748413e-02 16 0
6355.9914 6361.7118 4.062876e-15 1.281191e-16 3.972236e+00 16 0
6356.5475 6362.2684 2.111801e-14 2.469113e-16 2.067377e+01 16 0
6357.1036 6362.8250 6.537108e-16 8.712222e-17 6.371253e-01 16 0
6357.6596 6363.3815 1.068746e-14 1.927583e-16 1.046506e+01 16 0
6358.2157 6363.9381 3.618117e-14 3.207985e-16 3.545232e+01 16 0
6358.7718 6364.4947 2.388691e-14 2.597246e-16 2.340935e+01 0 0
6359.3279 6365.0513 8.934096e-15 1.723161e-16 8.754012e+00 16 0
6359.8840 6365.6078 1.558004e-15 1.189524e-16 1.523778e+00 16 0
6360.4400 6366.1644 -1.191342e-16 7.431500e-17 -1.168833e-01 16384 0
6360.9961 6366.7210 1.596495e-16 7.773419e-17 1.548767e-01 0 0
6361.5522 6367.2776 -1.528420e-16 7.422586e-17 -1.500305e-01 16384 0
6362.1083 6367.8342 -1.595874e-16 7.766111e-17 -1.566916e-01 16400 0
6362.6643 6368.3907 2.074006e-15 1.060285e-16 2.032092e+00 16 0
6363.2204 6368.9473 2.891810e-15 1.176827e-16 2.835521e+00 16 0
6363.7765 6369.5039 3.380976e-15 1.209836e-16 3.316673e+00 16 0
6364.3326 6370.0605 2.514148e-16 8.339638e-17 2.449035e-01 16 0
6364.8887 6370.6171 -4.280146e-17 7.625272e-17 -4.247813e-02 16 0
6365.4448 6371.1737 -4.768936e-17 7.541629e-17 -4.724711e-02 0 0
6366.0008 6371.7302 5.153965e-17 7.646841e-17 4.949147e-02 0 0
6366.5569 6372.2868 -1.734437e-16 7.565514e-17 -1.706389e-01 16400 0
6367.1130 6372.8434 1.388077e-16 1.032697e-16 1.348807e-01 16 0
6367.6691 6373.4000 3.563318e-17 7.589542e-17 3.397558e-02 16 0
6368.2252 6373.9566 -5.959720e-17 7.558757e-17 -5.891737e-02 0 0
6368.7813 6374.5132 4.015259e-17 7.541872e-17 3.840631e-02 0 0
6369.3373 6375.0698 9.637683e-18 8.876801e-17 8.583590e-03 16 0
6369.8934 6375.6263 -1.295535e-16 8.199941e-17 -1.276478e-01 16400 0
6370.4495 6376.1829 1.256719e-16 7.611372e-17 1.221928e-01 0 0
6371.0056 6376.7395 5.872957e-17 7.506929e-17 5.662190e-02 0 0
6371.5617 6377.2961 -1.964967e-16 7.424711e-17 -1.937487e-01 16384 0
6372.1178 6377.8527 -1.031206e-16 7.618758e-17 -1.017033e-01 16400 0
6372.6739 6378.4093 -7.687764e-17 7.339145e-17 -7.590734e-02 16 0
6373.2300 6378.9659 -2.070562e-16 7.142427e-17 -2.043097e-01 16384 0
6373.7860 6379.5225 4.197209e-17 7.751375e-17 4.025391e-02 16 0
6374.3421 6380.0790 -6.127821e-17 7.929099e-17 -6.075611e-02 16 0
6374.8982 6380.6356 -1.392495e-16 7.334736e-17 -1.375020e-01 16384 0
6375.4543 6381.1922 4.922269e-17 7.519293e-17 4.738853e-02 0 0
6376.0104 6381.7488 -5.297353e-17 7.504042e-17 -5.269641e-02 0 0
6376.5665 6382.3054 -1.133290e-16 7.437793e-17 -1.119874e-01 16384 0
6377.1226 6382.8620 -1.085176e-18 7.677203e-17 -1.933761e-03 16 0
6377.6787 6383.4186 -1.782873e-16 8.091237e-17 -1.762608e-01 16656 0
6378.2348 6383.9752 4.055760e-17 7.604413e-17 3.892530e-02 0 0
6378.7908 6384.5318 2.307085e-16 7.784386e-17 2.260318e-01 0 0
6379.3469 6385.0883 4.749805e-15 1.355813e-16 4.693184e+00 16 0
6379.9030 6385.6449 1.841619e-15 1.021381e-16 1.817742e+00 16 0
6380.4591 6386.2015 4.832038e-17 8.603394e-17 4.658481e-02 16 0
6381.0152 6386.7581 -1.526695e-16 7.628467e-17 -1.511483e-01 16400 0
6381.5713 6387.3147 2.993065e-17 7.875270e-17 2.851926e-02 16 0
6382.1274 6387.8713 -1.802919e-17 7.498619e-17 -1.859528e-02 0 0
6382.6835 6388.4279 -1.694563e-16 7.472783e-17 -1.678853e-01 16400 0
6383.2396 6388.9845 6.772975e-17 7.540588e-17 6.573861e-02 0 0
6383.7956 6389.5411 -1.447582e-16 7.535996e-17 -1.434826e-01 16400 0
6384.3517 6390.0977 -1.263857e-16 7.278678e-17 -1.253010e-01 16384 0
6384.9078 6390.6542 1.343420e-16 9.122683e-17 1.314640e-01 16 0
6385.4639 6391.2108 -1.044061e-16 7.244221e-17 -1.035577e-01 16384 0
6386.0200 6391.7674 -1.862891e-17 7.561185e-17 -1.923229e-02 16 0
6386.5761 6392.3240 2.426685e-15 1.083201e-16 2.403006e+00 16 0
6387.1322 6392.8806 -7.542281e-17 7.617532e-17 -7.503823e-02 16 0
6387.6883 6393.4372 -1.610286e-16 7.792851e-17 -1.598659e-01 16400 0
6388.2444 6393.9938 4.057819e-15 3.205193e-16 4.023659e+00 16 0
6388.8005 6394.5504 -1.924504e-16 7.295376e-17 -1.911473e-01 16384 0
6389.3565 6395.1070 -9.581522e-17 7.223160e-17 -9.518790e-02 16384 0
6389.9126 6395.6636 1.368089e-16 7.652759e-17 1.341598e-01 16 0
6390.4687 6396.2201 -1.933178e-16 9.112823e-17 -1.921383e-01 16400 0
6391.0248 6396.7767 4.687521e-16 8.617533e-17 4.630672e-01 16 0
6391.5809 6397.3333 9.911087e-17 7.612863e-17 9.695806e-02 0 0
6392.1370 6397.8899 -1.379702e-16 1.046964e-16 -1.372200e-01 16400 0
6392.6931 6398.4465 5.154659e-17 7.568175e-17 4.996690e-02 0 0
6393.2492 6399.0031 -1.356546e-16 7.343458e-17 -1.349767e-01 16400 0
6393.8053 6399.5597 -8.581287e-17 7.401369e-17 -8.549334e-02 16 0
6394.3613 6400.1163 1.724395e-17 7.654053e-17 1.608616e-02 16 0
6394.9174 6400.6729 -1.253468e-16 7.425234e-17 -1.248025e-01 16400 0
6395.4735 6401.2294 3.611440e-17 8.442683e-17 3.474768e-02 16 0
6396.0296 6401.7860 -2.820438e-18 7.574097e-17 -3.739327e-03 1296 0
6396.5857 6402.3426 -1.116877e-16 7.349722e-17 -1.112752e-01 17664 0
6397.1418 6402.8992 -6.342691e-17 9.770354e-17 -6.357025e-02 1040 0
6397.6979 6403.4558 1.296115e-16 7.812602e-17 1.274167e-01 1040 0
6398.2539 6404.0124 -1.525951e-16 7.404845e-17 -1.521298e-01 17424 0
6398.8100 6404.5690 -1.193845e-16 7.740671e-17 -1.190459e-01 17424 0
6399.3661 6405.1255 1.004616e-17 7.768284e-17 8.975655e-03 1040 0
6399.9222 6405.6821 -1.697921e-16 7.657071e-17 -1.693827e-01 17424 0
6400.4783 6406.2387 -5.085425e-17 7.655062e-17 -5.125240e-02 1040 0
6401.0344 6406.7953 6.956560e-17 7.610293e-17 6.797531e-02 1024 0
6401.5904 6407.3519 -2.456753e-16 7.316568e-17 -2.452381e-01 17408 0
6402.1465 6407.9085 -2.933499e-17 7.598245e-17 -3.001235e-02 1024 0
6402.7026 6408.4650 -1.578030e-17 7.576478e-17 -1.660495e-02 1024 0
6403.2587 6409.0216 -2.348915e-17 7.584388e-17 -2.424262e-02 1024 0
6403.8148 6409.5782 4.764713e-15 1.333887e-16 4.754173e+00 1024 0
6404.3709 6410.1348 1.192482e-15 9.280695e-17 1.187466e+00 1024 0
6404.9269 6410.6914 5.387779e-16 8.390777e-17 5.353669e-01 1024 0
6405.4830 6411.2480 2.859231e-16 7.978098e-17 2.833936e-01 1040 0
6406.0391 6411.8045 -1.132485e-16 7.392950e-17 -1.132346e-01 17424 0
6406.5952 6412.3611 -2.285732e-16 7.395435e-17 -2.285917e-01 17424 0
6407.1513 6412.9177 3.516778e-17 7.873251e-17 3.392656e-02 1040 0
6407.7073 6413.4743 -7.100485e-17 7.346514e-17 -7.136884e-02 1024 0
6408.2634 6414.0308 -1.780987e-16 7.518245e-17 -1.782214e-01 17424 0
6408.8195 6414.5874 8.853933e-17 7.939133e-17 8.703185e-02 1040 0
6409.3756 6415.1440 3.099105e-16 7.997223e-17 3.077238e-01 1024 0
6409.9316 6415.7006 9.835073e-16 1.039093e-16 9.808853e-01 16 0
6410.4877 6416.2572 7.486634e-15 1.606420e-16 7.491099e+00 16 0
6411.0438 6416.8137 2.483230e-15 1.120101e-16 2.482277e+00 16 0
6411.5999 6417.3703 -2.076590e-18 7.508721e-17 -3.073402e-03 16 0
6412.1559 6417.9269 2.480222e-17 7.578559e-17 2.365848e-02 16 0
6412.7120 6418.4834 -2.931581e-16 7.029821e-17 -2.938267e-01 16384 0
6413.2681 6419.0400 -8.494598e-17 7.346366e-17 -8.535109e-02 0 0
6413.8241 6419.5966 -6.643792e-17 7.526645e-17 -6.701916e-02 16 0
6414.3802 6420.1532 -9.542876e-17 9.346155e-17 -9.577528e-02 16 0
6414.9363 6420.7097 1.185153e-17 7.936001e-17 1.077709e-02 16 0
6415.4924 6421.2663 1.647430e-17 7.634635e-17 1.538165e-02 16 0
6416.0484 6421.8229 -2.013193e-16 7.231245e-17 -2.020132e-01 16384 0
6416.6045 6422.3794 -6.305971e-17 7.562796e-17 -6.373902e-02 16 0
6417.1606 6422.9360 -9.919795e-17 7.947628e-17 -9.961542e-02 16 0
6417.7166 6423.4926 -1.527685e-16 7.261457e-17 -1.533829e-01 16400 0
6418.2727 6424.0491 6.070673e-17 7.524628e-17 5.951310e-02 0 0
6418.8288 6424.6057 -8.611255e-17 7.962908e-17 -8.669497e-02 272 0
6419.3848 6425.1623 -1.361210e-16 7.677210e-17 -1.367458e-01 16400 0
6419.9409 6425.7188 -1.375466e-17 7.478721e-17 -1.474332e-02 16 0
6420.4969 6426.2754 -1.265919e-16 7.233368e-17 -1.272205e-01 16384 0
6421.0530 6426.8319 -8.327548e-17 7.317785e-17 -8.394936e-02 0 0
6421.6091 6427.3885 1.642002e-16 7.658519e-17 1.630771e-01 0 0
6422.1651 6427.9451 -1.662811e-16 7.390795e-17 -1.671999e-01 16400 0
6422.7212 6428.5016 -9.668646e-17 7.334011e-17 -9.732965e-02 16 0
6423.2772 6429.0582 -5.196025e-17 7.356882e-17 -5.285198e-02 0 0
6423.8333 6429.6147 -1.861572e-16 7.150115e-17 -1.872889e-01 16384 0
6424.3893 6430.1713 -9.159076e-17 7.391289e-17 -9.232361e-02 0 0
6424.9454 6430.7278 -5.739407e-17 7.293240e-17 -5.830062e-02 16 0
6425.5014 6431.2844 -2.051775e-16 9.975953e-17 -2.065372e-01 16400 0
6426.0575 6431.8410 4.640746e-17 7.495999e-17 4.534308e-02 0 0
6426.6136 6432.3975 -2.227703e-18 7.401820e-17 -3.280975e-03 0 0
6427.1696 6432.9541 1.661275e-15 1.069227e-16 1.668558e+00 16 0
6427.7256 6433.5106 8.926664e-16 8.818475e-17 8.954256e-01 0 0
6428.2817 6434.0672 -7.706915e-17 8.032378e-17 -7.798912e-02 16 0
6428.8377 6434.6237 -1.468515e-16 7.768024e-17 -1.479833e-01 16400 0
6429.3938 6435.1802 4.452108e-17 7.649523e-17 4.349533e-02 16 0
6429.9498 6435.7368 -9.254213e-17 7.390689e-17 -9.345534e-02 16 0
6430.5059 6436.2933 -1.004261e-16 7.425078e-17 -1.013259e-01 16 0
6431.0619 6436.8499 3.762971e-17 7.456837e-17 3.661045e-02 0 0
6431.6180 6437.4064 -1.257736e-16 7.371810e-17 -1.268541e-01 16400 0
6432.1740 6437.9630 -4.509883e-17 7.387248e-17 -4.617279e-02 0 0
6432.7300 6438.5195 2.079855e-17 7.545945e-17 1.975931e-02 16 0
6433.2861 6439.0760 -1.305293e-16 7.551872e-17 -1.317188e-01 16400 0
6433.8421 6439.6326 -7.404145e-17 8.779923e-17 -7.511902e-02 16 0
6434.3982 6440.1891 1.049082e-16 7.608774e-17 1.041594e-01 16 0
6434.9542 6440.7456 -1.525926e-16 7.399164e-17 -1.540622e-01 16400 0
6435.5102 6441.3022 3.954062e-17 8.099277e-17 3.856885e-02 16 0
6436.0663 6441.8587 2.342699e-15 1.073060e-16 2.360945e+00 0 0
6436.6223 6442.4152 -9.218510e-17 7.476289e-17 -9.331244e-02 16 0
6437.1783 6442.9718 5.154255e-16 8.887303e-17 5.176014e-01 16 0
6437.7343 6443.5283 6.788289e-15 1.498311e-16 6.852828e+00 16 0
6438.2904 6444.0848 -1.063347e-19 7.495432e-17 -1.192585e-03 0 0
6438.8464 6444.6414 1.566783e-18 8.703055e-17 4.841611e-04 16 0
6439.4024 6445.1979 -8.051486e-17 7.330570e-17 -8.173389e-02 0 0
6439.9584 6445.7544 -1.489983e-16 7.144040e-17 -1.506599e-01 16384 0
6440.5145 6446.3109 -4.162129e-17 7.459379e-17 -4.282574e-02 16 0
6441.0705 6446.8674 -9.523721e-17 7.485545e-17 -9.649934e-02 16 0
6441.6265 6447.4240 -1.071880e-16 7.393358e-17 -1.084575e-01 16 0
6442.1825 6447.9805 8.440344e-17 7.436515e-17 8.375406e-02 0 0
6442.7385 6448.5370 -1.717427e-16 7.334933e-17 -1.737998e-01 16400 0
6443.2945 6449.0935 -6.847377e-17 7.261585e-17 -6.977999e-02 0 0
6443.8506 6449.6500 2.308624e-16 1.599441e-16 2.313797e-01 16 0
6444.4066 6450.2065 -1.062248e-16 8.347669e-17 -1.075899e-01 16 0
6444.9626 6450.7631 -2.541004e-17 7.401676e-17 -2.662090e-02 0 0
6445.5186 6451.3196 6.383208e-17 8.743531e-17 6.311439e-02 16 0
6446.0746 6451.8761 -2.645554e-16 7.243036e-17 -2.679815e-01 16400 0
6446.6306 6452.4326 1.229393e-16 1.087872e-16 1.226912e-01 16 0
6447.1866 6452.9891 -9.425060e-18 7.471800e-17 -1.058026e-02 16 0
6447.7426 6453.5456 -2.135817e-16 7.127757e-17 -2.164499e-01 16384 0
6448.2986 6454.1021 1.081845e-17 7.514815e-17 9.775899e-03 0 0
6448.8546 6454.6586 4.548720e-17 8.145607e-17 4.468520e-02 16 0
6449.4106 6455.2151 -9.139499e-17 7.268956e-17 -9.290078e-02 0 0
6449.9666 6455.7716 8.196287e-17 8.132381e-17 8.146651e-02 16 0
6450.5226 6456.3281 1.522459e-18 7.546815e-17 4.189387e-04 16 0
6451.0786 6456.8846 -1.242387e-16 7.509136e-17 -1.260243e-01 16400 0
6451.6346 6457.4411 2.244432e-15 1.049944e-16 2.271949e+00 0 0
6452.1906 6457.9976 6.768289e-16 8.950230e-17 6.832687e-01 16 0
6452.7466 6458.5540 -6.591669e-17 7.420963e-17 -6.741758e-02 16 0
6453.3026 6459.1105 -4.179631e-17 7.544157e-17 -4.318313e-02 16 0
6453.8585 6459.6670 -1.935728e-16 7.181170e-17 -1.965043e-01 16400 0
6454.4145 6460.2235 -5.855546e-17 8.210345e-17 -6.005221e-02 16 0
6454.9705 6460.7800 3.168066e-17 7.406294e-17 3.082129e-02 0 0
6455.5265 6461.3365 -1.249235e-16 7.148065e-17 -1.268725e-01 16384 0
6456.0825 6461.8929 -1.212407e-16 7.280545e-17 -1.231506e-01 16400 0
6456.6385 6462.4494 -8.306848e-17 7.427093e-17 -8.473553e-02 16 0
6457.1944 6463.0059 -2.118020e-16 7.149151e-17 -2.152021e-01 16384 0
6457.7504 6463.5624 1.944256e-17 8.922059e-17 1.848771e-02 16 0
6458.3064 6464.1189 3.802662e-16 7.967885e-17 3.836457e-01 0 0
6458.8623 6464.6753 2.411828e-14 2.702261e-16 2.450766e+01 16 0
6459.4183 6465.2318 3.825897e-14 3.163207e-16 3.888655e+01 16 0
6459.9743 6465.7883 3.258095e-16 7.899252e-17 3.286017e-01 0 0
6460.5302 6466.3447 -1.243982e-16 7.153146e-17 -1.265060e-01 16384 0
6461.0862 6466.9012 1.254680e-16 7.587634e-17 1.257125e-01 0 0
6461.6422 6467.4576 5.194692e-16 2.168679e-16 5.252274e-01 16 0
6462.1981 6468.0141 -1.930184e-16 7.147054e-17 -1.963735e-01 16384 0
6462.7541 6468.5706 8.718513e-17 7.750209e-17 8.701151e-02 16 0
6463.3100 6469.1270 3.442377e-15 1.178756e-16 3.497505e+00 0 0
6463.8660 6469.6835 1.165567e-15 9.152399e-17 1.182111e+00 0 0
6464.4219 6470.2399 4.504249e-17 7.325507e-17 4.439811e-02 0 0
6464.9779 6470.7964 2.807672e-15 1.110118e-16 2.853076e+00 0 0
6465.5338 6471.3528 1.186936e-14 1.872975e-16 1.207844e+01 0 0
6466.0898 6471.9093 1.631041e-14 2.151839e-16 1.660235e+01 16 0
6466.6457 6472.4657 4.091360e-15 1.254102e-16 4.161221e+00 0 0
6467.2017 6473.0222 1.806925e-14 2.256411e-16 1.839849e+01 16 0
6467.7576 6473.5786 6.933182e-15 1.500132e-16 7.056908e+00 16 0
6468.3136 6474.1350 -2.496756e-16 7.078631e-17 -2.544079e-01 16400 0
6468.8695 6474.6915 4.435149e-17 7.464807e-17 4.374212e-02 16 0
6469.4254 6475.2479 -8.860934e-17 7.185966e-17 -9.061785e-02 0 0
6469.9814 6475.8043 -1.779627e-16 7.314533e-17 -1.814103e-01 16400 0
6470.5373 6476.3608 -3.540607e-17 7.394068e-17 -3.694525e-02 16 0
6471.0932 6476.9172 -3.918521e-17 7.443846e-17 -4.076983e-02 16 0
6471.6491 6477.4736 -2.236282e-16 7.096771e-17 -2.280531e-01 16384 0
6472.2051 6478.0301 3.357263e-17 7.844344e-17 3.285071e-02 16 0
6472.7610 6478.5865 7.796644e-17 7.726417e-17 7.786432e-02 16 0
6473.3169 6479.1429 5.503822e-15 1.372815e-16 5.608595e+00 16 0
6473.8728 6479.6993 7.852408e-17 7.491357e-17 7.844958e-02 16 0
6474.4287 6480.2557 -1.012879e-16 7.364574e-17 -1.035203e-01 16 0
6474.9847 6480.8121 4.902582e-16 8.130864e-17 4.972066e-01 0 0
6475.5406 6481.3686 1.663234e-16 7.821310e-17 1.676567e-01 16 0
6476.0965 6481.9250 -1.249333e-16 7.412778e-17 -1.275409e-01 16400 0
6476.6524 6482.4814 -4.031821e-18 7.339893e-17 -5.241655e-03 0 0
6477.2083 6483.0378 8.033296e-18 7.788445e-17 6.984271e-03 16 0
6477.7642 6483.5942 -8.914133e-17 7.257615e-17 -9.134579e-02 16 0
6478.3201 6484.1506 -5.701248e-17 1.060977e-16 -5.888616e-02 16 0
6478.8760 6484.7070 7.412968e-17 7.447991e-17 7.407296e-02 16 0
6479.4319 6485.2634 -5.208339e-17 1.072738e-16 -5.391502e-02 16 0
6479.9878 6485.8198 -7.047282e-17 7.383818e-17 -7.252622e-02 0 0
6480.5437 6486.3762 1.563907e-18 7.449512e-17 4.233420e-04 16 0
6481.0996 6486.9326 -1.330668e-16 7.046472e-17 -1.360021e-01 16384 0
6481.6555 6487.4889 -5.022700e-17 7.333060e-17 -5.206501e-02 0 0
6482.2113 6488.0453 -1.870155e-19 7.427226e-17 -1.354307e-03 16 0
6482.7672 6488.6017 -1.373177e-16 7.740446e-17 -1.404001e-01 16400 0
6483.3231 6489.1581 1.529106e-17 7.757719e-17 1.435671e-02 16 0
6483.8790 6489.7145 2.770535e-15 1.107168e-16 2.827989e+00 0 0
6484.4349 6490.2708 4.797183e-15 1.334908e-16 4.900490e+00 16 0
6484.9907 6490.8272 1.784594e-16 2.174520e-16 1.803729e-01 16 0
6485.5466 6491.3836 -9.044322e-17 7.651333e-17 -9.283115e-02 16 0
6486.1025 6491.9400 -1.805241e-16 7.160726e-17 -1.847144e-01 16384 0
6486.6583 6492.4963 5.733777e-17 7.535148e-17 5.711273e-02 16 0
6487.2142 6493.0527 -1.475768e-16 7.594212e-17 -1.510395e-01 16400 0
6487.7701 6493.6091 -2.477439e-17 7.500092e-17 -2.632242e-02 16 0
6488.3259 6494.1654 -4.967880e-18 7.318806e-17 -6.217137e-03 0 0
6488.8818 6494.7218 -1.607339e-16 7.079132e-17 -1.645654e-01 16384 0
6489.4376 6495.2781 -1.462778e-16 7.069923e-17 -1.497828e-01 16384 0
6489.9935 6495.8345 -9.136297e-17 7.596483e-17 -9.385552e-02 16 0
6490.5493 6496.3908 -1.482360e-16 7.255957e-17 -1.518246e-01 16400 0
6491.1052 6496.9472 -7.011037e-17 7.338386e-17 -7.234652e-02 16 0
6491.6610 6497.5035 -1.243139e-16 7.773456e-17 -1.273538e-01 16400 0
6492.2169 6498.0599 -1.172205e-16 7.460682e-17 -1.201012e-01 16400 0
6492.7727 6498.6162 6.326329e-18 7.666106e-17 5.258195e-03 16 0
6493.3285 6499.1725 -9.798974e-17 7.267539e-17 -1.006357e-01 16 0
6493.8844 6499.7289 -1.356715e-16 7.300122e-17 -1.390551e-01 16400 0
6494.4402 6500.2852 -9.556757e-19 8.404036e-17 -2.149589e-03 16 0
6494.9960 6500.8415 3.513205e-15 1.274856e-16 3.595865e+00 16 0
6495.5518 6501.3978 1.477564e-17 7.562159e-17 1.386032e-02 16 0
6496.1077 6501.9542 -1.914312e-17 7.287009e-17 -2.064954e-02 0 0
6496.6635 6502.5105 -7.167457e-17 7.272326e-17 -7.402153e-02 0 0
6497.2193 6503.0668 4.773510e-15 1.307486e-16 4.889744e+00 16 0
6497.7751 6503.6231 1.495131e-14 2.053994e-16 1.532874e+01 0 0
6498.3309 6504.1794 1.984619e-15 1.032248e-16 2.030993e+00 16 0
6498.8867 6504.7357 4.457525e-15 1.279776e-16 4.567320e+00 0 0
6499.4426 6505.2920 2.367344e-15 1.146296e-16 2.423937e+00 16 0
6499.9984 6505.8484 3.634035e-15 1.188998e-16 3.723547e+00 16 0
6500.5542 6506.4047 4.413548e-15 1.293143e-16 4.523757e+00 16 0
6501.1100 6506.9610 2.808410e-15 1.103400e-16 2.877266e+00 0 0
6501.6657 6507.5172 2.612795e-15 1.112507e-16 2.676874e+00 16 0
6502.2215 6508.0735 5.799738e-15 1.461612e-16 5.948105e+00 16 0
6502.7773 6508.6298 3.956487e-15 1.255144e-16 4.056625e+00 16 0
6503.3331 6509.1861 2.959099e-15 1.122656e-16 3.033230e+00 0 0
6503.8889 6509.7424 6.730566e-15 1.809276e-16 6.905889e+00 16 0
6504.4447 6510.2987 4.111223e-15 1.438865e-16 4.216862e+00 16 0
6505.0005 6510.8550 4.426861e-15 1.279775e-16 4.541471e+00 0 0
6505.5562 6511.4112 4.585021e-15 1.361312e-16 4.704414e+00 16 0
6506.1120 6511.9675 4.087380e-15 1.242702e-16 4.193764e+00 16 0
6506.6678 6512.5238 3.937930e-17 7.345708e-17 3.899743e-02 256 0
6507.2236 6513.0801 2.049787e-17 7.387516e-17 1.972620e-02 16 0
6507.7793 6513.6363 -1.847588e-16 7.272806e-17 -1.899027e-01 16400 0
6508.3351 6514.1926 -2.016011e-16 7.144935e-17 -2.072363e-01 16384 0
6508.8908 6514.7488 -8.291874e-17 8.886434e-17 -8.563995e-02 16 0
6509.4466 6515.3051 -2.006359e-16 7.310958e-17 -2.062887e-01 16400 0
6510.0023 6515.8613 -1.683646e-16 7.003544e-17 -1.731268e-01 16384 0
6510.5581 6516.4176 3.571950e-17 7.266038e-17 3.528576e-02 0 0
6511.1138 6516.9738 -1.417506e-16 7.165778e-17 -1.457912e-01 16400 0
6511.6696 6517.5301 -3.562356e-17 7.422633e-17 -3.752364e-02 16 0
6512.2253 6518.0863 1.023686e-16 8.649257e-17 1.034580e-01 16 0
6512.7811 6518.6426 -1.789540e-16 7.044326e-17 -1.841137e-01 16384 0
6513.3368 6519.1988 -7.601234e-17 7.685375e-17 -7.868372e-02 16 0
6513.8925 6519.7550 -5.694210e-17 7.224897e-17 -5.927024e-02 16 0
6514.4483 6520.3113 -1.645250e-16 7.177165e-17 -1.693221e-01 16384 0
6515.0040 6520.8675 4.646769e-18 7.485117e-17 3.554761e-03 16 0
6515.5597 6521.4237 1.188058e-17 7.274577e-17 1.094687e-02 0 0
6516.1154 6521.9799 3.762279e-16 7.867347e-17 3.843955e-01 0 0
6516.6711 6522.5361 5.077540e-15 1.352999e-16 5.221398e+00 16 0
6517.2269 6523.0924 4.505944e-16 7.977989e-17 4.608477e-01 0 0
6517.7826 6523.6486 -1.558578e-16 7.066290e-17 -1.605022e-01 16384 0
6518.3383 6524.2048 1.811176e-16 1.051994e-16 1.842949e-01 16 0
6518.8940 6524.7610 -1.411947e-16 9.672928e-17 -1.454320e-01 16400 0
6519.4497 6525.3172 -2.505688e-16 7.827514e-17 -2.581147e-01 16400 0
6520.0054 6525.8734 4.252245e-17 7.327243e-17 4.230767e-02 0 0
6520.5611 6526.4296 -1.393867e-16 7.327245e-17 -1.436135e-01 16400 0
6521.1168 6526.9858 -1.566047e-16 7.104104e-17 -1.613700e-01 16384 0
6521.6724 6527.5419 -6.048423e-17 9.237692e-17 -6.296755e-02 16 0
6522.2281 6528.0981 -1.067396e-16 7.418420e-17 -1.101050e-01 16 0
6522.7838 6528.6543 -8.350211e-17 7.177123e-17 -8.645175e-02 16 0
6523.3395 6529.2105 1.105163e-16 7.402156e-17 1.120201e-01 0 0
6523.8952 6529.7667 -1.467210e-16 7.124742e-17 -1.512614e-01 16384 0
6524.4508 6530.3228 -1.114736e-17 7.406863e-17 -1.259489e-02 16 0
6525.0065 6530.8790 2.658702e-17 7.399976e-17 2.602174e-02 16 0
6525.5622 6531.4352 -2.764086e-16 7.986649e-17 -2.850469e-01 16400 0
6526.1178 6531.9913 2.631574e-17 8.097669e-17 2.574883e-02 16 0
6526.6735 6532.5475 -2.854645e-15 1.451518e-16 -2.944437e+00 16400 0
6527.2291 6533.1036 -1.258225e-16 7.273946e-17 -1.297929e-01 16400 0
6527.7848 6533.6598 1.844160e-17 7.237631e-17 1.768938e-02 0 0
6528.3404 6534.2159 -1.264470e-16 7.267355e-17 -1.304624e-01 16400 0
6528.8961 6534.7721 -7.227649e-17 7.211339e-17 -7.508554e-02 16 0
6529.4517 6535.3282 -5.991478e-17 7.292318e-17 -6.246896e-02 16 0
6530.0074 6535.8844 -9.447279e-17 8.048787e-17 -9.774617e-02 16 0
6530.5630 6536.4405 -3.906164e-16 1.194079e-16 -4.031762e-01 16400 0
6531.1186 6536.9966 7.106326e-18 1.032098e-16 6.083548e-03 16 0
6531.6742 6537.5528 8.101268e-16 8.992339e-17 8.324655e-01 16 0
6532.2299 6538.1089 9.402956e-16 8.970870e-17 9.667414e-01 16 0
6532.7855 6538.6650 1.317071e-16 7.672291e-17 1.339714e-01 16 0
6533.3411 6539.2211 -9.354856e-17 9.424515e-17 -9.685534e-02 16 0
6533.8967 6539.7772 -4.028444e-17 8.006782e-17 -4.243867e-02 16 0
6534.4523 6540.3333 -4.704803e-17 7.248327e-17 -4.936159e-02 0 0
6535.0079 6540.8894 3.008384e-16 2.056400e-16 3.080308e-01 16 0
6535.5635 6541.4455 -7.679145e-18 7.576888e-17 -9.064361e-03 16 0
6536.1191 6542.0016 -9.802870e-17 9.034815e-17 -1.014691e-01 16 0
6536.6747 6542.5577 -6.995648e-17 7.777634e-17 -7.280703e-02 16 0
6537.2303 6543.1138 7.617548e-18 7.194668e-17 6.614827e-03 0 0
6537.7859 6543.6699 -8.009304e-17 7.191806e-17 -8.317925e-02 16 0
6538.3415 6544.2260 -1.160536e-16 7.880366e-17 -1.199419e-01 16400 0
6538.8971 6544.7821 7.015458e-17 7.296285e-17 7.082629e-02 0 0
6539.4527 6545.3382 -1.109002e-16 7.345432e-17 -1.146534e-01 16 0
6540.0082 6545.8942 -1.276495e-16 7.382947e-17 -1.319622e-01 16400 0
6540.5638 6546.4503 9.686904e-17 7.934366e-17 9.830818e-02 16 0
6541.1194 6547.0064 2.483775e-15 1.065022e-16 2.562744e+00 16 0
6541.6749 6547.5624 -6.130386e-17 7.417951e-17 -6.400861e-02 16 0
6542.2305 6548.1185 -1.450678e-17 7.170793e-17 -1.607320e-02 0 0
6542.7860 6548.6745 1.709423e-15 9.817175e-17 1.763072e+00 16 0
6543.3416 6549.2306 1.247396e-14 1.888987e-16 1.289453e+01 16 0
6543.8971 6549.7866 5.446458e-15 1.355455e-16 5.627451e+00 0 0
6544.4527 6550.3427 -8.152922e-17 7.654336e-17 -8.472922e-02 16 0
6545.0082 6550.8987 -3.806949e-17 7.295554e-17 -4.023819e-02 16 0
6545.5638 6551.4548 -8.507111e-17 7.339311e-17 -8.836479e-02 16 0
6546.1193 6552.0108 -1.327424e-16 7.132269e-17 -1.373604e-01 16400 0
6546.6748 6552.5668 -1.769994e-17 7.560680e-17 -1.935813e-02 16 0
6547.2303 6553.1229 -8.326102e-17 7.111413e-17 -8.653365e-02 16 0
6547.7859 6553.6789 -5.514157e-17 8.358423e-17 -5.775093e-02 16 0
6548.3414 6554.2349 3.181834e-17 7.582292e-17 3.150111e-02 16 0
6548.8969 6554.7909 -1.542280e-17 7.160503e-17 -1.702647e-02 0 0
6549.4524 6555.3469 -8.212956e-17 7.197486e-17 -8.540194e-02 16 0
6550.0079 6555.9029 -1.184686e-16 7.142416e-17 -1.226632e-01 16384 0
6550.5634 6556.4589 -6.719002e-17 7.343426e-17 -7.011768e-02 16 0
6551.1189 6557.0149 -3.619094e-17 7.260420e-17 -3.834368e-02 16 0
6551.6744 6557.5709 1.542657e-17 7.270421e-17 1.466177e-02 0 0
6552.2299 6558.1269 -1.371373e-16 7.113137e-17 -1.420401e-01 16384 0
6552.7854 6558.6829 -1.587492e-16 6.994937e-17 -1.644382e-01 16384 0
6553.3409 6559.2389 6.357512e-17 7.650254e-17 6.421012e-02 1040 0
6553.8963 6559.7948 4.456388e-17 7.234982e-17 4.464450e-02 1024 0
6554.4518 6560.3508 3.396938e-16 7.775836e-17 3.490891e-01 1040 0
6555.0073 6560.9068 4.848368e-16 8.024549e-17 4.991093e-01 1040 0
6555.5627 6561.4628 4.457566e-16 7.854587e-17 4.587502e-01 1024 0
6556.1182 6562.0187 4.806254e-16 7.783864e-17 4.948345e-01 1024 0
6556.6737 6562.5747 4.418834e-16 7.793820e-17 4.548187e-01 1024 0
6557.2291 6563.1306 4.987069e-16 7.869497e-17 5.136100e-01 1024 0
6557.7846 6563.6866 5.396489e-16 8.072702e-17 5.559951e-01 1024 0
6558.3400 6564.2425 4.014827e-16 7.884500e-17 4.131527e-01 1040 0
6558.8955 6564.7985 4.032172e-16 8.437918e-17 4.149782e-01 1040 0
6559.4509 6565.3544 5.014682e-16 8.002229e-17 5.166261e-01 1024 0
6560.0063 6565.9103 4.843227e-16 8.354901e-17 4.989289e-01 1040 0
6560.5618 6566.4663 4.544923e-16 9.310980e-17 4.681078e-01 1040 0
6561.1172 6567.0222 4.655944e-16 7.991661e-17 4.796289e-01 1040 0
6561.6726 6567.5781 4.820704e-16 8.102627e-17 4.967123e-01 1040 0
6562.2280 6568.1340 4.156197e-16 7.830371e-17 4.279977e-01 1024 0
6562.7834 6568.6899 3.303632e-16 7.725420e-17 3.398452e-01 1024 0
6563.3388 6569.2458 4.565354e-16 8.596383e-17 4.703985e-01 1040 0
6563.8942 6569.8017 4.821063e-16 7.974953e-17 4.968981e-01 1040 0
6564.4496 6570.3576 3.959067e-16 7.740909e-17 4.077270e-01 1024 0
6565.0050 6570.9135 3.884007e-16 9.272869e-17 3.999900e-01 1040 0
6565.5604 6571.4694 4.239940e-16 7.971212e-17 4.368548e-01 1040 0
6566.1158 6572.0253 6.094625e-16 8.462750e-17 6.289246e-01 1040 0
6566.6712 6572.5812 3.876845e-16 7.679035e-17 3.993361e-01 1024 0
6567.2266 6573.1371 4.235485e-16 7.755004e-17 4.364885e-01 1024 0
6567.7819 6573.6929 5.459339e-16 8.390398e-17 5.632543e-01 1040 0
6568.3373 6574.2488 3.800164e-16 7.943857e-17 3.914841e-01 1040 0
6568.8927 6574.8047 3.956951e-16 7.809609e-17 4.077434e-01 1024 0
6569.4480 6575.3605 4.314564e-16 7.779984e-17 4.448015e-01 1024 0
6570.0034 6575.9164 4.041643e-16 8.022129e-17 4.165703e-01 1040 0
6570.5587 6576.4722 4.774536e-16 8.019474e-17 4.925071e-01 1040 0
6571.1141 6577.0281 3.197104e-16 1.112256e-16 3.291844e-01 1040 0
6571.6694 6577.5839 3.009319e-16 7.644662e-17 3.097686e-01 0 0
6572.2248 6578.1398 5.454174e-16 8.562684e-17 5.630349e-01 16 0
6572.7801 6578.6956 3.459226e-16 7.640642e-17 3.563936e-01 0 0
6573.3354 6579.2514 3.041432e-16 7.595327e-17 3.131567e-01 0 0
6573.8908 6579.8073 2.654906e-16 7.797517e-17 2.731626e-01 272 0
6574.4461 6580.3631 3.581389e-16 1.042325e-16 3.691190e-01 16 0
6575.0014 6580.9189 1.016155e-16 8.388404e-17 1.036928e-01 16 0
6575.5567 6581.4747 4.450966e-16 9.748339e-17 4.592718e-01 16 0
6576.1120 6582.0305 8.727622e-16 8.756804e-17 9.028379e-01 16 0
6576.6673 6582.5863 -1.155802e-18 7.176927e-17 -2.369225e-03 0 0
6577.2226 6583.1421 2.802316e-17 7.570970e-17 2.772244e-02 16 0
6577.7779 6583.6979 -3.101515e-17 7.259125e-17 -3.312107e-02 16 0
6578.3332 6584.2537 -1.449228e-17 7.244092e-17 -1.610816e-02 0 0
6578.8885 6584.8095 5.229875e-18 9.856119e-17 4.215755e-03 16 0
6579.4438 6585.3653 -5.014997e-17 7.416954e-17 -5.281706e-02 16 0
6579.9990 6585.9210 1.055458e-16 8.769027e-17 1.078184e-01 16 0
6580.5543 6586.4768 4.535314e-18 7.200549e-17 3.501914e-03 0 0
6581.1096 6587.0326 -6.394281e-17 7.074097e-17 -6.700994e-02 0 0
6581.6648 6587.5883 2.334836e-17 7.323214e-17 2.291491e-02 0 0
6582.2201 6588.1441 -6.284161e-17 7.110304e-17 -6.588364e-02 0 0
6582.7754 6588.6999 -5.970207e-17 7.147527e-17 -6.265773e-02 0 0
6583.3306 6589.2556 7.133049e-18 7.278831e-17 6.186061e-03 0 0
6583.8858 6589.8113 1.148189e-16 1.095229e-16 1.174585e-01 16 0
6584.4411 6590.3671 -1.618185e-16 7.086548e-17 -1.683041e-01 16384 0
6584.9963 6590.9228 -3.008237e-17 7.202375e-17 -3.217611e-02 16 0
6585.5515 6591.4785 -6.843957e-17 1.071721e-16 -7.165771e-02 16 0
6586.1068 6592.0343 -5.586521e-17 7.097991e-17 -5.872561e-02 0 0
6586.6620 6592.5900 6.740796e-17 7.277820e-17 6.845663e-02 16 0
6587.2172 6593.1457 1.628567e-17 7.240582e-17 1.564118e-02 0 0
6587.7724 6593.7014 3.515744e-17 7.189655e-17 3.513353e-02 0 0
6588.3276 6594.2571 -5.245024e-17 7.156409e-17 -5.521958e-02 16 0
6588.8828 6594.8128 6.902520e-18 7.304926e-17 5.957983e-03 16 0
6589.4380 6595.3685 -4.478751e-17 7.366767e-17 -4.733332e-02 16 0
6589.9932 6595.9242 -7.291491e-17 7.043211e-17 -7.628340e-02 0 0
6590.5484 6596.4799 -1.042404e-16 7.013680e-17 -1.084882e-01 16400 0
6591.1036 6597.0356 -1.308228e-16 6.989159e-17 -1.361615e-01 16384 0
6591.6588 6597.5912 1.081936e-16 7.276214e-17 1.106978e-01 0 0
6592.2139 6598.1469 -4.102008e-17 7.070703e-17 -4.345977e-02 0 0
6592.7691 6598.7026 -2.462891e-17 7.157674e-17 -2.656656e-02 0 0
6593.3243 6599.2582 -7.787645e-17 7.518996e-17 -8.140290e-02 16 0
6593.8794 6599.8139 -6.069823e-17 7.071881e-17 -6.373098e-02 0 0
6594.4346 6600.3696 -3.151580e-17 8.244668e-17 -3.366874e-02 16 0
6594.9897 6600.9252 -1.206517e-16 7.222318e-17 -1.256232e-01 16400 0
6595.5448 6601.4808 -1.592610e-16 7.205008e-17 -1.658323e-01 16400 0
6596.1000 6602.0365 -3.763758e-17 7.231406e-17 -3.998194e-02 16 0
6596.6551 6602.5921 -1.015766e-16 7.066182e-17 -1.057787e-01 16384 0
6597.2102 6603.1477 -1.065785e-16 7.119092e-17 -1.109933e-01 16384 0
6597.7654 6603.7034 1.161644e-17 7.149037e-17 1.084451e-02 0 0
6598.3205 6604.2590 4.666565e-17 1.051937e-16 4.708173e-02 16 0
6598.8756 6604.8146 2.110701e-15 1.014703e-16 2.193196e+00 0 0
6599.4307 6605.3702 2.127635e-15 1.045395e-16 2.210932e+00 16 0
6599.9858 6605.9258 1.384440e-16 9.396757e-17 1.421330e-01 16 0
6600.5409 6606.4814 -7.320134e-17 7.219178e-17 -7.662592e-02 16 0
6601.0960 6607.0370 -9.922251e-18 7.229222e-17 -1.139490e-02 0 0
6601.6511 6607.5926 -7.764040e-17 8.463867e-17 -8.119813e-02 16 0
6602.2062 6608.1481 -3.732579e-17 7.402154e-17 -3.966971e-02 16 0
6602.7612 6608.7037 -4.124886e-17 7.000222e-17 -4.371580e-02 0 0
6603.3163 6609.2593 -1.297327e-16 1.051289e-16 -1.351798e-01 16400 0
6603.8714 6609.8149 -8.823033e-18 7.199161e-17 -1.025804e-02 16 0
6604.4264 6610.3704 -1.335433e-16 6.954853e-17 -1.391633e-01 16400 0
6604.9815 6610.9260 -1.062007e-16 7.049493e-17 -1.106751e-01 16384 0
6605.5365 6611.4815 -6.681232e-17 7.220100e-17 -7.006504e-02 16 0
6606.0916 6612.0371 -1.209960e-16 7.299010e-17 -1.261051e-01 16400 0
6606.6466 6612.5926 -7.741164e-17 7.191421e-17 -8.098079e-02 0 0
6607.2017 6613.1481 -2.780234e-17 7.061716e-17 -2.984898e-02 0 0
6607.7567 6613.7037 -8.347598e-17 7.454069e-17 -8.722477e-02 16 0
6608.3117 6614.2592 -3.586451e-17 7.295681e-17 -3.816843e-02 16 0
6608.8667 6614.8147 -2.754614e-16 2.016077e-16 -2.871554e-01 16400 0
6609.4217 6615.3702 -1.220793e-16 7.690080e-17 -1.272673e-01 16400 0
6609.9768 6615.9257 1.171339e-16 7.553923e-17 1.201527e-01 16 0
6610.5318 6616.4812 -2.555681e-17 7.119224e-17 -2.753165e-02 0 0
6611.0868 6617.0367 -4.386842e-18 7.398454e-17 -5.668372e-03 16 0
6611.6417 6617.5922 5.421874e-18 8.560708e-17 4.470266e-03 16 0
6612.1967 6618.1477 3.438358e-18 7.131225e-17 2.420381e-03 16 0
6612.7517 6618.7032 1.456081e-17 8.021111e-17 1.392428e-02 16 0
6613.3067 6619.2587 -1.035027e-16 9.997883e-17 -1.079319e-01 16400 0
6613.8617 6619.8141 -4.130004e-18 7.113304e-17 -5.399212e-03 16 0
6614.4166 6620.3696 -7.492129e-17 7.469835e-17 -7.843754e-02 16 0
6614.9716 6620.9251 -9.106311e-17 7.356728e-17 -9.505108e-02 16 0
6615.5265 6621.4805 -4.969065e-18 8.052212e-17 -6.263912e-03 16 0
6616.0815 6622.0360 -1.292613e-16 7.338006e-17 -1.348183e-01 16400 0
6616.6364 6622.5914 -1.407449e-16 7.110779e-17 -1.468010e-01 16400 0
6617.1914 6623.1468 -5.312359e-18 7.120509e-17 -6.616302e-03 0 0
6617.7463 6623.7023 -9.268892e-17 6.977127e-17 -9.672974e-02 0 0
6618.3012 6624.2577 -4.545837e-17 7.236664e-17 -4.807225e-02 16 0
6618.8562 6624.8131 -2.369224e-17 7.239947e-17 -2.560347e-02 16 0
6619.4111 6625.3685 -1.256364e-16 7.219309e-17 -1.310656e-01 16400 0
6619.9660 6625.9240 3.951685e-17 7.358380e-17 3.977751e-02 16 0
6620.5209 6626.4794 -1.223861e-16 7.191145e-17 -1.276834e-01 16400 0
6621.0758 6627.0348 -1.206980e-16 8.025547e-17 -1.259264e-01 16400 0
6621.6307 6627.5902 3.633842e-19 7.283377e-17 -7.422939e-04 16 0
6622.1856 6628.1455 -7.387543e-17 7.120631e-17 -7.737175e-02 0 0
6622.7405 6628.7009 -1.476792e-16 7.303945e-17 -1.540913e-01 16400 0
6623.2953 6629.2563 -1.280489e-17 9.753198e-17 -1.435115e-02 16 0
6623.8502 6629.8117 -3.311259e-17 7.673599e-17 -3.532875e-02 16 0
6624.4051 6630.3670 1.511874e-15 9.855795e-17 1.572821e+00 16 0
6624.9599 6630.9224 4.099287e-16 7.983169e-17 4.246438e-01 16 0
6625.5148 6631.4778 -8.304027e-17 7.185221e-17 -8.681215e-02 16 0
6626.0696 6632.0331 2.680308e-17 7.273686e-17 2.663124e-02 0 0
6626.6245 6632.5884 -1.115543e-17 7.482331e-17 -1.264171e-02 16 0
6627.1793 6633.1438 -1.836132e-16 7.540392e-17 -1.916309e-01 16400 0
6627.7342 6633.6991 -1.200443e-16 7.035262e-17 -1.252896e-01 16384 0
6628.2890 6634.2544 -2.592274e-17 7.217791e-17 -2.789920e-02 16 0
6628.8438 6634.8098 -1.789067e-17 7.223320e-17 -1.959953e-02 16 0
6629.3986 6635.3651 2.267913e-15 1.032257e-16 2.361789e+00 0 0
6629.9534 6635.9204 1.418758e-15 9.597616e-17 1.476146e+00 16 0
6630.5082 6636.4757 -3.919654e-17 7.206098e-17 -4.160551e-02 16 0
6631.0630 6637.0310 -5.906598e-17 7.056528e-17 -6.210836e-02 0 0
6631.6178 6637.5863 -6.044653e-17 7.325278e-17 -6.353173e-02 16 0
6632.1726 6638.1416 -8.308942e-17 7.212726e-17 -8.686325e-02 0 0
6632.7274 6638.6968 -7.451082e-17 7.069530e-17 -7.802783e-02 0 0
6633.2822 6639.2521 -7.818435e-17 7.062262e-17 -8.181160e-02 0 0
6633.8369 6639.8074 -2.635914e-17 8.007511e-17 -2.834289e-02 16 0
6634.3917 6640.3626 2.475649e-16 2.626082e-16 2.558720e-01 16 0
6634.9465 6640.9179 -1.302020e-16 7.063761e-17 -1.359343e-01 16384 0
6635.5012 6641.4732 2.065398e-17 7.419917e-17 2.028882e-02 16 0
6636.0559 6642.0284 -5.317363e-17 6.999737e-17 -5.602556e-02 0 0
6636.6107 6642.5836 -2.052071e-16 6.928606e-17 -2.142550e-01 16384 0
6637.1654 6643.1389 -3.623318e-17 7.078952e-17 -3.853730e-02 16 0
6637.7201 6643.6941 -1.451506e-16 7.060597e-17 -1.515564e-01 16384 0
6638.2749 6644.2493 -8.879807e-17 7.053634e-17 -9.273343e-02 0 0
6638.8296 6644.8045 -5.907081e-18 7.474063e-17 -7.193752e-03 16 0
6639.3843 6645.3597 2.445742e-17 7.220997e-17 2.423787e-02 0 0
6639.9390 6645.9149 9.284940e-17 7.220926e-17 9.515432e-02 0 0
6640.4937 6646.4701 3.347915e-17 1.298735e-16 3.358714e-02 16 0
6641.0484 6647.0253 -9.455598e-17 6.956989e-17 -9.873966e-02 16384 0
6641.6031 6647.5805 -1.336782e-16 6.956393e-17 -1.395952e-01 16384 0
6642.1578 6648.1357 -7.652897e-17 7.090887e-17 -8.009490e-02 0 0
6642.7124 6648.6909 4.209684e-17 7.324006e-17 4.252385e-02 16 0
6643.2671 6649.2460 -1.341707e-16 7.054235e-17 -1.401161e-01 16400 0
6643.8218 6649.8012 -6.182090e-17 7.116476e-17 -6.493256e-02 16 0
6644.3764 6650.3564 -8.442811e-17 7.105251e-17 -8.822437e-02 0 0
6644.9311 6650.9115 1.455298e-17 7.750047e-17 1.399361e-02 16 0
6645.4857 6651.4666 2.446601e-17 7.195672e-17 2.426192e-02 0 0
6646.0403 6652.0218 2.741577e-14 2.826694e-16 2.862351e+01 16 0
6646.5950 6652.5769 2.521952e-16 8.709752e-17 2.607868e-01 16 0
6647.1496 6653.1320 -9.476934e-17 7.069804e-17 -9.897855e-02 16400 0
6647.7042 6653.6871 -3.007009e-17 8.734512e-17 -3.215123e-02 16 0
6648.2588 6654.2423 -7.762710e-17 7.143761e-17 -8.121195e-02 16 0
6648.8134 6654.7974 3.037434e-17 7.166346e-17 3.039120e-02 0 0
6649.3680 6655.3525 -8.929815e-17 7.201022e-17 -9.326887e-02 16400 0
6649.9226 6655.9076 2.570177e-17 7.295648e-17 2.555278e-02 16 0
6650.4772 6656.4626 -1.332794e-16 7.026396e-17 -1.392089e-01 16384 0
6651.0318 6657.0177 -1.079756e-16 7.020704e-17 -1.127805e-01 16384 0
6651.5864 6657.5728 -8.656787e-17 7.070558e-17 -9.042108e-02 16400 0
6652.1409 6658.1279 4.412775e-17 7.186678e-17 4.465327e-02 0 0
6652.6955 6658.6829 3.694314e-15 1.191512e-16 3.852708e+00 16 0
6653.2501 6659.2380 4.832595e-17 7.372255e-17 4.900825e-02 16 0
6653.8046 6659.7930 -5.735583e-17 7.010761e-17 -6.030279e-02 0 0
6654.3592 6660.3481 -9.704486e-17 7.068348e-17 -1.013691e-01 16384 0
6654.9137 6660.9031 -2.939778e-17 7.182820e-17 -3.143910e-02 0 0
6655.4682 6661.4581 -7.389022e-17 7.056200e-17 -7.734081e-02 0 0
6656.0227 6662.0132 -7.670890e-17 7.034328e-17 -8.024205e-02 16 0
6656.5773 6662.5682 -4.393681e-17 7.366129e-17 -4.644854e-02 16 0
6657.1318 6663.1232 -1.676629e-16 7.003146e-17 -1.751408e-01 16400 0
6657.6863 6663.6782 5.705685e-18 7.063609e-17 4.863508e-03 0 0
6658.2408 6664.2332 -3.762572e-17 7.103258e-17 -3.992805e-02 0 0
6658.7953 6664.7882 1.461055e-16 8.386954e-17 1.505228e-01 16 0
6659.3498 6665.3432 1.279414e-15 9.050789e-17 1.331865e+00 0 0
6659.9042 6665.8982 -3.077909e-17 7.057417e-17 -3.285229e-02 0 0
6660.4587 6666.4531 7.103760e-18 7.282507e-17 6.317407e-03 16 0
6661.0132 6667.0081 1.757984e-16 8.378142e-17 1.813892e-01 16 0
6661.5676 6667.5631 -4.221849e-17 7.041796e-17 -4.465962e-02 0 0
6662.1221 6668.1180 -1.091294e-16 6.974578e-17 -1.140028e-01 16384 0
6662.6765 6668.6730 -4.271270e-17 7.052527e-17 -4.516618e-02 0 0
6663.2310 6669.2279 -8.633481e-18 7.397536e-17 -9.956099e-03 16 0
6663.7854 6669.7828 -1.227641e-16 7.030698e-17 -1.282481e-01 16384 0
6664.3398 6670.3378 -2.484405e-18 7.338024e-17 -3.594413e-03 16 0
6664.8943 6670.8927 -7.838630e-17 7.013848e-17 -8.193365e-02 0 0
6665.4487 6671.4476 -4.111813e-17 7.068185e-17 -4.351106e-02 0 0
6666.0031 6672.0025 4.319569e-18 7.011491e-17 3.449172e-03 0 0
6666.5575 6672.5574 8.124084e-18 7.638233e-17 7.388480e-03 16 0
6667.1119 6673.1123 -1.375124e-17 7.105161e-17 -1.523633e-02 0 0
6667.6663 6673.6672 -5.385503e-17 6.986624e-17 -5.664489e-02 0 0
6668.2207 6674.2221 -9.462553e-17 6.992908e-17 -9.885509e-02 16384 0
6668.7750 6674.7769 -5.419788e-17 7.023790e-17 -5.699418e-02 0 0
6669.3294 6675.3318 -1.621050e-16 6.938726e-17 -1.693515e-01 16384 0
6669.8838 6675.8867 -1.426004e-16 7.575604e-17 -1.489754e-01 16400 0
6670.4381 6676.4415 -6.091612e-17 7.351522e-17 -6.391386e-02 16 0
6670.9925 6676.9964 -4.907460e-17 6.987819e-17 -5.170130e-02 0 0
6671.5468 6677.5512 -5.912302e-17 6.993844e-17 -6.206090e-02 0 0
6672.1011 6678.1060 -5.804324e-17 7.031245e-17 -6.094548e-02 0 0
6672.6555 6678.6609 -9.325920e-18 7.078818e-17 -1.064590e-02 0 0
6673.2098 6679.2157 -9.449158e-17 7.211857e-17 -9.871657e-02 16400 0
6673.7641 6679.7705 -1.440006e-16 7.010415e-17 -1.504394e-01 16384 0
6674.3184 6680.3253 -1.226623e-16 6.899380e-17 -1.281471e-01 16384 0
6674.8727 6680.8801 4.152276e-18 1.092969e-16 3.298797e-03 16 0
6675.4270 6681.4349 4.209578e-18 1.008063e-16 3.359556e-03 16 0
6675.9813 6681.9897 -9.994265e-17 6.959448e-17 -1.044116e-01 16384 0
6676.5356 6682.5445 -1.040903e-17 7.176823e-17 -1.175410e-02 0 0
6677.0899 6683.0992 2.902330e-17 7.267280e-17 2.905457e-02 0 0
6677.6441 6683.6540 -9.796899e-17 7.403139e-17 -1.023497e-01 16400 0
6678.1984 6684.2088 -2.837429e-17 7.176444e-17 -3.030937e-02 16 0
6678.7526 6684.7635 2.160666e-17 7.203381e-17 2.137674e-02 16 0
6679.3069 6685.3183 -1.722929e-17 7.108243e-17 -1.879364e-02 0 0
6679.8611 6685.8730 -8.857952e-17 7.448914e-17 -9.254014e-02 16400 0
6680.4154 6686.4277 6.447597e-17 7.236356e-17 6.580755e-02 16 0
6680.9696 6686.9825 -9.002826e-17 7.021173e-17 -9.405348e-02 16384 0
6681.5238 6687.5372 6.271975e-17 7.233095e-17 6.398795e-02 16 0
6682.0780 6688.0919 -6.904038e-18 7.171810e-17 -8.114591e-03 0 0
6682.6322 6688.6466 -1.250148e-16 7.071034e-17 -1.306038e-01 16400 0
6683.1864 6689.2013 -1.475918e-17 7.217413e-17 -1.622890e-02 16 0
6683.7406 6689.7560 3.645040e-17 7.141639e-17 3.676247e-02 0 0
6684.2948 6690.3107 -6.554038e-17 7.193611e-17 -6.861255e-02 16 0
6684.8490 6690.8653 -4.153402e-17 7.248931e-17 -4.386627e-02 16 0
6685.4031 6691.4200 -4.418053e-17 7.277017e-17 -4.659376e-02 16 0
6685.9573 6691.9747 1.124742e-16 7.718275e-17 1.156221e-01 16 0
6686.5115 6692.5293 4.939677e-17 7.850117e-17 5.018342e-02 16 0
6687.0656 6693.0840 -5.582461e-17 6.986464e-17 -5.859038e-02 0 0
6687.6197 6693.6386 -5.332080e-17 7.350446e-17 -5.600745e-02 16 0
6688.1739 6694.1932 -1.257418e-18 7.642175e-17 -2.259605e-03 16 0
6688.7280 6694.7479 -5.684467e-17 7.188127e-17 -5.963327e-02 16 0
6689.2821 6695.3025 -4.318384e-17 7.150994e-17 -4.554895e-02 0 0
6689.8362 6695.8571 -4.529943e-18 7.872115e-17 -5.637199e-03 16 0
6690.3903 6696.4117 4.377145e-19 7.133326e-17 -5.007833e-04 0 0
6690.9444 6696.9663 -5.210193e-17 7.455853e-17 -5.473538e-02 16 0
6691.4985 6697.5209 2.922631e-18 7.141870e-17 2.072252e-03 0 0
6692.0526 6698.0755 3.923812e-17 7.242883e-17 3.966688e-02 0 0
6692.6067 6698.6300 3.198093e-17 7.499768e-17 3.215084e-02 16 0
6693.1608 6699.1846 -6.729846e-17 7.208912e-17 -7.037460e-02 16 0
6693.7148 6699.7392 -1.301655e-16 6.902682e-17 -1.359796e-01 16384 0
6694.2689 6700.2937 -2.410274e-17 7.376553e-17 -2.583994e-02 16 0
6694.8229 6700.8483 1.127354e-17 9.798283e-17 1.072033e-02 16 0
6695.3770 6701.4028 -4.181516e-18 7.177109e-17 -5.259953e-03 16 0
6695.9310 6701.9574 -9.852965e-17 7.269078e-17 -1.029297e-01 16400 0
6696.4850 6702.5119 -6.358521e-17 7.383263e-17 -6.653433e-02 16 0
6697.0391 6703.0664 -7.246577e-17 6.967146e-17 -7.570152e-02 16384 0
6697.5931 6703.6209 -1.268450e-19 7.338954e-17 -1.062848e-03 16 0
6698.1471 6704.1754 4.212658e-17 8.107164e-17 4.267104e-02 16 0
6698.7011 6704.7299 -8.505822e-17 9.136011e-17 -8.885566e-02 16400 0
6699.2551 6705.2844 1.146155e-16 8.526936e-17 1.178535e-01 16 0
6699.8090 6705.8389 1.312286e-15 9.241421e-17 1.366147e+00 16 0
6700.3630 6706.3934 1.616201e-14 2.120211e-16 1.687509e+01 0 0
6700.9170 6706.9478 2.276257e-16 7.462116e-17 2.352931e-01 0 0
6701.4710 6707.5023 -9.512795e-17 1.004108e-16 -9.937389e-02 16400 0
6702.0249 6708.0567 -7.302499e-17 7.345147e-17 -7.628424e-02 16400 0
6702.5789 6708.6112 -3.809276e-17 7.576700e-17 -4.024003e-02 16 0
6703.1328 6709.1656 -8.841597e-17 6.957023e-17 -9.236179e-02 16384 0
6703.6867 6709.7200 2.322761e-17 7.985219e-17 2.311350e-02 16 0
6704.2406 6710.2745 9.960151e-17 7.506717e-17 1.022742e-01 16 0
6704.7946 6710.8289 1.815441e-15 1.052201e-16 1.891275e+00 16 0
6705.3485 6711.3833 1.292584e-14 1.933319e-16 1.349458e+01 16 0
6705.9024 6711.9377 8.709806e-17 1.147294e-16 8.930359e-02 16 0
6706.4563 6712.4921 3.611631e-17 7.659615e-17 3.646316e-02 16 0
6707.0102 6713.0465 -1.289416e-17 7.097190e-17 -1.422084e-02 16 0
6707.5640 6713.6008 4.605382e-17 7.069288e-17 4.675787e-02 0 0
6708.1179 6714.1552 3.619115e-19 7.175959e-17 -5.251542e-04 16 0
6708.6718 6714.7096 -5.990298e-17 6.988002e-17 -6.267749e-02 0 0
6709.2256 6715.2639 6.648515e-17 7.459915e-17 6.793324e-02 16 0
6709.7795 6715.8183 1.974229e-17 9.552061e-17 1.952236e-02 16 0
6710.3333 6716.3726 1.652532e-17 7.075688e-17 1.619561e-02 0 0
6710.8871 6716.9269 -6.172922e-17 7.131168e-17 -6.454430e-02 0 0
6711.4410 6717.4813 1.317669e-17 7.189251e-17 1.273490e-02 0 0
6711.9948 6718.0356 1.553156e-17 7.112664e-17 1.517222e-02 0 0
6712.5486 6718.5899 2.268472e-17 7.244412e-17 2.257427e-02 0 0
6713.1024 6719.1442 -1.725407e-18 7.069068e-17 -2.665438e-03 0 0
6713.6562 6719.6985 -1.505831e-17 7.089115e-17 -1.643090e-02 0 0
6714.2100 6720.2528 -1.590153e-17 7.222281e-17 -1.729918e-02 16 0
6714.7638 6720.8070 -3.967915e-17 7.070363e-17 -4.182016e-02 0 0
6715.3175 6721.3613 1.979039e-17 8.573825e-17 1.958711e-02 16 0
6715.8713 6721.9156 -2.939851e-18 7.406629e-17 -3.910609e-03 16 0
6716.4251 6722.4698 4.874691e-17 7.368037e-17 4.956614e-02 16 0
6716.9788 6723.0241 -8.156559e-17 6.975565e-17 -8.520404e-02 16384 0
6717.5325 6723.5783 -1.524902e-17 7.083840e-17 -1.661333e-02 0 0
6718.0863 6724.1326 1.689717e-17 7.211745e-17 1.660208e-02 0 0
6718.6400 6724.6868 -6.614383e-17 7.121256e-17 -6.909456e-02 16384 0
6719.1937 6725.2410 1.102997e-16 7.273258e-17 1.133939e-01 0 0
6719.7474 6725.7952 2.354647e-16 1.807094e-16 2.434454e-01 16 0
6720.3011 6726.3494 2.341631e-17 8.250380e-17 2.335226e-02 16 0
6720.8548 6726.9036 9.026354e-18 7.207188e-17 8.471303e-03 16 0
6721.4085 6727.4578 3.975215e-17 7.385818e-17 4.026289e-02 16 0
6721.9622 6728.0120 4.562079e-17 7.222486e-17 4.634120e-02 0 0
6722.5159 6728.5661 5.596799e-17 7.658336e-17 5.706041e-02 16 0
6723.0695 6729.1203 1.217069e-14 1.850206e-16 1.270589e+01 0 0
6723.6232 6729.6744 4.218626e-15 1.257117e-16 4.400529e+00 16 0
6724.1768 6730.2286 1.672876e-16 9.195065e-17 1.725787e-01 16 0
6724.7305 6730.7827 -2.553673e-18 7.576316e-17 -3.481682e-03 16 0
6725.2841 6731.3369 3.437560e-17 7.180741e-17 3.470716e-02 1024 0
6725.8377 6731.8910 3.091079e-16 1.001222e-16 3.200757e-01 1040 0
6726.3913 6732.4451 3.773567e-16 7.806565e-17 3.911306e-01 1040 0
6726.9449 6732.9992 4.883177e-15 1.309422e-16 5.094637e+00 1040 0
6727.4985 6733.5533 1.906911e-16 8.829204e-17 1.969057e-01 1040 0
6728.0521 6734.1074 2.714164e-17 7.182171e-17 2.722879e-02 1024 0
6728.6057 6734.6615 2.109806e-15 1.008217e-16 2.198637e+00 1024 0
6729.1593 6735.2155 1.652552e-16 2.204007e-16 1.704772e-01 1040 0
6729.7129 6735.7696 2.740462e-17 7.120008e-17 2.750580e-02 1024 0
6730.2664 6736.3237 -7.821740e-17 7.299419e-17 -8.171251e-02 17424 0
6730.8200 6736.8777 1.177619e-16 7.387914e-17 1.211616e-01 1040 0
6731.3735 6737.4317 -2.937004e-17 7.346985e-17 -3.112314e-02 1040 0
6731.9270 6737.9858 -5.052685e-17 9.490763e-17 -5.290922e-02 1040 0
6732.4806 6738.5398 -1.258104e-17 7.201494e-17 -1.380437e-02 1040 0
6733.0341 6739.0938 -8.650884e-17 7.346419e-17 -9.037732e-02 17424 0
6733.5876 6739.6478 -2.535433e-18 7.173617e-17 -3.431983e-03 1040 0
6734.1411 6740.2018 -7.143427e-17 6.975567e-17 -7.462974e-02 17408 0
6734.6946 6740.7558 4.355993e-17 7.113003e-17 4.424191e-02 1024 0
6735.2481 6741.3098 -2.778495e-17 7.162877e-17 -2.947352e-02 1040 0
6735.8016 6741.8638 9.691465e-18 7.136127e-17 9.207245e-03 1024 0
6736.3550 6742.4178 -5.418014e-17 7.158735e-17 -5.664600e-02 1024 0
6736.9085 6742.9717 1.130742e-17 7.651158e-17 1.088127e-02 1040 0
6737.4619 6743.5257 -2.545368e-17 7.117427e-17 -2.706159e-02 1040 0
6738.0154 6744.0796 7.051775e-18 8.667573e-17 6.486673e-03 1040 0
6738.5688 6744.6335 3.670286e-17 7.685475e-17 3.715549e-02 1040 0
6739.1223 6745.1875 1.240926e-16 8.184714e-17 1.277580e-01 1040 0
6739.6757 6745.7414 -2.996086e-17 7.145117e-17 -3.169815e-02 1040 0
6740.2291 6746.2953 3.155259e-17 7.048265e-17 3.183083e-02 1024 0
6740.7825 6746.8492 -1.480641e-17 8.082881e-17 -1.606927e-02 1040 0
6741.3359 6747.4031 -3.431797e-17 7.098279e-17 -3.618050e-02 1024 0
6741.8893 6747.9570 -4.675212e-17 7.104591e-17 -4.897963e-02 1040 0
6742.4427 6748.5109 -1.149843e-16 8.449260e-17 -1.201457e-01 17424 0
6742.9960 6749.0647 -6.429684e-17 7.252565e-17 -6.718378e-02 17424 0
6743.5494 6749.6186 6.932613e-17 7.164517e-17 7.096274e-02 0 0
6744.1027 6750.1724 3.827276e-17 1.020649e-16 3.879913e-02 16 0
6744.6561 6750.7263 -4.189044e-17 7.171756e-17 -4.396443e-02 16 0
6745.2094 6751.2801 -9.007085e-17 7.048969e-17 -9.412007e-02 16384 0
6745.7628 6751.8339 3.150059e-16 8.112145e-17 3.263150e-01 16 0
6746.3161 6752.3878 2.329616e-14 2.506356e-16 2.433514e+01 16 0
6746.8694 6752.9416 1.456787e-14 2.034270e-16 1.521519e+01 16 0
6747.4227 6753.4954 4.045723e-16 7.786100e-17 4.196152e-01 16 0
6747.9760 6754.0492 2.916114e-15 1.101290e-16 3.041554e+00 0 0
6748.5293 6754.6030 6.653988e-18 8.476347e-17 6.112769e-03 16 0
6749.0826 6755.1567 -5.162838e-18 7.118554e-17 -6.088354e-03 0 0
6749.6358 6755.7105 -5.345243e-17 7.155127e-17 -5.586232e-02 16384 0
6750.1891 6756.2643 5.801281e-18 7.399160e-17 5.237717e-03 16 0
6750.7423 6756.8180 3.660201e-17 7.344724e-17 3.709415e-02 16 0
6751.2956 6757.3717 3.004224e-15 1.101797e-16 3.133903e+00 0 0
6751.8488 6757.9255 4.991129e-16 7.851361e-17 5.182056e-01 0 0
6752.4020 6758.4792 -2.013442e-17 7.198939e-17 -2.152077e-02 16 0
6752.9553 6759.0329 9.453214e-18 8.732928e-17 9.021699e-03 16 0
6753.5085 6759.5866 -9.539543e-18 7.083990e-17 -1.058874e-02 0 0
6754.0617 6760.1403 5.914463e-17 8.043987e-17 6.045369e-02 16 0
6754.6149 6760.6940 3.449173e-16 7.785966e-17 3.575571e-01 16 0
6755.1681 6761.2477 2.485897e-15 1.057912e-16 2.592785e+00 16 0
6755.7212 6761.8014 2.474889e-15 1.047655e-16 2.581338e+00 16 0
6756.2744 6762.3550 3.455661e-16 7.748715e-17 3.582546e-01 16 0
6756.8276 6762.9087 3.257988e-16 1.367838e-16 3.376717e-01 16 0
6757.3807 6763.4623 -1.657687e-16 7.020062e-17 -1.732887e-01 16384 0
6757.9338 6764.0160 1.304820e-16 7.431369e-17 1.344865e-01 16 0
6758.4870 6764.5696 5.232776e-17 7.116262e-17 5.341050e-02 0 0
6759.0401 6765.1232 -7.638200e-17 6.967296e-17 -7.985225e-02 16384 0
6759.5932 6765.6768 1.789099e-17 7.090316e-17 1.777000e-02 0 0
6760.1463 6766.2305 2.029491e-17 7.041764e-17 2.025832e-02 0 0
6760.6994 6766.7840 -4.951964e-17 7.045420e-17 -5.177300e-02 16384 0
6761.2525 6767.3376 3.184303e-18 7.105854e-17 2.574980e-03 0 0
6761.8056 6767.8912 -7.878037e-17 7.349212e-17 -8.236910e-02 16400 0
6762.3587 6768.4448 3.655661e-17 7.237554e-17 3.709474e-02 256 0
6762.9117 6768.9983 4.388552e-17 7.174333e-17 4.468597e-02 0 0
6763.4648 6769.5519 1.632190e-15 9.705172e-17 1.701577e+00 16 0
6764.0178 6770.1054 8.925665e-16 8.383018e-17 9.290690e-01 0 0
6764.5709 6770.6590 -7.242002e-17 7.147166e-17 -7.572831e-02 16400 0
6765.1239 6771.2125 -1.322845e-17 7.054230e-17 -1.435241e-02 0 0
6765.6769 6771.7660 -7.398236e-17 1.019827e-16 -7.736596e-02 16400 0
6766.2299 6772.3195 -4.497442e-17 7.044999e-17 -4.705614e-02 16 0
6766.7829 6772.8730 -2.004006e-17 7.148498e-17 -2.137176e-02 0 0
6767.3359 6773.4265 2.494431e-17 7.194544e-17 2.509762e-02 16 0
6767.8889 6773.9800 2.896551e-17 7.871315e-17 2.926127e-02 16 0
6768.4419 6774.5335 -3.758898e-18 7.148784e-17 -4.568029e-03 0 0
6768.9948 6775.0869 -2.291673e-17 6.947704e-17 -2.432990e-02 16 0
6769.5478 6775.6404 -7.653400e-17 7.135055e-17 -8.004938e-02 16400 0
6770.1007 6776.1938 5.938759e-18 7.084059e-17 5.455025e-03 0 0
6770.6537 6776.7473 5.405204e-17 9.318558e-17 5.525625e-02 272 0
6771.2066 6777.3007 8.714605e-17 7.318643e-17 8.958115e-02 272 0
6771.7595 6777.8541 2.180698e-15 1.012326e-16 2.275620e+00 0 0
6772.3124 6778.4075 2.919822e-15 1.098408e-16 3.048462e+00 0 0
6772.8653 6778.9609 1.511451e-15 9.691588e-17 1.576156e+00 16 0
6773.4182 6779.5143 2.569991e-16 7.633443e-17 2.662458e-01 256 0
6773.9711 6780.0677 2.203527e-15 1.024389e-16 2.299755e+00 272 0
6774.5240 6780.6211 2.642920e-14 2.630128e-16 2.764111e+01 0 0
6775.0769 6781.1744 1.043656e-14 1.742842e-16 1.091136e+01 0 0
6775.6297 6781.7278 2.338707e-16 7.995517e-17 2.421904e-01 16 0
6776.1826 6782.2811 -8.346861e-17 7.019454e-17 -8.733337e-02 16384 0
6776.7354 6782.8345 2.981843e-19 7.749312e-17 -3.477521e-04 16 0
6777.2882 6783.3878 -1.099192e-17 7.068340e-17 -1.200136e-02 0 0
6777.8410 6783.9411 2.332931e-17 7.147671e-17 2.347237e-02 0 0
6778.3939 6784.4944 -2.522013e-17 7.091349e-17 -2.667269e-02 0 0
6778.9467 6785.0477 -4.563039e-17 7.164912e-17 -4.775071e-02 16400 0
6779.4995 6785.6010 -7.202326e-17 8.408245e-17 -7.537244e-02 16400 0
6780.0522 6786.1543 1.232187e-17 7.149315e-17 1.209413e-02 16 0
6780.6050 6786.7076 6.488763e-17 7.342668e-17 6.654713e-02 16 0
6781.1578 6787.2608 -1.033234e-16 6.973946e-17 -1.081387e-01 16384 0
6781.7105 6787.8141 3.053151e-17 7.334364e-17 3.094597e-02 16 0
6782.2633 6788.3673 -4.893399e-17 7.176453e-17 -5.121793e-02 16400 0
6782.8160 6788.9206 2.208649e-17 7.322844e-17 2.220855e-02 16 0
6783.3688 6789.4738 6.887366e-17 9.554669e-17 7.069972e-02 16 0
6783.9215 6790.0270 -6.559059e-17 7.109962e-17 -6.865899e-02 16400 0
6784.4742 6790.5802 4.251699e-17 7.142755e-17 4.337572e-02 0 0
6785.0269 6791.1334 2.521244e-17 7.086106e-17 2.545448e-02 16 0
6785.5796 6791.6866 -1.005812e-16 7.060310e-17 -1.052974e-01 16400 0
6786.1323 6792.2398 -1.761350e-16 7.069727e-17 -1.844004e-01 16400 0
6786.6849 6792.7930 1.111441e-16 7.346634e-17 1.146214e-01 16 0
6787.2376 6793.3461 7.073227e-17 8.034411e-17 7.265404e-02 16 0
6787.7903 6793.8993 1.963158e-17 7.272040e-17 1.969028e-02 16 0
6788.3429 6794.4524 2.422290e-17 7.899209e-17 2.444561e-02 16 0
6788.8955 6795.0055 8.351613e-17 7.503328e-17 8.593723e-02 16 0
6789.4482 6795.5587 3.411331e-17 7.315393e-17 3.469435e-02 16 0
6790.0008 6796.1118 -7.939675e-17 7.007468e-17 -8.314352e-02 16384 0
6790.5534 6796.6649 -1.101258e-16 6.891046e-17 -1.153269e-01 16384 0
6791.1060 6797.2180 5.272965e-16 7.887462e-17 5.486799e-01 0 0
6791.6586 6797.7711 1.826784e-15 9.910465e-17 1.907931e+00 16 0
6792.2112 6798.3241 1.476264e-16 7.379332e-17 1.526188e-01 16 0
6792.7637 6798.8772 2.412116e-15 1.037113e-16 2.520753e+00 16 0
6793.3163 6799.4303 5.845503e-17 7.167201e-17 5.995431e-02 0 0
6793.8688 6799.9833 4.959785e-17 7.071602e-17 5.076986e-02 0 0
6794.4214 6800.5364 -3.912502e-18 7.100159e-17 -4.630223e-03 0 0
6794.9739 6801.0894 -1.013948e-16 7.512700e-17 -1.062156e-01 16400 0
6795.5264 6801.6424 -1.302357e-17 9.970670e-17 -1.403498e-02 16 0
6796.0789 6802.1954 7.624924e-18 7.160604e-17 7.302821e-03 0 0
6796.6314 6802.7484 -5.060721e-17 7.019706e-17 -5.301948e-02 16384 0
6797.1839 6803.3014 -5.623087e-17 7.062185e-17 -5.891350e-02 16400 0
6797.7364 6803.8544 -1.715919e-17 6.979120e-17 -1.829637e-02 0 0
6798.2889 6804.4074 8.717412e-16 8.508740e-17 9.091600e-01 16 0
6798.8414 6804.9603 3.086298e-15 1.109802e-16 3.227910e+00 0 0
6799.3938 6805.5133 1.036847e-16 7.348748e-17 1.069830e-01 16 0
6799.9463 6806.0662 4.357064e-17 7.762351e-17 4.455506e-02 16 0
6800.4987 6806.6192 4.610142e-17 7.466577e-17 4.718323e-02 16 0
6801.0511 6807.1721 -1.694147e-17 7.007169e-17 -1.806111e-02 0 0
6801.6036 6807.7250 -9.762343e-17 7.016945e-17 -1.023134e-01 16400 0
6802.1560 6808.2779 -8.712686e-17 7.317265e-17 -9.131633e-02 16400 0
6802.7084 6808.8308 2.596349e-17 7.320590e-17 2.631819e-02 16 0
6803.2607 6809.3837 -9.311145e-17 6.900234e-17 -9.759667e-02 16384 0
6803.8131 6809.9366 3.151981e-18 6.998273e-17 2.707373e-03 0 0
6804.3655 6810.4894 4.384049e-17 7.248756e-17 4.486111e-02 272 0
6804.9179 6811.0423 2.653175e-15 1.085591e-16 2.775522e+00 272 0
6805.4702 6811.5951 4.990921e-16 9.227284e-17 5.197492e-01 16 0
6806.0225 6812.1480 -4.679982e-17 7.413467e-17 -4.906437e-02 16400 0
6806.5749 6812.7008 -8.714451e-17 7.664626e-17 -9.136508e-02 16400 0
6807.1272 6813.2536 3.575312e-17 8.030904e-17 3.648899e-02 16 0
6807.6795 6813.8064 6.734213e-17 7.323720e-17 6.928031e-02 16 0
6808.2318 6814.3592 -3.019084e-17 7.129627e-17 -3.170888e-02 16 0
6808.7841 6814.9120 -1.052877e-17 7.887876e-17 -1.141442e-02 16 0
6809.3364 6815.4648 -1.909185e-17 6.995515e-17 -2.025531e-02 0 0
6809.8886 6816.0175 5.248838e-16 1.442079e-16 5.469031e-01 16 0
6810.4409 6816.5703 4.410609e-17 7.318865e-17 4.517334e-02 16 0
6810.9932 6817.1231 -1.331735e-17 6.993911e-17 -1.428770e-02 0 0
6811.5454 6817.6758 -6.753189e-17 9.386184e-17 -7.082978e-02 16400 0
6812.0976 6818.2285 -1.223708e-16 6.927107e-17 -1.283523e-01 16400 0
6812.6499 6818.7812 2.462737e-15 1.067654e-16 2.577526e+00 16 0
6813.2021 6819.3340 2.380227e-15 2.088863e-16 2.491134e+00 1040 0
6813.7543 6819.8867 6.895537e-17 7.163176e-17 7.100256e-02 1040 0
6814.3065 6820.4393 -2.353632e-17 8.397046e-17 -2.482848e-02 1040 0
6814.8586 6820.9920 2.271523e-17 7.054513e-17 2.301230e-02 1024 0
6815.4108 6821.5447 -5.669078e-17 7.355353e-17 -5.947745e-02 17424 0
6815.9630 6822.0974 9.474361e-17 7.170724e-17 9.783973e-02 1024 0
6816.5151 6822.6500 9.906465e-17 7.896997e-17 1.023418e-01 1040 0
6817.0673 6823.2026 2.697464e-16 8.676108e-17 2.803817e-01 1040 0
6817.6194 6823.7553 2.782986e-15 1.161570e-16 2.914428e+00 1040 0
6818.1715 6824.3079 5.459071e-17 7.158210e-17 5.610914e-02 1024 0
6818.7236 6824.8605 4.137092e-17 7.252698e-17 4.238478e-02 1024 0
6819.2757 6825.4131 1.044798e-15 8.829501e-17 1.091990e+00 1040 0
6819.8278 6825.9657 2.943107e-14 2.752952e-16 3.087931e+01 1024 0
6820.3799 6826.5183 1.311823e-15 8.964057e-17 1.372033e+00 1024 0
6820.9320 6827.0708 9.375372e-17 7.177269e-17 9.685712e-02 1024 0
6821.4841 6827.6234 3.873797e-17 7.416992e-17 3.966808e-02 1040 0
6822.0361 6828.1759 4.880327e-18 7.319259e-17 4.567636e-03 1040 0
6822.5882 6828.7285 4.843494e-18 1.167377e-16 4.531654e-03 1040 0
6823.1402 6829.2810 6.606696e-17 7.800052e-17 6.807240e-02 1040 0
6823.6922 6829.8335 2.981232e-17 8.305921e-17 3.041736e-02 1040 0
6824.2442 6830.3860 6.790273e-17 8.255489e-17 6.998992e-02 1040 0
6824.7962 6830.9385 -1.374409e-17 7.370247e-17 -1.468634e-02 1040 0
6825.3482 6831.4910 -5.843316e-17 7.282121e-17 -6.135534e-02 17424 0
6825.9002 6832.0435 1.019567e-16 7.204919e-17 1.054478e-01 1024 0
6826.4522 6832.5960 -4.323147e-18 7.112356e-17 -4.940532e-03 1040 0
6827.0041 6833.1484 -1.019180e-16 6.935477e-17 -1.070296e-01 17408 0
6827.5561 6833.7009 1.646000e-16 9.765644e-17 1.707850e-01 1040 0
6828.1080 6834.2533 -1.418599e-17 7.445423e-17 -1.513345e-02 1040 0
6828.6599 6834.8057 4.648387e-17 7.148658e-17 4.775652e-02 1040 0
6829.2119 6835.3582 9.121132e-17 8.458870e-17 9.428977e-02 1040 0
6829.7638 6835.9106 -4.163091e-17 7.018006e-17 -4.372906e-02 17408 0
6830.3157 6836.4630 5.546457e-17 7.413842e-17 5.710172e-02 1040 0
6830.8676 6837.0153 5.095681e-17 7.382043e-17 5.241942e-02 1040 0
6831.4194 6837.5677 -2.212129e-17 7.203367e-17 -2.332373e-02 16 0
6831.9713 6838.1201 1.816770e-15 9.853614e-17 1.903402e+00 16 0
6832.5232 6838.6724 1.349088e-14 1.935349e-16 1.416593e+01 0 0
6833.0750 6839.2248 1.504209e-15 9.299372e-17 1.575438e+00 16 0
6833.6269 6839.7771 1.203289e-16 7.175789e-17 1.246814e-01 0 0
6834.1787 6840.3294 -4.277246e-17 7.014292e-17 -4.494502e-02 16384 0
6834.7305 6840.8818 -6.837920e-17 6.858409e-17 -7.185581e-02 16384 0
6835.2823 6841.4341 -8.702388e-18 7.168478e-17 -9.442354e-03 16 0
6835.8341 6841.9864 3.336616e-17 7.156890e-17 3.417236e-02 16 0
6836.3859 6842.5386 -7.908255e-17 6.967895e-17 -8.311515e-02 16384 0
6836.9377 6843.0909 2.998708e-17 7.204059e-17 3.066912e-02 16 0
6837.4894 6843.6432 1.076639e-16 8.473188e-17 1.115191e-01 16 0
6838.0412 6844.1954 1.842215e-15 9.831400e-17 1.931120e+00 16 0
6838.5929 6844.7477 1.385182e-16 7.386023e-17 1.437218e-01 16 0
6839.1447 6845.2999 3.688988e-17 7.587607e-17 3.785151e-02 16 0
6839.6964 6845.8521 -2.178086e-17 7.030180e-17 -2.295281e-02 0 0
6840.2481 6846.4043 -1.103882e-17 7.110569e-17 -1.184501e-02 16 0
6840.7998 6846.9565 9.735196e-17 7.229742e-17 1.008029e-01 16 0
6841.3515 6847.5087 -1.676994e-16 1.122523e-16 -1.763263e-01 16400 0
6841.9032 6848.0609 3.240159e-16 1.866859e-16 3.378056e-01 16 0
6842.4548 6848.6130 -6.753241e-17 6.836052e-17 -7.101328e-02 16384 0
6843.0065 6849.1652 -4.664099e-17 7.258159e-17 -4.904740e-02 16400 0
6843.5581 6849.7173 1.243594e-16 7.265573e-17 1.290071e-01 0 0
6844.1098 6850.2695 -3.973555e-17 7.496498e-17 -4.178968e-02 16400 0
6844.6614 6850.8216 -1.084310e-16 6.941161e-17 -1.140418e-01 16400 0
6845.2130 6851.3737 -4.669346e-18 7.093450e-17 -5.238552e-03 0 0
6845.7646 6851.9258 4.694612e-17 7.231230e-17 4.834655e-02 16 0
6846.3162 6852.4779 -1.279800e-16 8.834812e-17 -1.346218e-01 16400 0
6846.8678 6853.0300 2.286498e-17 7.193143e-17 2.332263e-02 0 0
6847.4194 6853.5821 4.761328e-17 6.981754e-17 4.905115e-02 0 0
6847.9710 6854.1341 -4.385934e-17 7.960938e-17 -4.614215e-02 16400 0
6848.5225 6854.6862 1.067535e-17 7.243842e-17 1.067702e-02 16 0
6849.0741 6855.2382 1.803870e-15 1.268266e-16 1.892657e+00 16 0
6849.6256 6855.7902 4.420329e-16 1.017866e-16 4.617916e-01 16 0
6850.1771 6856.3423 9.287735e-17 7.159291e-17 9.623056e-02 16 0
6850.7286 6856.8943 2.742590e-17 8.081180e-17 2.886033e-02 16400 0
6851.2801 6857.4463 1.193356e-16 7.053710e-17 1.241647e-01 0 0
6851.8316 6857.9983 2.192120e-16 7.378116e-17 2.287439e-01 16 0
6852.3831 6858.5502 2.715959e-15 1.051761e-16 2.852557e+00 0 0
6852.9346 6859.1022 2.033180e-16 7.135971e-17 2.117836e-01 0 0
6853.4860 6859.6541 2.195372e-16 1.463603e-16 2.287362e-01 16 0
6854.0375 6860.2061 1.195976e-16 8.168084e-17 1.247378e-01 16 0
6854.5889 6860.7580 -1.098721e-16 7.326627e-17 -1.156576e-01 16400 0
6855.1403 6861.3099 4.886891e-16 8.175659e-17 5.111071e-01 512 0
