# obs_wvl flux error
2.973000000000000000e+03 3.585471253201933693e-16 9.663563929837199886e-17
2.978494500832716767e+03 3.017653773599301681e-16 6.328932896538989032e-17
2.983989001665433534e+03 2.843175443637119937e-16 6.292223388144858240e-17
2.989483502498150301e+03 3.786963089827112992e-16 6.936078815561155078e-17
2.994978003330867068e+03 3.095389656239962097e-16 6.114134173500269025e-17
3.000472504163583835e+03 2.136636489367050734e-16 5.675553120489442513e-17
3.005967004996300602e+03 2.425605278009042325e-16 9.024553515513963136e-17
3.011461505829017369e+03 2.119342971193754412e-16 6.312708096328827988e-17
3.016956006661734136e+03 1.829808976554062673e-16 5.636531847510266648e-17
3.022450507494450903e+03 1.662612213323738327e-16 7.664726857405117863e-17
3.027945008327167670e+03 1.703874517264279922e-16 4.604574714350258250e-17
3.033439509159884437e+03 2.422059657865293598e-16 4.388794695491630255e-17
3.038934009992601204e+03 2.361576386763091075e-16 4.440515123551898008e-17
3.044428510825317971e+03 2.700428051183724578e-16 4.750730891782380803e-17
3.049923011658034739e+03 2.926565773387751045e-16 4.308531705987657882e-17
3.055417512490751506e+03 2.776156678503955998e-16 4.181266680578103236e-17
3.060912013323468273e+03 2.183262110707739150e-16 4.632478437525425505e-17
3.066406514156185040e+03 1.895970412414893047e-16 3.568314532615082695e-17
3.071901014988901807e+03 2.310395851576345534e-16 3.841613316270920013e-17
3.077395515821618574e+03 1.799402940010294364e-16 3.570328139744405089e-17
3.082890016654335341e+03 2.234681915899799605e-16 4.902093994171154513e-17
3.088384517487052108e+03 1.642795931068495465e-16 5.936939940996402962e-17
3.093879018319768875e+03 2.091414486088406556e-16 3.632026524671864489e-17
3.099373519152485642e+03 1.865340084113264471e-16 5.269724125714363680e-17
3.104868019985202409e+03 1.163738825725044245e-16 4.231921058845272459e-17
3.110362520817919176e+03 5.562523109634946869e-17 4.001054946537125993e-17
3.115857021650635943e+03 2.148559871789328348e-16 4.033242896117641944e-17
3.121351522483352710e+03 1.657248857799534497e-16 3.960492918281005682e-17
3.126846023316069477e+03 1.812179795192883869e-16 3.115326747717945133e-17
3.132340524148786244e+03 1.607584305720196921e-16 3.682142557577775001e-17
3.137835024981503011e+03 1.742462366001961212e-16 3.960918934229283067e-17
3.143329525814219778e+03 2.535104774288185802e-16 4.456117353276249315e-17
3.148824026646936545e+03 2.034743914874411955e-16 3.848869426124592334e-17
3.154318527479653312e+03 2.411509223275560567e-16 3.630822541370626038e-17
3.159813028312370079e+03 1.825307298681890554e-16 3.292947942856235602e-17
3.165307529145086846e+03 1.679641714516784634e-16 4.025891420134741849e-17
3.170802029977803613e+03 5.495582693566612431e-17 2.964683249220796668e-17
3.176296530810520380e+03 2.798969767389656448e-16 3.169366303360698514e-17
3.181791031643237147e+03 2.952473645563443276e-16 3.312851135239222118e-17
3.187285532475953914e+03 2.662900904845316482e-16 3.077905753834116810e-17
3.192780033308670681e+03 2.467877083058671503e-16 3.056158104614521138e-17
3.198274534141387448e+03 2.732086286558898865e-16 2.730044090775501225e-17
3.203769034974104216e+03 3.010845947184348989e-16 2.923692441774547033e-17
3.209263535806820983e+03 3.133884645172620719e-16 3.168829646780601379e-17
3.214758036639537750e+03 2.513584484314496236e-16 2.832166385564226145e-17
3.220252537472254517e+03 2.997317360470138363e-16 3.356241755173371326e-17
3.225747038304971284e+03 2.892172961623679937e-16 2.752224432538851409e-17
3.231241539137688051e+03 3.496374207889785626e-16 3.293848618560919799e-17
3.236736039970404818e+03 2.892673471235538988e-16 4.072936808250150027e-17
3.242230540803121585e+03 2.417482166116633000e-16 3.270182194902215780e-17
3.247725041635838352e+03 3.378092323249804608e-16 2.531764750104825047e-17
3.253219542468555119e+03 2.614063759720178449e-16 2.532442535232137100e-17
3.258714043301271886e+03 3.212085817719663901e-16 2.649693484163681675e-17
3.264208544133988653e+03 3.224791558126761923e-16 2.439837482955635181e-17
3.269703044966705420e+03 3.028877597461503157e-16 3.259862037914325067e-17
3.275197545799422187e+03 1.980834187009609617e-16 2.922170993196582255e-17
3.280692046632138954e+03 3.101079694846572815e-16 2.411820674923814933e-17
3.286186547464855721e+03 2.803134621509640857e-16 2.580095467232560003e-17
3.291681048297572488e+03 2.902416908684603728e-16 2.451532818534377203e-17
3.297175549130289255e+03 2.500656729778405411e-16 2.321980696307343175e-17
3.302670049963006022e+03 2.499806442168821043e-16 2.281903774623442768e-17
3.308164550795722789e+03 2.542722110337557569e-16 2.274656789224919217e-17
3.313659051628439556e+03 2.181690401950898659e-16 2.307128042793286566e-17
3.319153552461156323e+03 2.632584344863443622e-16 2.638886953524759803e-17
3.324648053293873090e+03 2.180336851139169796e-16 2.268447604646851019e-17
3.330142554126589857e+03 3.017831411231494126e-16 4.030537805076302635e-17
3.335637054959306624e+03 2.288474985382148755e-16 2.222333653319321089e-17
3.341131555792023391e+03 2.395223414426345255e-16 2.195045774105416388e-17
3.346626056624740158e+03 2.605755752083168599e-16 2.193861303067941028e-17
3.352120557457456925e+03 2.247162750187445788e-16 1.209878319949248689e-16
3.357615058290173693e+03 2.401258726469011085e-16 2.172006234306524671e-17
3.363109559122890460e+03 1.983241811407258265e-16 2.462207857694590545e-17
3.368604059955607227e+03 2.109674641005892047e-16 2.183508595941746610e-17
3.374098560788323994e+03 2.774534273398011608e-16 2.085025164986342415e-17
3.379593061621040761e+03 2.865329089491903492e-16 2.055760878875833005e-17
3.385087562453757528e+03 2.586601921556055759e-16 2.042167668343212188e-17
3.390582063286474295e+03 8.691154904633459660e-17 3.941588254243404529e-17
3.396076564119191062e+03 -1.252527584104673247e-16 7.148292360166805191e-17
3.401571064951907829e+03 3.629228478312832895e-16 2.702081414734753481e-17
3.407065565784624596e+03 3.358328817681132915e-16 2.452026466791735447e-17
3.412560066617341363e+03 3.695009213887639570e-16 2.403843963604203201e-17
3.418054567450058130e+03 3.714002396975545612e-16 2.829069579432334573e-17
3.423549068282774897e+03 3.924955760186044913e-16 2.583430762870491842e-17
3.429043569115491664e+03 4.220363051944982664e-16 2.124871880737861736e-17
3.434538069948208431e+03 4.519586821657695862e-16 3.242118240453093907e-17
3.440032570780925198e+03 4.399720700410003555e-16 3.219485445076778512e-17
3.445527071613641965e+03 3.846138408775978971e-16 2.036235186996725672e-17
3.451021572446358732e+03 3.750634759504876974e-16 2.288773624961569990e-17
3.456516073279075499e+03 3.682699807378299077e-16 2.273027123175978451e-17
3.462010574111792266e+03 4.251747880255048099e-16 2.086155216612972662e-17
3.467505074944509033e+03 4.095811126914258139e-16 1.948557831615643082e-17
3.472999575777225800e+03 4.031419919320878576e-16 1.975445163709064138e-17
3.478494076609942567e+03 4.392841123235334523e-16 2.106164944997494825e-17
3.483988577442659334e+03 4.439264914333947659e-16 2.121929892488955312e-17
3.489483078275376101e+03 4.117868040385274690e-16 2.078306284102845411e-17
3.494977579108092868e+03 4.907467372421383628e-16 2.079606549365916120e-17
3.500472079940809635e+03 4.577425507619162304e-16 2.146601749512895296e-17
3.505966580773526402e+03 4.625738720558369294e-16 1.919239594033809390e-17
3.511461081606243170e+03 5.175774061322224700e-16 1.979276952071225509e-17
3.516955582438959937e+03 4.981579922391108398e-16 1.974530945150151255e-17
3.522450083271676704e+03 5.246124450101285919e-16 1.972757722112077488e-17
3.527944584104393471e+03 5.460606295748042949e-16 2.080286472642414645e-17
3.533439084937110238e+03 5.539141494699272853e-16 1.936048649469339353e-17
3.538933585769827005e+03 6.294986489013710877e-16 2.597177575006375276e-17
3.544428086602543772e+03 5.964502073176358897e-16 1.924601549762963171e-17
3.549922587435260539e+03 6.342245945092195952e-16 2.337514269281406635e-17
3.555417088267977306e+03 6.239320459337906183e-16 2.031010138819919311e-17
3.560911589100694073e+03 6.320796390422223539e-16 2.094417170382855916e-17
3.566406089933410840e+03 5.853982388810834668e-16 2.309944437893058905e-17
3.571900590766127607e+03 6.705083400438991492e-16 2.018910981081802898e-17
3.577395091598844374e+03 6.378190756932472632e-16 2.215992297802906032e-17
3.582889592431561141e+03 6.967202267806850402e-16 2.702587112299152319e-17
3.588384093264277908e+03 6.700449959995402373e-16 2.178106173811867026e-17
3.593878594096994675e+03 6.372976327486763251e-16 2.119878882326283781e-17
3.599373094929711442e+03 6.684283843452596401e-16 1.993427436226177177e-17
3.604867595762428209e+03 6.483499844728767107e-16 1.989028934696765978e-17
3.610362096595144976e+03 7.534966494484256235e-16 3.656591216707390576e-17
3.615856597427861743e+03 6.711962096879629456e-16 2.184482908513699890e-17
3.621351098260578510e+03 6.684736321619182076e-16 1.986428604332209370e-17
3.626845599093295277e+03 6.805477545842145843e-16 2.026608810921822686e-17
3.632340099926012044e+03 7.173657334759506468e-16 2.209559340987188105e-17
3.637834600758728811e+03 6.932936278814522198e-16 2.370181335948859482e-17
3.643329101591445578e+03 6.560408571975400302e-16 1.905712212733809538e-17
3.648823602424162345e+03 6.749894196975986078e-16 1.966615522338656178e-17
3.654318103256879112e+03 6.789012329244984012e-16 2.390963202990585948e-17
3.659812604089595879e+03 6.675065699920928527e-16 1.978401829714912352e-17
3.665307104922312647e+03 6.425098194350920659e-16 1.894944778335368432e-17
3.670801605755029414e+03 6.347388042452174460e-16 1.911063860612044198e-17
3.676296106587746181e+03 5.213287706504686281e-16 2.432256135235779121e-17
3.681790607420462948e+03 5.614207276217144601e-16 2.277806590970925357e-17
3.687285108253179715e+03 5.425016023800466461e-16 2.057158601346455516e-17
3.692779609085896482e+03 4.887173246146917080e-16 1.766536293164590780e-17
3.698274109918613249e+03 5.030683252202167476e-16 2.169512968329472607e-17
3.703768610751330016e+03 4.519957763754860957e-16 2.735198004027280163e-17
3.709263111584046783e+03 3.835471408940462503e-16 2.029796152884967606e-17
3.714757612416763550e+03 3.512111781251388656e-16 1.546847326681901536e-17
3.720252113249480317e+03 3.575798897656245978e-16 1.536626667125057510e-17
3.725746614082197084e+03 3.354954691343024212e-16 1.521530460093720988e-17
3.731241114914913851e+03 3.291812052874005034e-16 2.107120103075977316e-17
3.736735615747630618e+03 2.246022447570790911e-16 1.595363714930611660e-17
3.742230116580347385e+03 2.620280813288577805e-16 1.493585202541792684e-17
3.747724617413064152e+03 2.658902544578333741e-16 1.425991676335274021e-17
3.753219118245780919e+03 1.996632837285861731e-16 1.411965583303388274e-17
3.758713619078497686e+03 2.232937249148169707e-16 1.898039965320107471e-17
3.764208119911214453e+03 2.443623147245752971e-16 1.790086721526273905e-17
3.769702620743931220e+03 2.245868695935295464e-16 1.504144559836886185e-17
3.775197121576647987e+03 2.163776280841849144e-16 1.290484300610571550e-17
3.780691622409364754e+03 2.216209538666223769e-16 1.617606231213524251e-17
3.786186123242081521e+03 2.333821151121585885e-16 2.179709854348512627e-17
3.791680624074798288e+03 2.571280604486696722e-16 2.407095551590455461e-17
3.797175124907515055e+03 2.249409030226433726e-16 1.461992618390602727e-17
3.802669625740231822e+03 2.599737176792901206e-16 1.429111558106151036e-17
3.808164126572948589e+03 2.602289812102966566e-16 1.524709239626738648e-17
3.813658627405665356e+03 2.870519688867653977e-16 1.383337582239698985e-17
3.819153128238382124e+03 2.742521212532004896e-16 1.298514343688870389e-17
3.824647629071098891e+03 2.809547372381159729e-16 1.235439028856767471e-17
3.830142129903815658e+03 2.781802042819028551e-16 1.336208097176926973e-17
3.835636630736532425e+03 3.185853336748701870e-16 1.423837189374796824e-17
3.841131131569249192e+03 3.526360546153068198e-16 1.399329045442028878e-17
3.846625632401965959e+03 3.330015482450484628e-16 1.331990338391844923e-17
3.852120133234682726e+03 3.908535468609734941e-16 1.397506206840084310e-17
3.857614634067399493e+03 4.258431134752808314e-16 1.388717741815513774e-17
3.863109134900116260e+03 4.166604479720267736e-16 1.504527804373018952e-17
3.868603635732833027e+03 4.788188315268969538e-16 1.387453570720868729e-17
3.874098136565549794e+03 4.934292020118608184e-16 1.497282387668494745e-17
3.879592637398266561e+03 5.011957590582947437e-16 1.568386600671505657e-17
3.885087138230983328e+03 5.770131947952568704e-16 1.991453075337259901e-17
3.890581639063700095e+03 5.630843900759313818e-16 1.372275569924210275e-17
3.896076139896416862e+03 6.018761490124008080e-16 1.361316130350390248e-17
3.901570640729133629e+03 5.913582893070961561e-16 1.517395083268154539e-17
3.907065141561850396e+03 6.658199091754963439e-16 1.342301375062170172e-17
3.912559642394567163e+03 7.522791415774327183e-16 1.676515118438374579e-17
3.918054143227283930e+03 7.424065897831881777e-16 1.482261287303685076e-17
3.923548644060000697e+03 7.908062542346605696e-16 1.737584076172595298e-17
3.929043144892717464e+03 8.414925396635665311e-16 1.443139112156441293e-17
3.934537645725434231e+03 8.389228593634509879e-16 1.434672080572259787e-17
3.940032146558150998e+03 8.950413386615243198e-16 1.510532631033397477e-17
3.945526647390867765e+03 9.126661670218822497e-16 1.461176696116970886e-17
3.951021148223584532e+03 9.513150278824409033e-16 1.532039919650517394e-17
3.956515649056301299e+03 9.912975362445949275e-16 1.723158244716982505e-17
3.962010149889018066e+03 9.915902368329115718e-16 1.789996031740185504e-17
3.967504650721734833e+03 9.849819471438422462e-16 1.443042814751156132e-17
3.972999151554451601e+03 9.785798931664537899e-16 1.541505833244688663e-17
3.978493652387168368e+03 1.010660961364108102e-15 1.628984958005657896e-17
3.983988153219885135e+03 9.586176412348885959e-16 1.526081413406769721e-17
3.989482654052601902e+03 9.919542676456776585e-16 1.819366158199942718e-17
3.994977154885318669e+03 9.412830913839990873e-16 1.539592812617927715e-17
4.000471655718035436e+03 9.391975873238712203e-16 1.570670170752582767e-17
4.005966156550752203e+03 8.674846963535419278e-16 1.605876157705814798e-17
4.011460657383468970e+03 9.550733528982398070e-16 1.816021530467631809e-17
4.016955158216185737e+03 9.331085008064946724e-16 1.873615816532921218e-17
4.022449659048902504e+03 9.218039631652231168e-16 1.608817289209746656e-17
4.027944159881619271e+03 9.546886772663206443e-16 1.524814082065745113e-17
4.033438660714336038e+03 8.829279039785937607e-16 1.578514882519598233e-17
4.038933161547052805e+03 8.676975047602349321e-16 1.634087675421341166e-17
4.044427662379769572e+03 9.020290217716543551e-16 1.521409276873557272e-17
4.049922163212486339e+03 8.568070339625335786e-16 1.884162843970821372e-17
4.055416664045203106e+03 8.788385169689995502e-16 1.871719594852280738e-17
4.060911164877919873e+03 8.436459506328415256e-16 1.665177299016202816e-17
4.066405665710636640e+03 8.330185130270988578e-16 1.730793435382238819e-17
4.071900166543353407e+03 8.530911050235701010e-16 1.883907251356651140e-17
4.077394667376070174e+03 8.788143704196143221e-16 1.640308216824481619e-17
4.082889168208786941e+03 8.948078000043577081e-16 1.532008384173212230e-17
4.088383669041503708e+03 9.390367812452157144e-16 1.734073835982418978e-17
4.093878169874220475e+03 9.510610351483675069e-16 1.424045592925336757e-17
4.099372670706937242e+03 9.678934607102353399e-16 1.710919516386477488e-17
4.104867171539654009e+03 9.405418546907189532e-16 1.393562202515549860e-17
4.110361672372370776e+03 9.140245278733713999e-16 1.586012370428519587e-17
4.115856173205087543e+03 9.011630463109959852e-16 1.826320938930168292e-17
4.121350674037804311e+03 9.142389126715187135e-16 1.786817417511928991e-17
4.126845174870521078e+03 9.517818110725221973e-16 1.738562974012370786e-17
4.132339675703237845e+03 9.892818651024170556e-16 1.650941279475711323e-17
4.137834176535954612e+03 1.011733144624226897e-15 1.652230701389780779e-17
4.143328677368671379e+03 1.067938603589249484e-15 1.607943880342813787e-17
4.148823178201388146e+03 1.036516647852408760e-15 1.584596745026213191e-17
4.154317679034104913e+03 9.691048899076701585e-16 1.793776566623137466e-17
4.159812179866821680e+03 9.692050291257219586e-16 1.657783450780736622e-17
4.165306680699538447e+03 1.017935425629656119e-15 2.028116009873571432e-17
4.170801181532255214e+03 9.543239488826861805e-16 1.794548509511153277e-17
4.176295682364971981e+03 9.676692570418249907e-16 1.672581351550910359e-17
4.181790183197688748e+03 9.705368881376837568e-16 1.751399575338623892e-17
4.187284684030405515e+03 9.146990701473071749e-16 1.752116034111563953e-17
4.192779184863122282e+03 9.591241804835793572e-16 1.452747243569546508e-17
4.198273685695839049e+03 9.244064669498135096e-16 1.830457376491037913e-17
4.203768186528555816e+03 9.161493508527628054e-16 1.537752218096780866e-17
4.209262687361272583e+03 9.230885536411725375e-16 1.643101223769128662e-17
4.214757188193989350e+03 9.199873443192764150e-16 1.882302038000886902e-17
4.220251689026706117e+03 8.895379160797015312e-16 1.627582186040815635e-17
4.225746189859422884e+03 8.908078022371345609e-16 1.649028817342588587e-17
4.231240690692139651e+03 8.686756290463174009e-16 1.692203359578430577e-17
4.236735191524856418e+03 9.022436031091814515e-16 1.358629301649037631e-17
4.242229692357573185e+03 9.073386479733507746e-16 1.465770277488948603e-17
4.247724193190289952e+03 9.363892301929918200e-16 2.165702206091887404e-17
4.253218694023006719e+03 8.547758152867969118e-16 1.593087598411064181e-17
4.258713194855723486e+03 8.888904948007722352e-16 1.624372119500689941e-17
4.264207695688440253e+03 8.631066148475316809e-16 1.613352947001052664e-17
4.269702196521157020e+03 9.050185668555559822e-16 1.745031008903101588e-17
4.275196697353873788e+03 8.629464772502035395e-16 1.579141579722776523e-17
4.280691198186590555e+03 8.273151253130470171e-16 1.539069724445542437e-17
4.286185699019307322e+03 7.693330870281638095e-16 1.588878721618820308e-17
4.291680199852024089e+03 7.815025656759050066e-16 1.803203380366971501e-17
4.297174700684740856e+03 7.285854221356805733e-16 1.500923365701321370e-17
4.302669201517457623e+03 6.705403997260230586e-16 1.422163452231374498e-17
4.308163702350174390e+03 7.131434378089491497e-16 1.370238265118263375e-17
4.313658203182891157e+03 6.486127346133333221e-16 1.230230851886784350e-17
4.319152704015607924e+03 6.379838628444322117e-16 1.167990115594629011e-17
4.324647204848324691e+03 6.040947190362409002e-16 1.579637483786963521e-17
4.330141705681041458e+03 5.546442603827486039e-16 1.271896210842089639e-17
4.335636206513758225e+03 4.748691512708914214e-16 1.766224214166901181e-17
4.341130707346474992e+03 5.621718773662174529e-16 1.322879661173732260e-17
4.346625208179191759e+03 4.901937954319012380e-16 1.202810196305914964e-17
4.352119709011908526e+03 5.027421534566454741e-16 1.340861218941140898e-17
4.357614209844625293e+03 4.729726516777164266e-16 1.029573835167538540e-17
4.363108710677342060e+03 4.537622430824061377e-16 9.997528102569460167e-18
4.368603211510058827e+03 4.528952702128701580e-16 1.121959562545586377e-17
4.374097712342775594e+03 4.093512860308256478e-16 1.313315649008540741e-17
4.379592213175492361e+03 4.190594525640066943e-16 1.250164530548403531e-17
4.385086714008209128e+03 4.017952280599790396e-16 1.362517543699945203e-17
4.390581214840925895e+03 4.151347252896667071e-16 1.079045614013441408e-17
4.396075715673642662e+03 4.275591196015372359e-16 1.192069302066859676e-17
4.401570216506359429e+03 4.066392979608629589e-16 1.104799388905716600e-17
4.407064717339076196e+03 4.184453552332532754e-16 1.077917225421517085e-17
4.412559218171792963e+03 4.415591138983300901e-16 1.082092359519072765e-17
4.418053719004509730e+03 4.418197570186133535e-16 1.110151014654606053e-17
4.423548219837226497e+03 4.182992604742413329e-16 1.210967066321121302e-17
4.429042720669943265e+03 4.733264975392863394e-16 1.177427561456859678e-17
4.434537221502660032e+03 5.145477784320147590e-16 1.158471796357803485e-17
4.440031722335376799e+03 4.535688229467949481e-16 1.205442516488503909e-17
4.445526223168093566e+03 4.887785928411788740e-16 1.231743412604978140e-17
4.451020724000810333e+03 5.275090058036165962e-16 1.197338043068930119e-17
4.456515224833527100e+03 5.433964841126521343e-16 1.221387422552946541e-17
4.462009725666243867e+03 5.937412985694209854e-16 1.335410828164118769e-17
4.467504226498960634e+03 5.506443170464845771e-16 1.246551521293042102e-17
4.472998727331677401e+03 6.227741256507726846e-16 1.190895087182995654e-17
4.478493228164394168e+03 6.751172683780139337e-16 1.316821213311490757e-17
4.483987728997110935e+03 6.779138854523273169e-16 1.211823594667602740e-17
4.489482229829827702e+03 6.501114573387258296e-16 1.380825980774269073e-17
4.494976730662544469e+03 6.908879339004649115e-16 1.233973316056008941e-17
4.500471231495261236e+03 7.357754393689351678e-16 1.290616668723108541e-17
4.505965732327978003e+03 7.557904502881483256e-16 1.360131984089391954e-17
4.511460233160694770e+03 7.544278764051349223e-16 1.404839467862559610e-17
4.516954733993411537e+03 7.856229141813361288e-16 1.308601362459452937e-17
4.522449234826128304e+03 7.876917632827313223e-16 1.475216146648265011e-17
4.527943735658845071e+03 8.373151276202788604e-16 1.530938874667633033e-17
4.533438236491561838e+03 7.498140691893046150e-16 1.458550285143922757e-17
4.538932737324278605e+03 8.543908695387777856e-16 1.326903239304413802e-17
4.544427238156995372e+03 8.285002254633912053e-16 1.764304779422171216e-17
4.549921738989712139e+03 8.221163698367516435e-16 1.484770288570918344e-17
4.555416239822428906e+03 8.497240887262285481e-16 1.486217297185953833e-17
4.560910740655145673e+03 8.625865999115488736e-16 1.598121977138480824e-17
4.566405241487862440e+03 8.842700371308377116e-16 1.385976974993363375e-17
4.571899742320579207e+03 8.734443644479314256e-16 1.443772903464575515e-17
4.577394243153295974e+03 9.869544139358893411e-16 1.428272876380287462e-17
4.582888743986012742e+03 9.296335036170750062e-16 1.511153929375254131e-17
4.588383244818729509e+03 9.383905228709939415e-16 1.445347752166100687e-17
4.593877745651446276e+03 9.430326926933460316e-16 1.379448556359584015e-17
4.599372246484163043e+03 9.455170279456797596e-16 1.482643436969377325e-17
4.604866747316879810e+03 8.960781020344769143e-16 1.657605048868051416e-17
4.610361248149596577e+03 8.707206937680166461e-16 1.525600529777531508e-17
4.615855748982313344e+03 9.006516445335491611e-16 1.479443603756330044e-17
4.621350249815030111e+03 9.072077646040344357e-16 1.408574392225506668e-17
4.626844750647746878e+03 9.129786118876314876e-16 1.472573972474801585e-17
4.632339251480463645e+03 8.744011773068587019e-16 1.477990361939530292e-17
4.637833752313180412e+03 8.298909618687058622e-16 1.541873323544511782e-17
4.643328253145897179e+03 8.474211038915313799e-16 1.441864647897458668e-17
4.648822753978613946e+03 8.369660973367454159e-16 1.402634088526162719e-17
4.654317254811330713e+03 8.352937431025092079e-16 1.377775875870386029e-17
4.659811755644047480e+03 8.779174476832502595e-16 1.345092603754676793e-17
4.665306256476764247e+03 8.445287498043418540e-16 1.384626827159781957e-17
4.670800757309481014e+03 8.028471349688127224e-16 1.694375904905730364e-17
4.676295258142197781e+03 7.590843213331814497e-16 1.393100991491505800e-17
4.681789758974914548e+03 8.295227895382675914e-16 1.305537984986335890e-17
4.687284259807631315e+03 7.972945385440805374e-16 1.402897296050130993e-17
4.692778760640348082e+03 7.583653021429691399e-16 1.358037242170427722e-17
4.698273261473064849e+03 7.129870049861688249e-16 1.300310425538282283e-17
4.703767762305781616e+03 7.052659091705693262e-16 1.240634398210740679e-17
4.709262263138498383e+03 6.950750518059985827e-16 1.196991956404808554e-17
4.714756763971215150e+03 6.751762286935085334e-16 1.215988977052962232e-17
4.720251264803931917e+03 6.174176036221825634e-16 1.316202604078289871e-17
4.725745765636648684e+03 6.163223192729552220e-16 1.218529280504359344e-17
4.731240266469365451e+03 6.102382865208168805e-16 1.132544603208476231e-17
4.736734767302082219e+03 6.434824762469906965e-16 1.091923556759183801e-17
4.742229268134798986e+03 6.212649226219290659e-16 1.185566611174756800e-17
4.747723768967515753e+03 5.811468555544419740e-16 1.200086809552230963e-17
4.753218269800232520e+03 5.660064716814964090e-16 1.235354981631590453e-17
4.758712770632949287e+03 6.105659060608160945e-16 1.116432748505501286e-17
4.764207271465666054e+03 5.551274557101087974e-16 1.128991574950732856e-17
4.769701772298382821e+03 5.372801711567790195e-16 1.160851380862755249e-17
4.775196273131099588e+03 5.217385616379894392e-16 1.071361645479155574e-17
4.780690773963816355e+03 5.158719550451546763e-16 1.275530985021749615e-17
4.786185274796533122e+03 4.530374268335889749e-16 1.276232226193509012e-17
4.791679775629249889e+03 4.937010050942385387e-16 9.557644162067208954e-18
4.797174276461966656e+03 4.517012230880684908e-16 9.815268404444150384e-18
4.802668777294683423e+03 5.190619650961976813e-16 9.621017477901834949e-18
4.808163278127400190e+03 5.421249226666158272e-16 9.433021869412131228e-18
4.813657778960116957e+03 4.981122317174837203e-16 1.173663121284663138e-17
4.819152279792833724e+03 4.923310040319300836e-16 9.783521074031519988e-18
4.824646780625550491e+03 4.883899083579302637e-16 9.776324746245807084e-18
4.830141281458267258e+03 4.692770730279991383e-16 9.518835526782441870e-18
4.835635782290984025e+03 4.726469681659973500e-16 1.034937993462167368e-17
4.841130283123700792e+03 4.450370900107230465e-16 1.084443604033037666e-17
4.846624783956417559e+03 4.877623921909637649e-16 1.051628081426172927e-17
4.852119284789134326e+03 4.664712973681344331e-16 1.138501786280275924e-17
4.857613785621851093e+03 4.605761605715659966e-16 9.129026608506689574e-18
4.863108286454567860e+03 4.849097597193880441e-16 1.086866652657112019e-17
4.868602787287284627e+03 4.782326130191524241e-16 1.068838067499417051e-17
4.874097288120001394e+03 4.465945759855790406e-16 9.879921314158823296e-18
4.879591788952718161e+03 4.380573687716625081e-16 1.018925387053295972e-17
4.885086289785434928e+03 4.735036441322984004e-16 8.751230681049894634e-18
4.890580790618151696e+03 4.993015613071001808e-16 9.067351292852114892e-18
4.896075291450868463e+03 5.156985881909836156e-16 9.475166421293908849e-18
4.901569792283585230e+03 5.001563464153300534e-16 1.059126330739885207e-17
4.907064293116301997e+03 4.957441234964018203e-16 1.162492750060617501e-17
4.912558793949018764e+03 4.677303278298232867e-16 1.205034578276993695e-17
4.918053294781735531e+03 4.614326295318713075e-16 1.115049159032667485e-17
4.923547795614452298e+03 4.336174725587904950e-16 8.909630161815513752e-18
4.929042296447169065e+03 4.345457685649323968e-16 1.024949261339495627e-17
4.934536797279885832e+03 3.902192774981472520e-16 9.743883351161686213e-18
4.940031298112602599e+03 4.540388143440526855e-16 1.647754214391554020e-17
4.945525798945319366e+03 4.104935103701016367e-16 1.029154380154552828e-17
4.951020299778036133e+03 3.836653639199182003e-16 8.435326555425116316e-18
4.956514800610752900e+03 3.697090889647743952e-16 1.302024681622999227e-17
4.962009301443469667e+03 3.883559593232773994e-16 8.306828265524383610e-18
4.967503802276186434e+03 4.170732765646877012e-16 8.471222241572126287e-18
4.972998303108903201e+03 3.911702212328985937e-16 8.984012609443574661e-18
4.978492803941619968e+03 3.965900331222525900e-16 8.229958323138836009e-18
4.983987304774336735e+03 4.200672273698979992e-16 8.691193775852940927e-18
4.989481805607053502e+03 3.784022471875231090e-16 9.953783218100103807e-18
4.994976306439770269e+03 4.265965309606779199e-16 9.854762689116925033e-18
5.000470807272487036e+03 4.157186468813863966e-16 9.532850245723103898e-18
5.005965308105203803e+03 4.116813630672121592e-16 8.612038694554004595e-18
5.011459808937920570e+03 4.104831212324948278e-16 8.095588791037679041e-18
5.016954309770637337e+03 4.072333642394567837e-16 8.603415033188868559e-18
5.022448810603354104e+03 4.254572921001585132e-16 8.312773682021183652e-18
5.027943311436070871e+03 4.384596142527249324e-16 8.537826919298019512e-18
5.033437812268787638e+03 4.473860365134694668e-16 8.555214474926262957e-18
5.038932313101504405e+03 4.219211810842490777e-16 9.349817738163197130e-18
5.044426813934221173e+03 4.144466606237571687e-16 8.448960511059876401e-18
5.049921314766937940e+03 4.122576340227284430e-16 8.597240917594045242e-18
5.055415815599654707e+03 4.168228612574230473e-16 8.301453961812330774e-18
5.060910316432371474e+03 4.330428681166059858e-16 9.501077669628955017e-18
5.066404817265088241e+03 3.942662883870980722e-16 8.991699846425444594e-18
5.071899318097805008e+03 4.503660939400044191e-16 1.013255633300339411e-17
5.077393818930521775e+03 4.272216865591842304e-16 8.718603596833905430e-18
5.082888319763238542e+03 4.095443941357680622e-16 8.655355940395937298e-18
5.088382820595955309e+03 4.530839878492844658e-16 9.546349275586234337e-18
5.093877321428672076e+03 4.356157015534314536e-16 9.502000395259640153e-18
5.099371822261388843e+03 4.417158666828425669e-16 9.213031074882709728e-18
5.104866323094105610e+03 4.525810152966765493e-16 8.379483703808301132e-18
5.110360823926822377e+03 4.745000482671293754e-16 9.689960243168284109e-18
5.115855324759539144e+03 4.705788291398428916e-16 8.071605976458655345e-18
5.121349825592255911e+03 4.807809207205805829e-16 8.585316394639785750e-18
5.126844326424972678e+03 4.399243839322183957e-16 9.660268668949565175e-18
5.132338827257689445e+03 4.606936211109479186e-16 1.168798829589423081e-17
5.137833328090406212e+03 5.095557995531464939e-16 8.984545326109862598e-18
5.143327828923122979e+03 5.506279648821030686e-16 9.092875192008126729e-18
5.148822329755839746e+03 5.796412682168879542e-16 9.800149223742715643e-18
5.154316830588556513e+03 6.208649613689747092e-16 9.377819110011667835e-18
5.159811331421273280e+03 5.825257016360273152e-16 1.003734753278179173e-17
5.165305832253990047e+03 6.115697073246698946e-16 1.030961557536058674e-17
5.170800333086706814e+03 6.222235138914486175e-16 1.017425505624339156e-17
5.176294833919423581e+03 6.692362251626129210e-16 1.003789835499757372e-17
5.181789334752140348e+03 6.963265115627426769e-16 1.022313336900992917e-17
5.187283835584857115e+03 7.332684275954334030e-16 1.093496423836566684e-17
5.192778336417573882e+03 7.070970988849497664e-16 1.017894598129129744e-17
5.198272837250290650e+03 7.150290848891213319e-16 1.082477647218984382e-17
5.203767338083007417e+03 7.609468093643725173e-16 1.160707886461623677e-17
5.209261838915724184e+03 7.721709107499581471e-16 1.096817562792598185e-17
5.214756339748440951e+03 7.466151110945077098e-16 1.163278814570940225e-17
5.220250840581157718e+03 7.640856211169136992e-16 1.113131100406237739e-17
5.225745341413874485e+03 7.198435239333882052e-16 1.011978970187475534e-17
5.231239842246591252e+03 7.456725863882076156e-16 1.027368307875864490e-17
5.236734343079308019e+03 7.703523330292036489e-16 1.234273255001265215e-17
5.242228843912024786e+03 7.789439637229966683e-16 1.253087645853697625e-17
5.247723344744741553e+03 7.756408069732911520e-16 1.019478152388003028e-17
5.253217845577458320e+03 7.604469424788027351e-16 1.069757545479276622e-17
5.258712346410175087e+03 7.788190927587054229e-16 1.040992814808562296e-17
5.264206847242891854e+03 7.966069757999552414e-16 1.021172612162693082e-17
5.269701348075608621e+03 8.106449111111710294e-16 1.007538810426352015e-17
5.275195848908325388e+03 8.126152480193925742e-16 9.731475153877740444e-18
5.280690349741042155e+03 7.866040554003768485e-16 1.007226035045513434e-17
5.286184850573758922e+03 7.565811741813501736e-16 1.055974926737036928e-17
5.291679351406475689e+03 7.649975257133376875e-16 1.136502345873093519e-17
5.297173852239192456e+03 7.906953069406411817e-16 1.175514390450540766e-17
5.302668353071909223e+03 7.611848667369036732e-16 1.019227872338884976e-17
5.308162853904625990e+03 7.613839776989223533e-16 9.879756634625368176e-18
5.313657354737342757e+03 7.170382390125080932e-16 1.238837326881143045e-17
5.319151855570059524e+03 6.975219441453968934e-16 1.024101779647451828e-17
5.324646356402776291e+03 6.997306867514478234e-16 1.042598561229850060e-17
5.330140857235493058e+03 6.882379198978232815e-16 1.047289778010717216e-17
5.335635358068209825e+03 6.654540235473629930e-16 9.636467728098327235e-18
5.341129858900926592e+03 6.657178298229909473e-16 1.099133375100317329e-17
5.346624359733643360e+03 6.337516566586479853e-16 9.434736045668811507e-18
5.352118860566360127e+03 6.509689955673159156e-16 1.041986727107559209e-17
5.357613361399076894e+03 6.358541161460705502e-16 1.163246464092446937e-17
5.363107862231793661e+03 6.055015939674804584e-16 9.050198199200674431e-18
5.368602363064510428e+03 5.917641648196834710e-16 9.345132225197146672e-18
5.374096863897227195e+03 6.099151552493318578e-16 9.931040042264655394e-18
5.379591364729943962e+03 6.089666949722618919e-16 9.784016378956509524e-18
5.385085865562660729e+03 6.149109776664578241e-16 1.265737795950710578e-17
5.390580366395377496e+03 5.588974259163636455e-16 1.154682227592906099e-17
5.396074867228094263e+03 5.605740562961727337e-16 9.203587363637431532e-18
5.401569368060811030e+03 5.457881218013506471e-16 9.032333398677169885e-18
5.407063868893527797e+03 5.460271709818535924e-16 9.126223822939993266e-18
5.412558369726244564e+03 5.777915666075528632e-16 8.698126457454255527e-18
5.418052870558961331e+03 5.575114927006525778e-16 9.278304616344197927e-18
5.423547371391678098e+03 6.316029466647972734e-16 1.250345058601235646e-17
5.429041872224394865e+03 6.048710775968733111e-16 9.263105231263922352e-18
5.434536373057111632e+03 5.697606494547152764e-16 8.732144154477813189e-18
5.440030873889828399e+03 5.798228224782102886e-16 9.307907098490266274e-18
5.445525374722545166e+03 5.684418750970298725e-16 9.482146995473625481e-18
5.451019875555261933e+03 5.552260480837281514e-16 9.287331420274922686e-18
5.456514376387978700e+03 5.459979949176076826e-16 9.240360912213770749e-18
5.462008877220695467e+03 5.896913705802651507e-16 9.118972531980499014e-18
5.467503378053412234e+03 5.949842750635378905e-16 8.920951513457123036e-18
5.472997878886129001e+03 5.723858679274327176e-16 9.502534551409235697e-18
5.478492379718845768e+03 5.862197483062341214e-16 9.480918070655788200e-18
5.483986880551562535e+03 5.922004984794610870e-16 1.033448678611649113e-17
5.489481381384279302e+03 6.013891533330320385e-16 9.298620294904822824e-18
5.494975882216996069e+03 5.939740657262074261e-16 9.172944799663757531e-18
5.500470383049712837e+03 6.166386406784551335e-16 1.128233054734994621e-17
5.505964883882429604e+03 6.320318557109693695e-16 1.953179081251609028e-17
5.511459384715146371e+03 5.780035987800940256e-16 9.273850138411655646e-18
5.516953885547863138e+03 5.910452792206877350e-16 8.827397548750242104e-18
5.522448386380579905e+03 5.887709527672873999e-16 1.029365161149070932e-17
5.527942887213296672e+03 5.467752846729700629e-16 1.060066185746703336e-17
5.533437388046013439e+03 5.631808918507408012e-16 9.450225647897807123e-18
5.538931888878730206e+03 5.467639459939999570e-16 9.669718274363783595e-18
5.544426389711446973e+03 5.909130719850369362e-16 9.105479689103856298e-18
5.549920890544163740e+03 5.534209844058203498e-16 9.489394786607115346e-18
5.555415391376880507e+03 5.351129767945089606e-16 1.086596904610096689e-17
5.560909892209597274e+03 5.645021520665132503e-16 9.192061293159057597e-18
5.566404393042314041e+03 5.697838393771940788e-16 8.886110692702987686e-18
5.571898893875030808e+03 5.642294671341917847e-16 9.493062578438789228e-18
5.577393394707747575e+03 5.642583613119143610e-16 9.495621981874264981e-18
5.582887895540464342e+03 5.817926888405599917e-16 1.052002866493282731e-17
5.588382396373181109e+03 5.678289426857864977e-16 9.795919371502523532e-18
5.593876897205897876e+03 5.710038527204900802e-16 9.864661228232192619e-18
5.599371398038614643e+03 5.886098565009729808e-16 1.195509430288995338e-17
5.604865898871331410e+03 6.341936027368117040e-16 9.989409074065577634e-18
5.610360399704048177e+03 6.288413514749622567e-16 1.077922782326722721e-17
5.615854900536764944e+03 6.281334541516952524e-16 9.957858194392804171e-18
5.621349401369481711e+03 6.289836733840506269e-16 1.063207657356050649e-17
5.626843902202198478e+03 6.895190550943064309e-16 1.268866046010935876e-17
5.632338403034915245e+03 6.565773457552542438e-16 1.057150544772121017e-17
5.637832903867632012e+03 6.956165917879401994e-16 1.159482552582869578e-17
5.643327404700348779e+03 6.826925799029277911e-16 1.093316461004055664e-17
5.648821905533065546e+03 6.860169781746147209e-16 1.095323387280234660e-17
5.654316406365782314e+03 6.861498661485010552e-16 1.102355109805724523e-17
5.659810907198499081e+03 7.171766616540983965e-16 1.094256423581543656e-17
5.665305408031215848e+03 7.592010574633820605e-16 1.136895538477150463e-17
5.670799908863932615e+03 7.287562015987198352e-16 1.046193030336951174e-17
5.676294409696649382e+03 7.114842494311374132e-16 1.110320313925226118e-17
5.681788910529366149e+03 7.135675235766808781e-16 1.177694176374572576e-17
5.687283411362082916e+03 7.601354494619349301e-16 1.216990991744552290e-17
5.692777912194799683e+03 8.027937396373904136e-16 1.181998327599517893e-17
