# SN2011EK obnd40010 G430L CCD z=0.005 a2center=893.4 extrsize=15 exptime=2220.0 mode=adaptive_es15@0.98 flags=none
# rest_wvl obs_wvl flux error net dq mask
2873.3338 2887.7005 3.774799e-15 3.782882e-15 2.374715e-02 528 0
2876.0652 2890.4455 -7.369851e-15 2.620928e-15 -5.977439e-02 16912 0
2878.7966 2893.1906 4.038515e-15 2.145938e-15 3.877618e-02 512 0
2881.5280 2895.9357 6.303456e-15 1.725452e-15 7.052326e-02 512 0
2884.2595 2898.6808 -1.091347e-15 1.471334e-15 -1.463774e-02 16896 0
2886.9909 2901.4259 3.249699e-16 1.384290e-15 4.935407e-03 16896 0
2889.7224 2904.1710 5.432926e-16 1.150064e-15 9.090702e-03 512 0
2892.4540 2906.9162 4.383195e-16 1.108327e-15 8.107852e-03 512 0
2895.1855 2909.6614 -1.407714e-15 1.766311e-15 -2.966988e-02 16912 0
2897.9171 2912.4066 -4.764371e-17 8.706627e-16 -1.144249e-03 512 0
2900.6486 2915.1519 -7.074864e-17 7.983484e-16 -1.851980e-03 16896 0
2903.3802 2917.8971 -1.915484e-17 7.774225e-16 -5.577193e-04 16912 0
2906.1119 2920.6424 -1.090522e-15 7.568308e-16 -3.562236e-02 16912 0
2908.8435 2923.3877 1.233320e-15 5.891911e-16 4.271452e-02 512 0
2911.5752 2926.1331 -8.121964e-16 6.266597e-16 -3.347757e-02 16912 0
2914.3069 2928.8784 4.478208e-16 7.597523e-16 1.969979e-02 528 0
2917.0386 2931.6238 -3.490914e-16 5.917886e-16 -1.848672e-02 16912 0
2919.7703 2934.3692 1.566836e-13 3.062846e-15 9.308149e+00 528 0
2922.5021 2937.1146 6.287823e-14 1.367766e-15 4.269888e+00 528 0
2925.2339 2939.8600 9.022935e-16 2.715585e-16 6.656425e-02 512 0
2927.9657 2942.6055 1.076405e-16 2.344389e-16 9.050501e-03 512 0
2930.6975 2945.3510 8.152512e-17 2.219752e-16 7.675366e-03 528 0
2933.4293 2948.0965 -6.133900e-16 3.090072e-16 -6.693114e-02 16912 0
2936.1612 2950.8420 1.716998e-16 1.788735e-16 1.970859e-02 528 0
2938.8931 2953.5876 -1.347137e-16 1.547688e-16 -1.789860e-02 16896 0
2941.6250 2956.3331 -1.015784e-16 1.444713e-16 -1.477159e-02 16896 0
2944.3569 2959.0787 2.423843e-17 2.084528e-16 3.768462e-03 528 0
2947.0889 2961.8243 1.875715e-16 1.174528e-16 3.037696e-02 528 0
2949.8208 2964.5699 -1.053865e-16 1.085600e-16 -1.911189e-02 16896 0
2952.5528 2967.3156 1.285004e-16 1.064135e-16 2.351381e-02 512 0
2955.2848 2970.0613 3.084699e-16 1.008990e-16 5.916363e-02 0 0
2958.0169 2972.8070 -1.203918e-16 9.350413e-17 -2.530999e-02 16384 0
2960.7489 2975.5527 -6.355041e-17 9.025012e-17 -1.384016e-02 16384 0
2963.4810 2978.2984 8.761388e-17 1.207776e-16 1.877743e-02 16 0
2966.2131 2981.0442 1.223715e-16 9.433357e-17 2.684704e-02 0 0
2968.9452 2983.7899 4.240594e-16 2.053071e-16 9.518934e-02 16 0
2971.6773 2986.5357 -2.149367e-17 1.408273e-16 -5.152845e-03 16400 0
2974.4095 2989.2816 1.653503e-16 9.027054e-17 3.832348e-02 0 0
2977.1417 2992.0274 -4.132092e-16 8.785583e-17 -1.020107e-01 16384 0
2979.8739 2994.7732 -1.465889e-16 9.027471e-17 -3.662267e-02 16400 0
2982.6061 2997.5191 2.898245e-16 8.327948e-17 6.976830e-02 0 0
2985.3383 3000.2650 1.213320e-16 8.174293e-17 2.953193e-02 0 0
2988.0706 3003.0109 -1.979638e-17 1.163360e-16 -5.115052e-03 16400 0
2990.8029 3005.7569 1.065655e-15 3.732723e-16 2.681546e-01 16 0
2993.5352 3008.5028 1.170879e-16 7.547874e-17 2.955316e-02 16 0
2996.2675 3011.2488 -8.191248e-17 7.481516e-17 -2.199718e-02 16384 0
2998.9998 3013.9948 7.880006e-17 7.592034e-17 2.051015e-02 0 0
3001.7322 3016.7408 -3.752113e-16 2.171312e-16 -1.038680e-01 16400 0
3004.4645 3019.4869 -3.245863e-17 7.259434e-17 -9.135644e-03 16384 0
3007.1969 3022.2329 4.662340e-17 7.046128e-17 1.283228e-02 0 0
3009.9293 3024.9790 1.276437e-16 6.944494e-17 3.547043e-02 0 0
3012.6618 3027.7251 7.546804e-17 7.567821e-17 2.143359e-02 16 0
3015.3942 3030.4712 1.104216e-16 6.594964e-17 3.188673e-02 0 0
3018.1267 3033.2173 1.550724e-16 6.520214e-17 4.563609e-02 0 0
3020.8592 3035.9635 1.226644e-16 6.349739e-17 3.679782e-02 0 0
3023.5917 3038.7097 -1.015404e-16 8.803987e-17 -3.258834e-02 16400 0
3026.3242 3041.4558 4.707603e-17 7.240936e-17 1.476327e-02 16 0
3029.0568 3044.2021 1.958016e-16 6.336564e-17 6.205849e-02 0 0
3031.7893 3046.9483 1.242691e-16 5.760184e-17 4.005741e-02 0 0
3034.5219 3049.6945 1.078363e-17 6.243115e-17 3.709187e-03 16400 0
3037.2545 3052.4408 1.011912e-16 6.083990e-17 3.370490e-02 0 0
3039.9872 3055.1871 1.890962e-16 5.853867e-17 6.391737e-02 0 0
3042.7198 3057.9334 1.274861e-16 1.057948e-16 4.372932e-02 16 0
3045.4525 3060.6797 -2.582768e-17 6.041632e-17 -9.430927e-03 16384 0
3048.1851 3063.4261 1.929060e-16 5.802161e-17 6.808837e-02 0 0
3050.9178 3066.1724 1.051763e-16 5.889773e-17 3.762578e-02 0 0
3053.6506 3068.9188 -8.146505e-17 5.715139e-17 -3.099030e-02 16400 0
3056.3833 3071.6652 1.921499e-16 5.358153e-17 7.055332e-02 0 0
3059.1160 3074.4116 5.469535e-17 5.737819e-17 2.041235e-02 16 0
3061.8488 3077.1581 -2.175271e-16 6.001003e-17 -8.579922e-02 16400 0
3064.5816 3079.9045 -3.054897e-16 1.026038e-16 -1.217753e-01 16400 0
3067.3144 3082.6510 -4.888189e-17 1.146268e-16 -1.967819e-02 16400 0
3070.0472 3085.3975 4.184236e-16 1.187858e-16 1.627239e-01 16 0
3072.7801 3088.1440 3.395850e-17 5.970647e-17 1.339162e-02 16 0
3075.5129 3090.8905 4.997299e-17 4.859276e-17 1.973121e-02 0 0
3078.2458 3093.6371 8.903812e-17 6.702159e-17 3.523504e-02 16 0
3080.9787 3096.3836 5.581868e-17 5.598894e-17 2.227629e-02 16 0
3083.7116 3099.1302 1.327183e-16 5.093127e-17 5.303429e-02 0 0
3086.4446 3101.8768 1.610869e-16 5.090679e-17 6.466509e-02 0 0
3089.1775 3104.6234 1.966252e-16 5.608216e-17 7.931216e-02 0 0
3091.9105 3107.3701 3.022744e-17 5.044010e-17 1.239135e-02 0 0
3094.6435 3110.1167 5.615838e-17 5.036388e-17 2.290319e-02 0 0
3097.3765 3112.8634 4.863944e-17 5.140936e-17 1.994664e-02 0 0
3100.1095 3115.6101 2.371550e-16 1.328510e-16 9.727877e-02 16 0
3102.8426 3118.3568 1.832370e-16 5.279745e-17 7.541759e-02 0 0
3105.5756 3121.1035 1.147016e-16 4.870117e-17 4.739826e-02 0 0
3108.3087 3123.8502 9.235196e-17 4.813166e-17 3.836714e-02 0 0
3111.0418 3126.5970 1.587923e-16 5.299936e-17 6.626436e-02 16 0
3113.7749 3129.3438 1.162469e-16 5.803628e-17 4.876119e-02 16 0
3116.5080 3132.0905 1.246943e-16 4.750581e-17 5.257894e-02 0 0
3119.2411 3134.8373 -4.368466e-17 6.812906e-17 -1.943374e-02 16400 0
3121.9743 3137.5842 1.764033e-16 4.470372e-17 7.525188e-02 0 0
3124.7075 3140.3310 2.804767e-16 5.823383e-17 1.206103e-01 16 0
3127.4407 3143.0779 1.287229e-16 6.415589e-17 5.553554e-02 16 0
3130.1739 3145.8247 2.225468e-16 4.809859e-17 9.673136e-02 0 0
3132.9071 3148.5716 8.102430e-19 6.585771e-17 3.712410e-04 16400 0
3135.6403 3151.3185 1.401869e-16 4.962404e-17 6.162473e-02 0 0
3138.3736 3154.0655 2.950152e-16 5.992282e-17 1.309305e-01 16 0
3141.1069 3156.8124 1.411061e-16 4.732278e-17 6.286236e-02 0 0
3143.8402 3159.5594 1.458345e-16 5.140755e-17 6.542127e-02 16 0
3146.5735 3162.3063 5.318765e-17 8.216594e-17 2.411466e-02 16 0
3149.3068 3165.0533 1.203141e-16 4.433466e-17 5.473870e-02 0 0
3152.0401 3167.8003 1.243699e-16 4.503222e-17 5.699091e-02 16 0
3154.7735 3170.5474 7.409233e-17 4.217132e-17 3.423891e-02 0 0
3157.5069 3173.2944 7.162243e-17 4.971801e-17 3.333846e-02 16 0
3160.2403 3176.0415 1.138542e-16 5.660455e-17 5.330909e-02 16 0
3162.9737 3178.7885 1.430059e-16 4.780524e-17 6.743750e-02 16 0
3165.7071 3181.5356 1.462509e-16 5.248937e-17 6.945950e-02 16 0
3168.4405 3184.2827 1.465989e-16 4.122705e-17 7.010664e-02 0 0
3171.1740 3187.0298 5.621980e-17 6.167981e-17 2.714006e-02 16 0
3173.9074 3189.7770 1.235390e-16 4.142617e-17 5.988888e-02 0 0
3176.6409 3192.5241 9.806317e-17 3.880534e-17 4.787248e-02 0 0
3179.3744 3195.2713 1.937661e-16 4.123297e-17 9.536925e-02 0 0
3182.1079 3198.0185 1.182336e-16 3.980056e-17 5.853057e-02 0 0
3184.8415 3200.7657 -2.069792e-17 5.038244e-17 -1.082696e-02 16400 0
3187.5750 3203.5129 2.264518e-16 4.309139e-17 1.139763e-01 0 0
3190.3086 3206.2601 4.183872e-16 1.262592e-16 2.131791e-01 16 0
3193.0421 3209.0074 1.230805e-16 4.339997e-17 6.273055e-02 16 0
3195.7757 3211.7546 1.569004e-16 4.167730e-17 8.059693e-02 0 0
3198.5093 3214.5019 1.790554e-16 4.250542e-17 9.267808e-02 16 0
3201.2430 3217.2492 -5.173683e-17 5.802818e-17 -2.825521e-02 16400 0
3203.9766 3219.9965 3.383957e-17 3.996010e-17 1.786940e-02 0 0
3206.7102 3222.7438 1.271942e-16 3.996655e-17 6.709316e-02 0 0
3209.4439 3225.4911 2.404560e-16 6.690263e-17 1.279480e-01 16 0
3212.1776 3228.2385 1.585911e-16 3.956829e-17 8.468144e-02 0 0
3214.9113 3230.9858 9.332292e-17 3.679059e-17 5.006365e-02 0 0
3217.6450 3233.7332 -1.005586e-18 7.569811e-17 -5.688486e-04 16400 0
3220.3787 3236.4806 1.589304e-16 3.927970e-17 8.620746e-02 0 0
3223.1125 3239.2280 1.086038e-17 6.342550e-17 6.150417e-03 16 0
3225.8462 3241.9754 -3.667046e-17 4.321431e-17 -2.104533e-02 16400 0
3228.5800 3244.7229 2.002130e-16 3.733078e-17 1.102267e-01 0 0
3231.3138 3247.4703 2.173962e-16 3.755093e-17 1.202467e-01 0 0
3234.0476 3250.2178 1.804704e-16 3.855668e-17 1.001263e-01 0 0
3236.7814 3252.9653 1.792349e-16 3.677627e-17 9.982713e-02 0 0
3239.5152 3255.7128 -8.424109e-17 4.437911e-17 -4.934270e-02 16400 0
3242.2490 3258.4603 1.465622e-16 3.686960e-17 8.219953e-02 0 0
3244.9829 3261.2078 1.733839e-16 3.705006e-17 9.769732e-02 0 0
3247.7168 3263.9553 6.963048e-17 4.717074e-17 3.935820e-02 16 0
3250.4506 3266.7029 -1.092143e-17 4.901690e-17 -6.499230e-03 16400 0
3253.1845 3269.4504 2.556691e-17 4.155120e-17 1.471706e-02 16 0
3255.9184 3272.1980 1.586934e-16 5.141734e-17 9.087474e-02 16 0
3258.6524 3274.9456 1.383515e-16 3.643940e-17 7.952961e-02 16 0
3261.3863 3277.6932 6.478277e-17 3.375157e-17 3.741296e-02 0 0
3264.1202 3280.4408 1.378092e-16 3.935264e-17 7.992912e-02 16 0
3266.8542 3283.1885 7.589815e-17 3.784235e-17 4.420407e-02 16 0
3269.5882 3285.9361 7.811057e-17 3.702649e-17 4.569465e-02 16 0
3272.3222 3288.6838 1.217798e-16 3.624931e-17 7.156860e-02 16 0
3275.0562 3291.4315 1.339793e-16 3.294060e-17 7.910970e-02 0 0
3277.7902 3294.1791 1.122227e-16 3.754892e-17 6.652086e-02 16 0
3280.5242 3296.9268 1.110211e-16 3.542322e-17 6.608987e-02 16 0
3283.2583 3299.6746 1.124770e-16 3.429085e-17 6.723513e-02 0 0
3285.9923 3302.4223 1.830926e-16 3.789123e-17 1.101009e-01 0 0
3288.7264 3305.1700 1.389573e-16 3.432452e-17 8.378630e-02 0 0
3291.4605 3307.9178 1.530092e-16 3.766685e-17 9.266012e-02 16 0
3294.1946 3310.6655 1.013150e-16 3.167523e-17 6.152173e-02 0 0
3296.9287 3313.4133 1.019080e-16 3.296358e-17 6.212011e-02 0 0
3299.6628 3316.1611 1.444879e-16 3.265854e-17 8.849628e-02 0 0
3302.3969 3318.9089 1.988511e-16 3.318275e-17 1.224684e-01 0 0
3305.1311 3321.6567 1.250477e-16 3.493188e-17 7.714467e-02 0 0
3307.8652 3324.4045 1.121712e-16 3.993641e-17 6.945198e-02 16 0
3310.5994 3327.1524 8.800599e-17 6.615816e-17 5.469351e-02 16 0
3313.3336 3329.9002 1.541901e-16 3.403451e-17 9.635089e-02 0 0
3316.0678 3332.6481 1.816214e-16 3.545459e-17 1.140705e-01 16 0
3318.8020 3335.3960 2.162983e-16 3.768689e-17 1.365816e-01 0 0
3321.5362 3338.1439 1.438229e-16 3.502161e-17 9.099351e-02 0 0
3324.2704 3340.8918 1.425749e-16 3.122525e-17 9.059124e-02 0 0
3327.0047 3343.6397 8.816122e-17 3.202968e-17 5.619396e-02 0 0
3329.7389 3346.3876 1.923251e-16 3.612424e-17 1.234785e-01 16 0
3332.4732 3349.1356 1.250013e-16 1.495413e-16 8.042691e-02 16 0
3335.2075 3351.8835 1.260281e-16 3.063335e-17 8.144071e-02 0 0
3337.9418 3354.6315 1.553704e-16 3.075288e-17 1.009215e-01 0 0
3340.6761 3357.3795 1.738779e-16 3.684271e-17 1.134933e-01 16 0
3343.4104 3360.1274 1.332538e-16 3.603878e-17 8.721529e-02 16 0
3346.1447 3362.8754 1.644160e-16 3.360475e-17 1.081646e-01 0 0
3348.8791 3365.6234 1.645235e-16 3.015996e-17 1.086687e-01 0 0
3351.6134 3368.3715 1.706794e-16 2.961201e-17 1.132092e-01 0 0
3354.3478 3371.1195 1.756587e-16 3.066428e-17 1.169927e-01 0 0
3357.0821 3373.8675 1.862782e-16 2.962485e-17 1.246024e-01 0 0
3359.8165 3376.6156 1.926913e-16 3.176055e-17 1.294357e-01 0 0
3362.5509 3379.3637 2.220999e-16 3.211124e-17 1.499434e-01 0 0
3365.2853 3382.1117 1.210622e-16 3.240114e-17 8.176822e-02 16 0
3368.0197 3384.8598 2.018125e-16 3.252740e-17 1.372621e-01 0 0
3370.7542 3387.6079 2.096178e-16 4.044816e-17 1.432160e-01 16 0
3373.4886 3390.3561 -2.492054e-15 2.410350e-16 -1.787506e+00 16400 0
3376.2231 3393.1042 1.456669e-16 6.182857e-17 1.001422e-01 16 0
3378.9575 3395.8523 1.726673e-16 4.388317e-17 1.193426e-01 16 0
3381.6920 3398.6005 1.635818e-16 3.609075e-17 1.135288e-01 16 0
3384.4265 3401.3486 1.165507e-16 5.259618e-17 8.110631e-02 16 0
3387.1610 3404.0968 2.411920e-16 2.867763e-17 1.693861e-01 0 0
3389.8955 3406.8450 1.708329e-16 2.977722e-17 1.201880e-01 0 0
3392.6300 3409.5931 2.094042e-16 3.137574e-17 1.481952e-01 0 0
3395.3645 3412.3413 1.995443e-16 6.316254e-17 1.417774e-01 16 0
3398.0991 3415.0895 2.692578e-16 3.548262e-17 1.926166e-01 16 0
3400.8336 3417.8378 2.184693e-16 3.279144e-17 1.566456e-01 16 0
3403.5682 3420.5860 1.219252e-16 5.284043e-17 8.744033e-02 16 0
3406.3027 3423.3342 2.265411e-16 3.274292e-17 1.637815e-01 16 0
3409.0373 3426.0825 2.675181e-16 3.180507e-17 1.944396e-01 0 0
3411.7719 3428.8307 1.821107e-16 3.107604e-17 1.324267e-01 0 0
3414.5065 3431.5790 2.552097e-16 4.625454e-17 1.867917e-01 16 0
3417.2411 3434.3273 3.767832e-16 9.326314e-17 2.778621e-01 16 0
3419.9757 3437.0756 3.478148e-16 4.280105e-17 2.572026e-01 16 0
3422.7103 3439.8239 2.777454e-16 3.197775e-17 2.056373e-01 16 0
3425.4450 3442.5722 2.063630e-16 2.780396e-17 1.529235e-01 0 0
3428.1796 3445.3205 1.357479e-16 3.421771e-17 1.006486e-01 16 0
3430.9143 3448.0689 2.250143e-16 3.377226e-17 1.680564e-01 16 0
3433.6489 3450.8172 1.766330e-16 4.294052e-17 1.321264e-01 16 0
3436.3836 3453.5655 2.214157e-16 2.921508e-17 1.665294e-01 16 0
3439.1183 3456.3139 2.455863e-16 3.596677e-17 1.855397e-01 16 0
3441.8530 3459.0623 1.625263e-16 2.878766e-17 1.228134e-01 0 0
3444.5877 3461.8106 3.038152e-16 2.798856e-17 2.316728e-01 0 0
3447.3224 3464.5590 1.968619e-16 2.683944e-17 1.500383e-01 0 0
3450.0571 3467.3074 2.233893e-16 2.794204e-17 1.710391e-01 0 0
3452.7919 3470.0558 3.115983e-16 2.882196e-17 2.401758e-01 0 0
3455.5266 3472.8042 2.359503e-16 3.835355e-17 1.819857e-01 16 0
3458.2614 3475.5527 2.360515e-16 2.744881e-17 1.826672e-01 0 0
3460.9961 3478.3011 2.763251e-16 2.970227e-17 2.148615e-01 16 0
3463.7309 3481.0495 3.258401e-16 2.761525e-17 2.545639e-01 0 0
3466.4657 3483.7980 2.333870e-16 2.662994e-17 1.822684e-01 0 0
3469.2005 3486.5465 2.322856e-16 2.882325e-17 1.819186e-01 16 0
3471.9352 3489.2949 2.964291e-16 2.821562e-17 2.333762e-01 0 0
3474.6701 3492.0434 3.426641e-16 5.648638e-17 2.709218e-01 16 0
3477.4049 3494.7919 2.340373e-16 2.703423e-17 1.848075e-01 0 0
3480.1397 3497.5404 3.090641e-16 3.375091e-17 2.453592e-01 16 0
3482.8745 3500.2889 2.353701e-16 3.001789e-17 1.868133e-01 16 0
3485.6093 3503.0374 2.345966e-16 2.714922e-17 1.866626e-01 0 0
3488.3442 3505.7859 3.398344e-16 2.941481e-17 2.721139e-01 16 0
3491.0790 3508.5344 2.984029e-16 2.806826e-17 2.391846e-01 0 0
3493.8139 3511.2830 3.359380e-16 3.366149e-17 2.702712e-01 16 0
3496.5488 3514.0315 3.043183e-16 2.814435e-17 2.451634e-01 0 0
3499.2837 3516.7801 3.620757e-16 3.152370e-17 2.929576e-01 16 0
3502.0185 3519.5286 3.108776e-16 2.724498e-17 2.516987e-01 0 0
3504.7534 3522.2772 4.084979e-16 3.475005e-17 3.325239e-01 16 0
3507.4883 3525.0258 3.694480e-16 2.813241e-17 3.010787e-01 0 0
3510.2232 3527.7744 3.816791e-16 2.907980e-17 3.118696e-01 16 0
3512.9582 3530.5230 3.689197e-16 2.772131e-17 3.019777e-01 0 0
3515.6931 3533.2716 3.936109e-16 2.863092e-17 3.231166e-01 16 0
3518.4280 3536.0202 4.447987e-16 4.012936e-17 3.664089e-01 16 0
3521.1630 3538.7688 3.768007e-16 2.782688e-17 3.104271e-01 0 0
3523.8979 3541.5174 3.375610e-16 2.667080e-17 2.783049e-01 0 0
3526.6329 3544.2660 3.988423e-16 2.770326e-17 3.300965e-01 0 0
3529.3678 3547.0147 4.434651e-16 2.950869e-17 3.682141e-01 16 0
3532.1028 3549.7633 3.799678e-16 2.728562e-17 3.155349e-01 0 0
3534.8378 3552.5120 3.865279e-16 2.741845e-17 3.216776e-01 0 0
3537.5728 3555.2606 4.264522e-16 3.186137e-17 3.559898e-01 16 0
3540.3077 3558.0093 3.853106e-16 2.754457e-17 3.219184e-01 0 0
3543.0427 3560.7580 3.436047e-16 3.816196e-17 2.872676e-01 16 0
3545.7777 3563.5066 4.405838e-16 2.886807e-17 3.701833e-01 16 0
3548.5128 3566.2553 3.691547e-16 2.730124e-17 3.101686e-01 16 0
3551.2478 3569.0040 3.693759e-16 2.604515e-17 3.110242e-01 0 0
3553.9828 3571.7527 4.806775e-16 2.780218e-17 4.068646e-01 0 0
3556.7178 3574.5014 4.917271e-16 2.987390e-17 4.172273e-01 16 0
3559.4529 3577.2501 2.873079e-16 5.540702e-17 2.427970e-01 16 0
3562.1879 3579.9989 3.728864e-16 3.381670e-17 3.167026e-01 16 0
3564.9230 3582.7476 4.062163e-16 2.996214e-17 3.460871e-01 16 0
3567.6580 3585.4963 4.479267e-16 2.857013e-17 3.828284e-01 16 0
3570.3931 3588.2451 4.206972e-16 2.718925e-17 3.600277e-01 0 0
3573.1282 3590.9938 4.630984e-16 2.660593e-17 3.975180e-01 0 0
3575.8632 3593.7426 4.327407e-16 3.230786e-17 3.718986e-01 16 0
3578.5983 3596.4913 4.337612e-16 2.683765e-17 3.734796e-01 0 0
3581.3334 3599.2401 3.953677e-16 2.576582e-17 3.407267e-01 0 0
3584.0685 3601.9889 4.959886e-16 2.803101e-17 4.294082e-01 0 0
3586.8036 3604.7376 4.363393e-16 4.053793e-17 3.779421e-01 16 0
3589.5387 3607.4864 4.823363e-16 3.368318e-17 4.191547e-01 16 0
3592.2738 3610.2352 4.176454e-16 2.834057e-17 3.631205e-01 16 0
3595.0090 3612.9840 4.414040e-16 3.077458e-17 3.849595e-01 16 0
3597.7441 3615.7328 4.239647e-16 2.983500e-17 3.705185e-01 16 0
3600.4792 3618.4816 4.238207e-16 2.756091e-17 3.714453e-01 0 0
3603.2144 3621.2304 4.391992e-16 2.600791e-17 3.862339e-01 0 0
3605.9495 3623.9792 4.050117e-16 3.167213e-17 3.570003e-01 16 0
3608.6846 3626.7281 4.363792e-16 3.168413e-17 3.863050e-01 16 0
3611.4198 3629.4769 5.145839e-16 3.315934e-17 4.581248e-01 16 0
3614.1550 3632.2257 4.950147e-16 4.558353e-17 4.421583e-01 16 0
3616.8901 3634.9746 5.024607e-16 2.692030e-17 4.506649e-01 0 0
3619.6253 3637.7234 5.664634e-16 2.976211e-17 5.108479e-01 1040 0
3622.3605 3640.4723 5.476098e-16 2.702657e-17 4.956284e-01 1024 0
3625.0956 3643.2211 5.596409e-16 2.757784e-17 5.087027e-01 1024 0
3627.8308 3645.9700 5.843120e-16 2.706967e-17 5.334838e-01 1024 0
3630.5660 3648.7189 6.082647e-16 2.821739e-17 5.577980e-01 1040 0
3633.3012 3651.4677 6.412157e-16 3.120591e-17 5.905483e-01 1040 0
3636.0364 3654.2166 6.329260e-16 3.635415e-17 5.849538e-01 1040 0
3638.7716 3656.9655 7.043091e-16 2.753391e-17 6.539508e-01 1024 0
3641.5068 3659.7144 7.487751e-16 2.949338e-17 6.980731e-01 1040 0
3644.2420 3662.4633 6.705481e-16 2.845657e-17 6.262516e-01 1024 0
3646.9773 3665.2122 7.242358e-16 3.229166e-17 6.791117e-01 1040 0
3649.7125 3667.9611 7.638107e-16 3.753927e-17 7.188057e-01 1040 0
3652.4477 3670.7100 7.850258e-16 2.967842e-17 7.412139e-01 1040 0
3655.1829 3673.4589 6.671990e-16 4.452429e-17 6.306618e-01 1040 0
3657.9182 3676.2078 8.979372e-16 4.788248e-17 8.543646e-01 1040 0
3660.6534 3678.9567 9.027332e-16 2.991298e-17 8.618525e-01 1040 0
3663.3887 3681.7056 8.063370e-16 2.964121e-17 7.714007e-01 1040 0
3666.1239 3684.4545 8.540399e-16 3.299949e-17 8.206921e-01 1040 0
3668.8592 3687.2035 8.372032e-16 3.343500e-17 8.074043e-01 1040 0
3671.5944 3689.9524 8.080969e-16 2.779418e-17 7.823991e-01 1024 0
3674.3297 3692.7013 8.288081e-16 2.939175e-17 8.062035e-01 1040 0
3677.0650 3695.4503 7.459104e-16 5.047599e-17 7.282168e-01 1040 0
3679.8002 3698.1992 8.910300e-16 4.038992e-17 8.759956e-01 1040 0
3682.5355 3700.9482 1.816920e-14 1.952381e-16 1.833368e+01 1296 0
3685.2708 3703.6971 7.191353e-16 4.017680e-17 7.127971e-01 1040 0
3688.0061 3706.4461 7.596947e-16 2.997088e-17 7.577325e-01 1040 0
3690.7413 3709.1950 6.595778e-16 2.586362e-17 6.604792e-01 1024 0
3693.4766 3711.9440 6.167317e-16 2.590859e-17 6.206204e-01 1024 0
3696.2119 3714.6930 6.223022e-16 2.505237e-17 6.299000e-01 1024 0
3698.9472 3717.4419 6.508830e-16 2.587055e-17 6.629506e-01 1024 0
3701.6825 3720.1909 6.228236e-16 2.640248e-17 6.376654e-01 1024 0
3704.4178 3722.9399 5.956969e-16 2.701328e-17 6.129728e-01 0 0
3707.1531 3725.6889 6.562929e-16 3.334046e-17 6.799132e-01 16 0
3709.8884 3728.4379 5.887826e-16 3.931697e-17 6.125096e-01 16 0
3712.6237 3731.1868 5.867014e-16 2.478200e-17 6.136841e-01 0 0
3715.3590 3733.9358 5.619587e-16 2.867532e-17 5.906750e-01 16 0
3718.0944 3736.6848 5.985514e-16 2.461931e-17 6.330657e-01 0 0
3720.8297 3739.4338 5.853266e-16 2.539941e-17 6.222938e-01 16 0
3723.5650 3742.1828 5.685322e-16 2.378481e-17 6.075814e-01 0 0
3726.3003 3744.9318 6.713751e-16 2.521163e-17 7.229761e-01 0 0
3729.0357 3747.6808 5.657714e-16 2.385375e-17 6.114962e-01 0 0
3731.7710 3750.4298 6.767326e-16 2.553648e-17 7.373078e-01 16 0
3734.5063 3753.1788 6.832688e-16 3.086282e-17 7.489780e-01 16 0
3737.2416 3755.9279 6.846860e-16 3.407091e-17 7.551647e-01 16 0
3739.9770 3758.6769 6.624845e-16 2.358274e-17 7.349655e-01 0 0
3742.7123 3761.4259 6.486606e-16 3.475434e-17 7.240298e-01 16 0
3745.4477 3764.1749 6.468575e-16 2.407241e-17 7.266538e-01 0 0
3748.1830 3766.9239 5.448000e-16 3.018700e-17 6.146984e-01 16 0
3750.9184 3769.6729 6.414050e-16 2.417308e-17 7.298580e-01 0 0
3753.6537 3772.4220 6.647995e-16 2.328531e-17 7.616853e-01 0 0
3756.3891 3775.1710 6.366774e-16 2.419188e-17 7.338199e-01 0 0
3759.1244 3777.9200 6.375514e-16 4.878125e-17 7.394923e-01 16 0
3761.8598 3780.6691 5.304343e-16 5.176787e-17 6.177780e-01 16 0
3764.5951 3783.4181 7.031728e-16 2.439199e-17 8.267613e-01 0 0
3767.3305 3786.1671 5.381157e-16 5.595469e-17 6.345319e-01 16 0
3770.0658 3788.9162 6.421413e-16 2.602714e-17 7.632911e-01 16 0
3772.8012 3791.6652 6.478741e-16 2.351646e-17 7.747014e-01 16 0
3775.5366 3794.4142 6.262654e-16 2.608089e-17 7.528581e-01 16 0
3778.2719 3797.1633 6.123313e-16 2.185478e-17 7.400796e-01 0 0
3781.0073 3799.9123 6.378574e-16 2.156922e-17 7.756416e-01 0 0
3783.7427 3802.6614 6.629263e-16 3.099162e-17 8.110242e-01 16 0
3786.4780 3805.4104 6.041108e-16 2.236362e-17 7.424458e-01 0 0
3789.2134 3808.1595 6.500806e-16 2.466443e-17 8.041134e-01 16 0
3791.9488 3810.9085 5.923340e-16 2.434838e-17 7.360551e-01 16 0
3794.6841 3813.6576 6.221987e-16 3.037794e-17 7.779945e-01 16 0
3797.4195 3816.4066 7.060753e-16 2.309397e-17 8.893012e-01 16 0
3800.1549 3819.1557 6.249747e-16 2.426005e-17 7.905578e-01 16 0
3802.8903 3821.9047 6.549883e-16 2.130743e-17 8.338390e-01 0 0
3805.6256 3824.6538 6.836344e-16 2.140386e-17 8.758113e-01 0 0
3808.3610 3827.4028 6.447091e-16 2.377586e-17 8.302439e-01 0 0
3811.0964 3830.1519 7.510122e-16 2.303030e-17 9.745050e-01 16 0
3813.8318 3832.9009 6.753835e-16 2.735680e-17 8.804294e-01 16 0
3816.5672 3835.6500 7.059091e-16 2.221752e-17 9.260401e-01 0 0
3819.3025 3838.3990 7.755659e-16 2.487807e-17 1.024349e+00 16 0
3822.0379 3841.1481 8.117141e-16 2.205225e-17 1.078754e+00 0 0
3824.7733 3843.8972 8.335159e-16 2.292906e-17 1.114267e+00 0 0
3827.5087 3846.6462 8.192406e-16 2.521820e-17 1.101085e+00 16 0
3830.2441 3849.3953 8.421852e-16 2.204302e-17 1.138471e+00 0 0
3832.9794 3852.1443 8.331563e-16 2.869633e-17 1.132279e+00 16 0
3835.7148 3854.8934 8.601563e-16 2.239185e-17 1.175683e+00 0 0
3838.4502 3857.6425 9.283119e-16 2.258605e-17 1.276694e+00 0 0
3841.1856 3860.3915 9.318747e-16 2.850631e-17 1.288513e+00 16 0
3843.9210 3863.1406 9.670403e-16 2.347466e-17 1.344802e+00 0 0
3846.6563 3865.8896 1.015004e-15 2.496019e-17 1.419791e+00 16 0
3849.3917 3868.6387 1.003385e-15 2.290715e-17 1.410898e+00 256 0
3852.1271 3871.3877 1.221439e-15 4.830857e-17 1.730144e+00 16 0
3854.8625 3874.1368 1.058461e-15 2.413941e-17 1.505266e+00 0 0
3857.5979 3876.8859 1.068996e-15 2.726731e-17 1.528609e+00 16 0
3860.3333 3879.6349 1.062365e-15 3.919578e-17 1.527216e+00 16 0
3863.0686 3882.3840 1.145918e-15 2.329762e-17 1.657433e+00 0 0
3865.8040 3885.1330 1.174605e-15 2.589877e-17 1.708445e+00 16 0
3868.5394 3887.8821 1.200698e-15 2.330122e-17 1.755985e+00 0 0
3871.2748 3890.6311 1.261867e-15 2.378111e-17 1.855977e+00 0 0
3874.0101 3893.3802 1.265165e-15 2.497197e-17 1.870213e+00 0 0
3876.7455 3896.1293 1.277335e-15 2.679453e-17 1.897772e+00 16 0
3879.4809 3898.8783 1.292834e-15 2.886568e-17 1.930152e+00 16 0
3882.2163 3901.6274 1.295622e-15 2.463839e-17 1.943476e+00 0 0
3884.9517 3904.3764 1.386191e-15 2.581826e-17 2.089945e+00 0 0
3887.6870 3907.1255 1.358904e-15 2.593601e-17 2.057557e+00 0 0
3890.4224 3909.8745 1.445431e-15 3.095320e-17 2.199025e+00 16 0
3893.1578 3912.6236 1.433702e-15 2.730624e-17 2.190186e+00 16 0
3895.8931 3915.3726 1.435715e-15 2.812301e-17 2.202292e+00 16 0
3898.6285 3918.1216 1.363075e-15 3.362822e-17 2.098443e+00 16 0
3901.3639 3920.8707 1.460319e-15 2.668524e-17 2.258668e+00 0 0
3904.0992 3923.6197 1.452677e-15 2.650735e-17 2.255868e+00 16 0
3906.8346 3926.3688 1.516082e-15 2.714650e-17 2.365056e+00 16 0
3909.5700 3929.1178 1.489425e-15 2.902613e-17 2.332839e+00 16 0
3912.3053 3931.8669 1.457433e-15 2.762534e-17 2.292353e+00 0 0
3915.0407 3934.6159 1.503265e-15 2.837504e-17 2.375453e+00 16 0
3917.7760 3937.3649 1.543872e-15 2.597707e-17 2.451536e+00 0 0
3920.5114 3940.1140 1.621172e-15 2.604088e-17 2.587277e+00 0 0
3923.2468 3942.8630 1.752228e-15 2.545979e-17 2.811834e+00 0 0
3925.9821 3945.6120 1.721822e-15 3.092104e-17 2.776079e+00 16 0
3928.7175 3948.3610 1.727262e-15 2.934918e-17 2.798869e+00 0 0
3931.4528 3951.1101 1.688637e-15 3.467707e-17 2.749369e+00 16 0
3934.1881 3953.8591 1.642945e-15 2.638176e-17 2.687737e+00 0 0
3936.9235 3956.6081 1.582130e-15 2.731976e-17 2.600195e+00 0 0
3939.6588 3959.3571 1.675515e-15 2.835908e-17 2.768182e+00 16 0
3942.3942 3962.1061 1.695296e-15 2.637020e-17 2.814360e+00 0 0
3945.1295 3964.8552 1.647674e-15 3.054865e-17 2.747077e+00 16 0
3947.8648 3967.6042 1.573277e-15 3.094385e-17 2.633677e+00 0 0
3950.6002 3970.3532 1.653190e-15 2.919999e-17 2.779885e+00 16 0
3953.3355 3973.1022 1.592781e-15 2.574140e-17 2.688194e+00 16 0
3956.0708 3975.8512 1.583391e-15 3.116460e-17 2.682002e+00 16 0
3958.8062 3978.6002 1.620929e-15 2.668516e-17 2.755860e+00 16 0
3961.5415 3981.3492 1.518098e-15 2.392729e-17 2.588114e+00 0 0
3964.2768 3984.0982 1.454927e-15 3.743398e-17 2.487426e+00 16 0
3967.0121 3986.8472 1.521100e-15 2.393798e-17 2.609122e+00 16 0
3969.7474 3989.5962 1.425345e-15 2.389575e-17 2.450546e+00 0 0
3972.4827 3992.3451 1.378840e-15 2.669503e-17 2.376538e+00 16 0
3975.2180 3995.0941 1.348593e-15 2.401825e-17 2.330290e+00 16 0
3977.9533 3997.8431 1.319945e-15 2.517821e-17 2.286515e+00 16 0
3980.6886 4000.5921 1.391870e-15 2.228717e-17 2.418551e+00 0 0
3983.4239 4003.3411 1.260855e-15 2.325847e-17 2.194940e+00 16 0
3986.1592 4006.0900 1.254040e-15 2.795606e-17 2.188754e+00 16 0
3988.8945 4008.8390 1.233547e-15 2.118689e-17 2.158743e+00 0 0
3991.6298 4011.5880 1.266842e-15 2.537756e-17 2.223692e+00 16 0
3994.3651 4014.3369 1.241263e-15 2.314351e-17 2.184909e+00 16 0
3997.1004 4017.0859 1.169344e-15 2.292317e-17 2.063306e+00 16 0
3999.8356 4019.8348 1.201886e-15 2.216476e-17 2.127885e+00 272 0
4002.5709 4022.5838 1.158951e-15 2.345203e-17 2.057564e+00 0 0
4005.3062 4025.3327 1.124062e-15 2.350963e-17 2.001535e+00 16 0
4008.0414 4028.0816 1.290286e-15 4.519067e-17 2.307650e+00 16 0
4010.7767 4030.8306 1.154623e-15 2.201347e-17 2.069736e+00 16 0
4013.5120 4033.5795 1.083856e-15 2.116721e-17 1.948024e+00 0 0
4016.2472 4036.3284 1.073024e-15 2.213548e-17 1.934624e+00 0 0
4018.9825 4039.0774 1.122774e-15 2.324089e-17 2.031617e+00 16 0
4021.7177 4041.8263 1.159436e-15 2.027817e-17 2.104960e+00 0 0
4024.4529 4044.5752 1.215494e-15 2.366508e-17 2.214295e+00 16 0
4027.1882 4047.3241 1.202979e-15 2.379079e-17 2.197564e+00 16 0
4029.9234 4050.0730 1.184556e-15 4.193925e-17 2.169703e+00 16 0
4032.6586 4052.8219 1.169201e-15 2.371569e-17 2.146712e+00 16 0
4035.3939 4055.5708 1.180836e-15 2.309340e-17 2.173640e+00 16 0
4038.1291 4058.3197 1.167955e-15 2.298670e-17 2.154507e+00 16 0
4040.8643 4061.0686 1.170937e-15 2.668406e-17 2.164793e+00 16 0
4043.5995 4063.8175 1.224132e-15 2.211234e-17 2.268207e+00 0 0
4046.3347 4066.5664 1.302388e-15 3.730469e-17 2.418898e+00 16 0
4049.0699 4069.3152 1.190067e-15 2.424316e-17 2.212011e+00 16 0
4051.8051 4072.0641 1.103113e-15 2.856560e-17 2.052136e+00 16 0
4054.5403 4074.8130 1.150180e-15 2.236451e-17 2.143075e+00 0 0
4057.2755 4077.5618 1.155020e-15 2.308996e-17 2.154718e+00 16 0
4060.0106 4080.3107 1.173275e-15 2.188196e-17 2.191121e+00 0 0
4062.7458 4083.0595 1.193669e-15 2.115320e-17 2.231580e+00 16 0
4065.4810 4085.8084 1.235513e-15 2.704248e-17 2.312278e+00 16 0
4068.2161 4088.5572 1.156777e-15 2.190887e-17 2.165351e+00 16 0
4070.9513 4091.3061 1.153861e-15 2.108528e-17 2.161457e+00 0 0
4073.6865 4094.0549 1.139990e-15 2.586237e-17 2.136832e+00 16 0
4076.4216 4096.8037 1.068543e-15 3.208857e-17 2.003349e+00 16 0
4079.1567 4099.5525 1.131817e-15 2.139651e-17 2.124758e+00 0 0
4081.8919 4102.3013 1.139517e-15 2.117219e-17 2.141372e+00 0 0
4084.6270 4105.0501 1.132438e-15 2.200955e-17 2.130012e+00 16 0
4087.3621 4107.7989 1.212930e-15 2.012952e-17 2.285491e+00 0 0
4090.0972 4110.5477 1.209949e-15 2.033247e-17 2.282601e+00 16 0
4092.8324 4113.2965 1.170772e-15 2.142398e-17 2.211308e+00 16 0
4095.5675 4116.0453 1.140614e-15 2.330151e-17 2.157090e+00 16 0
4098.3026 4118.7941 1.197262e-15 2.248826e-17 2.269134e+00 16 0
4101.0377 4121.5428 1.197051e-15 2.096684e-17 2.272784e+00 0 0
4103.7727 4124.2916 1.201101e-15 2.119433e-17 2.285078e+00 16 0
4106.5078 4127.0404 1.236714e-15 2.014867e-17 2.358180e+00 0 0
4109.2429 4129.7891 1.181548e-15 1.997044e-17 2.256959e+00 0 0
4111.9780 4132.5379 1.172247e-15 2.088354e-17 2.243949e+00 16 0
4114.7130 4135.2866 1.180516e-15 2.286660e-17 2.264980e+00 0 0
4117.4481 4138.0353 1.142643e-15 3.129167e-17 2.196721e+00 16 0
4120.1831 4140.7841 1.231298e-15 2.164593e-17 2.374038e+00 16 0
4122.9182 4143.5328 1.226595e-15 1.982967e-17 2.370392e+00 0 0
4125.6532 4146.2815 1.265756e-15 2.146092e-17 2.452188e+00 16 0
4128.3883 4149.0302 1.265678e-15 2.233506e-17 2.457705e+00 16 0
4131.1233 4151.7789 1.277371e-15 2.059717e-17 2.486013e+00 0 0
4133.8583 4154.5276 1.314565e-15 2.292854e-17 2.564800e+00 16 0
4136.5933 4157.2763 1.306960e-15 2.133649e-17 2.555392e+00 0 0
4139.3283 4160.0250 1.373151e-15 2.097150e-17 2.691917e+00 0 0
4142.0633 4162.7736 1.415895e-15 2.230951e-17 2.782490e+00 16 0
4144.7983 4165.5223 1.458362e-15 2.414252e-17 2.873039e+00 0 0
4147.5333 4168.2709 1.459462e-15 2.813377e-17 2.881543e+00 16 0
4150.2683 4171.0196 1.464866e-15 2.277626e-17 2.898725e+00 0 0
4153.0032 4173.7682 1.408206e-15 2.408286e-17 2.792072e+00 0 0
4155.7382 4176.5169 1.480775e-15 2.257605e-17 2.943731e+00 0 0
4158.4731 4179.2655 1.581116e-15 2.539618e-17 3.151845e+00 16 0
4161.2081 4182.0141 1.440201e-15 2.693551e-17 2.875319e+00 0 0
4163.9430 4184.7627 1.571899e-15 2.361625e-17 3.147441e+00 16 0
4166.6779 4187.5113 1.577671e-15 2.304776e-17 3.166086e+00 0 0
4169.4129 4190.2599 1.525462e-15 2.467407e-17 3.067270e+00 16 0
4172.1478 4193.0085 1.603352e-15 2.361734e-17 3.231925e+00 0 0
4174.8827 4195.7571 1.569608e-15 2.408620e-17 3.169886e+00 0 0
4177.6176 4198.5057 1.602849e-15 2.545188e-17 3.243871e+00 16 0
4180.3525 4201.2542 1.498268e-15 2.756978e-17 3.036413e+00 0 0
4183.0874 4204.0028 1.483368e-15 2.762093e-17 3.011486e+00 0 0
4185.8222 4206.7514 1.621813e-15 2.461989e-17 3.300101e+00 16 0
4188.5571 4209.4999 1.632307e-15 2.511051e-17 3.326804e+00 16 0
4191.2920 4212.2484 1.631738e-15 2.680568e-17 3.330202e+00 16 0
4194.0268 4214.9970 1.598428e-15 2.353868e-17 3.266067e+00 16 0
4196.7617 4217.7455 1.556002e-15 2.624176e-17 3.182547e+00 0 0
4199.4965 4220.4940 1.623251e-15 2.374148e-17 3.324982e+00 16 0
4202.2313 4223.2425 1.579801e-15 2.183330e-17 3.238717e+00 16 0
4204.9661 4225.9910 1.629259e-15 2.209476e-17 3.344310e+00 16 0
4207.7009 4228.7395 1.635525e-15 2.147785e-17 3.360685e+00 0 0
4210.4357 4231.4879 1.634739e-15 2.189281e-17 3.362502e+00 0 0
4213.1705 4234.2364 1.657020e-15 2.170717e-17 3.412329e+00 0 0
4215.9053 4236.9848 1.597450e-15 2.296049e-17 3.292369e+00 16 0
4218.6401 4239.7333 1.572433e-15 2.583005e-17 3.244202e+00 0 0
4221.3749 4242.4817 1.589442e-15 2.609677e-17 3.283433e+00 0 0
4224.1096 4245.2302 1.770519e-15 4.270558e-17 3.665327e+00 16 0
4226.8444 4247.9786 1.612389e-15 2.362163e-17 3.340403e+00 0 0
4229.5791 4250.7270 1.567102e-15 3.171920e-17 3.250840e+00 16 0
4232.3138 4253.4754 1.605215e-15 2.299054e-17 3.335568e+00 0 0
4235.0486 4256.2238 1.588425e-15 2.373676e-17 3.306100e+00 0 0
4237.7833 4258.9722 1.577338e-15 2.805115e-17 3.288526e+00 0 0
4240.5180 4261.7206 1.616157e-15 2.284472e-17 3.376441e+00 16 0
4243.2527 4264.4689 1.621645e-15 2.814834e-17 3.394422e+00 16 0
4245.9873 4267.2173 1.615675e-15 2.239673e-17 3.388477e+00 0 0
4248.7220 4269.9656 1.495451e-15 2.913456e-17 3.140752e+00 16 0
4251.4567 4272.7140 1.594957e-15 2.716607e-17 3.358062e+00 16 0
4254.1913 4275.4623 1.596051e-15 2.089602e-17 3.367199e+00 0 0
4256.9260 4278.2106 1.524724e-15 2.556086e-17 3.222425e+00 16 0
4259.6606 4280.9589 1.594964e-15 2.247193e-17 3.379092e+00 0 0
4262.3952 4283.7072 1.642639e-15 2.270929e-17 3.488246e+00 0 0
4265.1298 4286.4555 1.593459e-15 2.253161e-17 3.390338e+00 0 0
4267.8644 4289.2038 1.592585e-15 3.170766e-17 3.395915e+00 16 0
4270.5990 4291.9520 1.516972e-15 2.549799e-17 3.240671e+00 0 0
4273.3336 4294.7003 1.604670e-15 2.204062e-17 3.436942e+00 0 0
4276.0682 4297.4485 1.624612e-15 2.255564e-17 3.487618e+00 16 0
4278.8028 4300.1968 1.574056e-15 2.551801e-17 3.385896e+00 0 0
4281.5373 4302.9450 1.672920e-15 2.153810e-17 3.608119e+00 16 0
4284.2719 4305.6932 1.681572e-15 2.412418e-17 3.634783e+00 0 0
4287.0064 4308.4414 1.720741e-15 2.471434e-17 3.728063e+00 0 0
4289.7409 4311.1896 1.662769e-15 2.201426e-17 3.609362e+00 16 0
4292.4754 4313.9378 1.662826e-15 2.253477e-17 3.617176e+00 0 0
4295.2099 4316.6860 1.562747e-15 2.487719e-17 3.404898e+00 0 0
4297.9444 4319.4341 1.712680e-15 3.262283e-17 3.741475e+00 16 0
4300.6789 4322.1823 1.663710e-15 2.086985e-17 3.640920e+00 0 0
4303.4134 4324.9304 1.583513e-15 2.218193e-17 3.470965e+00 16 0
4306.1478 4327.6786 1.506425e-15 2.656327e-17 3.306930e+00 16 0
4308.8823 4330.4267 1.516143e-15 2.668259e-17 3.334510e+00 0 0
4311.6167 4333.1748 1.542515e-15 3.775719e-17 3.398819e+00 16 0
4314.3511 4335.9229 1.454035e-15 2.400726e-17 3.208032e+00 0 0
4317.0856 4338.6710 1.456295e-15 2.982328e-17 3.218602e+00 16 0
4319.8200 4341.4191 1.496624e-15 2.097060e-17 3.314070e+00 16 0
4322.5544 4344.1671 1.432756e-15 2.076850e-17 3.177074e+00 16 0
4325.2887 4346.9152 1.452722e-15 4.605276e-17 3.227212e+00 16 0
4328.0231 4349.6632 1.317728e-15 2.167238e-17 2.930623e+00 0 0
4330.7575 4352.4112 1.262341e-15 2.272272e-17 2.811735e+00 0 0
4333.4918 4355.1593 1.268889e-15 2.244576e-17 2.831938e+00 0 0
4336.2261 4357.9073 1.304589e-15 1.870501e-17 2.917929e+00 0 0
4338.9605 4360.6553 1.240248e-15 1.820303e-17 2.778606e+00 0 0
4341.6948 4363.4033 1.260414e-15 1.905164e-17 2.829923e+00 16 0
4344.4291 4366.1512 1.150544e-15 2.119204e-17 2.586899e+00 16 0
4347.1634 4368.8992 1.152539e-15 1.934354e-17 2.596960e+00 0 0
4349.8976 4371.6471 1.145985e-15 1.922956e-17 2.587590e+00 16 0
4352.6319 4374.3951 1.101378e-15 2.172984e-17 2.491349e+00 16 0
4355.3662 4377.1430 1.088254e-15 1.786625e-17 2.466420e+00 0 0
4358.1004 4379.8909 1.067367e-15 1.721390e-17 2.423554e+00 0 0
4360.8346 4382.6388 1.046481e-15 2.999510e-17 2.379973e+00 16 0
4363.5688 4385.3867 1.033390e-15 1.721693e-17 2.354084e+00 0 0
4366.3030 4388.1346 1.012778e-15 1.886827e-17 2.310268e+00 16 0
4369.0372 4390.8824 9.648377e-16 2.015127e-17 2.203309e+00 16 0
4371.7714 4393.6303 9.231970e-16 2.027113e-17 2.110009e+00 16 0
4374.5056 4396.3781 9.760146e-16 1.842246e-17 2.234512e+00 16 0
4377.2397 4399.1259 9.884818e-16 1.639843e-17 2.265641e+00 0 0
4379.9739 4401.8737 9.369954e-16 1.651803e-17 2.148756e+00 16 0
4382.7080 4404.6215 9.674462e-16 1.663637e-17 2.221014e+00 16 0
4385.4421 4407.3693 9.518912e-16 1.636320e-17 2.186790e+00 16 0
4388.1762 4410.1171 9.294497e-16 1.781747e-17 2.136657e+00 16 0
4390.9103 4412.8649 9.337374e-16 1.660327e-17 2.148489e+00 0 0
4393.6444 4415.6126 9.230774e-16 1.621256e-17 2.125893e+00 0 0
4396.3785 4418.3604 9.063595e-16 1.624980e-17 2.089205e+00 16 0
4399.1125 4421.1081 9.472503e-16 1.734698e-17 2.187097e+00 16 0
4401.8465 4423.8558 8.931110e-16 2.102706e-17 2.063725e+00 16 0
4404.5806 4426.6035 8.973929e-16 1.643908e-17 2.077028e+00 16 0
4407.3146 4429.3512 9.249284e-16 1.731292e-17 2.144810e+00 16 0
4410.0486 4432.0988 9.581282e-16 1.698934e-17 2.226715e+00 16 0
4412.7826 4434.8465 9.767284e-16 1.731153e-17 2.274696e+00 16 0
4415.5165 4437.5941 9.878925e-16 1.628983e-17 2.305822e+00 0 0
4418.2505 4440.3418 9.676238e-16 1.731560e-17 2.262960e+00 0 0
4420.9844 4443.0894 9.691109e-16 1.851241e-17 2.271465e+00 16 0
4423.7184 4445.8370 1.009049e-15 1.735834e-17 2.371093e+00 16 0
4426.4523 4448.5846 9.595416e-16 1.974771e-17 2.258555e+00 0 0
4429.1862 4451.3321 9.739160e-16 1.750343e-17 2.297476e+00 16 0
4431.9201 4454.0797 9.925751e-16 1.944247e-17 2.346307e+00 0 0
4434.6540 4456.8272 1.034124e-15 1.967633e-17 2.449899e+00 16 0
4437.3878 4459.5748 1.173376e-15 3.879109e-17 2.786898e+00 1040 0
4440.1217 4462.3223 1.109812e-15 1.841009e-17 2.638712e+00 1040 0
4442.8555 4465.0698 1.132925e-15 1.823938e-17 2.697217e+00 1024 0
4445.5893 4467.8173 1.093584e-15 2.046094e-17 2.605734e+00 1040 0
4448.3231 4470.5648 1.167427e-15 1.846148e-17 2.785576e+00 1040 0
4451.0569 4473.3122 1.141572e-15 2.033043e-17 2.725692e+00 1040 0
4453.7907 4476.0597 1.185883e-15 2.141256e-17 2.833956e+00 1040 0
4456.5245 4478.8071 1.260573e-15 1.751077e-17 3.015485e+00 1024 0
4459.2582 4481.5545 1.193943e-15 2.027486e-17 2.856140e+00 1024 0
4461.9920 4484.3019 1.266186e-15 1.915716e-17 3.031569e+00 1040 0
4464.7257 4487.0493 1.263901e-15 2.095870e-17 3.027411e+00 1280 0
4467.4594 4489.7967 1.327396e-15 1.943012e-17 3.182050e+00 1040 0
4470.1931 4492.5440 1.299160e-15 1.868065e-17 3.115366e+00 1024 0
4472.9267 4495.2914 1.333503e-15 1.921930e-17 3.199889e+00 1040 0
4475.6604 4498.0387 1.354663e-15 2.344093e-17 3.252917e+00 1040 0
4478.3941 4500.7860 1.375658e-15 2.383880e-17 3.305662e+00 1040 0
4481.1277 4503.5333 1.375775e-15 2.189279e-17 3.308373e+00 1040 0
4483.8613 4506.2806 1.446700e-15 2.079757e-17 3.482767e+00 1040 0
4486.5949 4509.0279 1.543570e-15 1.920563e-17 3.720573e+00 1024 0
4489.3285 4511.7751 1.535559e-15 2.285834e-17 3.704038e+00 1024 0
4492.0621 4514.5224 1.656084e-15 1.951315e-17 3.999721e+00 1024 0
4494.7956 4517.2696 1.672239e-15 2.210031e-17 4.041938e+00 1040 0
4497.5292 4520.0168 1.716072e-15 2.269503e-17 4.151590e+00 1040 0
4500.2627 4522.7640 1.812080e-15 2.733696e-17 4.388401e+00 1040 0
4502.9962 4525.5112 1.875372e-15 2.503934e-17 4.545129e+00 1040 0
4505.7297 4528.2583 1.822675e-15 2.478079e-17 4.418899e+00 1024 0
4508.4632 4531.0055 1.874004e-15 2.237220e-17 4.546128e+00 1024 0
4511.1966 4533.7526 1.981003e-15 2.149533e-17 4.809213e+00 0 0
4513.9301 4536.4997 1.956771e-15 2.590562e-17 4.751703e+00 16 0
4516.6635 4539.2468 2.021075e-15 2.917273e-17 4.910258e+00 16 0
4519.3969 4541.9939 2.151298e-15 2.692725e-17 5.230125e+00 16 0
4522.1303 4544.7410 2.200863e-15 2.884144e-17 5.352679e+00 16 0
4524.8637 4547.4880 2.259891e-15 2.716563e-17 5.498873e+00 16 0
4527.5971 4550.2351 2.337240e-15 2.927078e-17 5.689738e+00 0 0
4530.3304 4552.9821 2.463661e-15 2.904608e-17 6.001589e+00 0 0
4533.0638 4555.7291 2.475336e-15 3.143400e-17 6.032312e+00 16 0
4535.7971 4558.4761 2.636022e-15 2.563284e-17 6.429112e+00 0 0
4538.5304 4561.2230 2.580667e-15 3.068403e-17 6.296199e+00 0 0
4541.2637 4563.9700 2.740523e-15 2.982396e-17 6.691898e+00 16 0
4543.9969 4566.7169 2.779193e-15 2.942864e-17 6.790220e+00 0 0
4546.7302 4569.4638 2.857868e-15 3.001617e-17 6.987119e+00 0 0
4549.4634 4572.2107 2.903205e-15 2.858287e-17 7.101985e+00 16 0
4552.1966 4574.9576 2.958865e-15 2.682752e-17 7.241921e+00 0 0
4554.9299 4577.7045 3.061342e-15 3.138084e-17 7.496826e+00 16 0
4557.6630 4580.4514 3.069163e-15 3.126311e-17 7.517838e+00 16 0
4560.3962 4583.1982 3.088027e-15 3.115983e-17 7.565677e+00 0 0
4563.1294 4585.9450 3.108441e-15 3.105186e-17 7.615726e+00 16 0
4565.8625 4588.6918 3.202825e-15 3.138508e-17 7.847486e+00 0 0
4568.5956 4591.4386 3.330604e-15 3.224412e-17 8.159459e+00 0 0
4571.3287 4594.1854 3.444054e-15 3.825031e-17 8.435702e+00 16 0
4574.0618 4596.9321 3.376900e-15 3.243156e-17 8.265961e+00 16 0
4576.7949 4599.6788 3.412032e-15 3.250294e-17 8.347564e+00 0 0
4579.5279 4602.4256 3.549627e-15 3.606120e-17 8.679626e+00 16 0
4582.2610 4605.1723 3.595216e-15 3.334243e-17 8.785347e+00 0 0
4584.9940 4607.9189 3.579646e-15 3.335368e-17 8.740892e+00 16 0
4587.7270 4610.6656 3.579362e-15 3.329526e-17 8.734049e+00 0 0
4590.4600 4613.4123 3.635307e-15 3.347987e-17 8.866046e+00 0 0
4593.1929 4616.1589 3.708680e-15 3.360985e-17 9.040768e+00 0 0
4595.9259 4618.9055 3.713034e-15 3.449635e-17 9.048509e+00 16 0
4598.6588 4621.6521 3.765403e-15 3.442330e-17 9.173988e+00 16 0
4601.3917 4624.3987 3.789631e-15 3.616945e-17 9.233185e+00 16 0
4604.1246 4627.1452 3.729820e-15 3.696485e-17 9.087050e+00 16 0
4606.8575 4629.8918 3.659565e-15 3.519918e-17 8.917871e+00 16 0
4609.5903 4632.6383 3.649160e-15 3.345514e-17 8.895296e+00 0 0
4612.3232 4635.3848 3.562892e-15 3.347089e-17 8.688684e+00 16 0
4615.0560 4638.1313 3.485577e-15 3.442148e-17 8.503866e+00 16 0
4617.7888 4640.8777 3.485540e-15 3.265184e-17 8.509028e+00 16 0
4620.5216 4643.6242 3.456194e-15 3.231133e-17 8.442220e+00 0 0
4623.2543 4646.3706 3.323839e-15 3.295782e-17 8.122015e+00 0 0
4625.9871 4649.1170 3.260902e-15 3.150562e-17 7.971790e+00 0 0
4628.7198 4651.8634 3.214405e-15 3.131343e-17 7.860301e+00 0 0
4631.4525 4654.6098 3.169620e-15 3.153772e-17 7.752721e+00 0 0
4634.1852 4657.3562 3.052678e-15 3.209466e-17 7.465606e+00 0 0
4636.9179 4660.1025 2.977912e-15 3.105192e-17 7.281892e+00 16 0
4639.6506 4662.8488 2.917839e-15 3.041368e-17 7.132030e+00 0 0
4642.3832 4665.5951 3.026643e-15 4.693916e-17 7.396708e+00 16 0
4645.1158 4668.3414 2.830462e-15 2.684773e-17 6.910674e+00 0 0
4647.8484 4671.0877 2.742597e-15 2.933258e-17 6.690755e+00 0 0
4650.5810 4673.8339 2.582984e-15 2.824865e-17 6.294278e+00 0 0
4653.3136 4676.5801 2.442282e-15 2.869694e-17 5.944742e+00 0 0
4656.0461 4679.3263 2.450145e-15 2.887000e-17 5.958817e+00 0 0
4658.7786 4682.0725 2.420746e-15 2.782735e-17 5.881869e+00 16 0
4661.5111 4684.8187 2.349407e-15 2.793596e-17 5.703294e+00 16 0
4664.2436 4687.5648 2.374275e-15 2.549367e-17 5.759711e+00 16 0
4666.9761 4690.3110 2.257813e-15 2.322096e-17 5.472833e+00 16 0
4669.7085 4693.0571 2.248349e-15 2.312398e-17 5.447006e+00 0 0
4672.4410 4695.8032 2.084459e-15 2.588066e-17 5.046607e+00 0 0
4675.1734 4698.5492 2.018723e-15 2.612386e-17 4.885423e+00 1024 0
4677.9057 4701.2953 2.067516e-15 2.595024e-17 5.004389e+00 1040 0
4680.6381 4704.0413 2.055772e-15 2.616995e-17 4.975949e+00 1040 0
4683.3705 4706.7873 2.018913e-15 2.762874e-17 4.887278e+00 1040 0
4686.1028 4709.5333 1.984571e-15 2.693431e-17 4.804642e+00 1024 0
4688.8351 4712.2793 2.039553e-15 2.243394e-17 4.939892e+00 1024 0
4691.5674 4715.0252 1.945424e-15 2.520259e-17 4.711795e+00 1040 0
4694.2997 4717.7712 1.927961e-15 2.639588e-17 4.670116e+00 1040 0
4697.0319 4720.5171 1.938008e-15 2.458462e-17 4.695415e+00 1040 0
4699.7641 4723.2630 1.941964e-15 2.379492e-17 4.704993e+00 1024 0
4702.4964 4726.0088 1.876194e-15 2.135769e-17 4.544605e+00 1024 0
4705.2285 4728.7547 1.868493e-15 2.150091e-17 4.524632e+00 1024 0
4707.9607 4731.5005 1.798357e-15 2.474918e-17 4.352645e+00 1024 0
4710.6929 4734.2463 1.740276e-15 2.448200e-17 4.209107e+00 1040 0
4713.4250 4736.9921 1.693740e-15 2.270358e-17 4.093914e+00 1024 0
4716.1571 4739.7379 1.762638e-15 2.285118e-17 4.258830e+00 1040 0
4718.8892 4742.4836 1.626120e-15 2.356049e-17 3.924649e+00 1040 0
4721.6213 4745.2294 1.532340e-15 2.271614e-17 3.694594e+00 1024 0
4724.3533 4747.9751 1.582976e-15 2.067872e-17 3.815447e+00 1024 0
4727.0853 4750.7207 1.543454e-15 2.088992e-17 3.717982e+00 1040 0
4729.8173 4753.4664 1.593586e-15 1.971405e-17 3.838259e+00 1040 0
4732.5493 4756.2121 1.559583e-15 1.926238e-17 3.755521e+00 1040 0
4735.2813 4758.9577 1.510499e-15 1.898082e-17 3.636558e+00 1024 0
4738.0132 4761.7033 1.500915e-15 1.884071e-17 3.614584e+00 1024 0
4740.7451 4764.4489 1.491055e-15 1.902567e-17 3.592205e+00 1040 0
4743.4770 4767.1944 1.461132e-15 2.076213e-17 3.522368e+00 16 0
4746.2089 4769.9400 1.495782e-15 2.059991e-17 3.609525e+00 16 0
4748.9408 4772.6855 1.419205e-15 1.987655e-17 3.427402e+00 0 0
4751.6726 4775.4310 1.476501e-15 1.953457e-17 3.570986e+00 16 0
4754.4044 4778.1765 1.491631e-15 2.663265e-17 3.612799e+00 16 0
4757.1362 4780.9219 1.456581e-15 2.342289e-17 3.532263e+00 0 0
4759.8680 4783.6673 1.527794e-15 1.959712e-17 3.711488e+00 0 0
4762.5998 4786.4128 1.566887e-15 2.002129e-17 3.812586e+00 0 0
4765.3315 4789.1581 1.617919e-15 1.918920e-17 3.942961e+00 0 0
4768.0632 4791.9035 1.543882e-15 2.257797e-17 3.766438e+00 0 0
4770.7949 4794.6489 1.662570e-15 2.299516e-17 4.062650e+00 16 0
4773.5265 4797.3942 1.650824e-15 2.058318e-17 4.038313e+00 0 0
4776.2582 4800.1395 1.713836e-15 2.013943e-17 4.197056e+00 0 0
4778.9898 4802.8848 1.685700e-15 1.992093e-17 4.131124e+00 0 0
4781.7214 4805.6300 1.770145e-15 2.075901e-17 4.342198e+00 16 0
4784.4530 4808.3752 1.768512e-15 3.007220e-17 4.340872e+00 16 0
4787.1845 4811.1205 1.874036e-15 2.129254e-17 4.603765e+00 0 0
4789.9161 4813.8657 1.822381e-15 2.052471e-17 4.478216e+00 0 0
4792.6476 4816.6108 1.824853e-15 2.205165e-17 4.486009e+00 16 0
4795.3791 4819.3560 1.815054e-15 2.098744e-17 4.463449e+00 16 0
4798.1105 4822.1011 1.809456e-15 2.155234e-17 4.451416e+00 16 0
4800.8420 4824.8462 1.713877e-15 2.437320e-17 4.216612e+00 16 0
4803.5734 4827.5913 1.752383e-15 2.105634e-17 4.314047e+00 16 0
4806.3048 4830.3363 1.706333e-15 2.453392e-17 4.202095e+00 0 0
4809.0362 4833.0814 1.735275e-15 2.674921e-17 4.276586e+00 16 0
4811.7675 4835.8264 1.654063e-15 2.304536e-17 4.077891e+00 0 0
4814.4989 4838.5714 1.627779e-15 2.428033e-17 4.015665e+00 16 0
4817.2302 4841.3163 1.662024e-15 2.316650e-17 4.103792e+00 16 0
4819.9615 4844.0613 1.665939e-15 2.174204e-17 4.116832e+00 0 0
4822.6927 4846.8062 1.648139e-15 2.104822e-17 4.075853e+00 0 0
4825.4240 4849.5511 1.678686e-15 2.462257e-17 4.155190e+00 16 0
4828.1552 4852.2960 1.692933e-15 2.068179e-17 4.194016e+00 0 0
4830.8864 4855.0408 1.624238e-15 2.285544e-17 4.025747e+00 0 0
4833.6175 4857.7856 1.414107e-15 2.496498e-17 3.504261e+00 16 0
4836.3487 4860.5304 1.668911e-15 2.450956e-17 4.142958e+00 16 0
4839.0798 4863.2752 1.703059e-15 2.129433e-17 4.231030e+00 16 0
4841.8109 4866.0200 1.722279e-15 2.101572e-17 4.281638e+00 0 0
4844.5420 4868.7647 1.640542e-15 2.159322e-17 4.079610e+00 16 0
4847.2730 4871.5094 1.738804e-15 2.317674e-17 4.328117e+00 0 0
4850.0041 4874.2541 1.753282e-15 2.533440e-17 4.366966e+00 0 0
4852.7351 4876.9988 1.831168e-15 2.175146e-17 4.565131e+00 16 0
4855.4661 4879.7434 1.802785e-15 2.402064e-17 4.496893e+00 0 0
4858.1970 4882.4880 1.892879e-15 2.046360e-17 4.726718e+00 0 0
4860.9280 4885.2326 1.900796e-15 2.258150e-17 4.750340e+00 16 0
4863.6589 4887.9772 1.855040e-15 2.417161e-17 4.639682e+00 0 0
4866.3898 4890.7217 1.881417e-15 2.459037e-17 4.710492e+00 16 0
4869.1206 4893.4662 1.953075e-15 2.463095e-17 4.896401e+00 0 0
4871.8515 4896.2107 1.993326e-15 2.868150e-17 5.003391e+00 16 0
4874.5823 4898.9552 2.002383e-15 2.467324e-17 5.032361e+00 0 0
4877.3131 4901.6996 2.030256e-15 3.044854e-17 5.108891e+00 16 0
4880.0438 4904.4441 2.071759e-15 2.471427e-17 5.220391e+00 16 0
4882.7746 4907.1885 2.118695e-15 2.572671e-17 5.345798e+00 16 0
4885.5053 4909.9328 2.098071e-15 3.013569e-17 5.299777e+00 16 0
4888.2360 4912.6772 2.139495e-15 2.558319e-17 5.411284e+00 0 0
4890.9667 4915.4215 2.111470e-15 2.538093e-17 5.345742e+00 0 0
4893.6973 4918.1658 2.180388e-15 2.452796e-17 5.527008e+00 0 0
4896.4279 4920.9101 2.162073e-15 2.577042e-17 5.485497e+00 16 0
4899.1585 4923.6543 2.248755e-15 2.246645e-17 5.711889e+00 0 0
4901.8891 4926.3985 2.320772e-15 2.402629e-17 5.900410e+00 16 0
4904.6196 4929.1427 2.202414e-15 2.694501e-17 5.602284e+00 16 0
4907.3502 4931.8869 2.285222e-15 2.584885e-17 5.818614e+00 16 0
4910.0807 4934.6311 2.246772e-15 2.619610e-17 5.724642e+00 0 0
4912.8111 4937.3752 2.263525e-15 3.441392e-17 5.771791e+00 16 0
4915.5416 4940.1193 2.323172e-15 3.394704e-17 5.929174e+00 16 0
4918.2720 4942.8634 2.313702e-15 2.628334e-17 5.910156e+00 0 0
4921.0024 4945.6074 2.425702e-15 2.580110e-17 6.203438e+00 0 0
4923.7328 4948.3514 2.495662e-15 2.377687e-17 6.389735e+00 0 0
4926.4631 4951.0954 2.344400e-15 3.668847e-17 6.006739e+00 16 0
4929.1934 4953.8394 2.466802e-15 3.196731e-17 6.329509e+00 16 0
4931.9237 4956.5834 2.383047e-15 2.651181e-17 6.120839e+00 0 0
4934.6540 4959.3273 2.387827e-15 2.412967e-17 6.140885e+00 0 0
4937.3843 4962.0712 2.346145e-15 2.415309e-17 6.040747e+00 0 0
4940.1145 4964.8150 2.370422e-15 2.293684e-17 6.111350e+00 16 0
4942.8447 4967.5589 2.255412e-15 2.535822e-17 5.820641e+00 16 0
4945.5748 4970.3027 2.276655e-15 2.424551e-17 5.882415e+00 16 0
4948.3050 4973.0465 2.169277e-15 2.518180e-17 5.609771e+00 0 0
4951.0351 4975.7903 2.181554e-15 2.270819e-17 5.647017e+00 0 0
4953.7652 4978.5340 2.125174e-15 2.471562e-17 5.505291e+00 0 0
4956.4952 4981.2777 2.078471e-15 2.517873e-17 5.386868e+00 16 0
4959.2253 4984.0214 1.997622e-15 2.464769e-17 5.179148e+00 0 0
4961.9553 4986.7651 1.967876e-15 2.206595e-17 5.103384e+00 0 0
4964.6853 4989.5087 1.920818e-15 2.255977e-17 4.982277e+00 16 0
4967.4152 4992.2523 1.944186e-15 2.456913e-17 5.043731e+00 16 0
4970.1452 4994.9959 1.893874e-15 2.211644e-17 4.912907e+00 16 0
4972.8751 4997.7395 1.839727e-15 2.597959e-17 4.771777e+00 16 0
4975.6050 5000.4830 1.818361e-15 2.201624e-17 4.716186e+00 0 0
4978.3348 5003.2265 1.868535e-15 2.359813e-17 4.847368e+00 16 0
4981.0646 5005.9700 1.806836e-15 2.322688e-17 4.686709e+00 0 0
4983.7944 5008.7134 1.828185e-15 2.349307e-17 4.743484e+00 16 0
4986.5242 5011.4568 1.810891e-15 2.476842e-17 4.699526e+00 0 0
4989.2540 5014.2002 1.777310e-15 2.429381e-17 4.614149e+00 0 0
4991.9837 5016.9436 1.815621e-15 2.273620e-17 4.716681e+00 16 0
4994.7134 5019.6870 1.808029e-15 2.344590e-17 4.700586e+00 16 0
4997.4431 5022.4303 1.840851e-15 2.235409e-17 4.790360e+00 16 0
5000.1727 5025.1736 1.767370e-15 2.342148e-17 4.602943e+00 0 0
5002.9023 5027.9168 1.823032e-15 2.311777e-17 4.753936e+00 0 0
5005.6319 5030.6601 1.819630e-15 2.217880e-17 4.750968e+00 0 0
5008.3615 5033.4033 1.720220e-15 2.224735e-17 4.495542e+00 0 0
5011.0910 5036.1464 1.810954e-15 2.443897e-17 4.740419e+00 16 0
5013.8205 5038.8896 1.810977e-15 2.049214e-17 4.746737e+00 0 0
5016.5500 5041.6327 1.795571e-15 1.970097e-17 4.712156e+00 16 0
5019.2794 5044.3758 1.805931e-15 2.001130e-17 4.745492e+00 0 0
5022.0088 5047.1189 1.826385e-15 2.065773e-17 4.805212e+00 16 0
5024.7382 5049.8619 1.807917e-15 2.120674e-17 4.761821e+00 16 0
5027.4676 5052.6049 1.832255e-15 2.053863e-17 4.831182e+00 0 0
5030.1969 5055.3479 1.798513e-15 2.099080e-17 4.746379e+00 16 0
5032.9262 5058.0909 1.849352e-15 2.258897e-17 4.885707e+00 16 0
5035.6555 5060.8338 1.797262e-15 2.200188e-17 4.751439e+00 0 0
5038.3848 5063.5767 1.789022e-15 2.271370e-17 4.733216e+00 0 0
5041.1140 5066.3196 1.816716e-15 2.437285e-17 4.810651e+00 16 0
5043.8432 5069.0624 1.853791e-15 2.342481e-17 4.913208e+00 16 0
5046.5724 5071.8052 1.795706e-15 2.377198e-17 4.762047e+00 16 0
5049.3015 5074.5480 1.796231e-15 2.331550e-17 4.767118e+00 16 0
5052.0306 5077.2908 1.844418e-15 2.135602e-17 4.899619e+00 0 0
5054.7597 5080.0335 1.849815e-15 2.293531e-17 4.918352e+00 16 0
5057.4888 5082.7762 1.768107e-15 2.827884e-17 4.703989e+00 16 0
5060.2178 5085.5189 1.884157e-15 2.627327e-17 5.018772e+00 16 0
5062.9468 5088.2616 1.832002e-15 2.812761e-17 4.883209e+00 16 0
5065.6758 5091.0042 1.906946e-15 2.260311e-17 5.088704e+00 0 0
5068.4047 5093.7468 1.910516e-15 2.503091e-17 5.102875e+00 16 0
5071.1337 5096.4893 1.859804e-15 2.313619e-17 4.970470e+00 16 0
5073.8625 5099.2319 1.897513e-15 2.243740e-17 5.075787e+00 16 0
5076.5914 5101.9744 1.920853e-15 2.264731e-17 5.142140e+00 16 0
5079.3202 5104.7168 1.959536e-15 2.484427e-17 5.249887e+00 16 0
5082.0490 5107.4593 1.950268e-15 2.052093e-17 5.227585e+00 16 0
5084.7778 5110.2017 1.951325e-15 2.268540e-17 5.232987e+00 16 0
5087.5066 5112.9441 1.853252e-15 2.320393e-17 4.969823e+00 16 0
5090.2353 5115.6864 1.913684e-15 2.202189e-17 5.134065e+00 0 0
5092.9640 5118.4288 1.911763e-15 2.400904e-17 5.129620e+00 1040 0
5095.6926 5121.1711 1.959352e-15 2.294299e-17 5.258646e+00 1040 0
5098.4212 5123.9133 1.990063e-15 2.014612e-17 5.341670e+00 1024 0
5101.1498 5126.6556 1.977496e-15 2.103853e-17 5.307781e+00 1024 0
5103.8784 5129.3978 2.175323e-15 2.922498e-17 5.841978e+00 1040 0
5106.6069 5132.1400 1.917668e-15 2.492534e-17 5.146562e+00 1024 0
5109.3354 5134.8821 2.041702e-15 2.149533e-17 5.482041e+00 1040 0
5112.0639 5137.6242 2.000967e-15 2.275965e-17 5.372704e+00 1024 0
5114.7924 5140.3663 2.002269e-15 2.513637e-17 5.377765e+00 1024 0
5117.5208 5143.1084 2.021671e-15 2.427631e-17 5.431716e+00 1040 0
5120.2492 5145.8504 2.140062e-15 2.436375e-17 5.754315e+00 1040 0
5122.9776 5148.5924 2.148082e-15 2.448898e-17 5.778764e+00 1024 0
5125.7059 5151.3344 2.143213e-15 2.472160e-17 5.769352e+00 1040 0
5128.4342 5154.0764 2.306748e-15 2.564448e-17 6.216027e+00 1040 0
5131.1625 5156.8183 2.232224e-15 2.520312e-17 6.018713e+00 1040 0
5133.8907 5159.5601 2.288576e-15 2.523396e-17 6.176094e+00 1040 0
5136.6189 5162.3020 2.386453e-15 2.378620e-17 6.446383e+00 1040 0
5139.3471 5165.0438 2.476920e-15 2.510430e-17 6.696977e+00 1040 0
5142.0752 5167.7856 2.413748e-15 2.583353e-17 6.529872e+00 1040 0
5144.8034 5170.5274 2.473626e-15 2.800115e-17 6.697213e+00 1040 0
5147.5314 5173.2691 2.536116e-15 2.339377e-17 6.870406e+00 1024 0
5150.2595 5176.0108 2.574451e-15 2.756720e-17 6.977804e+00 1040 0
5152.9875 5178.7525 2.673059e-15 2.630416e-17 7.247766e+00 1040 0
5155.7155 5181.4941 2.619315e-15 3.456883e-17 7.102498e+00 16 0
5158.4435 5184.2357 2.738685e-15 2.665738e-17 7.426909e+00 0 0
5161.1714 5186.9773 2.844712e-15 2.778502e-17 7.714653e+00 16 0
5163.8993 5189.7188 2.893748e-15 2.765703e-17 7.845088e+00 0 0
5166.6272 5192.4604 2.916576e-15 2.790372e-17 7.903841e+00 0 0
5169.3551 5195.2018 3.049269e-15 2.962493e-17 8.259868e+00 16 0
5172.0829 5197.9433 3.076996e-15 2.895162e-17 8.329872e+00 16 0
5174.8107 5200.6847 3.219792e-15 2.919188e-17 8.711242e+00 0 0
5177.5384 5203.4261 3.230018e-15 2.751487e-17 8.732273e+00 16 0
5180.2661 5206.1675 3.252492e-15 3.028686e-17 8.786860e+00 16 0
5182.9938 5208.9088 3.351321e-15 3.376278e-17 9.048394e+00 16 0
5185.7215 5211.6501 3.404645e-15 3.002674e-17 9.186655e+00 0 0
5188.4491 5214.3914 3.513336e-15 3.014584e-17 9.474756e+00 0 0
5191.1767 5217.1326 3.442317e-15 3.943459e-17 9.277446e+00 16 0
5193.9043 5219.8738 3.563709e-15 3.079404e-17 9.600996e+00 0 0
5196.6318 5222.6150 3.740558e-15 2.917906e-17 1.007644e+01 0 0
5199.3593 5225.3561 3.696961e-15 3.304670e-17 9.955770e+00 16 0
5202.0868 5228.0972 3.688197e-15 3.934454e-17 9.930653e+00 0 0
5204.8142 5230.8383 3.803583e-15 3.399854e-17 1.024122e+01 0 0
5207.5416 5233.5793 3.843739e-15 4.024893e-17 1.034932e+01 0 0
5210.2690 5236.3203 3.869987e-15 4.026046e-17 1.041982e+01 0 0
5212.9963 5239.0613 4.015535e-15 3.520100e-17 1.081275e+01 16 0
5215.7236 5241.8023 4.095635e-15 3.269873e-17 1.102875e+01 0 0
5218.4509 5244.5432 4.093308e-15 3.499680e-17 1.102146e+01 0 0
5221.1782 5247.2841 4.085733e-15 4.120173e-17 1.099976e+01 0 0
5223.9054 5250.0249 4.216807e-15 3.299675e-17 1.135012e+01 0 0
5226.6326 5252.7657 4.221460e-15 3.346335e-17 1.135861e+01 0 0
5229.3597 5255.5065 4.339675e-15 3.406436e-17 1.167103e+01 16 0
5232.0868 5258.2473 4.264258e-15 4.303697e-17 1.146053e+01 16 0
5234.8139 5260.9880 4.417968e-15 3.649239e-17 1.186580e+01 16 0
5237.5410 5263.7287 4.356911e-15 4.122487e-17 1.169163e+01 16 0
5240.2680 5266.4693 4.284231e-15 4.029470e-17 1.148385e+01 16 0
5242.9950 5269.2100 4.436312e-15 3.661220e-17 1.188029e+01 16 0
5245.7219 5271.9505 4.523593e-15 3.448061e-17 1.210133e+01 0 0
5248.4489 5274.6911 4.481415e-15 4.256204e-17 1.197449e+01 0 0
5251.1757 5277.4316 4.464745e-15 3.763131e-17 1.191621e+01 16 0
5253.9026 5280.1721 4.446218e-15 4.232555e-17 1.185301e+01 0 0
5256.6294 5282.9126 4.535183e-15 3.765301e-17 1.207901e+01 16 0
5259.3562 5285.6530 4.630903e-15 3.211933e-17 1.232262e+01 0 0
5262.0830 5288.3934 4.457812e-15 4.363853e-17 1.185129e+01 16 0
5264.8097 5291.1337 4.509221e-15 3.895456e-17 1.197920e+01 16 0
5267.5364 5293.8741 4.615697e-15 3.522725e-17 1.225655e+01 16 0
5270.2630 5296.6144 4.517182e-15 3.733301e-17 1.198763e+01 16 0
5272.9897 5299.3546 4.574105e-15 3.766397e-17 1.213531e+01 16 0
5275.7163 5302.0948 4.457112e-15 4.356451e-17 1.181991e+01 0 0
5278.4428 5304.8350 4.540972e-15 3.466896e-17 1.204050e+01 0 0
5281.1694 5307.5752 4.322576e-15 4.366024e-17 1.145675e+01 16 0
5283.8958 5310.3153 6.923292e-15 8.060168e-17 1.837314e+01 16 0
5286.6223 5313.0554 4.449304e-15 3.404983e-17 1.178835e+01 0 0
5289.3487 5315.7955 4.378557e-15 3.800638e-17 1.159581e+01 16 0
5292.0751 5318.5355 4.412671e-15 3.421054e-17 1.168161e+01 0 0
5294.8015 5321.2755 4.325234e-15 4.292748e-17 1.144168e+01 0 0
5297.5278 5324.0154 4.288290e-15 4.565108e-17 1.133574e+01 16 0
5300.2541 5326.7554 4.355786e-15 3.407451e-17 1.150452e+01 0 0
5302.9803 5329.4952 4.268753e-15 4.265565e-17 1.126331e+01 0 0
5305.7066 5332.2351 4.277854e-15 3.360976e-17 1.127319e+01 0 0
5308.4328 5334.9749 4.304059e-15 3.470812e-17 1.132800e+01 16 0
5311.1589 5337.7147 3.996995e-15 4.553658e-17 1.050201e+01 16 0
5313.8850 5340.4545 4.298192e-15 3.235769e-17 1.128032e+01 0 0
5316.6111 5343.1942 4.226490e-15 3.378106e-17 1.107490e+01 0 0
5319.3372 5345.9338 4.184973e-15 4.656439e-17 1.094936e+01 16 0
5322.0632 5348.6735 4.203878e-15 3.662100e-17 1.098309e+01 16 0
5324.7892 5351.4131 4.103690e-15 4.204679e-17 1.070504e+01 16 0
5327.5151 5354.1527 4.115760e-15 5.049964e-17 1.072309e+01 16 0
5330.2410 5356.8922 4.138592e-15 4.207870e-17 1.076944e+01 16 0
5332.9669 5359.6317 4.204498e-15 3.611066e-17 1.093042e+01 0 0
5335.6927 5362.3712 4.196854e-15 3.621308e-17 1.089963e+01 0 0
5338.4186 5365.1106 4.152576e-15 3.621433e-17 1.077604e+01 0 0
5341.1443 5367.8501 4.177957e-15 3.359666e-17 1.083418e+01 0 0
5343.8701 5370.5894 4.208223e-15 3.759897e-17 1.090695e+01 16 0
5346.5958 5373.3288 4.073614e-15 4.221794e-17 1.055108e+01 0 0
5349.3214 5376.0681 4.168018e-15 4.253609e-17 1.079194e+01 0 0
5352.0471 5378.8073 4.235357e-15 3.433195e-17 1.096229e+01 16 0
5354.7727 5381.5465 4.077769e-15 4.225839e-17 1.054854e+01 16 0
5357.4982 5384.2857 4.331621e-15 5.101355e-17 1.120298e+01 16 0
5360.2238 5387.0249 4.212634e-15 3.578529e-17 1.088881e+01 16 0
5362.9493 5389.7640 4.096218e-15 3.977211e-17 1.058142e+01 16 0
5365.6747 5392.5031 4.122210e-15 4.234375e-17 1.064220e+01 0 0
5368.4001 5395.2421 4.158750e-15 3.947929e-17 1.072993e+01 0 0
5371.1255 5397.9812 4.208927e-15 3.179818e-17 1.085144e+01 16 0
5373.8509 5400.7201 4.210532e-15 3.436170e-17 1.084677e+01 0 0
5376.5762 5403.4591 4.111426e-15 4.217002e-17 1.058012e+01 0 0
5379.3015 5406.1980 4.248435e-15 3.289514e-17 1.092307e+01 16 0
5382.0267 5408.9369 4.264521e-15 3.162178e-17 1.095304e+01 16 0
5384.7519 5411.6757 4.131792e-15 3.599775e-17 1.059968e+01 0 0
5387.4771 5414.4145 4.222279e-15 3.279170e-17 1.082153e+01 0 0
5390.2023 5417.1533 4.186280e-15 3.400095e-17 1.071795e+01 0 0
5392.9274 5419.8920 4.213944e-15 3.920884e-17 1.077809e+01 16 0
5395.6524 5422.6307 4.161829e-15 4.285950e-17 1.063379e+01 0 0
5398.3774 5425.3693 4.089871e-15 4.277921e-17 1.043926e+01 16 0
5401.1024 5428.1080 4.152598e-15 3.491303e-17 1.059031e+01 0 0
5403.8274 5430.8465 4.091990e-15 4.086109e-17 1.042627e+01 16 0
5406.5523 5433.5851 4.277813e-15 3.222836e-17 1.089280e+01 0 0
5409.2772 5436.3236 4.212997e-15 3.670739e-17 1.071806e+01 0 0
5412.0021 5439.0621 4.037597e-15 4.211554e-17 1.026207e+01 0 0
5414.7269 5441.8005 3.913226e-15 4.156335e-17 9.936999e+00 16 0
5417.4516 5444.5389 4.143708e-15 4.005252e-17 1.051699e+01 16 0
5420.1764 5447.2773 4.045067e-15 3.579755e-17 1.025753e+01 0 0
5422.9011 5450.0156 4.086258e-15 3.891436e-17 1.035481e+01 0 0
5425.6257 5452.7539 4.000708e-15 4.089795e-17 1.012958e+01 0 0
5428.3504 5455.4921 3.979774e-15 4.203314e-17 1.006938e+01 0 0
5431.0750 5458.2303 3.847492e-15 4.136185e-17 9.726495e+00 0 0
5433.7995 5460.9685 3.935120e-15 4.162900e-17 9.942299e+00 0 0
5436.5240 5463.7067 4.010925e-15 3.671790e-17 1.012811e+01 0 0
5439.2485 5466.4448 3.953726e-15 4.209166e-17 9.977077e+00 16 0
5441.9730 5469.1828 4.008984e-15 3.998545e-17 1.011145e+01 0 0
5444.6974 5471.9209 4.086148e-15 2.904101e-17 1.030136e+01 0 0
5447.4217 5474.6588 3.902695e-15 4.006827e-17 9.832512e+00 0 0
5450.1461 5477.3968 3.870736e-15 4.004423e-17 9.747260e+00 0 0
5452.8704 5480.1347 8.532746e-15 9.149252e-17 2.153242e+01 272 0
5455.5946 5482.8726 3.693247e-15 3.531179e-17 9.291122e+00 16 0
5458.3188 5485.6104 3.768444e-15 4.056049e-17 9.477402e+00 0 0
5461.0430 5488.3482 3.875346e-15 4.072698e-17 9.743536e+00 16 0
5463.7672 5491.0860 3.809285e-15 3.830622e-17 9.572735e+00 16 0
5466.4913 5493.8237 3.712384e-15 4.066395e-17 9.324204e+00 0 0
5469.2153 5496.5614 3.790228e-15 4.006965e-17 9.515603e+00 16 0
5471.9394 5499.2991 3.801201e-15 3.311202e-17 9.538210e+00 16 0
5474.6634 5502.0367 3.783775e-15 4.720082e-17 9.488188e+00 16 0
5477.3873 5504.7743 3.676184e-15 4.083803e-17 9.211287e+00 16 0
5480.1113 5507.5118 3.658100e-15 3.464718e-17 9.158946e+00 16 0
5482.8351 5510.2493 3.506391e-15 3.790201e-17 8.770988e+00 0 0
5485.5590 5512.9868 3.722871e-15 3.269195e-17 9.307573e+00 0 0
5488.2828 5515.7242 3.544494e-15 3.984347e-17 8.852976e+00 0 0
5491.0065 5518.4616 3.522451e-15 3.963154e-17 8.791315e+00 0 0
5493.7303 5521.1989 3.443294e-15 4.071211e-17 8.586819e+00 16 0
5496.4540 5523.9362 3.434028e-15 4.297960e-17 8.558732e+00 16 0
5499.1776 5526.6735 3.435436e-15 3.700521e-17 8.557551e+00 16 0
5501.9012 5529.4107 3.424062e-15 3.761987e-17 8.526059e+00 16 0
5504.6248 5532.1479 3.303962e-15 4.170428e-17 8.223010e+00 16 0
5507.3483 5534.8851 3.342390e-15 3.843245e-17 8.318129e+00 0 0
5510.0718 5537.6222 3.331586e-15 3.866116e-17 8.290385e+00 16 0
5512.7953 5540.3593 3.269268e-15 3.817310e-17 8.135329e+00 0 0
5515.5187 5543.0963 3.274166e-15 3.797318e-17 8.148426e+00 0 0
5518.2421 5545.8333 3.244223e-15 3.819899e-17 8.075199e+00 0 0
5520.9654 5548.5703 3.255498e-15 4.126832e-17 8.105124e+00 16 0
5523.6887 5551.3072 3.394004e-15 4.425920e-17 8.453101e+00 16 0
5526.4120 5554.0441 3.294211e-15 3.281855e-17 8.205147e+00 0 0
5529.1352 5556.7809 3.268247e-15 3.844266e-17 8.140725e+00 16 0
5531.8584 5559.5177 3.269260e-15 3.680662e-17 8.143764e+00 0 0
5534.5816 5562.2545 3.217419e-15 3.772700e-17 8.012769e+00 0 0
5537.3047 5564.9912 3.348916e-15 3.103163e-17 8.340280e+00 16 0
5540.0277 5567.7279 3.250602e-15 3.810108e-17 8.091040e+00 0 0
5542.7508 5570.4645 3.232430e-15 3.799723e-17 8.042148e+00 0 0
5545.4737 5573.2011 3.308290e-15 3.292383e-17 8.226623e+00 16 0
5548.1967 5575.9377 3.339204e-15 3.119811e-17 8.298561e+00 16 0
5550.9196 5578.6742 3.364381e-15 2.979370e-17 8.355362e+00 16 0
5553.6425 5581.4107 3.381151e-15 3.034093e-17 8.390967e+00 16 0
5556.3653 5584.1471 3.186694e-15 3.795219e-17 7.900935e+00 16 0
5559.0881 5586.8835 3.310764e-15 3.116946e-17 8.204165e+00 0 0
5561.8109 5589.6199 3.188052e-15 3.850209e-17 7.894629e+00 16 0
5564.5336 5592.3562 3.309919e-15 2.741718e-17 8.193222e+00 0 0
5567.2562 5595.0925 3.238974e-15 3.260490e-17 8.014487e+00 16 0
5569.9789 5597.8288 3.253183e-15 2.880666e-17 8.047098e+00 16 0
5572.7015 5600.5650 3.171855e-15 3.369685e-17 7.844337e+00 16 0
5575.4240 5603.3011 3.060709e-15 3.806385e-17 7.567239e+00 16 0
5578.1465 5606.0373 3.122497e-15 3.139075e-17 7.720999e+00 16 0
5580.8690 5608.7733 3.096715e-15 3.071657e-17 7.656926e+00 0 0
5583.5914 5611.5094 2.983314e-15 3.655761e-17 7.375422e+00 0 0
5586.3138 5614.2454 3.105220e-15 2.969319e-17 7.678092e+00 16 0
5589.0362 5616.9813 2.989823e-15 3.456990e-17 7.390377e+00 0 0
5591.7585 5619.7173 2.969194e-15 3.638139e-17 7.337864e+00 0 0
5594.4807 5622.4532 2.997463e-15 3.939977e-17 7.404963e+00 16 0
5597.2030 5625.1890 3.025827e-15 3.484198e-17 7.472104e+00 16 0
5599.9252 5627.9248 2.963725e-15 3.005447e-17 7.312619e+00 16 0
5602.6473 5630.6605 2.724919e-15 3.816238e-17 6.715640e+00 16 0
5605.3694 5633.3963 2.920423e-15 3.535612e-17 7.191908e+00 16 0
5608.0915 5636.1319 2.840648e-15 3.405336e-17 6.986941e+00 0 0
5610.8135 5638.8676 2.861147e-15 2.939277e-17 7.028773e+00 0 0
5613.5355 5641.6032 2.817365e-15 3.468923e-17 6.912252e+00 0 0
5616.2574 5644.3387 2.842021e-15 3.136204e-17 6.964463e+00 16 0
5618.9793 5647.0742 2.754851e-15 3.451623e-17 6.741918e+00 0 0
5621.7012 5649.8097 2.757350e-15 3.042986e-17 6.741601e+00 0 0
5624.4230 5652.5451 2.830252e-15 2.632313e-17 6.914556e+00 0 0
5627.1448 5655.2805 2.716834e-15 3.421734e-17 6.632939e+00 16 0
5629.8665 5658.0159 2.638860e-15 3.326473e-17 6.438961e+00 0 0
5632.5882 5660.7512 2.654430e-15 2.774449e-17 6.477783e+00 16 0
5635.3099 5663.4864 2.668018e-15 3.187625e-17 6.512129e+00 0 0
5638.0315 5666.2217 2.548955e-15 3.182443e-17 6.224419e+00 0 0
5640.7531 5668.9568 2.516419e-15 3.338928e-17 6.149074e+00 0 0
5643.4746 5671.6920 2.617033e-15 2.670414e-17 6.403781e+00 0 0
5646.1961 5674.4271 2.544264e-15 3.252057e-17 6.231956e+00 0 0
5648.9175 5677.1621 2.532476e-15 3.080875e-17 6.212148e+00 0 0
5651.6389 5679.8971 2.533288e-15 2.529678e-17 6.223591e+00 0 0
5654.3603 5682.6321 2.590840e-15 2.543030e-17 6.375746e+00 16 0
5657.0816 5685.3670 2.560830e-15 2.654225e-17 6.311505e+00 16 0
5659.8029 5688.1019 2.527238e-15 2.523602e-17 6.237589e+00 16 0
5662.5241 5690.8368 2.513811e-15 2.507541e-17 6.213493e+00 0 0
5665.2453 5693.5716 2.536354e-15 2.614715e-17 6.278176e+00 16 0
5667.9665 5696.3063 3.332358e-15 1.542028e-16 8.268413e+00 784 0
