# obs_wvl flux error
2.968000000000000000e+03 1.775609745425474536e-14 3.484153419040161185e-15
2.973494283433057717e+03 2.290614440384264589e-14 2.368479067552596070e-15
2.978988566866115434e+03 1.933074877217210072e-14 2.244451082813861148e-15
2.984482850299173151e+03 1.636594839985067604e-14 2.206203178514936268e-15
2.989977133732230868e+03 2.400957572346264570e-14 2.104786407871257946e-15
2.995471417165288585e+03 2.013234149527566961e-14 2.021200958221935141e-15
3.000965700598346302e+03 1.787195016615601453e-14 1.989316594247544997e-15
3.006459984031404019e+03 2.009168905597119414e-14 2.123056695689334302e-15
3.011954267464461736e+03 2.018131202926181965e-14 1.889783738610883226e-15
3.017448550897519453e+03 1.776626752214139085e-14 1.884095571971212332e-15
3.022942834330577170e+03 2.061087087522707067e-14 1.786965306106685847e-15
3.028437117763634888e+03 1.669274028009916130e-14 1.781068208763327110e-15
3.033931401196692605e+03 1.446068152554193980e-14 1.625059418047671544e-15
3.039425684629750322e+03 1.850520996146434594e-14 1.632370235556359235e-15
3.044919968062808039e+03 1.953447318536043203e-14 1.547430142218589803e-15
3.050414251495865756e+03 1.714591604379836356e-14 1.483635617871301036e-15
3.055908534928923473e+03 2.037423681819691650e-14 1.485369661857728558e-15
3.061402818361981190e+03 1.877174881660851894e-14 1.449681996780912813e-15
3.066897101795038907e+03 1.633769735590006040e-14 1.443091491145440899e-15
3.072391385228096624e+03 2.262811428093859855e-14 1.379633038800236183e-15
3.077885668661154341e+03 2.384204946583940032e-14 1.380151038291201617e-15
3.083379952094212058e+03 2.720051251378258592e-14 1.440767523613909851e-15
3.088874235527269775e+03 2.765980053741411417e-14 1.365641732751754825e-15
3.094368518960327492e+03 2.614511379978802071e-14 1.417620310549318057e-15
3.099862802393385209e+03 2.807648281726810616e-14 1.333154837388982910e-15
3.105357085826442926e+03 2.795710069871239886e-14 1.327308863225299103e-15
3.110851369259500643e+03 3.161341024586973280e-14 1.347226785499213062e-15
3.116345652692558360e+03 2.642686724613373110e-14 1.346643882194686590e-15
3.121839936125616077e+03 2.791562470721852984e-14 1.305763011046439365e-15
3.127334219558673794e+03 2.647333731237197542e-14 1.280548677244969664e-15
3.132828502991731511e+03 2.802676535319193800e-14 1.303885198675402403e-15
3.138322786424789228e+03 2.624655978107977022e-14 1.330325652978029847e-15
3.143817069857846946e+03 2.589121754224765635e-14 1.239368824563978114e-15
3.149311353290904663e+03 2.964033714540048464e-14 1.398906200902267924e-15
3.154805636723962380e+03 2.666227580875140259e-14 1.360946381314749523e-15
3.160299920157020097e+03 2.730799944364910617e-14 1.274090066957718623e-15
3.165794203590077814e+03 2.584690944523982817e-14 1.193221888076808533e-15
3.171288487023135531e+03 2.358268736690372045e-14 1.153146152000645441e-15
3.176782770456193248e+03 2.741074247953134929e-14 1.166077283471996644e-15
3.182277053889250965e+03 2.641017957636157828e-14 1.145640450223633717e-15
3.187771337322308682e+03 2.535678769090944738e-14 1.140439754861548101e-15
3.193265620755366399e+03 2.376987914067444981e-14 1.096883295377317679e-15
3.198759904188424116e+03 2.407156383270926341e-14 1.091425437864522271e-15
3.204254187621481833e+03 2.672427590026220672e-14 1.213154158266871055e-15
3.209748471054539550e+03 2.392650652125644380e-14 1.102725988687832836e-15
3.215242754487597267e+03 2.379755861705677372e-14 1.050758826552409782e-15
3.220737037920654984e+03 2.244364905654100224e-14 1.026070217703770746e-15
3.226231321353712701e+03 2.481880028470056660e-14 1.035190781738511801e-15
3.231725604786770418e+03 1.973370050263976315e-14 1.017617956946366107e-15
3.237219888219828135e+03 2.138285465934635291e-14 1.005207464089765431e-15
3.242714171652885852e+03 2.307923709407949125e-14 9.879261014882929627e-16
3.248208455085943569e+03 2.151736626169498155e-14 9.785611396737950321e-16
3.253702738519001286e+03 2.338839113455749833e-14 1.027951930998182895e-15
3.259197021952059004e+03 2.065908692715930159e-14 9.700244464066533011e-16
3.264691305385116721e+03 2.059762993341876638e-14 9.771658488815528294e-16
3.270185588818174438e+03 2.142677155425975324e-14 9.617572722811232159e-16
3.275679872251232155e+03 2.381273533721335648e-14 9.565676420612376467e-16
3.281174155684289872e+03 2.306628129508589230e-14 9.440427672060198877e-16
3.286668439117347589e+03 2.396832266345517295e-14 9.469436407964985538e-16
3.292162722550405306e+03 2.239796989240281252e-14 9.233770810365284815e-16
3.297657005983463023e+03 2.399873364356735475e-14 9.320430975144853493e-16
3.303151289416520740e+03 2.551091389763414887e-14 9.390952454015360023e-16
3.308645572849578457e+03 2.609502082250696920e-14 9.370805414002191683e-16
3.314139856282636174e+03 2.382736918739815671e-14 9.241468030475097225e-16
3.319634139715693891e+03 2.562214433448243651e-14 9.193817894052369750e-16
3.325128423148751608e+03 2.824604128821211689e-14 9.914415389474912416e-16
3.330622706581809325e+03 2.864932781329185586e-14 9.332248384668089169e-16
3.336116990014867042e+03 2.770032713207898053e-14 9.275589458765414357e-16
3.341611273447924759e+03 2.892121830799848448e-14 9.324773352405682653e-16
3.347105556880982476e+03 3.284962875525804105e-14 1.074497291475954120e-15
3.352599840314040193e+03 3.371128181979377466e-14 9.416421264636304996e-16
3.358094123747097910e+03 3.456044220259319008e-14 9.388415555327286191e-16
3.363588407180155627e+03 3.468871045433141307e-14 9.353623206521754239e-16
3.369082690613213344e+03 3.508597557653021802e-14 9.325849623037252475e-16
3.374576974046271062e+03 3.474344918875393218e-14 9.230494848941924285e-16
3.380071257479328779e+03 3.631236540644354413e-14 9.321426341060471588e-16
3.385565540912386496e+03 3.597725069369146167e-14 9.224296081113998941e-16
3.391059824345444213e+03 3.744098803062987365e-14 9.485756648179513296e-16
3.396554107778501930e+03 3.561098760038253255e-14 9.237568088460801315e-16
3.402048391211559647e+03 3.378149124007088268e-14 9.681791688410523355e-16
3.407542674644617364e+03 3.855311293823673346e-14 9.298603256542262390e-16
3.413036958077675081e+03 4.011290990334179354e-14 9.304967479448696542e-16
3.418531241510732798e+03 4.092234937226244258e-14 9.605663712005262034e-16
3.424025524943790515e+03 4.262861288377954083e-14 9.540695766684930939e-16
3.429519808376848232e+03 4.411345096693887534e-14 9.410764139302459947e-16
3.435014091809905949e+03 4.613642567544864427e-14 9.441743751565909782e-16
3.440508375242963666e+03 4.580882028389064334e-14 9.370792810441760975e-16
3.446002658676021383e+03 4.796003029339991871e-14 9.377680911758056595e-16
3.451496942109079100e+03 4.861537585407015298e-14 9.644575377705226372e-16
3.456991225542136817e+03 5.313624806172324291e-14 9.589659955487819473e-16
3.462485508975194534e+03 5.712312856454187499e-14 9.701162102313669539e-16
3.467979792408252251e+03 5.915372611457953831e-14 9.834930252449578578e-16
3.473474075841309968e+03 6.304063043539138201e-14 1.004496022526374558e-15
3.478968359274367685e+03 6.141579695455197940e-14 9.881012473976650141e-16
3.484462642707425402e+03 6.158358785977906420e-14 1.019371193242608628e-15
3.489956926140483120e+03 6.343424127054477084e-14 1.006573871895246804e-15
3.495451209573540837e+03 6.358333876355509053e-14 1.007002889706016850e-15
3.500945493006598554e+03 6.498972913393502675e-14 1.009409628332766178e-15
3.506439776439656271e+03 6.567630813683139463e-14 9.986813907214156992e-16
3.511934059872713988e+03 6.551570504767702855e-14 9.954440778231455449e-16
3.517428343305771705e+03 6.802932163648610164e-14 1.005750469327303535e-15
3.522922626738829422e+03 6.927086382896731971e-14 1.009703129410008412e-15
3.528416910171887139e+03 6.884356220143398110e-14 9.990869095841687312e-16
3.533911193604944856e+03 7.304130116806302584e-14 1.028869829900594181e-15
3.539405477038002573e+03 6.942350291273204421e-14 1.003059515534132849e-15
3.544899760471060290e+03 7.290559784436825655e-14 1.019514860158898267e-15
3.550394043904118007e+03 7.211084039406272521e-14 1.009569039700400617e-15
3.555888327337175724e+03 7.437072842232930522e-14 1.016980882160028214e-15
3.561382610770233441e+03 7.543897820309982511e-14 1.026128542096776941e-15
3.566876894203291158e+03 7.716369523080811071e-14 1.124227828366959835e-15
3.572371177636348875e+03 8.005102342755900943e-14 1.048119664805470077e-15
3.577865461069406592e+03 8.040214290188057423e-14 1.052185492567967928e-15
3.583359744502464309e+03 8.023384403835740053e-14 1.040148631822262184e-15
3.588854027935522026e+03 7.812500335362651605e-14 1.024000222797269841e-15
3.594348311368579743e+03 8.236519144434343158e-14 1.043759983137387016e-15
3.599842594801637460e+03 8.150480542350278463e-14 1.041126585892390066e-15
3.605336878234695178e+03 8.501077847036189381e-14 1.084879979693104308e-15
3.610831161667752895e+03 8.795629335008733464e-14 1.498555000854604131e-15
3.616325445100810612e+03 8.586929795750182071e-14 1.477943350946474426e-15
3.621819728533868329e+03 8.955856467066165266e-14 1.072985564466664274e-15
3.627314011966926046e+03 8.804937771207767126e-14 1.056974312673095714e-15
3.632808295399983763e+03 8.494301583041736133e-14 1.040085380617572923e-15
3.638302578833041480e+03 8.150536462758399784e-14 1.020632552217769347e-15
3.643796862266099197e+03 7.728490804746905472e-14 9.931338654300220047e-16
3.649291145699156914e+03 6.925943608841415478e-14 9.567127225144529399e-16
3.654785429132214631e+03 6.434215621139081400e-14 9.247919315913154941e-16
3.660279712565272348e+03 5.807085080706612096e-14 8.870250017307552568e-16
3.665773995998330065e+03 5.453103671932981385e-14 8.684067924067171289e-16
3.671268279431387782e+03 4.838803716398489240e-14 8.570570488267250122e-16
3.676762562864445499e+03 4.356402813649530236e-14 8.484543824587519535e-16
3.682256846297503216e+03 4.023368545575667779e-14 7.859400625983724300e-16
3.687751129730560933e+03 3.687327761245889200e-14 7.523998561098213744e-16
3.693245413163618650e+03 3.402528416295446534e-14 7.448300260712645416e-16
3.698739696596676367e+03 3.460652979483394905e-14 7.530301095638654404e-16
3.704233980029734084e+03 3.184210227161977287e-14 7.188003255135919408e-16
3.709728263462791801e+03 3.303277534073225339e-14 7.050609790938185015e-16
3.715222546895849518e+03 3.129831020692647437e-14 6.909012212762102213e-16
3.720716830328907236e+03 3.023196053720544899e-14 6.817651204229782675e-16
3.726211113761964953e+03 3.035056387499888453e-14 6.832637938205699096e-16
3.731705397195022670e+03 3.069806508507469722e-14 6.770004222880253627e-16
3.737199680628080387e+03 3.029955306430049979e-14 6.752467494991458715e-16
3.742693964061138104e+03 3.076152285048265827e-14 6.629616258617772239e-16
3.748188247494195821e+03 3.373166118082646682e-14 6.766566504893248444e-16
3.753682530927253538e+03 3.386921310888154336e-14 6.771116809175646123e-16
3.759176814360311255e+03 3.772491084111618941e-14 6.928984267177192452e-16
3.764671097793368972e+03 4.025470282106207915e-14 7.007454342267310598e-16
3.770165381226426689e+03 4.344753564969225664e-14 7.092204562572899936e-16
3.775659664659484406e+03 4.520428113907298271e-14 7.387723363863022917e-16
3.781153948092542123e+03 4.709448823283324059e-14 7.423441480171446607e-16
3.786648231525599840e+03 4.765833815390169973e-14 7.389691181234192375e-16
3.792142514958657557e+03 4.856988025599167886e-14 7.345720281351070363e-16
3.797636798391715274e+03 4.963122473666467975e-14 7.194532560375836125e-16
3.803131081824772991e+03 4.931255317938156894e-14 7.132040329786676789e-16
3.808625365257830708e+03 5.088812902929097400e-14 7.189008356063435915e-16
3.814119648690888425e+03 5.159440265662904933e-14 7.263288718665018155e-16
3.819613932123946142e+03 4.996720106724477518e-14 7.424319297091515833e-16
3.825108215557003859e+03 5.103519298360919677e-14 7.089040369335848584e-16
3.830602498990061576e+03 5.418328529784580485e-14 7.151606192485267193e-16
3.836096782423119294e+03 5.347733619801973475e-14 7.055071733289389995e-16
3.841591065856177011e+03 5.430797871380192186e-14 7.031023782345240597e-16
3.847085349289234728e+03 5.571288319473239236e-14 7.645327794156766394e-16
3.852579632722292445e+03 5.937747724547989636e-14 7.363503860865312114e-16
3.858073916155350162e+03 6.512747110104483069e-14 7.461900119343412729e-16
3.863568199588407879e+03 6.659218376375123694e-14 7.579750074355530757e-16
3.869062483021465596e+03 7.493851642238713668e-14 7.904915395971951688e-16
3.874556766454523313e+03 7.926552194443368336e-14 7.912851501221375305e-16
3.880051049887581030e+03 8.484860008498597862e-14 8.166678539115119809e-16
3.885545333320638747e+03 8.783166988759820612e-14 8.158879636995369650e-16
3.891039616753696464e+03 8.985948273581653496e-14 8.257102995593867762e-16
3.896533900186754181e+03 9.092116576909642196e-14 8.192543457650575766e-16
3.902028183619811898e+03 9.413949949555898634e-14 8.272316876015583727e-16
3.907522467052869615e+03 9.353236971910241768e-14 8.271731760803457089e-16
3.913016750485927332e+03 9.301091322458755665e-14 8.218880126705595105e-16
3.918511033918985049e+03 9.307412029254111916e-14 8.184324218889951089e-16
3.924005317352042766e+03 9.314759080333434868e-14 8.112561203120399471e-16
3.929499600785100483e+03 9.462674144336201429e-14 8.339351079694396780e-16
3.934993884218158200e+03 9.301765645441284526e-14 8.034399763931793390e-16
3.940488167651215917e+03 9.407088779527345594e-14 8.435815310106015349e-16
3.945982451084273634e+03 9.717172970549538673e-14 8.394065702097418373e-16
3.951476734517331352e+03 9.536706165949272189e-14 7.986236971063447740e-16
3.956971017950389069e+03 9.200486804650565387e-14 7.857431299081280289e-16
3.962465301383446786e+03 1.000948452860463012e-13 9.244099619042279613e-16
3.967959584816504503e+03 9.736980506201920598e-14 8.521377121436093037e-16
3.973453868249562220e+03 9.802871721826249957e-14 7.994201164375962117e-16
3.978948151682619937e+03 9.571182437519407604e-14 7.828079846890238936e-16
3.984442435115677654e+03 9.281237745779667571e-14 7.760291758685735846e-16
3.989936718548735371e+03 8.250737263447553744e-14 7.356210147804014616e-16
3.995431001981793088e+03 8.668957734249793567e-14 7.461802664496682677e-16
4.000925285414850805e+03 8.596865375013816710e-14 7.424815620938842513e-16
4.006419568847908522e+03 8.688093584427219299e-14 7.445891493284573952e-16
4.011913852280966239e+03 8.938555915380713529e-14 7.543716132799687415e-16
4.017408135714023956e+03 9.131802705070208884e-14 7.563238757029261687e-16
4.022902419147081673e+03 8.998940598643815238e-14 7.509634938849499825e-16
4.028396702580139390e+03 9.461871888441904293e-14 7.747077723070471144e-16
4.033890986013197107e+03 9.222103121300745903e-14 7.990884344515077931e-16
4.039385269446254824e+03 9.733085270046786531e-14 7.684775639369278495e-16
4.044879552879312541e+03 9.801882628841456939e-14 7.680048214943902675e-16
4.050373836312370258e+03 1.003399438328354538e-13 8.072583437555726407e-16
4.055868119745427975e+03 1.037772288266851269e-13 7.866491376751191638e-16
4.061362403178485692e+03 1.033967455323427817e-13 7.890664556497328287e-16
4.066856686611543410e+03 1.048796371163212759e-13 7.859160357392652033e-16
4.072350970044601127e+03 1.054773191593838985e-13 7.931364222441067941e-16
4.077845253477658844e+03 1.069879734128424527e-13 7.926940447727535589e-16
4.083339536910716561e+03 1.076107533288608061e-13 7.933280247071026273e-16
4.088833820343774278e+03 1.066360624167664901e-13 7.889322412919992242e-16
4.094328103776831995e+03 1.073244770059267552e-13 7.948773900734853389e-16
4.099822387209889712e+03 1.041978567802633892e-13 7.829321844506952319e-16
4.105316670642947429e+03 1.036773424597746589e-13 7.780487635694626906e-16
4.110810954076005146e+03 1.024673097523798145e-13 7.767672151651008041e-16
4.116305237509062863e+03 1.005580930084099251e-13 7.933746069728747324e-16
4.121799520942120580e+03 9.944068790493259840e-14 7.658786292058874337e-16
4.127293804375178297e+03 9.945096559824294616e-14 7.627164065279496701e-16
4.132788087808236014e+03 9.706952182295663579e-14 7.544206667329422419e-16
4.138282371241293731e+03 9.513536322623804461e-14 7.430032496699915284e-16
4.143776654674351448e+03 9.204817079231900420e-14 7.573101720695420155e-16
4.149270938107409165e+03 8.962917826017886182e-14 7.217170548373151470e-16
4.154765221540466882e+03 9.176470094184253392e-14 7.319775975585662690e-16
4.160259504973524599e+03 9.175003876800448922e-14 7.242349318845820331e-16
4.165753788406582316e+03 9.214760573638953754e-14 7.284917104871340517e-16
4.171248071839640033e+03 9.359646360218513771e-14 7.302539675921952185e-16
4.176742355272697750e+03 9.551535898862254535e-14 7.377559109044389164e-16
4.182236638705755468e+03 9.675631688312369016e-14 7.375217412954598684e-16
4.187730922138813185e+03 9.435502390882689076e-14 7.313738015468533837e-16
4.193225205571870902e+03 9.391805490618617034e-14 7.256845864135265791e-16
4.198719489004928619e+03 8.999628994223550922e-14 7.119771212137333132e-16
4.204213772437986336e+03 8.723205169545526902e-14 6.991610065863200214e-16
4.209708055871044053e+03 8.638750585929994846e-14 7.317224482145129727e-16
4.215202339304101770e+03 8.152685556560702022e-14 6.896682830325295634e-16
4.220696622737159487e+03 8.044679697533907504e-14 6.759308830420727321e-16
4.226190906170217204e+03 7.640161496012312000e-14 6.599724759016497739e-16
4.231685189603274921e+03 7.554493431182278844e-14 6.530603418557187044e-16
4.237179473036332638e+03 7.259451646365475546e-14 6.435855272928496506e-16
4.242673756469390355e+03 6.937819876599011054e-14 6.365656358533376673e-16
4.248168039902448072e+03 6.791080500171967703e-14 6.208902821661786832e-16
4.253662323335505789e+03 6.505577794880237720e-14 6.093744839506510715e-16
4.259156606768563506e+03 6.232545776145110812e-14 5.947533953845054296e-16
4.264650890201621223e+03 5.962524143247246744e-14 5.863506700106931378e-16
4.270145173634678940e+03 5.950594354001095422e-14 5.815105703543173218e-16
4.275639457067736657e+03 5.462433506282906717e-14 5.596570004710780066e-16
4.281133740500794374e+03 5.520451286576733610e-14 5.606117640242718795e-16
4.286628023933852091e+03 5.126093710200207139e-14 5.464795906956451881e-16
4.292122307366909808e+03 5.070608926826469975e-14 5.364971203526060007e-16
4.297616590799967526e+03 4.996297853365570869e-14 5.312559787244801651e-16
4.303110874233025243e+03 4.992455783014521197e-14 5.305322884527768798e-16
4.308605157666082960e+03 4.821997406391002077e-14 5.425069993055160091e-16
4.314099441099140677e+03 4.910030294501486391e-14 5.287521711942126114e-16
4.319593724532198394e+03 5.029732083048676707e-14 5.314888164833877533e-16
4.325088007965256111e+03 4.990290038651108035e-14 5.247937773358561936e-16
4.330582291398313828e+03 5.303226405081153286e-14 5.421032589551401014e-16
4.336076574831371545e+03 5.440153796881229698e-14 5.414294321712293078e-16
4.341570858264429262e+03 5.690743716533995225e-14 5.505930195441322591e-16
4.347065141697486979e+03 5.853494431921267634e-14 5.551076439553757870e-16
4.352559425130544696e+03 6.021816917874162114e-14 5.603628780774781045e-16
4.358053708563602413e+03 6.190340803202113755e-14 5.675787095892790575e-16
4.363547991996660130e+03 6.165440112545762762e-14 5.638845336910098456e-16
4.369042275429717847e+03 6.398168434886984353e-14 5.722353166715017538e-16
4.374536558862775564e+03 6.547912889402418742e-14 5.743591692332045010e-16
4.380030842295833281e+03 6.903369642367494070e-14 5.877588832043536025e-16
4.385525125728890998e+03 6.909004742921438118e-14 5.879502795880109508e-16
4.391019409161948715e+03 7.227215571088110963e-14 5.978486562698565038e-16
4.396513692595006432e+03 7.166367154058243110e-14 5.952301630909727618e-16
4.402007976028064149e+03 7.480648026039452968e-14 6.035687464912662971e-16
4.407502259461121866e+03 7.394167132503266169e-14 5.995951041368373850e-16
4.412996542894179584e+03 7.374734382332753194e-14 6.082740218330636487e-16
4.418490826327237301e+03 7.352919442171605012e-14 5.981422995727866306e-16
4.423985109760295018e+03 7.223717393692799027e-14 5.941186568762802459e-16
4.429479393193352735e+03 7.369564371285654213e-14 5.971492475380624280e-16
4.434973676626410452e+03 7.204624535655264041e-14 6.158244575620159077e-16
4.440467960059468169e+03 7.317125164834378892e-14 5.906712703913106652e-16
4.445962243492525886e+03 7.378314809715900286e-14 5.900660490701976189e-16
4.451456526925583603e+03 7.399130545245692199e-14 5.893583993446109758e-16
4.456950810358641320e+03 7.564198795387628922e-14 6.004139233498683625e-16
4.462445093791699037e+03 7.832266046724635485e-14 6.038618384530521257e-16
4.467939377224756754e+03 8.016300392263964029e-14 6.100136433502078185e-16
4.473433660657814471e+03 8.196479544056013526e-14 6.129940957960539161e-16
4.478927944090872188e+03 8.366094687025284741e-14 6.185685105102255535e-16
4.484422227523929905e+03 8.599077112059579333e-14 6.251764942880318069e-16
4.489916510956987622e+03 8.637500960328398003e-14 6.269906355399879529e-16
4.495410794390045339e+03 8.661640059685929761e-14 6.280890206260555896e-16
4.500905077823103056e+03 8.823113413509865657e-14 6.332564749511551162e-16
4.506399361256160773e+03 8.742492210550935593e-14 6.315109403335356257e-16
4.511893644689218490e+03 8.581738377278301597e-14 6.233440624164996117e-16
4.517387928122276207e+03 8.658076119925170287e-14 6.296902276372022789e-16
4.522882211555333924e+03 8.632328141427842116e-14 6.274058215710058788e-16
4.528376494988391642e+03 8.430966579813036134e-14 6.181061906137174108e-16
4.533870778421449359e+03 8.578012471905299258e-14 6.224720738035818554e-16
4.539365061854507076e+03 8.499055106264275771e-14 6.202540413612236024e-16
4.544859345287564793e+03 8.427862552228251203e-14 6.171315085327231101e-16
4.550353628720622510e+03 8.263611409355748432e-14 6.118127949840091639e-16
4.555847912153680227e+03 8.197852329567760288e-14 6.111065271408237594e-16
4.561342195586737944e+03 8.085433352795842628e-14 6.040605162030248161e-16
4.566836479019795661e+03 8.105021708899352981e-14 6.050141439992650451e-16
4.572330762452853378e+03 8.034736166324878617e-14 6.015489844369834324e-16
4.577825045885911095e+03 8.057191349481820969e-14 6.011581225344625061e-16
4.583319329318968812e+03 7.872395243768271119e-14 5.988974122687598239e-16
4.588813612752026529e+03 8.046079052970174742e-14 6.324124013715959241e-16
4.594307896185084246e+03 8.015341826896545256e-14 6.016296457505689470e-16
4.599802179618141963e+03 8.233106876053289562e-14 6.095708169445924352e-16
4.605296463051199680e+03 8.106411022804443010e-14 6.049403235062844462e-16
4.610790746484257397e+03 8.227273787336589931e-14 6.099934681298952218e-16
4.616285029917315114e+03 8.238533104212866006e-14 6.105751453718735076e-16
4.621779313350372831e+03 8.200276983372830094e-14 6.118557272993076985e-16
4.627273596783430548e+03 8.252340951380008627e-14 6.133269126499191818e-16
4.632767880216488265e+03 8.132706983651259387e-14 6.082410595675627275e-16
4.638262163649545982e+03 7.957085156193893189e-14 6.196618791388442842e-16
4.643756447082603700e+03 7.779910304213283161e-14 6.717195216864989103e-16
4.649250730515661417e+03 7.526791026816925254e-14 5.961383562754363858e-16
4.654745013948719134e+03 7.113127508073783080e-14 6.224323260124460895e-16
4.660239297381776851e+03 6.951667165216209233e-14 5.667988607380958012e-16
4.665733580814834568e+03 6.930501165224563825e-14 5.711473637749690285e-16
4.671227864247892285e+03 6.721850168490287276e-14 5.590013897010989837e-16
4.676722147680950002e+03 6.685414748797251067e-14 5.567392189679290305e-16
4.682216431114007719e+03 6.489448059251379484e-14 5.511237334337365794e-16
4.687710714547065436e+03 6.512274944524171082e-14 5.562857272512235362e-16
4.693204997980123153e+03 6.355242839856238880e-14 5.501577827237954556e-16
4.698699281413180870e+03 6.194496407662180882e-14 5.732892533298224383e-16
4.704193564846238587e+03 6.439699994749163156e-14 5.521214706972194445e-16
4.709687848279296304e+03 6.290296962988875080e-14 5.912089963064130996e-16
4.715182131712354021e+03 6.339447624299977662e-14 5.479626443211796205e-16
4.720676415145411738e+03 6.336575458062412447e-14 5.496140791158463008e-16
4.726170698578469455e+03 6.249636805498069841e-14 5.458327362778019600e-16
4.731664982011527172e+03 6.122783207516165143e-14 5.399745122761908449e-16
4.737159265444584889e+03 6.069008929378387487e-14 5.409203344395445605e-16
4.742653548877642606e+03 5.976069386751730217e-14 5.387503950597686932e-16
4.748147832310700323e+03 5.713952015538808684e-14 5.287193825167291301e-16
4.753642115743758040e+03 5.574742443167573043e-14 5.231733574790338187e-16
4.759136399176815758e+03 5.434800694291915052e-14 5.768993416519011497e-16
4.764630682609873475e+03 5.365747032214653128e-14 5.140495024684218307e-16
4.770124966042931192e+03 5.363043835175497503e-14 5.166467778190435638e-16
4.775619249475988909e+03 5.387805824601344488e-14 5.285274609200544842e-16
4.781113532909046626e+03 5.400237243068233381e-14 5.145522208663578549e-16
4.786607816342104343e+03 5.547459628867541426e-14 5.205776483896770331e-16
4.792102099775162060e+03 5.737556394717207516e-14 5.259832530505507842e-16
4.797596383208219777e+03 5.872535112166523825e-14 5.324345714293155002e-16
4.803090666641277494e+03 5.925643069329130621e-14 5.326418953750183284e-16
4.808584950074335211e+03 6.012228749575976086e-14 5.365822672346697113e-16
4.814079233507392928e+03 5.958192001083608847e-14 5.338277432756792871e-16
4.819573516940450645e+03 5.870336445745925751e-14 5.279953447309702796e-16
4.825067800373508362e+03 5.735708698644506804e-14 5.238730112155613118e-16
4.830562083806566079e+03 5.624255394170890589e-14 5.185683925017302253e-16
4.836056367239623796e+03 5.469590651964545593e-14 5.164040513015929133e-16
4.841550650672681513e+03 5.285559584761704447e-14 5.037621026934497383e-16
4.847044934105739230e+03 5.067421671416799381e-14 4.937066354563627431e-16
4.852539217538796947e+03 4.856666908608796949e-14 4.847322265113465446e-16
4.858033500971854664e+03 4.895507018624991274e-14 4.863826035410483492e-16
4.863527784404912381e+03 4.620512267338643669e-14 4.742548980182940106e-16
4.869022067837970098e+03 4.447010660718804865e-14 4.635716090515087155e-16
4.874516351271027816e+03 4.386249186614396249e-14 4.620518796202211012e-16
4.880010634704085533e+03 4.311889771262833448e-14 4.887005759733037124e-16
4.885504918137143250e+03 4.394259924954858608e-14 4.609388360408415815e-16
4.890999201570200967e+03 4.403261779748858084e-14 4.586151754582054456e-16
4.896493485003258684e+03 4.397457939784659595e-14 4.586204158874956056e-16
4.901987768436316401e+03 4.443194872232274961e-14 4.612003700060559989e-16
4.907482051869374118e+03 4.574320899750558931e-14 4.666029179299474321e-16
4.912976335302431835e+03 4.610810318620762472e-14 4.683314693486823097e-16
4.918470618735489552e+03 4.503397293573423727e-14 4.583876184721276653e-16
4.923964902168547269e+03 4.489978070411745786e-14 4.589537291439625715e-16
4.929459185601604986e+03 4.591271567827324058e-14 4.594469408649412738e-16
4.934953469034662703e+03 4.629856034061470510e-14 4.680909513080009052e-16
4.940447752467720420e+03 4.592800937760154250e-14 4.637339720216212560e-16
4.945942035900778137e+03 4.594383453471577905e-14 4.581226265036961464e-16
4.951436319333835854e+03 4.632099266508363390e-14 4.646018536303452403e-16
4.956930602766893571e+03 4.613831486184179143e-14 4.561966823006808850e-16
4.962424886199951288e+03 4.583221730325668956e-14 4.528943514669348306e-16
4.967919169633009005e+03 4.492725212706316404e-14 4.516701656135221436e-16
4.973413453066066722e+03 4.428103269621336227e-14 4.445858363647035829e-16
4.978907736499124439e+03 4.441692548858156315e-14 4.441976918999813723e-16
4.984402019932182156e+03 4.363425736372927016e-14 4.418149611532035806e-16
4.989896303365239874e+03 4.408233380254690002e-14 4.435064076926253756e-16
4.995390586798297591e+03 4.266573762594378627e-14 4.392052687301374739e-16
5.000884870231355308e+03 4.287809127098198738e-14 4.360560455997948111e-16
5.006379153664413025e+03 4.445858582833443503e-14 4.427534683334741083e-16
5.011873437097470742e+03 4.513391924281042160e-14 4.430828109007118466e-16
5.017367720530528459e+03 4.562476347166858087e-14 4.451398918910593257e-16
5.022862003963586176e+03 4.742106417413181117e-14 4.491185846572641422e-16
5.028356287396643893e+03 4.747299113938457462e-14 4.525464440761287818e-16
5.033850570829701610e+03 4.717511710598811002e-14 4.514433436647347707e-16
5.039344854262759327e+03 4.699866417178047248e-14 4.447957248767867604e-16
5.044839137695817044e+03 4.912208001304741313e-14 4.517051676012696045e-16
5.050333421128874761e+03 4.978760791988007740e-14 4.693181168829325345e-16
5.055827704561932478e+03 5.269125852187654359e-14 4.672306031930777014e-16
5.061321987994990195e+03 5.197583272296177733e-14 4.594612958480334001e-16
5.066816271428047912e+03 5.416390400870926784e-14 4.687470708895406680e-16
5.072310554861105629e+03 5.573200862772906432e-14 4.865864130180375012e-16
5.077804838294163346e+03 5.700628639107309962e-14 4.854510614158666196e-16
5.083299121727221063e+03 5.997530952888988101e-14 4.856468305101809911e-16
5.088793405160278780e+03 6.225222393317977382e-14 4.925188978928710377e-16
5.094287688593336497e+03 6.309442041909458505e-14 4.965432122546361473e-16
5.099781972026394214e+03 6.530648493331662528e-14 4.989570275952826325e-16
5.105276255459451932e+03 6.594630035379170517e-14 5.007712943401335448e-16
5.110770538892509649e+03 6.779441792662674129e-14 5.070650251610191150e-16
5.116264822325567366e+03 6.788915275891887820e-14 5.098956098058220500e-16
5.121759105758625083e+03 6.834858340131760259e-14 5.042353287053792052e-16
5.127253389191682800e+03 6.977374016675057705e-14 5.144416547927471411e-16
5.132747672624740517e+03 7.011658137700308792e-14 5.110650822799211566e-16
5.138241956057798234e+03 6.874075080163266091e-14 5.050529602636686246e-16
5.143736239490855951e+03 6.902573329367404725e-14 5.038917484507348380e-16
5.149230522923913668e+03 6.818854896473712258e-14 5.017710307828773741e-16
5.154724806356971385e+03 6.724681129211069084e-14 4.987669478979620591e-16
5.160219089790029102e+03 6.719456933000312835e-14 4.981235764736734667e-16
5.165713373223086819e+03 6.629869057162569049e-14 4.909438407292050199e-16
5.171207656656144536e+03 6.577689496228170336e-14 4.890053307136886584e-16
5.176701940089202253e+03 6.620867514767794982e-14 4.906111729427900761e-16
5.182196223522259970e+03 6.591760393190807680e-14 4.885729216195763403e-16
5.187690506955317687e+03 6.732357561354894214e-14 4.928194314326525512e-16
5.193184790388375404e+03 6.589123963331328192e-14 4.858279363820453805e-16
5.198679073821433121e+03 6.740568478270389720e-14 4.908247275645394647e-16
5.204173357254490838e+03 6.733975572381862309e-14 4.899428033641525687e-16
5.209667640687548555e+03 6.895618033468120335e-14 4.980782600416077954e-16
5.215161924120606272e+03 6.781833727739200492e-14 4.931645488469190368e-16
5.220656207553663990e+03 6.596901978813319861e-14 4.852014717646879657e-16
5.226150490986721707e+03 6.676165106326348628e-14 4.853352230335421152e-16
5.231644774419779424e+03 6.667195812702749078e-14 4.860774023152169023e-16
5.237139057852837141e+03 6.478754828426243685e-14 4.782412211299912155e-16
5.242633341285894858e+03 6.218117356149728638e-14 4.683079991355464752e-16
5.248127624718952575e+03 5.899802904548654901e-14 4.683294360232444596e-16
5.253621908152010292e+03 5.782435915507040593e-14 4.537856981867412927e-16
5.259116191585068009e+03 5.547348700030462595e-14 4.453045951924921376e-16
5.264610475018125726e+03 5.294966633699736611e-14 4.419142959338159030e-16
5.270104758451183443e+03 5.160811326341173759e-14 4.319244737998163775e-16
5.275599041884241160e+03 5.017765218272169987e-14 4.344530287685048883e-16
5.281093325317298877e+03 4.782655298111752121e-14 4.172682072133849929e-16
5.286587608750356594e+03 4.633812050916507631e-14 3.530393801575854940e-16
5.291000000000000000e+03 4.628561856400175015e-14 3.061511193438684924e-16
5.292081892183414311e+03 4.604962051559372170e-14 3.534674509101197406e-16
5.297576175616472028e+03 4.596566287909572896e-14 2.800073765516391280e-16
5.300759720741700221e+03 4.600298699982352693e-14 2.467835502171088098e-16
5.303070459049529745e+03 4.578694850030762747e-14 2.981831484403551053e-16
5.308564742482587462e+03 4.641816829585111326e-14 3.049657649043675529e-16
5.310519441483400442e+03 4.641999696801332471e-14 2.538652465798304747e-16
5.314059025915645179e+03 4.611216339093177296e-14 2.638287642439685423e-16
5.319553309348702896e+03 4.538656596897093506e-14 3.639562716710217038e-16
5.320279162225100663e+03 4.542916685908782155e-14 3.361257287287757771e-16
5.325047592781760613e+03 4.637270094262434319e-14 3.115727075728914950e-16
5.330038882966800884e+03 4.653758803517173749e-14 3.111149315177668439e-16
5.330541876214818330e+03 4.658989911875137771e-14 3.301306687844757657e-16
5.336036159647876048e+03 4.647544865704885571e-14 2.688129217264084246e-16
5.339798603708501105e+03 4.620785178034529203e-14 2.546335677607435327e-16
5.341530443080933765e+03 4.636866271079705706e-14 3.016667591842630186e-16
5.347024726513991482e+03 4.721664034795773412e-14 2.950260607277567780e-16
5.349558324450201326e+03 4.757426274143183184e-14 2.501242536835216394e-16
5.352519009947049199e+03 4.854656088122237426e-14 2.865995536237185490e-16
5.358013293380106916e+03 4.930760636240648844e-14 3.152662788325959778e-16
5.359318045191901547e+03 4.935429791588756880e-14 2.744168438335385026e-16
5.363507576813164633e+03 4.991144068608564991e-14 2.670068476743639962e-16
5.369001860246222350e+03 5.070327360429741619e-14 3.219841661388342115e-16
5.369077765933601768e+03 5.070750520636858172e-14 3.194649569799935539e-16
5.374496143679280067e+03 5.119020195348866229e-14 2.745874560700446612e-16
5.378837486675301989e+03 5.150207640068461130e-14 2.924627822054613426e-16
5.379990427112337784e+03 5.158046147342880613e-14 3.303763381511668859e-16
5.385484710545395501e+03 5.166103093517180352e-14 2.920770203619385038e-16
5.388597207417002210e+03 5.164516506902065828e-14 2.620723461101661789e-16
5.390978993978453218e+03 5.150747868063063353e-14 3.171399349592481595e-16
5.396473277411510935e+03 5.045763416832583707e-14 3.406888864796947237e-16
5.398356928158702431e+03 5.069820954316783030e-14 2.838442948359283792e-16
5.401967560844568652e+03 5.103271011750997879e-14 2.799357298204504742e-16
5.407461844277626369e+03 5.072358599889990059e-14 3.171737557849236501e-16
5.408116648900402652e+03 5.078342905605337652e-14 2.960707817226320626e-16
5.412956127710684086e+03 5.041797319937835248e-14 2.621169012004462953e-16
5.417876369642102873e+03 5.037235004842801060e-14 2.963828950164470768e-16
5.418450411143741803e+03 5.028466574818742707e-14 3.142811335103630330e-16
5.423944694576799520e+03 4.912099652877578125e-14 2.603835565155335423e-16
5.427636090383803094e+03 4.864571754336654043e-14 2.658394252857808390e-16
5.429438978009857237e+03 4.827601218280719516e-14 3.148003122071752269e-16
5.434933261442914954e+03 4.752693389658558306e-14 2.931856716730953680e-16
5.437395811125503315e+03 4.743578056380392530e-14 2.489756501510138116e-16
5.440427544875972671e+03 4.676615930282426045e-14 2.736018562480314565e-16
5.445921828309030388e+03 4.556861130944273060e-14 2.896250564332163841e-16
5.447155531867203536e+03 4.552463009626615167e-14 2.572079436370971110e-16
5.451416111742088106e+03 4.414692060400285594e-14 2.339656273159093305e-16
5.456910395175145823e+03 4.277555548684931997e-14 2.802270390990947254e-16
5.456915252608903756e+03 4.277548257474385545e-14 2.801059760457809851e-16
5.462404678608203540e+03 4.185850840239868121e-14 2.234144376390982709e-16
5.466674973350603977e+03 4.161332598464772510e-14 2.437363822951315440e-16
5.467898962041261257e+03 4.151242807052203453e-14 2.724803140288967784e-16
5.473393245474318974e+03 4.224564369605085031e-14 2.413891456894641550e-16
5.476434694092304198e+03 4.235595856572252080e-14 2.379018398794043134e-16
5.478887528907376691e+03 4.233560261638750832e-14 2.746787326173203206e-16
5.484381812340434408e+03 4.349088414982393219e-14 2.714534929587902272e-16
5.486194414834004419e+03 4.364624452264682061e-14 2.323816600308303982e-16
5.489876095773492125e+03 4.426029542375903523e-14 2.276014869039771972e-16
5.495370379206549842e+03 4.520852291128440429e-14 2.746961632856734214e-16
5.495954135575704640e+03 4.529408700199639051e-14 2.613406846351630208e-16
5.500864662639607559e+03 4.663490744647669869e-14 2.263627352385752477e-16
5.505713856317404861e+03 4.788144847451706146e-14 2.661265446953647247e-16
5.506358946072665276e+03 4.799377530741014076e-14 2.813825679833837198e-16
5.511853229505722993e+03 5.004082456370408420e-14 2.399050356063664091e-16
5.515473577059105082e+03 5.051085133082075032e-14 2.455843543961754858e-16
5.517347512938780710e+03 5.064358884738361503e-14 2.875011640146704020e-16
5.522841796371838427e+03 5.269705856150580757e-14 2.800959852633294012e-16
5.525233297800805303e+03 5.301690883873700736e-14 2.434193316873663682e-16
5.528336079804896144e+03 5.308757847191091121e-14 2.551942590323001697e-16
5.533830363237953861e+03 5.494121631727057210e-14 2.962601410019799425e-16
5.534993018542505524e+03 5.508724147822972028e-14 2.680962372406851945e-16
5.539324646671011578e+03 5.547919017733203899e-14 2.401962122171698769e-16
5.544752739284205745e+03 5.615876845709588264e-14 2.994399240004610737e-16
5.544818930104069295e+03 5.615669291996294845e-14 3.010500452904065429e-16
5.550313213537127012e+03 5.684443670185235919e-14 2.451146507585520844e-16
5.554512460025905966e+03 5.786661430110039569e-14 2.717659523359133971e-16
5.555807496970184729e+03 5.790031100433011326e-14 3.035894022297689205e-16
5.561301780403242446e+03 5.886577341482959087e-14 2.712315434208096653e-16
5.564272180767606187e+03 5.934147021200789852e-14 2.548701449546410516e-16
5.566796063836300164e+03 5.942419129192159763e-14 2.882372215674106918e-16
5.572290347269357881e+03 6.076122008932290262e-14 3.106854044759961507e-16
5.574031901509306408e+03 6.091419231774051805e-14 2.689904138463808394e-16
5.577784630702415598e+03 6.185169866830617824e-14 2.563233814931106849e-16
5.583278914135473315e+03 6.231962614019032455e-14 3.126275635990076925e-16
5.583791622251006629e+03 6.229779596234605601e-14 2.997178024034228342e-16
5.588773197568531032e+03 6.307269159658892549e-14 2.530841515977745607e-16
5.593551342992706850e+03 6.321068479871621979e-14 2.986970779348766191e-16
5.594267481001588749e+03 6.326494750538547995e-14 3.175371415789103782e-16
5.599761764434646466e+03 6.323138990694665054e-14 2.632044505420832785e-16
5.603311063734407071e+03 6.327214014803093323e-14 2.702804265394662950e-16
5.605256047867704183e+03 6.339735375359457243e-14 3.138642315251369970e-16
5.610750331300761900e+03 6.440004339100437979e-14 3.049643041378146150e-16
5.613070784476107292e+03 6.447022168722553667e-14 2.670594341649835315e-16
5.616244614733819617e+03 6.411492867495298799e-14 2.782749000297123364e-16
5.621738898166877334e+03 6.358315602212897967e-14 3.449722255650907044e-16
5.622830505217807513e+03 6.353238393622367081e-14 3.101003092282069815e-16
5.627233181599935051e+03 6.278042017796628683e-14 2.887496794735684825e-16
5.632590225959507734e+03 6.262163174901016926e-14 3.523019046389652615e-16
5.632727465032992768e+03 6.261322475144013121e-14 3.571992781751624797e-16
5.638221748466050485e+03 6.276342146379475061e-14 2.684810822708128610e-16
5.642349946701207955e+03 6.298811928117872483e-14 2.777547578297887824e-16
5.643716031899108202e+03 6.283715792323928459e-14 3.091797127413254975e-16
5.649210315332165919e+03 6.204152570069686688e-14 2.746112901734300876e-16
5.652109667442908176e+03 6.192036826422402467e-14 2.613213519779953831e-16
5.654704598765223636e+03 6.153231410526571658e-14 2.873495032092667785e-16
5.660198882198281353e+03 6.079878151933952343e-14 3.092419866150484005e-16
5.661869388184608397e+03 6.071850329267884726e-14 2.726987590742399762e-16
5.665693165631339070e+03 6.062493861747975550e-14 2.466027226613628852e-16
5.671187449064396787e+03 6.042875295045088125e-14 3.030428465106756546e-16
5.671629108926308618e+03 6.040709828834541956e-14 2.932210367651695296e-16
5.676681732497454504e+03 6.007304360274060156e-14 2.393766431417989109e-16
5.681388829668008839e+03 6.051957908578046718e-14 2.874356779101688508e-16
5.682176015930512222e+03 6.054714695218627664e-14 3.051827683875009659e-16
5.687670299363569939e+03 6.008650201724453537e-14 2.529644288719094440e-16
5.691148550409709060e+03 5.996740153373758655e-14 3.883371845282223562e-16
5.700908271151409281e+03 5.832011278036130426e-14 3.760486668217442569e-16
5.710667991893109502e+03 5.953952100816327997e-14 4.587674860204411975e-16
5.720427712634809723e+03 5.912794058892145952e-14 4.565446553808103444e-16
5.730187433376509944e+03 5.931543626229459244e-14 3.816760097697445674e-16
5.739947154118210165e+03 5.759584646025832547e-14 3.717804989128959386e-16
5.749706874859910386e+03 5.630847809400797171e-14 3.675902367440978317e-16
5.759466595601610607e+03 5.492931997127763926e-14 4.173329171192299918e-16
5.769226316343310828e+03 5.381249760290362493e-14 3.580625310499060055e-16
5.778986037085011048e+03 5.310655879857197391e-14 3.537025510488091048e-16
5.788745757826711269e+03 5.388366264879104378e-14 3.613878244612385093e-16
5.798505478568411490e+03 5.401533581130203562e-14 3.780200690124727732e-16
5.808265199310111711e+03 5.425308292797676848e-14 3.605789730328458325e-16
5.818024920051811932e+03 5.411546919461980679e-14 3.566535915096054282e-16
5.827784640793512153e+03 5.539422609028513767e-14 3.745906699984563141e-16
5.837544361535212374e+03 5.568228846705415564e-14 3.594506616409688645e-16
5.847304082276912595e+03 5.649559289672696613e-14 3.572416784837606341e-16
5.857063803018612816e+03 5.610240894413226230e-14 3.579086284917779023e-16
5.866823523760313037e+03 5.577862888487607304e-14 3.548790030265659284e-16
5.876583244502013258e+03 5.586180490086949645e-14 3.542505805233515564e-16
5.886342965243713479e+03 5.579501016814890335e-14 3.540207329298655402e-16
5.896102685985413700e+03 5.547161997096102142e-14 3.546582613875299568e-16
5.905862406727113921e+03 5.569529570620734767e-14 3.527207866850148286e-16
5.915622127468814142e+03 5.225725036069114236e-14 3.448780770554089848e-16
5.925381848210514363e+03 4.880979649013091254e-14 3.330109216280289925e-16
5.935141568952214584e+03 5.471383417663037936e-14 3.511901215629815217e-16
5.944901289693914805e+03 5.602943757558604476e-14 4.287243436259514251e-16
5.954661010435615026e+03 5.648917932311192722e-14 4.439106755246387744e-16
5.964420731177315247e+03 5.553271677416825211e-14 3.528371863440824547e-16
5.974180451919015468e+03 5.556283926318941706e-14 3.536302157670903165e-16
5.983940172660715689e+03 5.527026746733285965e-14 3.540991079373081372e-16
5.993699893402415910e+03 5.477738201025950123e-14 3.542766405228695051e-16
6.003459614144116131e+03 5.377273944025475148e-14 3.474533840248328164e-16
6.013219334885816352e+03 5.315818057171352127e-14 3.452390912224977757e-16
6.022979055627516573e+03 5.241348010789229051e-14 4.143411914507265708e-16
6.032738776369216794e+03 5.149880793388992352e-14 4.190863396239186891e-16
6.042498497110917015e+03 5.076055476445256206e-14 3.363435931884598686e-16
6.052258217852617236e+03 5.014908914467614925e-14 3.331818712755405854e-16
6.062017938594317457e+03 4.887317759016664681e-14 3.418840175156526888e-16
6.071777659336017678e+03 4.626203184291965953e-14 3.184601811191947517e-16
6.081537380077717899e+03 4.390716879960090986e-14 3.103617048663242824e-16
6.091297100819418119e+03 4.163266957569818745e-14 3.020282983737503356e-16
6.101056821561118340e+03 3.756728390242933603e-14 2.914464743250148409e-16
6.110816542302818561e+03 3.340558414461988148e-14 2.752938361866462178e-16
6.120576263044518782e+03 3.130523740990671752e-14 2.672540060732691470e-16
6.130335983786219003e+03 2.772226739833529799e-14 2.537062002609199142e-16
6.140095704527919224e+03 2.594420176962536708e-14 2.484311347674712364e-16
6.149855425269619445e+03 2.404112989981311515e-14 2.427267278285528257e-16
6.159615146011319666e+03 2.332867801150279878e-14 2.384094938031017332e-16
6.169374866753019887e+03 2.434152904010664721e-14 2.395527065420380065e-16
6.179134587494720108e+03 2.591973926243171219e-14 2.467304616232479434e-16
6.188894308236420329e+03 2.778709674405470367e-14 2.556093606667577534e-16
6.198654028978120550e+03 3.101466231161180075e-14 2.768455180888885810e-16
6.208413749719820771e+03 3.254050306713469821e-14 2.680641399924782659e-16
6.218173470461520992e+03 3.483439573357232562e-14 2.791742791683158564e-16
6.227933191203221213e+03 3.738240209271165157e-14 2.828920652950470151e-16
6.237692911944921434e+03 3.908531038900543020e-14 2.883543211092792966e-16
6.247452632686621655e+03 4.141390726908128843e-14 2.948509788728847287e-16
6.257212353428321876e+03 4.355153010521445290e-14 3.009003429977077830e-16
6.266972074170022097e+03 4.492518577845072431e-14 3.036397392775247841e-16
6.276731794911722318e+03 4.510222347028696593e-14 3.755363707572718550e-16
6.286491515653422539e+03 4.601632768211995409e-14 3.783503120765097533e-16
6.296251236395122760e+03 4.643703288917743720e-14 3.074066533078115243e-16
6.306010957136822981e+03 4.689008555906498513e-14 3.083397373699001671e-16
6.315770677878523202e+03 4.691479884867055286e-14 3.087292695457547341e-16
6.325530398620223423e+03 4.699042058488198281e-14 3.080039692264614366e-16
6.335290119361923644e+03 4.614021218097008039e-14 3.745313775780244003e-16
6.345049840103623865e+03 4.648001868573485245e-14 3.750493906382635736e-16
6.354809560845324086e+03 4.661236759634884821e-14 3.035208538340405508e-16
6.364569281587024307e+03 4.653799525737532187e-14 3.027396036909750971e-16
6.374329002328724528e+03 4.622146782367367638e-14 3.020656085542481082e-16
6.384088723070424749e+03 4.573552510954047470e-14 2.988436266438261146e-16
6.393848443812124970e+03 4.567331700004742490e-14 2.986712937962324195e-16
6.403608164553825191e+03 4.515836919497916889e-14 2.950891207599150244e-16
6.413367885295525411e+03 4.571260510023823244e-14 3.000212361880885852e-16
6.423127606037225632e+03 4.498777349158968203e-14 3.067321303190940563e-16
6.432887326778925853e+03 4.375812300675151164e-14 2.908383710545335857e-16
6.442647047520626074e+03 4.361110490800471962e-14 2.909577281996297062e-16
6.452406768262326295e+03 4.305936189289821944e-14 2.899814308617512776e-16
6.462166489004026516e+03 4.244725993586355047e-14 2.886119497739462514e-16
6.471926209745726737e+03 4.163961837218341302e-14 2.866893397781337094e-16
6.481685930487426958e+03 4.185539278105697639e-14 2.865913979569995307e-16
6.491445651229127179e+03 4.094205516735956363e-14 2.825493513930298938e-16
6.501205371970827400e+03 4.070289612668280233e-14 2.821699701652775154e-16
6.510965092712527621e+03 4.014459049342371797e-14 2.806172639818620090e-16
6.520724813454227842e+03 3.944658203614510985e-14 2.837864534729752426e-16
6.530484534195928063e+03 3.932569973032482538e-14 3.836970377872751310e-16
6.540244254937628284e+03 3.836646250352073767e-14 3.805201788728382508e-16
6.550003975679328505e+03 3.906844905390352772e-14 2.797712606825994463e-16
6.559763696421028726e+03 3.824900440552699034e-14 2.776561304196318134e-16
6.569523417162728947e+03 3.796252483885532786e-14 2.766751733633769260e-16
6.579283137904429168e+03 3.754418250546983348e-14 2.766094530044701119e-16
6.589042858646129389e+03 3.738694967817875908e-14 2.764080911794410635e-16
6.598802579387829610e+03 3.609393466256335215e-14 2.722326181936681330e-16
6.608562300129529831e+03 3.535896740846979446e-14 2.699018524465258501e-16
6.618322020871230052e+03 3.552942743931452093e-14 2.712375809102479987e-16
6.628081741612930273e+03 3.483144789855850776e-14 2.696248502847832197e-16
6.637841462354630494e+03 3.434209843647571928e-14 2.684098814009308132e-16
6.647601183096330715e+03 3.417243329242370571e-14 2.669175013165506851e-16
6.657360903838030936e+03 3.393042311312423774e-14 2.687338997539145135e-16
6.667120624579731157e+03 3.330808881838747272e-14 2.641061163834665634e-16
6.676880345321431378e+03 3.310086222130635210e-14 2.645558266481306202e-16
6.686640066063131599e+03 3.380438296044295322e-14 2.693200999930766982e-16
6.696399786804831820e+03 3.258848898213544068e-14 2.618336873695455134e-16
6.706159507546532041e+03 3.197434244267010086e-14 2.584283779909358864e-16
6.715919228288232262e+03 3.178359523883566109e-14 2.589875093186331259e-16
6.725678949029932483e+03 3.158870427640162118e-14 2.586579114137451181e-16
6.735438669771632703e+03 3.140882192707202392e-14 2.577755092641892903e-16
6.745198390513332924e+03 3.078960877271098047e-14 2.556803415529403202e-16
6.754958111255033145e+03 2.983634751375101961e-14 2.526929561893373165e-16
6.764717831996733366e+03 2.997822812174694110e-14 2.520995290256687552e-16
6.774477552738433587e+03 2.948993609900246135e-14 2.512318710223531827e-16
6.784237273480133808e+03 2.849367200865063787e-14 2.478078520328286535e-16
6.793996994221834029e+03 2.875000139804093367e-14 2.484356257095370943e-16
6.803756714963534250e+03 2.853160220080775689e-14 2.483716833892213906e-16
6.813516435705234471e+03 2.787756565327207030e-14 2.448619280806410664e-16
6.823276156446934692e+03 2.723949334269552094e-14 2.452126529091797460e-16
6.833035877188634913e+03 2.832205765527001662e-14 2.498237822929147375e-16
6.842795597930335134e+03 2.740609595344068714e-14 2.459179767392224244e-16
6.852555318672035355e+03 2.748245710132311795e-14 2.440227311510487102e-16
6.862315039413735576e+03 2.686500090129143229e-14 2.416661930528816808e-16
6.872074760155435797e+03 2.650925723730202635e-14 2.410294668674793859e-16
6.881834480897136018e+03 2.665219188078948426e-14 2.413272483745934913e-16
6.891594201638836239e+03 2.646692369117353461e-14 2.484840518423623659e-16
6.901353922380536460e+03 2.609913604693020443e-14 2.392784634697355640e-16
6.911113643122236681e+03 2.566230149484813267e-14 2.387877662114865670e-16
6.920873363863936902e+03 2.576123022534775895e-14 2.436776967961462213e-16
6.930633084605637123e+03 2.522946009565214533e-14 2.395277761313199939e-16
6.940392805347337344e+03 2.494025130609814516e-14 2.355752443936838672e-16
6.950152526089037565e+03 2.487081572748346951e-14 2.358947437448515556e-16
6.959912246830737786e+03 2.445187181005893890e-14 2.340780761007460875e-16
6.969671967572438007e+03 2.477905058223926697e-14 2.354247885142171797e-16
6.979431688314138228e+03 2.440809632945522590e-14 2.340156882072913483e-16
6.989191409055838449e+03 2.451784010542397095e-14 2.375111653722672331e-16
6.998951129797538670e+03 2.414871012436953396e-14 2.340893902889869997e-16
7.008710850539238891e+03 2.400104857679578194e-14 2.346953026937572597e-16
7.018470571280939112e+03 2.440616329958366127e-14 2.407149779328388198e-16
7.028230292022639333e+03 2.384023942026296554e-14 2.351461558332820444e-16
7.037990012764339554e+03 2.344044296159855542e-14 2.301647646256432538e-16
7.047749733506039775e+03 2.312435813471341834e-14 2.280287680996741182e-16
7.057509454247739995e+03 2.287317281997348596e-14 2.286285332197022067e-16
7.067269174989440216e+03 2.280667754915595956e-14 2.280426057265444221e-16
7.077028895731140437e+03 2.279540579797131653e-14 2.279679224251468760e-16
7.086788616472840658e+03 2.311546022426486632e-14 2.297340244382642809e-16
7.096548337214540879e+03 2.255864776875736052e-14 2.279393196755967658e-16
7.106308057956241100e+03 2.320324869717436369e-14 2.288890283656548236e-16
7.116067778697941321e+03 2.273616446377984816e-14 2.283277864182501361e-16
7.125827499439641542e+03 2.217309854853214521e-14 2.262519891998198430e-16
7.135587220181341763e+03 2.242980363740225212e-14 2.287668458890679772e-16
7.145346940923041984e+03 2.248336734902318867e-14 2.289551072528033063e-16
7.155106661664742205e+03 2.225038657090727018e-14 2.303614497318564608e-16
7.164866382406442426e+03 2.234155361123846949e-14 2.301785354885409103e-16
7.174626103148142647e+03 2.250282450302733721e-14 2.310067953312897457e-16
7.184385823889842868e+03 2.207912264909076606e-14 2.291977789864591951e-16
7.194145544631543089e+03 2.245663402425427311e-14 2.653251951820329490e-16
7.203905265373243310e+03 2.247859196889859115e-14 2.402311197847507293e-16
7.213664986114943531e+03 2.142474701205455731e-14 2.294899122141292066e-16
7.223424706856643752e+03 2.175138514480338856e-14 2.310005332069060071e-16
7.233184427598343973e+03 2.218106864953342820e-14 2.336299607930552976e-16
7.242944148340044194e+03 2.266341729825727833e-14 2.432564757814458358e-16
7.252703869081744415e+03 2.219594120155197783e-14 2.363248034935517575e-16
7.262463589823444636e+03 2.130102736789225933e-14 2.324658215390705074e-16
7.272223310565144857e+03 2.129765854650004673e-14 2.366455071081806079e-16
7.281983031306845078e+03 2.121423075222354552e-14 2.351625992282146640e-16
7.291742752048545299e+03 2.103735248730734923e-14 2.348751110361942648e-16
7.301502472790245520e+03 2.098700866654001313e-14 2.375421205100030848e-16
7.311262193531945741e+03 2.043720241577590980e-14 2.374110685842086545e-16
7.321021914273645962e+03 1.989102976226786638e-14 2.376086406178421993e-16
7.330781635015346183e+03 1.954008413436757597e-14 2.319702870373152292e-16
7.340541355757046404e+03 1.913782013001653828e-14 2.305311003842047643e-16
7.350301076498746625e+03 1.908691310180133331e-14 2.340553857433245935e-16
7.360060797240446846e+03 1.860149223492956226e-14 2.302599505645012488e-16
7.369820517982147067e+03 1.857511650366587156e-14 2.324765035772565912e-16
7.379580238723847287e+03 1.793979976912174556e-14 2.288934904410669436e-16
7.389339959465547508e+03 1.770635463432079256e-14 2.320941677669403044e-16
7.399099680207247729e+03 1.733351819215173133e-14 2.291526872123671099e-16
7.408859400948947950e+03 1.741371685587326809e-14 2.288244890541339517e-16
7.418619121690648171e+03 1.717026834744286788e-14 2.308179393969658298e-16
7.428378842432348392e+03 1.721561689564457435e-14 2.300535428604420000e-16
7.438138563174048613e+03 1.693638373938537265e-14 2.494130613598879642e-16
7.447898283915748834e+03 1.669863739259827904e-14 2.273872079037812084e-16
7.457658004657449055e+03 1.615223061776476110e-14 2.407337482272782171e-16
7.467417725399149276e+03 1.553111551762698239e-14 2.224858672328207956e-16
7.477177446140849497e+03 1.488084406589682509e-14 2.210014661978575012e-16
7.486937166882549718e+03 1.486396621538286803e-14 2.218048040393100264e-16
7.496696887624249939e+03 1.493185361970344824e-14 2.222322445332304642e-16
7.506456608365950160e+03 1.424923637439297336e-14 2.206022259389752870e-16
7.516216329107650381e+03 1.389117647970425061e-14 2.166434791204537362e-16
7.525976049849350602e+03 1.513221586985286279e-14 2.237984961744249880e-16
7.535735770591050823e+03 1.480726086251563934e-14 2.249698621806466332e-16
7.545495491332751044e+03 1.489942737871789640e-14 2.226102750567736608e-16
7.555255212074451265e+03 1.441429358054685921e-14 2.222898309407745024e-16
7.565014932816151486e+03 1.512172227570725749e-14 2.285988898393227003e-16
7.574774653557851707e+03 1.501200739489169534e-14 2.233490755968006280e-16
7.584534374299551928e+03 1.559730612025716878e-14 2.266438633706376439e-16
7.594294095041252149e+03 1.594109619873777929e-14 2.319702262280928981e-16
7.604053815782952370e+03 1.560434498491615094e-14 2.289725802089676071e-16
7.613813536524652591e+03 1.529573553318294444e-14 2.284352718456502167e-16
7.623573257266352812e+03 1.502353512222036859e-14 2.262247905053801706e-16
7.633332978008053033e+03 1.572891142062256268e-14 2.332003153789694843e-16
7.643092698749753254e+03 1.633464062736618651e-14 2.353442334292553890e-16
7.652852419491453475e+03 1.590509097106763536e-14 2.388281674032674227e-16
7.662612140233153696e+03 1.489579541312275916e-14 2.301068493775994260e-16
7.672371860974853917e+03 1.544283696720689010e-14 2.335705896196719243e-16
7.682131581716554138e+03 1.574786812413634915e-14 2.359091162201414499e-16
7.691891302458254358e+03 1.566782801619588315e-14 2.400198001632996207e-16
7.701651023199954579e+03 1.548605437065163151e-14 2.373983829436123973e-16
7.711410743941654800e+03 1.527629610467482450e-14 2.388399434026211187e-16
7.721170464683355021e+03 1.662972730589485406e-14 2.486222869458380008e-16
7.730930185425055242e+03 1.677110763835980052e-14 2.654697030637037395e-16
7.740689906166755463e+03 1.606790937474319711e-14 2.458335083587876585e-16
7.750449626908455684e+03 1.572622276515229164e-14 2.447198818595613829e-16
7.760209347650155905e+03 1.699259103867569117e-14 2.518757361804088023e-16
7.769969068391856126e+03 1.797826654604426408e-14 2.584755775307102751e-16
7.779728789133556347e+03 1.798170693698102757e-14 2.619506877427495805e-16
7.789488509875256568e+03 1.734531745809513172e-14 2.631294855527045386e-16
7.799248230616956789e+03 1.701726301268283567e-14 2.616940304780996854e-16
7.809007951358657010e+03 1.694051264540455938e-14 2.635927999294990556e-16
7.818767672100357231e+03 1.867545962925976529e-14 2.711693457724900655e-16
7.828527392842057452e+03 1.962369279503335094e-14 2.751065914723178846e-16
7.838287113583757673e+03 1.933089429165541480e-14 2.770031491918892020e-16
7.848046834325457894e+03 1.850600670825776532e-14 2.731599514596615229e-16
7.857806555067158115e+03 1.815051619979212139e-14 2.728118370148783547e-16
7.867566275808858336e+03 1.844011270799231280e-14 2.760561519558186969e-16
7.877325996550558557e+03 1.793584843919386623e-14 2.797063276631796094e-16
7.887085717292258778e+03 1.887948489444915694e-14 2.822827384626305680e-16
7.896845438033958999e+03 1.952453836026656738e-14 2.895223923833935216e-16
7.906605158775659220e+03 1.772965802043460143e-14 2.800811668694487309e-16
7.916364879517359441e+03 1.574929558711642127e-14 2.738735628919350889e-16
7.926124600259059662e+03 1.550744189487339636e-14 2.758641854192696075e-16
7.935884321000759883e+03 1.604355643516626483e-14 2.768542162884828855e-16
7.945644041742460104e+03 1.583870987744030155e-14 2.780476400844901908e-16
7.955403762484160325e+03 1.462007285149866495e-14 2.724177091473439777e-16
7.965163483225860546e+03 1.337683057482483735e-14 2.704050795351988537e-16
7.974923203967560767e+03 1.358041520766178312e-14 2.708035871348045624e-16
7.984682924709260988e+03 1.476813308705978589e-14 2.785121829897336902e-16
7.994442645450961209e+03 1.526362938667942649e-14 2.808919681354994481e-16
8.004202366192661430e+03 1.414152350998537338e-14 2.812091009369129910e-16
8.013962086934361650e+03 1.322778225811142690e-14 2.790577902291209483e-16
8.023721807676061871e+03 1.308580843428791638e-14 2.753196369167350030e-16
8.033481528417762092e+03 1.365421080684437308e-14 2.847427378796527887e-16
8.043241249159462313e+03 1.308559689326044105e-14 2.818239685757503758e-16
8.053000969901162534e+03 1.311482786790978893e-14 2.824289392349714994e-16
8.062760690642862755e+03 1.253447801804248078e-14 2.804629101891798835e-16
8.072520411384562976e+03 1.190906361163663358e-14 2.787378482332606203e-16
8.082280132126263197e+03 1.201330091863776937e-14 2.801517097088687277e-16
8.092039852867963418e+03 1.141104392691249961e-14 2.792860174374639151e-16
8.101799573609663639e+03 1.194925000425482371e-14 2.833406343356735773e-16
8.111559294351363860e+03 1.387803886217584680e-14 2.976691273894228254e-16
8.121319015093064081e+03 1.322444933726144873e-14 2.956577643917717393e-16
8.131078735834764302e+03 1.411096518659091777e-14 3.000855758118459642e-16
8.140838456576464523e+03 1.454595871779510896e-14 3.039721586269128427e-16
8.150598177318164744e+03 1.407631741995371319e-14 3.083152785930905476e-16
8.160357898059864965e+03 1.508611691373716430e-14 3.090755985639439891e-16
8.170117618801565186e+03 1.542098464476512842e-14 3.116621995346991397e-16
8.179877339543265407e+03 1.543547815258989666e-14 3.158682936257164481e-16
8.189637060284965628e+03 1.538225276994970196e-14 3.151414647500863129e-16
8.199396781026665849e+03 1.487865164310217519e-14 3.139217641756528859e-16
8.209156501768366070e+03 1.555092336036588479e-14 3.184986543133299548e-16
8.218916222510066291e+03 1.421804191122732463e-14 3.119686494560340261e-16
8.228675943251766512e+03 1.460756529911463310e-14 3.151521918076360642e-16
8.238435663993466733e+03 1.348101932201125533e-14 3.085096985881495194e-16
8.248195384735166954e+03 1.265261393935517996e-14 3.047843180277590943e-16
8.257955105476867175e+03 1.223432794712982320e-14 3.072427973264649760e-16
8.267714826218567396e+03 1.300170223965916419e-14 3.163706115970494844e-16
8.277474546960267617e+03 1.317007399598530375e-14 3.171852236067215653e-16
8.287234267701967838e+03 1.275467334036238261e-14 3.110629646329934867e-16
8.296993988443668059e+03 1.335922351145826966e-14 3.129885020069503549e-16
8.306753709185368280e+03 1.311442983035807622e-14 3.155043631214031911e-16
8.316513429927068501e+03 1.430320972191240631e-14 3.214771461427993454e-16
8.326273150668768722e+03 1.470874507125452385e-14 3.272975865562584380e-16
8.336032871410468942e+03 1.548847815887012865e-14 3.307333044447428955e-16
8.345792592152169163e+03 1.513716064867871232e-14 3.486986661088057996e-16
8.355552312893869384e+03 1.614768567878787054e-14 4.328138033454438587e-16
8.365312033635569605e+03 1.476313123566106890e-14 3.723173810104508308e-16
8.375071754377269826e+03 1.426920671233924197e-14 3.238152801244320753e-16
8.384831475118970047e+03 1.506853223589011823e-14 3.273904242260110490e-16
8.394591195860670268e+03 1.534181564276926986e-14 3.332529586814317184e-16
8.404350916602370489e+03 1.615284273868169539e-14 3.427910120073802375e-16
8.414110637344070710e+03 1.508535825850078698e-14 3.365270585723683981e-16
8.423870358085770931e+03 1.589403002522220795e-14 3.323376647838753034e-16
8.433630078827471152e+03 1.748276730190296796e-14 3.411157620885531106e-16
8.443389799569171373e+03 1.759680127709546824e-14 3.565148127011457950e-16
8.453149520310871594e+03 1.834917996758424572e-14 3.467071769164982575e-16
8.462909241052571815e+03 1.893564478347950226e-14 3.589272172925100623e-16
8.472668961794272036e+03 1.840117638520483683e-14 3.470546907959019154e-16
8.482428682535972257e+03 1.720587430339113759e-14 3.509242211431473310e-16
8.492188403277672478e+03 1.761609724242285427e-14 3.421132595526282601e-16
8.501948124019372699e+03 1.775587425691808724e-14 3.442189903356320983e-16
8.511707844761072920e+03 1.797816187423599758e-14 3.477840292189713172e-16
8.521467565502773141e+03 1.892893714688524425e-14 3.543859849366637473e-16
8.531227286244473362e+03 1.937989290839967310e-14 3.590215221764238863e-16
8.540987006986173583e+03 2.056729347309135413e-14 3.633096587194221176e-16
8.550746727727873804e+03 1.966439176577569532e-14 3.555467779968552329e-16
8.560506448469574025e+03 1.924562798958960919e-14 3.783017891660243636e-16
8.570266169211274246e+03 1.764204048833208745e-14 3.975977468258932147e-16
8.580025889952974467e+03 1.718133303691523409e-14 3.400686448048195116e-16
8.589785610694674688e+03 1.774137416223959882e-14 3.422766943117781883e-16
8.599545331436374909e+03 1.822650744278938622e-14 3.467268896734832074e-16
8.609305052178075130e+03 1.863629638837719576e-14 3.465593485853196889e-16
8.619064772919775351e+03 1.843759323177057080e-14 3.495589797918010596e-16
8.628824493661475572e+03 1.890823275909511766e-14 3.500776407670687625e-16
8.638584214403175793e+03 1.880658735422017062e-14 3.490816719909273888e-16
8.648343935144876014e+03 1.652417050122377133e-14 3.394565227281416137e-16
8.658103655886576234e+03 1.676897283644169408e-14 3.482608750247344410e-16
8.667863376628276455e+03 1.737739195672823113e-14 3.416775652477724412e-16
8.677623097369976676e+03 1.830667269262017077e-14 3.460908195594032570e-16
8.687382818111676897e+03 1.889749508805050540e-14 3.516182210307483950e-16
8.697142538853377118e+03 1.763171916919620224e-14 3.496810369671144054e-16
8.706902259595077339e+03 1.665248452097344601e-14 3.479058621814399928e-16
8.716661980336777560e+03 1.649986724692381731e-14 3.373770828799814833e-16
8.726421701078477781e+03 1.677050618939357060e-14 3.414137588473913117e-16
8.736181421820178002e+03 1.724703396302372891e-14 3.434314589427872761e-16
8.745941142561878223e+03 1.821487829514165593e-14 3.499195378013641522e-16
8.755700863303578444e+03 1.751402474132878935e-14 3.515449291553813103e-16
8.765460584045278665e+03 1.589063359362734669e-14 3.348044493576326599e-16
8.775220304786978886e+03 1.581473709528480483e-14 3.348088151340470687e-16
8.784980025528679107e+03 1.575826504113506403e-14 3.347573341396975113e-16
8.794739746270379328e+03 1.594927505009598583e-14 3.404377069826418304e-16
8.804499467012079549e+03 1.634497640578473581e-14 3.408535364731172879e-16
8.814259187753779770e+03 1.668322432581744346e-14 3.433435994747644941e-16
8.824018908495479991e+03 1.619865392087395920e-14 3.400876758603193721e-16
8.833778629237180212e+03 1.429520320681766595e-14 3.320127139938253191e-16
8.843538349978880433e+03 1.543387479080527710e-14 3.464798135778717294e-16
8.853298070720580654e+03 1.506619393780374780e-14 3.300958724504464038e-16
8.863057791462280875e+03 1.424681831810308391e-14 3.241099118842376312e-16
8.872817512203981096e+03 1.468789598048344101e-14 3.372758802012293275e-16
8.882577232945681317e+03 1.455289695819389115e-14 3.339070796421032929e-16
8.892336953687381538e+03 1.383765465298204912e-14 3.342611945452718439e-16
8.902096674429081759e+03 1.340546746299882332e-14 3.233560156803559672e-16
8.911856395170781980e+03 1.395105465989167295e-14 3.350659765982531722e-16
8.921616115912482201e+03 1.397172530127377488e-14 3.522367314671940431e-16
8.931375836654182422e+03 1.340967884643757438e-14 3.202226401387393072e-16
8.941135557395882643e+03 1.174186932906220546e-14 3.155963658109913669e-16
8.950895278137582864e+03 1.217799749951137870e-14 3.121512062201153690e-16
8.960654998879283085e+03 1.355435268544180881e-14 3.412325217090807738e-16
8.970414719620983306e+03 1.271849276271256765e-14 3.173368341732161581e-16
8.980174440362683526e+03 1.317312590519188439e-14 3.202701279945817210e-16
8.989934161104383747e+03 1.325215597702353186e-14 3.197304558124695771e-16
8.999693881846083968e+03 1.305646400932607221e-14 3.312182070593572999e-16
9.009453602587784189e+03 1.230885388018783539e-14 3.175956426329678001e-16
9.019213323329484410e+03 1.187736973808520977e-14 3.134175123678045896e-16
9.028973044071184631e+03 1.222568734004768561e-14 3.646779016490715922e-16
9.038732764812884852e+03 1.278688209072550713e-14 3.181082180307232642e-16
9.048492485554585073e+03 1.367410943081877150e-14 3.257512507650062837e-16
9.058252206296285294e+03 1.329880370364282712e-14 3.216365496123155074e-16
9.068011927037985515e+03 1.210068563176205948e-14 3.129873423393167437e-16
9.077771647779685736e+03 1.076148284974805456e-14 3.107991828920129301e-16
9.087531368521385957e+03 1.087955536046195347e-14 3.065729912964472167e-16
9.097291089263086178e+03 1.131630986834948161e-14 3.162101223467302844e-16
9.107050810004786399e+03 1.159013249600567932e-14 3.196929195147564134e-16
9.116810530746486620e+03 1.206993949518793186e-14 3.185365585242985365e-16
9.126570251488186841e+03 1.236976568924988935e-14 3.169057839835682305e-16
9.136329972229887062e+03 1.223506492850838903e-14 3.132299574309577314e-16
9.146089692971587283e+03 1.104869270732316261e-14 3.100096952819238876e-16
9.155849413713287504e+03 1.038738747221085903e-14 3.053389832255408976e-16
9.165609134454987725e+03 1.014326785506588176e-14 3.050298765746574520e-16
9.175368855196687946e+03 1.052776932331959257e-14 3.065436961325301039e-16
9.185128575938388167e+03 1.153414592790906956e-14 3.093745143221881899e-16
9.194888296680088388e+03 1.234970362619154721e-14 3.158043495438956916e-16
9.204648017421788609e+03 1.155990535987324087e-14 3.181433265468617902e-16
9.214407738163488830e+03 1.016292124820652991e-14 3.004297405726433807e-16
9.224167458905189051e+03 9.339480798221853788e-15 3.089492055934312816e-16
9.233927179646889272e+03 9.527079007243387460e-15 3.067091251499645959e-16
9.243686900388589493e+03 1.119769093826074133e-14 3.100883774904425775e-16
9.253446621130289714e+03 1.130643381081513579e-14 3.114328024915534713e-16
9.263206341871989935e+03 1.202662149642484244e-14 3.163957518707148085e-16
9.272966062613690156e+03 1.138809133732133344e-14 3.131616378218851230e-16
9.282725783355390377e+03 1.013426418364979510e-14 3.075496232501605301e-16
9.292485504097090597e+03 8.792793348959473562e-15 3.002468127806114119e-16
9.302245224838790818e+03 8.856177632584786281e-15 3.011104092385368760e-16
9.312004945580491039e+03 9.164646736176219347e-15 3.033217811643449318e-16
9.321764666322191260e+03 8.853499283642132270e-15 3.013176846909864261e-16
9.331524387063891481e+03 1.011897295546996220e-14 3.118007509049848998e-16
9.341284107805591702e+03 1.072414446200620812e-14 3.161675703370232319e-16
9.351043828547291923e+03 1.168000120478240322e-14 3.225397197087982704e-16
9.360803549288992144e+03 1.115974129406891688e-14 3.193401494344286894e-16
9.370563270030692365e+03 1.036174503517695265e-14 3.179080705879359374e-16
9.380322990772392586e+03 7.755613884884636890e-15 3.064627259939004549e-16
9.390082711514092807e+03 8.300855116969821814e-15 3.068018706989596385e-16
9.399842432255793028e+03 8.502409750055649492e-15 3.111697500573995718e-16
9.409602152997493249e+03 1.032136943700023652e-14 3.933745449830011720e-16
9.419361873739193470e+03 1.107653173989965831e-14 4.086577750597103852e-16
9.429121594480893691e+03 9.973168785417118611e-15 3.206393180079826356e-16
9.438881315222593912e+03 7.941169531768420755e-15 3.132359719389197458e-16
9.448641035964294133e+03 7.457879551774148660e-15 3.095817430232936182e-16
9.458400756705994354e+03 7.869069122676285614e-15 3.164351444805615770e-16
9.468160477447694575e+03 7.417363874132687258e-15 3.186637099438707300e-16
9.477920198189394796e+03 8.052252399890212062e-15 3.189411873625068640e-16
9.487679918931095017e+03 9.184219922661111022e-15 3.411309653441935786e-16
9.497439639672795238e+03 9.137094889702290443e-15 3.286672856092219138e-16
9.507199360414495459e+03 9.117614421039157255e-15 3.342764841734576965e-16
9.516959081156195680e+03 1.003892053393560432e-14 3.415213615731668561e-16
9.526718801897895901e+03 8.864048868862028253e-15 3.345572533486699318e-16
9.536478522639596122e+03 8.511001140883586773e-15 3.362687717317992272e-16
9.546238243381296343e+03 8.319755251622672082e-15 3.757137909776262512e-16
9.555997964122996564e+03 6.421702291957743505e-15 3.315591211997701379e-16
9.565757684864696785e+03 5.799774132234581060e-15 4.307101697348202855e-16
9.575517405606397006e+03 5.937887946257817720e-15 4.303782562343789000e-16
9.585277126348097227e+03 6.879588381967558459e-15 3.416557298905181304e-16
9.595036847089797448e+03 7.012558600591838120e-15 3.558407149997795127e-16
9.604796567831497669e+03 8.119771442924519914e-15 3.566564265987388045e-16
9.614556288573197889e+03 8.805920657631437242e-15 3.710692855755286721e-16
9.624316009314898110e+03 8.138766726639918082e-15 3.765801902974943498e-16
9.634075730056598331e+03 7.652615742356180867e-15 3.624016318286433126e-16
9.643835450798298552e+03 7.092768028510323584e-15 3.675161681594560677e-16
9.653595171539998773e+03 6.759192121796042717e-15 3.694173504941910643e-16
9.663354892281698994e+03 5.734261033007233252e-15 3.683233001756782734e-16
9.673114613023399215e+03 5.547564128791135948e-15 3.757524321435875132e-16
9.682874333765099436e+03 6.485253159761218551e-15 3.855904007121964413e-16
9.692634054506799657e+03 6.567415891431113275e-15 3.871944131087778946e-16
9.702393775248499878e+03 7.061217581575463726e-15 4.072801025491765680e-16
9.712153495990200099e+03 7.683995347916609151e-15 4.089977443958542792e-16
9.721913216731900320e+03 6.565723057330390532e-15 4.048763249880635533e-16
9.731672937473600541e+03 5.266334186041581727e-15 4.104924983120355032e-16
9.741432658215300762e+03 4.271636251643551476e-15 4.097296758784465757e-16
9.751192378957000983e+03 4.232721992181251989e-15 4.231198644562400369e-16
9.760952099698701204e+03 5.166804334243500014e-15 4.269368162935247819e-16
9.770711820440401425e+03 6.010886727447367532e-15 4.398730358232911165e-16
9.780471541182101646e+03 6.309258924884990873e-15 4.545155358208411815e-16
9.790231261923801867e+03 6.475640989072193342e-15 4.562679079878065363e-16
9.799990982665502088e+03 6.226562944442744922e-15 4.645966908131601881e-16
9.809750703407202309e+03 7.199166328683282742e-15 4.798638810394014160e-16
9.819510424148902530e+03 5.250692847291698134e-15 4.714519689268263663e-16
9.829270144890602751e+03 5.165985684550941071e-15 4.847888523682576101e-16
9.839029865632302972e+03 5.129246543317347960e-15 4.959129915947900587e-16
9.848789586374003193e+03 4.476247740264420383e-15 5.750561910949561099e-16
9.858549307115703414e+03 5.538432675778245066e-15 5.230057131134625891e-16
9.868309027857403635e+03 5.842074171801019073e-15 5.320174267904329127e-16
9.878068748599103856e+03 6.573129744322142499e-15 5.492828041539802169e-16
9.887828469340804077e+03 5.557431844434421958e-15 6.266738305744330155e-16
9.897588190082504298e+03 4.719563044035298805e-15 5.599515719917912222e-16
9.907347910824204519e+03 5.041861956186333098e-15 5.626403381662909972e-16
9.917107631565904740e+03 4.058248129445621261e-15 5.809961206229902610e-16
9.926867352307604961e+03 4.869526738410954743e-15 5.924996883822630429e-16
9.936627073049305181e+03 4.631540355211166481e-15 5.954837504113138313e-16
9.946386793791005402e+03 5.186883816197768227e-15 6.267175143156517354e-16
9.956146514532705623e+03 6.292913244201580606e-15 6.590102071152623758e-16
9.965906235274405844e+03 5.830795951106239314e-15 6.804054241110133993e-16
9.975665956016106065e+03 4.455821631421467789e-15 6.828287613516201945e-16
9.985425676757806286e+03 4.168467281477445131e-15 6.768827037091378655e-16
9.995185397499506507e+03 5.013560832577401858e-15 6.984137284522886888e-16
1.000494511824120673e+04 5.397302657019357578e-15 7.137792648980947199e-16
1.001470483898290695e+04 5.792369547723244847e-15 7.382431029645617400e-16
1.002446455972460717e+04 4.544193141414077759e-15 7.492675597790649989e-16
1.003422428046630739e+04 2.950939205468296162e-15 7.763655797543858287e-16
1.004398400120800761e+04 3.778596854215268862e-15 7.888901294619439717e-16
1.005374372194970783e+04 5.719421967934852669e-15 8.336038711091497432e-16
1.006350344269140805e+04 4.894351491990154139e-15 8.470015194830721495e-16
1.007326316343310828e+04 4.955756540157499749e-15 8.954369776779287246e-16
1.008302288417480850e+04 4.811767927328082427e-15 9.013708420743349328e-16
1.009278260491650872e+04 5.632823702227416622e-15 1.089727682262695733e-15
1.010254232565820894e+04 4.821701356980531532e-15 9.801915742844013671e-16
1.011230204639990916e+04 3.564313041987759851e-15 1.003640089125552083e-15
1.012206176714160938e+04 3.898680929173875976e-15 1.113118704304792728e-15
1.013182148788330960e+04 3.621805667076448716e-15 1.077051483156087675e-15
1.014158120862500982e+04 2.759713027475144845e-15 1.130182753401923264e-15
1.015134092936671004e+04 3.572721004990995171e-15 1.168145488568949010e-15
1.016110065010841026e+04 2.856855532756034330e-15 1.220541369094537820e-15
1.017086037085011048e+04 4.254906774497771841e-15 1.308204513053974429e-15
1.018062009159181071e+04 3.113452377525722882e-15 1.371394718033766682e-15
1.019037981233351093e+04 2.114710067834904182e-15 1.417986697455872892e-15
1.020013953307521115e+04 3.026719559745124647e-15 1.491440260500891359e-15
1.020989925381691137e+04 6.317551643306756585e-15 1.601064695132518545e-15
1.021965897455861159e+04 4.519245433762645101e-15 1.688262107998238592e-15
