# LMC-SN1987A-STIS-2 ocd603030 G750L CCD z=0.0009 a2center=865.8 extrsize=25 exptime=676.0 mode=fixed flags=extended_host,no_defringe(no_flat),center_mismatch(866vs879)
# rest_wvl obs_wvl flux error net dq mask
5245.2226 5249.9433 1.845810e-16 1.351562e-16 7.181697e-02 512 0
5250.0934 5254.8185 1.050342e-16 1.086940e-16 5.438288e-02 528 0
5254.9643 5259.6938 7.858875e-17 8.134082e-17 5.125958e-02 512 0
5259.8353 5264.5691 1.611259e-17 6.801616e-17 1.296749e-02 16912 0
5264.7063 5269.4445 6.786049e-17 6.129166e-17 6.167602e-02 528 0
5269.5773 5274.3199 -4.288857e-16 1.478413e-16 -4.605173e-01 16912 0
5274.4484 5279.1954 -7.285839e-17 5.224451e-17 -8.805763e-02 16912 0
5279.3195 5284.0709 2.575463e-17 4.050297e-17 3.190245e-02 512 0
5284.1907 5288.9464 -1.351618e-17 3.606225e-17 -1.999177e-02 16896 0
5289.0618 5293.8220 4.583919e-16 4.058238e-17 7.141321e-01 528 0
5293.9331 5298.6976 1.159587e-17 4.862443e-17 2.018060e-02 16 0
5298.8044 5303.5733 5.258774e-17 3.512032e-17 9.272714e-02 16 0
5303.6757 5308.4490 -2.694943e-17 3.356039e-17 -5.180050e-02 16400 0
5308.5470 5313.3247 -7.157963e-17 4.770626e-17 -1.403310e-01 16400 0
5313.4184 5318.2005 -2.804180e-16 7.439424e-17 -5.539870e-01 16400 0
5318.2899 5323.0763 -1.298143e-16 4.388356e-17 -2.547462e-01 16400 0
5323.1614 5327.9522 2.392721e-17 2.844217e-17 4.453658e-02 0 0
5328.0329 5332.8281 -4.266660e-18 3.308797e-17 -8.081551e-03 16400 0
5332.9044 5337.7040 6.759473e-17 3.308898e-17 1.192665e-01 16 0
5337.7760 5342.5800 8.828260e-18 3.080567e-17 1.585348e-02 16 0
5342.6477 5347.4561 9.152636e-16 5.623351e-17 1.576127e+00 16 0
5347.5193 5352.3321 2.842462e-16 4.039785e-17 4.731437e-01 16 0
5352.3911 5357.2082 -4.840559e-18 3.193581e-17 -8.245893e-03 16384 0
5357.2628 5362.0844 -3.341756e-17 4.067962e-17 -5.612997e-02 16400 0
5362.1346 5366.9605 -6.315145e-17 3.700041e-17 -1.050859e-01 16400 0
5367.0065 5371.8368 2.948957e-17 3.702807e-17 4.664962e-02 16 0
5371.8783 5376.7130 8.684305e-18 3.577927e-17 1.413554e-02 16 0
5376.7502 5381.5893 2.243353e-17 3.401252e-17 3.556715e-02 16 0
5381.6222 5386.4657 6.738548e-18 3.383168e-17 1.113672e-02 0 0
5386.4942 5391.3420 -3.183419e-18 3.387408e-17 -5.337329e-03 16400 0
5391.3662 5396.2184 -3.497751e-17 3.248861e-17 -5.941389e-02 16400 0
5396.2383 5401.0949 -4.350513e-17 3.976508e-17 -7.490511e-02 16400 0
5401.1104 5405.9714 4.661626e-18 3.145035e-17 8.171633e-03 16400 0
5405.9825 5410.8479 -3.417215e-16 7.867939e-17 -6.096780e-01 16400 0
5410.8547 5415.7245 -4.176840e-17 3.414295e-17 -7.613700e-02 16400 0
5415.7269 5420.6011 -9.941650e-17 4.556699e-17 -1.850168e-01 16400 0
5420.5992 5425.4777 -8.444813e-18 3.048306e-17 -1.606784e-02 16400 0
5425.4715 5430.3544 -1.816603e-17 2.820610e-17 -3.528232e-02 16400 0
5430.3438 5435.2311 2.533287e-17 2.834111e-17 4.779229e-02 16 0
5435.2162 5440.1079 -4.914889e-17 2.971042e-17 -9.952037e-02 16400 0
5440.0886 5444.9847 -3.434658e-17 2.801288e-17 -7.099140e-02 16400 0
5444.9610 5449.8615 -2.687596e-17 2.891802e-17 -5.670897e-02 16400 0
5449.8335 5454.7384 1.969441e-17 2.673021e-17 4.026534e-02 16 0
5454.7060 5459.6153 -2.373964e-17 2.678715e-17 -5.211676e-02 16400 0
5459.5786 5464.4922 9.686608e-18 2.341770e-17 2.059802e-02 0 0
5464.4512 5469.3692 2.247114e-17 2.381162e-17 4.836503e-02 0 0
5469.3238 5474.2462 1.179494e-15 3.671278e-17 2.658967e+00 0 0
5474.1965 5479.1233 -2.507327e-17 2.266149e-17 -5.835940e-02 16384 0
5479.0692 5484.0004 -2.490834e-17 2.471298e-17 -5.855257e-02 16400 0
5483.9419 5488.8775 -1.427170e-18 2.383161e-17 -3.386387e-03 16384 0
5488.8147 5493.7546 -4.543672e-18 2.668402e-17 -1.086129e-02 16400 0
5493.6875 5498.6318 1.694425e-17 2.527395e-17 3.853995e-02 16 0
5498.5604 5503.5091 -3.875241e-18 2.238534e-17 -9.371196e-03 16384 0
5503.4333 5508.3863 -3.739146e-17 3.650231e-17 -9.079883e-02 16400 0
5508.3062 5513.2637 -8.096185e-17 3.315137e-17 -1.973009e-01 16400 0
5513.1791 5518.1410 -5.055327e-17 2.452002e-17 -1.235504e-01 16400 0
5518.0521 5523.0184 1.315012e-18 2.168004e-17 2.951435e-03 0 0
5522.9252 5527.8958 2.204022e-17 2.329101e-17 5.111955e-02 16 0
5527.7982 5532.7732 -2.438121e-17 2.850398e-17 -6.003345e-02 16400 0
5532.6713 5537.6507 9.307724e-17 2.414201e-17 2.185819e-01 16 0
5537.5444 5542.5282 1.212504e-17 2.211614e-17 2.811310e-02 16 0
5542.4176 5547.4058 -3.302727e-17 2.392234e-17 -8.173657e-02 16400 0
5547.2908 5552.2834 -6.221607e-17 3.132964e-17 -1.542591e-01 16400 0
5552.1641 5557.1610 -2.090939e-17 2.341624e-17 -5.193437e-02 16400 0
5557.0373 5562.0387 4.373142e-17 2.259424e-17 1.030490e-01 0 0
5561.9106 5566.9164 4.011445e-16 4.049014e-17 9.708447e-01 16 0
5566.7840 5571.7941 1.376497e-17 2.106855e-17 3.231248e-02 0 0
5571.6574 5576.6718 3.156928e-17 2.181264e-17 7.486462e-02 0 0
5576.5308 5581.5496 -3.690086e-17 2.252220e-17 -9.305474e-02 16400 0
5581.4042 5586.4275 -5.563134e-17 2.699085e-17 -1.409212e-01 16400 0
5586.2777 5591.3053 -1.071256e-17 2.158377e-17 -2.726155e-02 16384 0
5591.1512 5596.1832 -4.397447e-17 2.393868e-17 -1.125008e-01 16400 0
5596.0247 5601.0612 1.555310e-17 2.097015e-17 3.742367e-02 0 0
5600.8983 5605.9391 -2.619319e-17 2.808399e-17 -6.778365e-02 16400 0
5605.7719 5610.8171 -1.532712e-17 2.143812e-17 -3.987496e-02 16400 0
5610.6456 5615.6952 -1.258091e-17 2.069351e-17 -3.288564e-02 16384 0
5615.5193 5620.5732 -4.238005e-17 2.464486e-17 -1.113592e-01 16400 0
5620.3930 5625.4513 -2.262804e-17 2.328269e-17 -5.981011e-02 16400 0
5625.2667 5630.3295 -1.639355e-17 2.206038e-17 -4.357370e-02 16400 0
5630.1405 5635.2076 2.351792e-17 2.270820e-17 5.897263e-02 16 0
5635.0143 5640.0858 -1.342557e-17 2.055013e-17 -3.604617e-02 16384 0
5639.8882 5644.9641 -1.097297e-16 3.353163e-17 -2.959584e-01 16400 0
5644.7620 5649.8423 -1.779245e-17 1.998956e-17 -4.818766e-02 16400 0
5649.6359 5654.7206 -2.315691e-17 1.999181e-17 -6.292940e-02 16384 0
5654.5099 5659.5989 -3.014327e-17 1.986600e-17 -8.221979e-02 16384 0
5659.3839 5664.4773 1.782367e-17 1.962038e-17 4.556113e-02 0 0
5664.2579 5669.3557 -5.878502e-18 1.942807e-17 -1.616133e-02 16384 0
5669.1319 5674.2341 -2.769823e-18 1.941681e-17 -7.910098e-03 16 0
5674.0060 5679.1126 -2.911451e-17 2.686167e-17 -8.062677e-02 16400 0
5678.8801 5683.9911 7.475534e-17 2.437203e-17 1.973424e-01 16 0
5683.7542 5688.8696 2.146788e-16 3.207299e-17 5.757434e-01 16 0
5688.6284 5693.7482 -1.045140e-17 2.034567e-17 -2.921782e-02 16400 0
5693.5026 5698.6267 -2.908726e-16 5.160142e-17 -8.153707e-01 16400 0
5698.3768 5703.5054 -3.152368e-17 2.214966e-17 -8.859240e-02 16400 0
5703.2511 5708.3840 -5.115266e-17 2.469403e-17 -1.440976e-01 16400 0
5708.1254 5713.2627 -1.157731e-16 3.485653e-17 -3.268893e-01 16400 0
5712.9997 5718.1414 -2.411740e-17 2.139416e-17 -6.824807e-02 16400 0
5717.8740 5723.0201 1.320642e-17 2.131922e-17 3.459983e-02 16 0
5722.7484 5727.8989 4.492618e-18 1.954533e-17 1.119454e-02 16 0
5727.6228 5732.7777 -1.305203e-17 2.161586e-17 -3.717935e-02 16400 0
5732.4973 5737.6565 -1.095201e-17 1.886498e-17 -3.126892e-02 16400 0
5737.3718 5742.5354 -2.680685e-17 1.909256e-17 -7.671089e-02 16400 0
5742.2463 5747.4143 -2.821426e-17 1.993921e-17 -8.094472e-02 16400 0
5747.1208 5752.2932 -1.116786e-16 3.249307e-17 -3.212185e-01 16400 0
5751.9954 5757.1722 4.849660e-17 1.939297e-17 1.321510e-01 0 0
5756.8700 5762.0512 2.922681e-17 2.325683e-17 7.927974e-02 16 0
5761.7446 5766.9302 -2.560765e-17 2.208914e-17 -7.431905e-02 16400 0
5766.6193 5771.8092 -5.152112e-18 1.845123e-17 -1.518759e-02 0 0
5771.4940 5776.6883 -5.270072e-17 2.135733e-17 -1.539442e-01 16400 0
5776.3687 5781.5674 1.891100e-17 2.012021e-17 5.149896e-02 16 0
5781.2434 5786.4465 2.464631e-17 1.844552e-17 6.771062e-02 0 0
5786.1182 5791.3257 -3.534215e-17 2.750990e-17 -1.042751e-01 16400 0
5790.9930 5796.2049 -2.329236e-17 2.152226e-17 -6.894913e-02 16400 0
5795.8678 5801.0841 -5.565845e-17 2.026594e-17 -1.652986e-01 16400 0
5800.7427 5805.9634 -2.029080e-17 2.061349e-17 -6.045054e-02 16400 0
5805.6176 5810.8426 -2.745843e-17 2.069556e-17 -8.205959e-02 16400 0
5810.4925 5815.7220 -1.205325e-17 1.963855e-17 -3.612695e-02 16400 0
5815.3675 5820.6013 9.570835e-18 1.883239e-17 2.608160e-02 16 0
5820.2424 5825.4807 -1.170091e-17 1.930112e-17 -3.526617e-02 16400 0
5825.1174 5830.3600 -2.830280e-18 1.831579e-17 -9.276554e-03 0 0
5829.9925 5835.2395 -3.317175e-17 2.197961e-17 -1.004730e-01 16400 0
5834.8675 5840.1189 -2.470304e-17 1.734807e-17 -7.498885e-02 16384 0
5839.7426 5844.9984 -3.268639e-17 1.900555e-17 -9.941810e-02 16400 0
5844.6178 5849.8779 6.565178e-18 2.222756e-17 1.769263e-02 16 0
5849.4929 5854.7574 -5.744634e-17 3.402149e-17 -1.753065e-01 16400 0
5854.3681 5859.6370 -3.432638e-17 1.825605e-17 -1.048884e-01 16400 0
5859.2433 5864.5166 -3.904812e-17 2.219481e-17 -1.194460e-01 16400 0
5864.1185 5869.3962 1.501114e-17 1.783551e-17 4.227887e-02 0 0
5868.9938 5874.2759 2.474219e-16 2.124361e-17 7.314754e-01 0 0
5873.8691 5879.1555 1.639911e-15 3.348882e-17 4.955215e+00 0 0
5878.7444 5884.0352 2.969891e-17 2.277929e-17 8.519524e-02 16 0
5883.6197 5888.9150 -7.216323e-17 3.290634e-17 -2.212553e-01 16400 0
5888.4951 5893.7947 -1.203199e-16 3.214008e-17 -3.688911e-01 16400 0
5893.3705 5898.6745 -6.177086e-18 1.838987e-17 -1.927033e-02 16 0
5898.2459 5903.5543 -2.968964e-17 2.021685e-17 -9.096915e-02 16400 0
5903.1213 5908.4341 -3.341509e-17 1.918593e-17 -1.023273e-01 16400 0
5907.9968 5913.3140 -2.013129e-17 1.773307e-17 -6.161209e-02 16384 0
5912.8723 5918.1939 -2.443585e-16 3.957683e-17 -7.473275e-01 16400 0
5917.7478 5923.0738 -1.462696e-17 1.829400e-17 -4.470109e-02 16384 0
5922.6234 5927.9537 -4.727278e-17 2.697848e-17 -1.443578e-01 16400 0
5927.4990 5932.8337 -1.267482e-17 2.333046e-17 -3.867520e-02 16400 0
5932.3746 5937.7137 -1.406538e-16 3.736441e-17 -4.288851e-01 16400 0
5937.2502 5942.5937 -1.273176e-18 2.238874e-17 -5.152630e-03 16 0
5942.1258 5947.4738 8.894678e-16 3.070482e-17 2.655291e+00 16 0
5947.0015 5952.3538 1.153218e-16 1.913605e-17 3.351998e-01 0 0
5951.8772 5957.2339 -1.078825e-17 1.933096e-17 -3.283289e-02 16400 0
5956.7530 5962.1140 2.106790e-18 1.755171e-17 4.540609e-03 0 0
5961.6287 5966.9942 -6.357877e-17 2.267570e-17 -1.934810e-01 16400 0
5966.5045 5971.8744 1.117663e-17 1.782840e-17 3.070851e-02 0 0
5971.3803 5976.7546 -2.342489e-17 2.050381e-17 -7.133497e-02 16400 0
5976.2562 5981.6348 -3.775810e-17 2.064110e-17 -1.150516e-01 16400 0
5981.1320 5986.5150 -1.115470e-16 3.054948e-17 -3.402199e-01 16400 0
5986.0079 5991.3953 -2.185800e-17 1.913077e-17 -6.673922e-02 16400 0
5990.8838 5996.2756 -1.537240e-17 1.741230e-17 -4.700554e-02 16384 0
5995.7597 6001.1559 -1.651074e-17 1.809716e-17 -5.056850e-02 16384 0
6000.6357 6006.0363 -5.984107e-17 2.233416e-17 -1.836435e-01 16400 0
6005.5117 6010.9166 -1.412860e-16 3.604388e-17 -4.345313e-01 16400 0
6010.3877 6015.7970 -2.860676e-19 1.804875e-17 -2.478268e-03 0 0
6015.2637 6020.6774 -4.935843e-17 2.309452e-17 -1.525838e-01 16400 0
6020.1397 6025.5579 -1.625833e-17 2.064484e-17 -5.040495e-02 16400 0
6025.0158 6030.4383 -2.276472e-17 1.843766e-17 -7.079244e-02 16400 0
6029.8919 6035.3188 -7.753633e-18 1.735085e-17 -2.455565e-02 16 0
6034.7680 6040.1993 -1.294224e-17 1.767859e-17 -4.051201e-02 16400 0
6039.6442 6045.0799 -4.183963e-17 3.551518e-17 -1.314198e-01 16400 0
6044.5204 6049.9604 7.987205e-18 1.700533e-17 2.216283e-02 0 0
6049.3966 6054.8410 -2.218260e-17 1.934286e-17 -7.017879e-02 16400 0
6054.2728 6059.7216 3.515874e-16 2.712782e-17 1.082818e+00 16 0
6059.1490 6064.6022 2.906798e-16 2.487897e-17 8.963199e-01 16 0
6064.0253 6069.4829 2.566753e-17 1.749373e-17 7.632493e-02 0 0
6068.9016 6074.3636 3.175900e-17 1.878914e-17 9.528322e-02 16 0
6073.7779 6079.2443 4.416615e-16 2.267530e-17 1.384566e+00 16 0
6078.6542 6084.1250 -4.348528e-17 2.584099e-17 -1.406125e-01 16400 0
6083.5306 6089.0057 -2.047621e-17 1.998598e-17 -6.643642e-02 16400 0
6088.4069 6093.8865 -4.078161e-17 1.631965e-17 -1.327610e-01 16384 0
6093.2833 6098.7673 -3.530892e-17 2.976459e-17 -1.153011e-01 16400 0
6098.1597 6103.6481 -3.555478e-17 2.030359e-17 -1.164607e-01 16400 0
6103.0362 6108.5289 -1.012180e-17 1.779791e-17 -3.325393e-02 16 0
6107.9126 6113.4098 -2.153468e-17 1.743631e-17 -7.092713e-02 16400 0
6112.7891 6118.2906 -2.965089e-17 1.649399e-17 -9.789409e-02 16384 0
6117.6656 6123.1715 -1.298777e-17 1.648576e-17 -4.298166e-02 16384 0
6122.5422 6128.0525 -1.010481e-16 3.305406e-17 -3.350949e-01 16400 0
6127.4187 6132.9334 -1.007579e-17 1.621311e-17 -3.351824e-02 0 0
6132.2953 6137.8144 -7.498367e-17 2.489962e-17 -2.495895e-01 16400 0
6137.1719 6142.6953 -1.280947e-16 3.389459e-17 -4.270841e-01 16400 0
6142.0485 6147.5763 3.293231e-16 2.222322e-17 1.066233e+00 16 0
6146.9251 6152.4574 2.503544e-16 1.960272e-17 8.086837e-01 0 0
6151.8018 6157.3384 -2.556373e-17 2.444094e-17 -8.556213e-02 16400 0
6156.6785 6162.2195 -2.418414e-17 1.749588e-17 -8.102854e-02 16400 0
6161.5551 6167.1005 -2.455311e-17 1.659664e-17 -8.233392e-02 16400 0
6166.4319 6171.9817 -1.195145e-17 1.551112e-17 -4.010770e-02 16384 0
6171.3086 6176.8628 -1.815202e-17 1.579170e-17 -6.095273e-02 16384 0
6176.1854 6181.7439 -9.685135e-18 1.761672e-17 -3.270831e-02 16 0
6181.0621 6186.6251 -1.928929e-17 1.805840e-17 -6.483090e-02 16400 0
6185.9389 6191.5063 -1.985351e-17 2.119439e-17 -6.674829e-02 16400 0
6190.8158 6196.3875 -2.385773e-17 1.672527e-17 -8.022699e-02 16400 0
6195.6926 6201.2687 -5.450174e-18 2.174387e-17 -1.930540e-02 16 0
6200.5694 6206.1500 -1.300382e-17 1.629890e-17 -4.373669e-02 16384 0
6205.4463 6211.0312 -1.064995e-17 1.842192e-17 -3.585154e-02 16 0
6210.3232 6215.9125 -8.342612e-19 1.789855e-17 -4.635360e-03 16 0
6215.2001 6220.7938 -2.445605e-17 1.619480e-17 -8.224995e-02 16384 0
6220.0771 6225.6751 -2.119418e-16 2.004927e-17 -7.127768e-01 16400 0
6224.9540 6230.5565 -2.701699e-17 1.715554e-17 -9.085870e-02 16400 0
6229.8310 6235.4378 -1.154166e-16 3.143573e-17 -3.881589e-01 16400 0
6234.7080 6240.3192 -2.286078e-17 1.695076e-17 -7.688985e-02 16400 0
6239.5850 6245.2006 -1.475968e-17 2.325592e-17 -4.964980e-02 16400 0
6244.4620 6250.0820 -6.717683e-17 2.096741e-17 -2.260314e-01 16400 0
6249.3391 6254.9635 2.449876e-18 1.600071e-17 5.789135e-03 0 0
6254.2161 6259.8449 -3.650155e-17 1.811693e-17 -1.229143e-01 16400 0
6259.0932 6264.7264 2.813523e-17 1.655939e-17 8.820154e-02 16 0
6263.9703 6269.6079 -1.715443e-17 1.564091e-17 -5.783929e-02 16384 0
6268.8474 6274.4894 -7.265042e-18 1.626322e-17 -2.525052e-02 16 0
6273.7246 6279.3709 -1.774276e-17 1.685876e-17 -5.993479e-02 16400 0
6278.6017 6284.2525 -2.357223e-17 2.505140e-17 -7.971352e-02 16400 0
6283.4789 6289.1340 -1.159696e-17 1.610993e-17 -3.927364e-02 16384 0
6288.3561 6294.0156 -7.813046e-17 2.819504e-17 -2.649695e-01 16400 0
6293.2333 6298.8972 4.569639e-17 1.740806e-17 1.460894e-01 16 0
6298.1105 6303.7788 9.846958e-17 2.541201e-17 3.195592e-01 16 0
6302.9878 6308.6605 1.231765e-16 1.816071e-17 4.019899e-01 16 0
6307.8650 6313.5421 3.617823e-17 1.673350e-17 1.158119e-01 16 0
6312.7423 6318.4238 1.402685e-17 1.670002e-17 4.358461e-02 16 0
6317.6196 6323.3055 2.076687e-16 1.792583e-17 6.878728e-01 0 0
6322.4969 6328.1872 6.262098e-15 5.427712e-17 2.145149e+01 0 0
6327.3743 6333.0689 6.324746e-16 2.251431e-17 2.136654e+00 0 0
6332.2516 6337.9506 -1.190521e-17 1.581580e-17 -4.124089e-02 16384 0
6337.1290 6342.8324 -8.050694e-17 2.405522e-17 -2.796529e-01 16400 0
6342.0063 6347.7142 -6.556646e-18 1.532894e-17 -2.374356e-02 0 0
6346.8837 6352.5959 -2.204737e-17 1.639733e-17 -7.700553e-02 16400 0
6351.7612 6357.4777 -6.624023e-18 1.522378e-17 -2.409331e-02 0 0
6356.6386 6362.3596 -3.024155e-18 1.648590e-17 -1.219465e-02 16 0
6361.5160 6367.2414 -1.277929e-17 2.258145e-17 -4.498811e-02 16400 0
6366.3935 6372.1232 1.609344e-17 1.550511e-17 5.184634e-02 0 0
6371.2710 6377.0051 -1.469408e-17 1.735975e-17 -5.198240e-02 16400 0
6376.1484 6381.8870 -1.070416e-16 3.104510e-17 -3.795439e-01 16400 0
6381.0259 6386.7689 -7.300459e-17 2.832843e-17 -2.594108e-01 16400 0
6385.9035 6391.6508 -2.968174e-18 2.095446e-17 -1.217116e-02 16 0
6390.7810 6396.5327 5.422341e-18 1.594208e-17 1.618794e-02 16 0
6395.6586 6401.4146 5.327552e-16 2.997706e-17 1.858566e+00 16 0
6400.5361 6406.2966 1.819322e-16 1.953725e-17 6.267399e-01 16 0
6405.4137 6411.1786 -2.785873e-17 1.560829e-17 -9.982200e-02 16400 0
6410.2913 6416.0606 -2.059352e-18 1.567417e-17 -9.178631e-03 16 0
6415.1689 6420.9426 -1.473718e-17 1.720063e-17 -5.292259e-02 16400 0
6420.0465 6425.8246 -1.553333e-16 3.403764e-17 -5.583461e-01 16400 0
6424.9242 6430.7066 -5.034095e-18 1.527334e-17 -1.933751e-02 0 0
6429.8018 6435.5886 -3.710745e-17 2.166877e-17 -1.335769e-01 16400 0
6434.6795 6440.4707 1.992744e-17 1.531336e-17 6.608226e-02 16 0
6439.5572 6445.3528 -1.490408e-17 1.753631e-17 -5.370577e-02 16400 0
6444.4349 6450.2349 1.596692e-18 1.514579e-17 3.253542e-03 0 0
6449.3126 6455.1170 -1.273558e-17 1.568432e-17 -4.592278e-02 16400 0
6454.1903 6459.9991 1.115025e-17 1.506296e-17 3.599361e-02 0 0
6459.0680 6464.8812 4.757613e-18 1.569921e-17 1.407251e-02 16 0
6463.9458 6469.7633 3.608749e-18 1.536792e-17 1.013451e-02 0 0
6468.8236 6474.6455 4.973511e-17 1.682716e-17 1.691850e-01 16 0
6473.7013 6479.5277 6.850620e-16 2.283703e-17 2.419702e+00 16 0
6478.5791 6484.4098 2.070133e-16 1.884777e-17 7.201164e-01 16 0
6483.4569 6489.2920 1.787350e-16 1.888969e-17 6.203013e-01 16 0
6488.3347 6494.1742 1.104344e-17 1.574192e-17 3.559314e-02 16 0
6493.2126 6499.0565 -4.229995e-17 2.643140e-17 -1.524308e-01 16400 0
6498.0904 6503.9387 1.048406e-17 1.787123e-17 3.364307e-02 16 0
6502.9683 6508.8209 8.025666e-17 1.655862e-17 2.747724e-01 0 0
6507.8461 6513.7032 5.636627e-16 2.127189e-17 1.981941e+00 0 0
6512.7240 6518.5855 4.435952e-17 1.632209e-17 1.500771e-01 16 0
6517.6019 6523.4678 -3.134948e-17 1.570563e-17 -1.126777e-01 16400 0
6522.4798 6528.3501 3.505008e-17 1.604697e-17 1.178017e-01 16 0
6527.3577 6533.2324 1.539353e-17 1.536313e-17 5.028439e-02 0 0
6532.2357 6538.1147 2.604917e-17 1.758713e-17 8.672405e-02 16 0
6537.1136 6542.9970 2.512849e-17 1.759779e-17 8.349805e-02 16 0
6541.9916 6547.8793 -2.125381e-17 2.335238e-17 -7.610460e-02 16400 0
6546.8695 6552.7617 6.776227e-17 1.619310e-17 2.298452e-01 0 0
6551.7475 6557.6441 7.689663e-17 1.908230e-17 2.611607e-01 16 0
6556.6255 6562.5264 2.917825e-16 2.007900e-17 1.009789e+00 16 0
6561.5035 6567.4088 6.590332e-16 2.218102e-17 2.301844e+00 0 0
6566.3815 6572.2912 6.106828e-16 2.216673e-17 2.129373e+00 0 0
6571.2595 6577.1736 2.120012e-16 1.780485e-17 7.286440e-01 0 0
6576.1375 6582.0561 9.672411e-17 1.664086e-17 3.283502e-01 0 0
6581.0156 6586.9385 7.176269e-17 1.661296e-17 2.422556e-01 16 0
6585.8936 6591.8209 3.727787e-17 1.999975e-17 1.241530e-01 1040 0
6590.7717 6596.7034 3.160363e-17 1.804365e-17 1.047628e-01 1040 0
6595.6498 6601.5858 4.592265e-19 1.708214e-17 -7.210299e-04 1040 0
6600.5278 6606.4683 -6.329865e-17 2.400748e-17 -2.247185e-01 17424 0
6605.4059 6611.3508 1.470738e-17 1.584943e-17 4.735439e-02 1024 0
6610.2840 6616.2333 2.733261e-17 1.568578e-17 9.010781e-02 1024 0
6615.1622 6621.1158 3.156584e-16 2.093915e-17 1.086211e+00 1040 0
6620.0403 6625.9983 3.473120e-16 2.382376e-17 1.196578e+00 1040 0
6624.9184 6630.8808 -3.854234e-17 2.185268e-17 -1.367537e-01 17424 0
6629.7966 6635.7634 1.185699e-17 1.512015e-17 3.770839e-02 1024 0
6634.6747 6640.6459 1.013468e-17 1.569405e-17 3.189963e-02 1296 0
6639.5529 6645.5285 2.430027e-17 1.802240e-17 7.987316e-02 1040 0
6644.4310 6650.4110 1.240355e-16 1.834100e-17 4.216982e-01 1040 0
6649.3092 6655.2936 1.235409e-15 2.786017e-17 4.323608e+00 1040 0
6654.1874 6660.1762 -1.172577e-16 3.402883e-17 -4.169501e-01 17424 0
6659.0656 6665.0588 -1.059654e-16 3.868577e-17 -3.770229e-01 17424 0
6663.9438 6669.9414 3.457428e-17 1.585265e-17 1.150987e-01 1024 0
6668.8220 6674.8240 2.050461e-16 1.820352e-17 7.044223e-01 1024 0
6673.7003 6679.7066 -8.219776e-17 3.681959e-17 -2.931019e-01 17424 0
6678.5785 6684.5892 -1.618640e-17 1.820779e-17 -5.776378e-02 17424 0
6683.4567 6689.4718 -3.173160e-18 1.532726e-17 -1.301367e-02 1024 0
6688.3350 6694.3545 -7.154913e-17 3.035627e-17 -2.557661e-01 17424 0
6693.2132 6699.2371 -3.121236e-17 1.542952e-17 -1.116714e-01 17424 0
6698.0915 6704.1198 -8.132136e-18 1.514314e-17 -2.984525e-02 1024 0
6702.9698 6709.0024 -4.295059e-17 2.420229e-17 -1.539346e-01 17424 0
6707.8481 6713.8851 1.606943e-17 1.560551e-17 5.253457e-02 1040 0
6712.7263 6718.7678 2.090354e-16 2.196207e-17 7.238410e-01 1040 0
6717.6046 6723.6505 7.383937e-16 2.486023e-17 2.599938e+00 16 0
6722.4829 6728.5332 1.975551e-16 2.042929e-17 6.846399e-01 16 0
6727.3613 6733.4159 -3.037534e-18 1.557470e-17 -1.263053e-02 16 0
6732.2396 6738.2986 -8.337822e-18 1.967950e-17 -3.069756e-02 16 0
6737.1179 6743.1813 2.923051e-17 1.629848e-17 9.808125e-02 16 0
6741.9962 6748.0640 -1.109722e-17 1.503622e-17 -4.013537e-02 0 0
6746.8746 6752.9468 -2.142223e-17 1.493274e-17 -7.728057e-02 16384 0
6751.7529 6757.8295 -1.989647e-17 1.466578e-17 -7.181281e-02 16384 0
6756.6313 6762.7122 -2.380836e-17 1.483844e-17 -8.597050e-02 16400 0
6761.5096 6767.5950 -4.787882e-17 1.895784e-17 -1.729552e-01 16400 0
6766.3880 6772.4778 8.800505e-18 1.559567e-17 2.793147e-02 0 0
6771.2664 6777.3605 -2.558292e-17 1.444912e-17 -9.247135e-02 16384 0
6776.1448 6782.2433 6.564287e-18 1.451810e-17 2.026071e-02 0 0
6781.0231 6787.1261 -1.303723e-17 1.645844e-17 -4.714197e-02 16400 0
6785.9015 6792.0088 -2.386821e-17 1.501984e-17 -8.631425e-02 16384 0
6790.7799 6796.8916 -2.051717e-17 1.615104e-17 -7.420048e-02 16400 0
6795.6583 6801.7744 1.179124e-17 1.509417e-17 3.825359e-02 0 0
6800.5367 6806.6572 1.698069e-16 1.796192e-17 5.906037e-01 16 0
6805.4151 6811.5400 3.017908e-16 1.931739e-17 1.057967e+00 16 0
6810.2936 6816.4228 6.586899e-18 1.459449e-17 2.034592e-02 0 0
6815.1720 6821.3056 -3.295929e-18 1.902174e-17 -1.354621e-02 16 0
6820.0504 6826.1885 -1.071854e-17 1.506597e-17 -3.891504e-02 16 0
6824.9289 6831.0713 2.275474e-17 1.605553e-17 7.600199e-02 16 0
6829.8073 6835.9541 -4.343057e-17 2.585577e-17 -1.568904e-01 16400 0
6834.6857 6840.8370 -9.796917e-17 2.810939e-17 -3.538201e-01 16400 0
6839.5642 6845.7198 -1.896550e-17 1.659190e-17 -6.847875e-02 16400 0
6844.4426 6850.6026 -1.924904e-16 3.286495e-17 -6.948519e-01 16400 0
6849.3211 6855.4855 -1.343336e-16 2.937163e-17 -4.848041e-01 16400 0
6854.1996 6860.3683 -2.387547e-17 1.810371e-17 -8.614513e-02 16400 0
6859.0780 6865.2512 -1.620290e-17 1.467220e-17 -5.844877e-02 16384 0
6863.9565 6870.1341 -6.522409e-18 1.636569e-17 -2.451724e-02 16 0
6868.8350 6875.0169 -1.371695e-16 3.221903e-17 -4.946133e-01 16400 0
6873.7135 6879.8998 -5.831499e-18 1.501146e-17 -2.214890e-02 0 0
6878.5919 6884.7827 -6.786897e-18 1.593007e-17 -2.540165e-02 0 0
6883.4704 6889.6655 -1.887790e-17 1.754450e-17 -6.803993e-02 16400 0
6888.3489 6894.5484 -8.869281e-18 1.499462e-17 -3.248735e-02 16 0
6893.2274 6899.4313 -2.160706e-17 1.595356e-17 -7.786100e-02 16400 0
6898.1059 6904.3142 -3.144709e-17 1.805498e-17 -1.133123e-01 16400 0
6902.9844 6909.1971 1.070137e-18 1.493284e-17 1.426440e-03 0 0
6907.8629 6914.0800 1.596547e-19 1.583192e-17 -1.681689e-03 16 0
6912.7414 6918.9629 -4.073785e-17 2.206541e-17 -1.467811e-01 16400 0
6917.6199 6923.8458 -6.746425e-17 2.291008e-17 -2.430838e-01 16400 0
6922.4984 6928.7287 -1.546527e-17 1.480445e-17 -5.572618e-02 16384 0
6927.3769 6933.6116 9.683317e-18 1.539542e-17 3.092251e-02 16 0
6932.2555 6938.4945 -1.796381e-17 1.771514e-17 -6.473950e-02 16400 0
6937.1340 6943.3774 2.645764e-17 1.552739e-17 8.859614e-02 0 0
6942.0125 6948.2603 -2.853052e-17 2.063139e-17 -1.028462e-01 16400 0
6946.8910 6953.1432 -2.008765e-17 1.611686e-17 -7.242337e-02 16400 0
6951.7696 6958.0261 -1.328783e-17 1.462734e-17 -4.791598e-02 16384 0
6956.6481 6962.9091 -3.716229e-17 1.693666e-17 -1.340360e-01 16400 0
6961.5266 6967.7920 -5.720696e-17 1.813189e-17 -2.063798e-01 16400 0
6966.4051 6972.6749 -3.312414e-17 1.481705e-17 -1.195317e-01 16400 0
6971.2837 6977.5578 -1.628631e-17 1.528033e-17 -5.878803e-02 16400 0
6976.1622 6982.4408 -2.247282e-17 2.018470e-17 -8.114783e-02 16400 0
6981.0407 6987.3237 -1.917082e-17 1.500520e-17 -6.924973e-02 16384 0
6985.9193 6992.2066 2.085236e-19 1.596108e-17 -1.471847e-03 16 0
6990.7978 6997.0895 -2.571919e-17 1.536080e-17 -9.300870e-02 16400 0
6995.6764 7001.9725 -2.208552e-17 1.460746e-17 -7.995520e-02 16384 0
7000.5549 7006.8554 -8.568902e-18 1.440722e-17 -3.155895e-02 0 0
7005.4334 7011.7383 -1.458779e-17 1.873655e-17 -5.288633e-02 16400 0
7010.3120 7016.6213 7.786709e-18 1.504212e-17 2.464290e-02 16 0
7015.1905 7021.5042 -1.909687e-17 1.469458e-17 -6.931333e-02 16400 0
7020.0691 7026.3871 2.533996e-17 1.508752e-17 8.544524e-02 0 0
7024.9476 7031.2701 -3.573302e-17 1.780497e-17 -1.298420e-01 16400 0
7029.8262 7036.1530 7.411302e-17 3.180406e-17 2.559440e-01 16 0
7034.7047 7041.0359 1.629415e-17 1.510572e-17 5.418907e-02 0 0
7039.5832 7045.9189 5.925675e-16 2.304993e-17 2.108456e+00 16 0
7044.4618 7050.8018 -4.926270e-19 2.504567e-17 -3.847498e-03 16 0
7049.3403 7055.6847 -2.838742e-17 1.760634e-17 -1.033908e-01 16400 0
7054.2189 7060.5677 1.521136e-16 2.223401e-17 5.322322e-01 16 0
7059.0974 7065.4506 2.398045e-16 1.831564e-17 8.446963e-01 16 0
7063.9760 7070.3335 1.843886e-17 1.921191e-17 6.177463e-02 16 0
7068.8545 7075.2165 2.195701e-17 1.502322e-17 7.402336e-02 0 0
7073.7330 7080.0994 -3.573722e-17 2.159145e-17 -1.302750e-01 16400 0
7078.6116 7084.9823 1.060676e-17 1.722876e-17 3.459331e-02 16 0
7083.4901 7089.8653 -1.214535e-17 2.641548e-17 -4.426411e-02 16400 0
7088.3687 7094.7482 4.666081e-17 1.648514e-17 1.602044e-01 16 0
7093.2472 7099.6311 1.211550e-17 1.471680e-17 3.980339e-02 0 0
7098.1257 7104.5140 -4.344335e-18 1.462469e-17 -1.708321e-02 0 0
7103.0043 7109.3970 -1.151991e-17 1.491200e-17 -4.191417e-02 16384 0
7107.8828 7114.2799 -9.788343e-18 1.807995e-17 -3.576649e-02 16 0
7112.7613 7119.1628 3.896331e-17 1.739585e-17 1.329050e-01 16 0
7117.6399 7124.0457 1.197533e-15 7.027434e-17 4.279931e+00 16 0
7122.5184 7128.9287 1.080436e-16 1.672098e-17 3.743523e-01 0 0
7127.3969 7133.8116 -7.909052e-17 3.329122e-17 -2.864702e-01 16400 0
7132.2754 7138.6945 -5.970685e-18 1.600768e-17 -2.252661e-02 16 0
7137.1540 7143.5774 -8.228823e-18 1.544860e-17 -3.020764e-02 16 0
7142.0325 7148.4603 -1.668707e-17 1.487296e-17 -6.021190e-02 16384 0
7146.9110 7153.3432 -4.671010e-17 1.650816e-17 -1.682967e-01 16400 0
7151.7895 7158.2261 -4.643390e-18 1.647161e-17 -1.787903e-02 16 0
7156.6680 7163.1090 3.257642e-18 1.497450e-17 9.034466e-03 0 0
7161.5465 7167.9919 9.032278e-18 1.531173e-17 2.868728e-02 16 0
7166.4250 7172.8748 -4.726659e-17 1.871418e-17 -1.691916e-01 16400 0
7171.3035 7177.7577 9.083801e-18 1.623348e-17 2.876126e-02 16 0
7176.1820 7182.6406 -6.698780e-18 1.494033e-17 -2.465101e-02 0 0
7181.0605 7187.5235 -4.874509e-17 1.544499e-17 -1.735127e-01 16400 0
7185.9390 7192.4064 -1.329208e-17 1.508410e-17 -4.721855e-02 16384 0
7190.8175 7197.2892 -4.736562e-17 2.338228e-17 -1.679196e-01 16400 0
7195.6960 7202.1721 -2.397815e-17 2.321209e-17 -8.482558e-02 16400 0
7200.5745 7207.0550 9.166267e-18 1.525726e-17 2.869032e-02 16 0
7205.4529 7211.9378 -4.120518e-17 1.824705e-17 -1.451340e-01 16400 0
7210.3314 7216.8207 -1.831576e-17 1.606497e-17 -6.436838e-02 16400 0
7215.2099 7221.7036 -1.402041e-17 1.739000e-17 -4.915959e-02 16400 0
7220.0883 7226.5864 -1.666294e-17 1.513660e-17 -5.828987e-02 16384 0
7224.9668 7231.4693 -1.921519e-17 1.566926e-17 -6.705904e-02 16400 0
7229.8453 7236.3521 -3.154246e-17 1.514368e-17 -1.098175e-01 16384 0
7234.7237 7241.2350 -8.355620e-19 1.670594e-17 -4.736375e-03 16 0
7239.6022 7246.1178 7.403276e-17 1.683496e-17 2.435354e-01 0 0
7244.4806 7251.0006 1.360211e-15 2.865729e-17 4.632029e+00 0 0
7249.3590 7255.8835 1.574391e-15 3.150174e-17 5.354450e+00 16 0
7254.2375 7260.7663 -1.996388e-17 1.592500e-17 -6.865589e-02 16400 0
7259.1159 7265.6491 -2.947992e-17 1.569001e-17 -1.011271e-01 16400 0
7263.9943 7270.5319 -1.898575e-17 2.215819e-17 -6.496419e-02 16400 0
7268.8727 7275.4147 -2.645900e-17 1.805428e-17 -9.030727e-02 16400 0
7273.7511 7280.2975 -1.139820e-17 1.640983e-17 -3.880496e-02 16400 0
7278.6295 7285.1803 -3.903526e-18 1.591178e-17 -1.449113e-02 0 0
7283.5079 7290.0631 3.559765e-16 2.004930e-17 1.170526e+00 0 0
7288.3863 7294.9459 2.651482e-16 1.987749e-17 8.662216e-01 16 0
7293.2647 7299.8287 3.540519e-17 1.695735e-17 1.117305e-01 16 0
7298.1431 7304.7114 -2.398621e-16 6.118429e-17 -8.063726e-01 16400 0
7303.0215 7309.5942 -3.602502e-17 2.236113e-17 -1.208084e-01 16400 0
7307.8998 7314.4770 -4.375170e-17 2.146427e-17 -1.463585e-01 16400 0
7312.7782 7319.3597 -1.794062e-17 1.835628e-17 -5.986761e-02 16400 0
7317.6566 7324.2425 1.366606e-17 1.903154e-17 4.128988e-02 16 0
7322.5349 7329.1252 1.295030e-17 1.811754e-17 3.892876e-02 16 0
7327.4133 7334.0079 2.259947e-17 1.873037e-17 6.928781e-02 16 0
7332.2916 7338.8907 4.571285e-17 1.791684e-17 1.421949e-01 16 0
7337.1699 7343.7734 1.006645e-17 2.039841e-17 2.961534e-02 16 0
7342.0482 7348.6561 1.283089e-16 1.859679e-17 4.038888e-01 16 0
7346.9266 7353.5388 5.225114e-15 5.124883e-17 1.703847e+01 16 0
7351.8049 7358.4215 1.438296e-14 8.544391e-17 4.695068e+01 16 0
7356.6832 7363.3042 1.331560e-16 2.040515e-17 4.166016e-01 16 0
7361.5615 7368.1869 -1.439206e-17 1.623943e-17 -4.694211e-02 16384 0
7366.4397 7373.0695 4.757251e-17 2.068435e-17 1.458325e-01 16 0
7371.3180 7377.9522 6.872164e-16 2.388530e-17 2.183545e+00 0 0
7376.1963 7382.8349 3.411190e-16 2.160081e-17 1.072527e+00 16 0
7381.0746 7387.7175 -1.320795e-17 1.706512e-17 -4.274759e-02 16400 0
7385.9528 7392.6002 -1.266011e-17 1.652629e-17 -4.090364e-02 16384 0
7390.8311 7397.4828 6.250622e-18 1.680381e-17 1.729350e-02 0 0
7395.7093 7402.3654 4.296941e-18 1.640284e-17 1.130021e-02 0 0
7400.5875 7407.2480 1.160473e-17 1.700017e-17 3.359458e-02 16 0
7405.4657 7412.1307 6.126289e-18 1.814324e-17 1.684402e-02 16 0
7410.3439 7417.0133 1.092497e-17 1.674805e-17 3.143383e-02 0 0
7415.2221 7421.8958 1.248309e-17 1.879908e-17 3.613866e-02 16 0
7420.1003 7426.7784 -2.284077e-17 2.530838e-17 -7.304718e-02 16400 0
7424.9785 7431.6610 9.262583e-16 2.848116e-17 2.902630e+00 16 0
7429.8567 7436.5436 1.303834e-16 1.856136e-17 3.979835e-01 0 0
7434.7349 7441.4261 5.274442e-16 2.591417e-17 1.638822e+00 16 0
7439.6130 7446.3087 4.711177e-16 2.325348e-17 1.460279e+00 16 0
7444.4912 7451.1912 1.122713e-16 2.699947e-17 3.409194e-01 16 0
7449.3693 7456.0737 -1.359273e-17 1.949806e-17 -4.320025e-02 16400 0
7454.2474 7460.9563 2.738253e-17 1.940609e-17 8.093085e-02 16 0
7459.1256 7465.8388 7.232908e-16 2.963335e-17 2.245085e+00 16 0
7464.0037 7470.7213 1.458818e-15 3.125846e-17 4.555845e+00 0 0
7468.8818 7475.6038 1.338719e-15 3.437720e-17 4.174316e+00 16 0
7473.7598 7480.4862 7.303280e-17 1.710537e-17 2.192518e-01 0 0
7478.6379 7485.3687 9.772168e-16 2.734502e-17 3.033360e+00 0 0
7483.5160 7490.2512 2.372931e-18 1.761461e-17 5.396968e-03 16 0
7488.3940 7495.1336 4.781906e-18 2.280870e-17 1.260911e-02 16 0
7493.2721 7500.0160 -3.574272e-17 1.664523e-17 -1.127994e-01 16384 0
7498.1501 7504.8985 1.273673e-17 1.699103e-17 3.641741e-02 0 0
7503.0282 7509.7809 -6.074650e-17 2.793490e-17 -1.914305e-01 16400 0
7507.9062 7514.6633 4.702826e-16 2.631318e-17 1.442114e+00 16 0
7512.7842 7519.5457 9.931902e-16 3.499155e-17 3.070007e+00 16 0
7517.6622 7524.4281 -4.578803e-16 4.585467e-17 -1.439666e+00 16400 0
7522.5401 7529.3104 -2.043581e-17 1.666271e-17 -6.420401e-02 16384 0
7527.4181 7534.1928 -2.537692e-17 2.120493e-17 -7.966048e-02 16400 0
7532.2961 7539.0751 -3.422855e-17 1.938943e-17 -1.073570e-01 16400 0
7537.1740 7543.9575 -2.791977e-17 2.102781e-17 -8.748856e-02 16400 0
7542.0519 7548.8398 -4.416819e-17 2.469389e-17 -1.382772e-01 16400 0
7546.9299 7553.7221 1.951575e-17 2.059397e-17 5.633631e-02 16 0
7551.8078 7558.6044 -2.027690e-17 1.881208e-17 -6.335012e-02 16400 0
7556.6857 7563.4867 -1.341125e-16 4.423868e-17 -4.185171e-01 16400 0
7561.5636 7568.3690 -3.013001e-17 1.713086e-17 -9.391573e-02 16384 0
7566.4414 7573.2512 -2.890095e-17 1.790256e-17 -8.996773e-02 16400 0
7571.3193 7578.1335 -1.097936e-17 1.757278e-17 -3.413320e-02 16384 0
7576.1971 7583.0157 -8.067327e-17 2.523150e-17 -2.504329e-01 16400 0
7581.0750 7587.8979 -9.759785e-18 2.578832e-17 -3.025146e-02 16400 0
7585.9528 7592.7801 -6.645429e-17 2.906100e-17 -2.056398e-01 16400 0
7590.8306 7597.6623 9.526016e-17 1.912180e-17 2.804796e-01 0 0
7595.7084 7602.5445 2.374734e-15 6.135383e-17 7.255876e+00 16 0
7600.5862 7607.4267 6.071837e-17 2.102391e-17 1.768824e-01 16 0
7605.4640 7612.3089 -2.479981e-17 2.007183e-17 -7.616091e-02 16400 0
7610.3417 7617.1910 4.196233e-18 1.911251e-17 1.064060e-02 16 0
7615.2195 7622.0731 9.155302e-16 2.837955e-17 2.751906e+00 16 0
7620.0972 7626.9553 8.427188e-17 2.118351e-17 2.445733e-01 16 0
7624.9749 7631.8374 1.294041e-15 5.533047e-17 3.884166e+00 16 0
7629.8526 7636.7195 1.153447e-15 2.967452e-17 3.449583e+00 16 0
7634.7303 7641.6015 -3.332561e-18 1.858767e-17 -1.104112e-02 16 0
7639.6080 7646.4836 1.301257e-18 2.468318e-17 2.219005e-03 16 0
7644.4856 7651.3657 -7.273592e-18 1.790398e-17 -2.217138e-02 0 0
7649.3633 7656.2477 -2.952433e-17 1.827399e-17 -8.856344e-02 16400 0
7654.2409 7661.1297 -1.933059e-17 2.403894e-17 -5.780516e-02 16400 0
7659.1185 7666.0117 2.236287e-17 2.021922e-17 6.184654e-02 16 0
7663.9961 7670.8937 4.043712e-16 3.359762e-17 1.169839e+00 16 0
7668.8737 7675.7757 1.778403e-16 2.002217e-17 5.066985e-01 0 0
7673.7513 7680.6577 -2.246290e-17 2.960251e-17 -6.627554e-02 16400 0
7678.6288 7685.5396 2.602402e-17 1.928942e-17 7.126909e-02 16 0
7683.5064 7690.4215 4.923067e-16 2.420929e-17 1.408134e+00 16 0
7688.3839 7695.3034 3.759904e-17 2.226667e-17 1.030263e-01 16 0
7693.2614 7700.1853 -1.600452e-17 1.924552e-17 -4.652701e-02 16384 0
7698.1389 7705.0672 -1.522334e-17 2.658367e-17 -4.408492e-02 16400 0
7703.0164 7709.9491 3.228285e-18 1.907831e-17 7.407831e-03 16 0
7707.8939 7714.8310 4.155783e-16 2.775755e-17 1.163390e+00 16 0
7712.7713 7719.7128 2.185076e-15 3.844167e-17 6.197392e+00 0 0
7717.6487 7724.5946 1.795096e-17 1.874249e-17 4.716304e-02 0 0
7722.5262 7729.4764 7.755583e-18 1.929941e-17 1.947210e-02 16 0
7727.4036 7734.3582 -2.897052e-17 1.857025e-17 -8.186791e-02 16384 0
7732.2809 7739.2400 3.496117e-18 1.958300e-17 7.947063e-03 0 0
7737.1583 7744.1218 -5.635119e-17 2.692629e-17 -1.578855e-01 16400 0
7742.0357 7749.0035 -9.289731e-18 2.484114e-17 -2.591557e-02 16400 0
7746.9130 7753.8852 -2.658352e-17 1.983357e-17 -7.383622e-02 16384 0
7751.7903 7758.7669 -2.880061e-17 2.170079e-17 -7.964320e-02 16400 0
7756.6676 7763.6486 3.312284e-18 1.992119e-17 7.301209e-03 0 0
7761.5449 7768.5303 3.857121e-17 2.103216e-17 9.932029e-02 16 0
7766.4222 7773.4120 -1.306828e-17 2.262765e-17 -3.565953e-02 16400 0
7771.2994 7778.2936 3.086492e-18 2.048915e-17 6.626587e-03 16 0
7776.1767 7783.1752 -9.990296e-18 2.424929e-17 -2.701777e-02 16400 0
7781.0539 7788.0568 -1.011946e-16 3.266658e-17 -2.724468e-01 16400 0
7785.9311 7792.9384 -1.681474e-17 2.260159e-17 -4.506799e-02 16400 0
7790.8083 7797.8200 -1.974412e-17 2.194148e-17 -5.268290e-02 16400 0
7795.6854 7802.7015 -5.666059e-18 2.047299e-17 -1.549257e-02 16 0
7800.5626 7807.5831 9.951411e-18 2.202116e-17 2.367111e-02 16 0
7805.4397 7812.4646 -2.743283e-16 6.574258e-17 -7.222669e-01 16400 0
7810.3168 7817.3461 -2.310259e-17 2.282288e-17 -6.055715e-02 16400 0
7815.1939 7822.2276 -1.312101e-16 4.957210e-17 -3.424188e-01 16400 0
7820.0710 7827.1090 -1.567708e-17 2.058580e-17 -4.073301e-02 16384 0
7824.9480 7831.9905 -2.015054e-17 2.409550e-17 -5.212715e-02 16400 0
7829.8251 7836.8719 -2.687124e-17 2.095535e-17 -6.921025e-02 16400 0
7834.7021 7841.7533 -3.601117e-18 2.230781e-17 -9.941217e-03 16 0
7839.5791 7846.6347 -6.862472e-18 2.175872e-17 -1.775661e-02 16 0
7844.4561 7851.5161 -8.034766e-18 2.104879e-17 -2.048931e-02 0 0
7849.3330 7856.3974 3.105569e-16 2.817065e-17 7.631180e-01 16 0
7854.2100 7861.2788 1.351569e-16 2.394456e-17 3.265711e-01 16 0
7859.0869 7866.1601 -4.284685e-17 2.561251e-17 -1.075496e-01 16400 0
7863.9638 7871.0414 -2.165704e-17 2.355044e-17 -5.413151e-02 16400 0
7868.8407 7875.9226 -1.407716e-17 2.154400e-17 -3.503801e-02 16384 0
7873.7175 7880.8039 -8.788783e-17 2.703668e-17 -2.178354e-01 16400 0
7878.5944 7885.6851 -1.972658e-16 4.734291e-17 -4.868992e-01 16400 0
7883.4712 7890.5663 1.659657e-17 2.201396e-17 3.754676e-02 0 0
7888.3480 7895.4475 -1.364071e-16 4.011004e-17 -3.339057e-01 16400 0
7893.2248 7900.3287 -1.640943e-17 2.303319e-17 -4.000258e-02 16400 0
7898.1016 7905.2099 -5.528876e-17 3.183568e-17 -1.342305e-01 16400 0
7902.9783 7910.0910 2.476744e-16 2.557741e-17 5.793625e-01 0 0
7907.8551 7914.9721 2.129095e-15 4.256691e-17 5.082914e+00 0 0
7912.7318 7919.8532 7.903048e-16 4.538338e-17 1.862814e+00 16 0
7917.6084 7924.7343 -1.128828e-17 2.514110e-17 -2.696220e-02 16400 0
7922.4851 7929.6153 -6.346587e-17 2.434410e-17 -1.509748e-01 16400 0
7927.3617 7934.4964 -1.229873e-18 2.212366e-17 -3.829352e-03 0 0
7932.2384 7939.3774 -3.417858e-16 6.685182e-17 -8.065090e-01 16400 0
7937.1150 7944.2584 -3.979779e-17 2.309158e-17 -9.353299e-02 16400 0
7941.9915 7949.1393 -4.820925e-17 2.752742e-17 -1.128455e-01 16400 0
7946.8681 7954.0203 -1.086418e-16 3.701488e-17 -2.532819e-01 16400 0
7951.7446 7958.9012 6.169611e-19 2.322580e-17 3.146362e-04 0 0
7956.6212 7963.7821 1.419248e-18 2.309832e-17 2.071256e-03 16 0
7961.4977 7968.6630 -1.753723e-17 2.887240e-17 -4.039493e-02 16400 0
7966.3741 7973.5439 8.465117e-18 2.290469e-17 1.736951e-02 0 0
7971.2506 7978.4247 -4.863275e-17 2.243782e-17 -1.111223e-01 16384 0
7976.1270 7983.3055 1.355087e-17 2.453771e-17 2.822083e-02 16 0
7981.0034 7988.1863 6.297006e-16 3.718524e-17 1.399244e+00 16 0
7985.8798 7993.0671 -2.417361e-17 2.681196e-17 -5.457158e-02 16400 0
7990.7562 7997.9478 -1.785896e-17 2.319372e-17 -4.015417e-02 16384 0
7995.6325 8002.8286 -4.216996e-17 3.259985e-17 -9.443320e-02 16400 0
8000.5088 8007.7093 -2.286161e-17 2.529415e-17 -5.098894e-02 16400 0
8005.3851 8012.5900 -2.684631e-17 2.357079e-17 -5.963463e-02 16384 0
8010.2614 8017.4706 -1.721975e-17 2.981420e-17 -3.809672e-02 16400 0
8015.1376 8022.3513 1.138323e-16 3.182452e-17 2.398677e-01 16 0
8020.0139 8027.2319 8.684393e-16 3.695659e-17 1.875473e+00 16 0
8024.8901 8032.1125 -4.323076e-17 3.040845e-17 -9.449103e-02 16400 0
8029.7662 8036.9930 7.742135e-16 3.385626e-17 1.656492e+00 0 0
8034.6424 8041.8736 -2.295909e-16 8.814820e-17 -4.978013e-01 16400 0
8039.5185 8046.7541 -4.358808e-17 2.608555e-17 -9.413077e-02 16400 0
8044.3946 8051.6346 -4.860732e-18 2.658440e-17 -1.076836e-02 16 0
8049.2707 8056.5151 -6.469875e-17 3.107500e-17 -1.386091e-01 16400 0
8054.1468 8061.3955 -3.290996e-17 3.153144e-17 -7.022483e-02 16400 0
8059.0228 8066.2759 8.638018e-18 2.636395e-17 1.650057e-02 16 0
8063.8988 8071.1564 -3.096779e-17 3.177710e-17 -6.556051e-02 16400 0
8068.7748 8076.0367 -3.826601e-17 2.530578e-17 -8.069618e-02 16384 0
8073.6508 8080.9171 -1.842584e-16 4.653403e-17 -3.870505e-01 16400 0
8078.5267 8085.7974 4.962041e-19 2.783055e-17 1.328923e-04 16 0
8083.4027 8090.6777 3.535204e-19 3.283030e-17 -1.445627e-04 16 0
8088.2786 8095.5580 -1.608130e-16 3.498114e-17 -3.339360e-01 16400 0
8093.1544 8100.4383 -4.670919e-17 2.520992e-17 -9.662460e-02 16384 0
8098.0303 8105.3185 -1.996345e-17 2.730851e-17 -4.113629e-02 16400 0
8102.9061 8110.1987 -2.698186e-17 2.680429e-17 -5.538169e-02 16400 0
8107.7819 8115.0789 -3.047736e-17 2.661543e-17 -6.231683e-02 16384 0
8112.6576 8119.9590 -9.115700e-17 4.092335e-17 -1.856769e-01 16400 0
8117.5334 8124.8392 -2.919990e-17 2.859256e-17 -5.925407e-02 16400 0
8122.4091 8129.7193 -3.108274e-17 2.904734e-17 -6.283955e-02 16400 0
8127.2848 8134.5994 -4.621689e-17 2.715824e-17 -9.309355e-02 16400 0
8132.1605 8139.4794 -1.026548e-17 2.757206e-17 -2.060232e-02 16400 0
8137.0361 8144.3594 -2.035261e-17 2.713686e-17 -4.070075e-02 16384 0
8141.9117 8149.2394 -4.751977e-17 3.151400e-17 -9.469315e-02 16400 0
8146.7873 8154.1194 3.054537e-18 2.799084e-17 4.987254e-03 0 0
8151.6629 8158.9994 -5.801904e-17 3.147033e-17 -1.148184e-01 16400 0
8156.5384 8163.8793 -1.518703e-17 2.802377e-17 -2.995355e-02 16400 0
8161.4139 8168.7592 -1.579204e-16 5.637278e-17 -3.104353e-01 16400 0
8166.2894 8173.6391 -5.718369e-18 2.920976e-17 -1.128705e-02 16 0
8171.1649 8178.5189 2.691664e-17 3.043427e-17 4.919409e-02 16 0
8176.0403 8183.3987 -5.959108e-18 2.725529e-17 -1.164705e-02 0 0
8180.9157 8188.2785 -5.151003e-18 2.792775e-17 -1.012737e-02 16 0
8185.7911 8193.1583 -6.377261e-17 2.827894e-17 -1.234055e-01 16400 0
8190.6664 8198.0380 -3.868320e-18 3.208024e-17 -7.722773e-03 16 0
8195.5418 8202.9177 6.936534e-18 2.713627e-17 1.194613e-02 0 0
8200.4171 8207.7974 -3.675193e-17 3.476693e-17 -7.049939e-02 16400 0
8205.2923 8212.6771 -1.124601e-16 4.325366e-17 -2.151234e-01 16400 0
8210.1676 8217.5567 -8.126774e-17 3.214467e-17 -1.550365e-01 16400 0
8215.0428 8222.4363 -3.496425e-17 3.208206e-17 -6.652309e-02 16400 0
8219.9180 8227.3159 -1.289688e-17 3.584245e-17 -2.447425e-02 16400 0
8224.7931 8232.1954 -9.027870e-17 4.735670e-17 -1.708790e-01 16400 0
8229.6683 8237.0750 -2.998648e-17 2.947508e-17 -5.661787e-02 16400 0
8234.5434 8241.9544 -7.302429e-17 3.736609e-17 -1.375368e-01 16400 0
8239.4184 8246.8339 -4.148169e-17 3.656923e-17 -7.794323e-02 16400 0
8244.2935 8251.7133 -2.057776e-17 2.982752e-17 -3.857329e-02 16400 0
8249.1685 8256.5928 -2.748655e-17 2.792554e-17 -5.140700e-02 16384 0
8254.0435 8261.4721 -9.615938e-17 4.258231e-17 -1.794337e-01 16400 0
8258.9185 8266.3515 -5.945968e-17 3.282531e-17 -1.107105e-01 16400 0
8263.7934 8271.2308 -1.552345e-17 2.854893e-17 -2.884092e-02 16384 0
8268.6683 8276.1101 -5.879465e-17 3.396686e-17 -1.090059e-01 16400 0
8273.5432 8280.9894 6.334142e-18 2.827890e-17 1.051792e-02 0 0
8278.4180 8285.8686 2.369042e-18 3.097074e-17 3.577709e-03 272 0
8283.2928 8290.7478 -2.838806e-17 3.367243e-17 -5.231124e-02 16400 0
8288.1676 8295.6270 -6.965573e-17 4.374443e-17 -1.281084e-01 16400 0
8293.0424 8300.5061 -4.410867e-17 3.529589e-17 -8.096830e-02 16400 0
8297.9171 8305.3852 -3.254928e-17 3.315275e-17 -5.963870e-02 16400 0
8302.7918 8310.2643 -1.151274e-17 3.325954e-17 -2.105570e-02 16400 0
8307.6665 8315.1434 -2.892722e-17 3.392742e-17 -5.281109e-02 16400 0
8312.5411 8320.0224 -3.374260e-17 2.883060e-17 -6.149442e-02 17408 0
8317.4157 8324.9014 -1.800574e-17 4.003937e-17 -3.275891e-02 17424 0
8322.2903 8329.7804 6.458883e-18 3.090725e-17 1.059667e-02 1040 0
8327.1649 8334.6593 -8.559923e-17 4.163696e-17 -1.552243e-01 17424 0
8332.0394 8339.5382 -2.128029e-17 2.851383e-17 -3.852812e-02 17424 0
8336.9139 8344.4171 1.866067e-16 3.490460e-17 3.254707e-01 1040 0
8341.7883 8349.2959 9.001646e-16 4.045175e-17 1.600635e+00 1024 0
8346.6628 8354.1748 8.806259e-17 3.604686e-17 1.515173e-01 1040 0
8351.5372 8359.0535 -1.176436e-16 3.911250e-17 -2.117299e-01 17424 0
8356.4115 8363.9323 -3.796348e-18 3.060184e-17 -6.878304e-03 1040 0
8361.2859 8368.8110 4.180373e-18 2.971079e-17 6.649101e-03 1040 0
8366.1602 8373.6897 -1.124450e-17 2.991073e-17 -2.015545e-02 17408 0
8371.0344 8378.5684 -6.601433e-18 3.034310e-17 -1.181795e-02 17408 0
8375.9087 8383.4470 -1.730984e-17 3.204233e-17 -3.094978e-02 17424 0
8380.7829 8388.3256 -2.669724e-17 2.968156e-17 -4.767800e-02 17408 0
8385.6571 8393.2042 1.397007e-16 3.201694e-17 2.395128e-01 1024 0
8390.5312 8398.0827 1.607217e-17 3.983712e-17 2.671812e-02 1040 0
8395.4053 8402.9612 -4.461052e-17 3.081302e-17 -7.940284e-02 17424 0
8400.2794 8407.8397 8.932127e-18 3.197284e-17 1.462997e-02 1040 0
8405.1535 8412.7181 -3.053819e-17 4.035581e-17 -5.424519e-02 17424 0
8410.0275 8417.5965 -3.677372e-18 3.189453e-17 -6.526000e-03 17424 0
8414.9015 8422.4749 -9.338745e-17 3.721401e-17 -1.655744e-01 17424 0
8419.7755 8427.3533 8.438155e-18 3.419654e-17 1.376977e-02 1040 0
8424.6494 8432.2316 -3.789345e-17 3.206997e-17 -6.706885e-02 17424 0
8429.5233 8437.1098 -6.185618e-17 4.956150e-17 -1.093940e-01 17424 0
8434.3971 8441.9881 1.923944e-15 5.272736e-17 3.371076e+00 1040 0
8439.2710 8446.8663 1.744584e-15 6.401071e-17 3.052638e+00 1040 0
8444.1447 8451.7445 1.590018e-17 3.080464e-17 2.623306e-02 1040 0
8449.0185 8456.6226 -1.528016e-17 3.106573e-17 -2.694383e-02 17424 0
8453.8922 8461.5007 -9.903970e-17 3.580319e-17 -1.745239e-01 17424 0
8458.7659 8466.3788 -7.720608e-17 4.183438e-17 -1.359685e-01 17424 0
8463.6396 8471.2569 6.937523e-16 3.895672e-17 1.200145e+00 1024 0
8468.5132 8476.1349 2.676988e-16 3.356660e-17 4.571368e-01 1040 0
8473.3868 8481.0129 -1.128864e-17 3.243082e-17 -1.984451e-02 17424 0
8478.2604 8485.8908 5.615577e-17 3.055453e-17 9.379063e-02 1024 0
8483.1339 8490.7687 5.125440e-16 5.426440e-17 8.815430e-01 1040 0
8488.0074 8495.6466 3.209543e-17 3.068276e-17 5.322164e-02 1024 0
8492.8809 8500.5244 -9.559459e-17 4.952351e-17 -1.676970e-01 17424 0
8497.7543 8505.4023 1.172187e-17 3.080030e-17 1.917932e-02 1024 0
8502.6277 8510.2800 1.698939e-17 3.009719e-17 2.794313e-02 1024 0
8507.5010 8515.1578 -2.817869e-17 3.500528e-17 -4.938009e-02 17424 0
8512.3743 8520.0355 -5.675984e-17 4.779419e-17 -9.943014e-02 17424 0
8517.2476 8524.9132 -2.864811e-17 3.118557e-17 -5.016750e-02 17424 0
8522.1209 8529.7908 -4.806731e-17 4.190233e-17 -8.414564e-02 17424 0
8526.9941 8534.6684 -4.082268e-17 3.966810e-17 -7.143989e-02 17424 0
8531.8673 8539.5460 1.695144e-17 3.255761e-17 2.785423e-02 1040 0
8536.7404 8544.4235 1.746714e-17 3.046069e-17 2.870498e-02 1024 0
8541.6136 8549.3010 9.981888e-17 3.220566e-17 1.671545e-01 1024 0
8546.4866 8554.1785 2.040130e-15 5.706922e-17 3.536560e+00 1040 0
8551.3597 8559.0559 1.653654e-17 4.030872e-17 2.714141e-02 1040 0
8556.2327 8563.9333 9.452723e-16 4.766604e-17 1.627700e+00 1040 0
8561.1056 8568.8106 5.420921e-16 3.781281e-17 9.274536e-01 1040 0
8565.9786 8573.6880 1.326422e-15 5.015204e-17 2.288377e+00 1040 0
8570.8515 8578.5653 2.021619e-15 5.100330e-17 3.495889e+00 1024 0
8575.7243 8583.4425 2.022612e-15 5.288721e-17 3.495596e+00 1040 0
8580.5972 8588.3197 1.687802e-16 4.706719e-17 2.835951e-01 1040 0
8585.4700 8593.1969 -3.788753e-17 3.222306e-17 -6.592131e-02 17424 0
8590.3427 8598.0740 3.022949e-18 3.048110e-17 4.807077e-03 1024 0
8595.2154 8602.9511 -2.226661e-17 3.977543e-17 -3.869078e-02 17424 0
8600.0881 8607.8282 -2.286509e-17 3.122632e-17 -3.970175e-02 17424 0
8604.9608 8612.7052 4.572116e-17 3.313278e-17 7.537186e-02 1040 0
8609.8334 8617.5822 -1.158964e-17 3.598069e-17 -2.009223e-02 16400 0
8614.7060 8622.4592 -1.712174e-17 3.074200e-17 -2.965877e-02 16384 0
8619.5785 8627.3361 7.743111e-17 3.185546e-17 1.280691e-01 0 0
8624.4510 8632.2130 -1.837331e-16 6.072326e-17 -3.177265e-01 16400 0
8629.3235 8637.0898 -1.252375e-17 2.953185e-17 -2.163786e-02 16384 0
8634.1959 8641.9667 2.293283e-18 3.210328e-17 3.628948e-03 16 0
8639.0683 8646.8434 -1.006611e-17 3.105064e-17 -1.735963e-02 16384 0
8643.9406 8651.7202 -4.300396e-17 3.231561e-17 -7.409225e-02 16400 0
8648.8129 8656.5969 -1.293526e-17 2.978111e-17 -2.226479e-02 16384 0
8653.6852 8661.4735 8.896095e-19 3.166569e-17 1.357974e-03 16 0
8658.5574 8666.3501 -9.261700e-18 2.942869e-17 -1.591019e-02 16384 0
8663.4296 8671.2267 -4.269894e-17 4.055193e-17 -7.327680e-02 16400 0
8668.3018 8676.1033 -2.898524e-17 2.971753e-17 -4.969230e-02 16384 0
8673.1739 8680.9798 -3.524817e-17 3.960196e-17 -6.036848e-02 16400 0
8678.0460 8685.8562 -1.213500e-17 3.048032e-17 -2.076227e-02 16384 0
8682.9180 8690.7327 -4.487342e-17 3.364048e-17 -7.669827e-02 16400 0
8687.7901 8695.6091 2.191698e-17 3.144696e-17 3.539967e-02 0 0
8692.6620 8700.4854 1.394375e-17 3.128633e-17 2.244469e-02 0 0
8697.5340 8705.3617 1.724326e-16 3.674425e-17 2.838005e-01 16 0
8702.4058 8710.2380 5.936469e-16 3.871447e-17 9.922429e-01 16 0
8707.2777 8715.1142 -6.936581e-17 4.009628e-17 -1.179776e-01 16400 0
8712.1495 8719.9904 2.139428e-17 3.222716e-17 3.440333e-02 16 0
8717.0213 8724.8666 -2.949183e-17 3.061446e-17 -5.006758e-02 16384 0
8721.8930 8729.7427 1.197436e-17 3.458725e-17 1.917592e-02 16 0
8726.7647 8734.6188 -8.740665e-17 4.278805e-17 -1.481262e-01 16400 0
8731.6364 8739.4948 -3.373190e-17 3.204816e-17 -5.711656e-02 16384 0
8736.5080 8744.3708 -7.062603e-17 3.191502e-17 -1.194906e-01 16400 0
8741.3796 8749.2468 -2.398759e-17 3.164489e-17 -4.055222e-02 16384 0
8746.2511 8754.1227 7.320854e-18 3.643392e-17 1.167675e-02 16 0
8751.1226 8758.9986 -6.464828e-17 4.114172e-17 -1.091293e-01 16400 0
8755.9940 8763.8744 -3.394692e-17 3.120639e-17 -5.726446e-02 16384 0
8760.8655 8768.7502 -5.996958e-17 3.020571e-17 -1.010947e-01 16384 0
8765.7368 8773.6260 4.660857e-17 3.097086e-17 7.474843e-02 0 0
8770.6082 8778.5017 5.716476e-16 5.340152e-17 9.446293e-01 16 0
8775.4795 8783.3774 1.504008e-17 3.022933e-17 2.395972e-02 0 0
8780.3507 8788.2530 -6.449667e-17 3.071768e-17 -1.084750e-01 16384 0
8785.2219 8793.1286 -7.449190e-17 3.604970e-17 -1.252231e-01 16400 0
8790.0931 8798.0042 -4.907076e-17 3.452266e-17 -8.245004e-02 16400 0
8794.9642 8802.8797 -5.727179e-18 3.044465e-17 -9.618225e-03 16384 0
8799.8353 8807.7552 -1.771167e-17 3.761456e-17 -2.973023e-02 16400 0
8804.7064 8812.6306 1.769652e-17 4.909608e-17 2.814155e-02 16 0
8809.5774 8817.5060 4.668872e-18 3.286633e-17 7.439626e-03 1040 0
8814.4484 8822.3814 1.961314e-17 3.124600e-17 3.117692e-02 1024 0
8819.3193 8827.2567 3.213800e-17 3.310396e-17 5.116728e-02 1024 0
8824.1902 8832.1319 -4.370716e-17 3.046995e-17 -7.320694e-02 17408 0
8829.0610 8837.0072 -2.937184e-18 4.223765e-17 -4.917710e-03 17424 0
8833.9318 8841.8823 2.004879e-17 3.274103e-17 3.183385e-02 1040 0
8838.8026 8846.7575 -3.203602e-18 4.756618e-17 -5.359744e-03 17424 0
8843.6733 8851.6326 -4.465068e-17 3.471377e-17 -7.467419e-02 17424 0
8848.5439 8856.5076 -5.677254e-17 3.937547e-17 -9.491105e-02 17424 0
8853.4146 8861.3827 -2.663911e-17 3.666047e-17 -4.451771e-02 17424 0
8858.2852 8866.2576 -7.365764e-18 3.324492e-17 -1.230453e-02 17424 0
8863.1557 8871.1326 -9.207017e-17 4.594119e-17 -1.537422e-01 17424 0
8868.0262 8876.0074 -1.248663e-16 3.966660e-17 -2.084205e-01 17424 0
8872.8967 8880.8823 -5.085851e-17 3.473264e-17 -8.485416e-02 17424 0
8877.7671 8885.7571 -9.908440e-17 3.796283e-17 -1.652430e-01 17424 0
8882.6375 8890.6318 -1.504309e-17 4.157019e-17 -2.507565e-02 17424 0
8887.5078 8895.5066 -2.530202e-18 3.131346e-17 -4.215599e-03 17408 0
8892.3781 8900.3812 8.735798e-16 4.165171e-17 1.434416e+00 1024 0
8897.2483 8905.2559 5.529795e-17 3.626008e-17 8.782176e-02 1040 0
8902.1185 8910.1304 4.076428e-17 3.853923e-17 6.456457e-02 1040 0
8906.9887 8915.0050 -1.304291e-16 5.251964e-17 -2.167973e-01 17424 0
8911.8588 8919.8795 -4.526078e-17 3.110170e-17 -7.518106e-02 17408 0
8916.7289 8924.7539 -2.892052e-17 3.481332e-17 -4.800496e-02 17424 0
8921.5989 8929.6283 4.554392e-18 3.271065e-17 7.250054e-03 1040 0
8926.4689 8934.5027 1.144038e-17 3.108135e-17 1.803792e-02 1024 0
8931.3388 8939.3770 1.941216e-17 3.544945e-17 3.055187e-02 1040 0
8936.2087 8944.2513 -8.250167e-17 4.302608e-17 -1.365093e-01 17424 0
8941.0786 8949.1255 -9.380401e-17 7.043284e-17 -1.550734e-01 16400 0
8945.9484 8953.9997 -3.311413e-18 3.093638e-17 -5.469306e-03 16384 0
8950.8181 8958.8739 -9.017035e-18 3.155267e-17 -1.487889e-02 16400 0
8955.6878 8963.7480 2.492215e-17 3.168953e-17 3.906685e-02 0 0
8960.5575 8968.6220 8.923498e-18 3.157957e-17 1.401598e-02 0 0
8965.4271 8973.4960 -4.392762e-19 3.823963e-17 -7.226483e-04 16400 0
8970.2967 8978.3700 7.223550e-17 3.356140e-17 1.135844e-01 16 0
8975.1663 8983.2439 4.012907e-17 3.597591e-17 6.275698e-02 16 0
8980.0357 8988.1178 -7.132426e-17 3.630019e-17 -1.169510e-01 16400 0
8984.9052 8992.9916 -7.782293e-17 3.033110e-17 -1.274640e-01 16384 0
8989.7746 8997.8654 -5.359606e-17 3.711271e-17 -8.768353e-02 16400 0
8994.6439 9002.7391 -4.148026e-17 3.601560e-17 -6.778361e-02 16400 0
8999.5133 9007.6128 1.050766e-17 3.251896e-17 1.635469e-02 0 0
9004.3825 9012.4865 -6.697841e-18 3.525704e-17 -1.091942e-02 16400 0
9009.2517 9017.3601 9.228483e-18 3.295823e-17 1.434857e-02 16 0
9014.1209 9022.2336 -2.307539e-17 3.284455e-17 -3.753064e-02 16400 0
9018.9900 9027.1071 3.309855e-18 3.287427e-17 5.236188e-03 0 0
9023.8591 9031.9806 2.000559e-15 5.542564e-17 3.221197e+00 16 0
9028.7281 9036.8540 1.828166e-15 6.412798e-17 2.938586e+00 16 0
9033.5971 9041.7274 2.065371e-16 3.467951e-17 3.240041e-01 0 0
9038.4661 9046.6007 1.753692e-17 3.216959e-17 2.699103e-02 0 0
9043.3350 9051.4740 2.180294e-16 3.518434e-17 3.415009e-01 0 0
9048.2038 9056.3472 5.053141e-17 3.253290e-17 7.780036e-02 0 0
9053.0726 9061.2204 -2.034032e-17 3.262570e-17 -3.277678e-02 16384 0
9057.9413 9066.0935 -3.145316e-17 3.419749e-17 -5.062873e-02 16400 0
9062.8100 9070.9666 5.771833e-18 3.402125e-17 8.931119e-03 16 0
9067.6787 9075.8396 -3.221319e-17 3.215907e-17 -5.174130e-02 16384 0
9072.5473 9080.7126 -1.552415e-16 5.391169e-17 -2.490912e-01 16400 0
9077.4159 9085.5856 -1.634689e-17 4.940432e-17 -2.620291e-02 16400 0
9082.2844 9090.4584 5.057044e-17 4.133722e-17 7.729831e-02 16 0
9087.1529 9095.3313 7.470389e-18 3.370507e-17 1.145821e-02 16 0
9092.0213 9100.2041 -5.943449e-17 3.136607e-17 -9.499221e-02 16384 0
9096.8896 9105.0768 -2.595996e-17 3.413721e-17 -4.145297e-02 16400 0
9101.7580 9109.9495 5.135026e-17 3.662404e-17 7.821151e-02 8464 0
9106.6262 9114.8222 3.547934e-17 3.336243e-17 5.388633e-02 0 0
9111.4945 9119.6948 -2.625777e-17 3.636862e-17 -4.181745e-02 16400 0
9116.3626 9124.5674 -1.540979e-17 3.344895e-17 -2.452081e-02 16384 0
9121.2308 9129.4399 -6.059556e-17 4.032700e-17 -9.634198e-02 16400 0
9126.0989 9134.3123 -4.216314e-17 3.876013e-17 -6.698188e-02 16400 0
9130.9669 9139.1848 -4.727213e-17 3.556495e-17 -7.503751e-02 16400 0
9135.8349 9144.0571 -3.773571e-17 3.871324e-17 -5.985271e-02 16400 0
9140.7028 9148.9294 -1.303783e-16 5.092440e-17 -2.066281e-01 16400 0
9145.5707 9153.8017 2.012218e-17 3.324154e-17 3.034479e-02 0 0
9150.4385 9158.6739 -5.527118e-17 4.633507e-17 -8.745444e-02 16400 0
9155.3063 9163.5461 9.150638e-18 3.813909e-17 1.384187e-02 16 0
9160.1740 9168.4182 -3.242156e-17 3.626002e-17 -5.121750e-02 16400 0
9165.0417 9173.2903 1.980825e-17 3.652549e-17 2.977620e-02 16 0
9169.9094 9178.1623 1.103769e-17 3.442745e-17 1.662436e-02 0 0
9174.7770 9183.0343 -3.734558e-17 3.712922e-17 -5.884561e-02 16400 0
9179.6445 9187.9062 2.040700e-17 3.516362e-17 3.059457e-02 16 0
9184.5120 9192.7780 2.669163e-18 3.335497e-17 4.141770e-03 0 0
9189.3794 9197.6499 -2.375180e-16 6.467611e-17 -3.732053e-01 16400 0
9194.2468 9202.5216 -1.206714e-17 3.346365e-17 -1.894133e-02 16384 0
9199.1141 9207.3933 -4.216630e-18 3.520986e-17 -6.611663e-03 16400 0
9203.9814 9212.2650 -1.494700e-17 3.232982e-17 -2.341013e-02 16384 0
9208.8487 9217.1366 -5.667225e-17 4.515149e-17 -8.865491e-02 16400 0
9213.7159 9222.0082 -7.479684e-17 4.506045e-17 -1.168632e-01 16400 0
9218.5830 9226.8797 3.312802e-17 3.334104e-17 4.925948e-02 0 0
9223.4501 9231.7512 -1.558051e-17 3.395490e-17 -2.427977e-02 16384 0
9228.3171 9236.6226 -1.685734e-16 5.836202e-17 -2.623208e-01 16400 0
9233.1841 9241.4940 -5.513701e-18 3.325742e-17 -8.566937e-03 16384 0
9238.0510 9246.3653 -4.537579e-17 3.901958e-17 -7.039306e-02 16400 0
9242.9179 9251.2365 -8.872601e-18 4.353362e-17 -1.374120e-02 16400 0
9247.7847 9256.1077 -1.163092e-18 3.892011e-17 -1.798172e-03 16400 0
9252.6515 9260.9789 -1.245118e-16 5.994905e-17 -1.921481e-01 16400 0
9257.5182 9265.8500 -7.526696e-17 4.274130e-17 -1.159413e-01 16400 0
9262.3849 9270.7210 -6.488150e-17 5.190318e-17 -9.974433e-02 16400 0
9267.2515 9275.5920 2.362830e-17 3.480597e-17 3.451254e-02 0 0
9272.1181 9280.4630 -3.638466e-17 3.637071e-17 -5.569943e-02 16400 0
9276.9846 9285.3339 1.595318e-17 3.426569e-17 2.320894e-02 16 0
9281.8511 9290.2047 -1.563935e-16 5.486134e-17 -2.383443e-01 16400 0
9286.7175 9295.0755 2.456693e-18 3.636923e-17 3.679490e-03 16 0
9291.5838 9299.9463 -2.792855e-17 4.019267e-17 -4.235573e-02 16400 0
9296.4502 9304.8170 1.098404e-17 3.540153e-17 1.584758e-02 0 0
9301.3164 9309.6876 -1.538003e-17 4.408434e-17 -2.320020e-02 16400 0
9306.1826 9314.5582 1.302334e-18 3.632282e-17 1.958998e-03 16400 0
9311.0488 9319.4287 -6.318223e-17 4.274734e-17 -9.476406e-02 16400 0
9315.9149 9324.2992 -3.994073e-17 3.825746e-17 -5.972751e-02 16400 0
9320.7809 9329.1696 -1.187193e-16 7.012353e-17 -1.769955e-01 16400 0
9325.6469 9334.0400 -3.787931e-17 4.047866e-17 -5.630011e-02 16400 0
9330.5128 9338.9103 1.421826e-17 4.044404e-17 2.005442e-02 16 0
9335.3787 9343.7805 3.591870e-17 3.649548e-17 5.054667e-02 0 0
9340.2445 9348.6508 1.408023e-15 5.095803e-17 2.052804e+00 0 0
9345.1103 9353.5209 7.903700e-17 4.191143e-17 1.111661e-01 16 0
9349.9760 9358.3910 -2.487827e-17 5.383322e-17 -3.637625e-02 16400 0
9354.8417 9363.2611 -3.293266e-17 4.194090e-17 -4.798778e-02 16400 0
9359.7073 9368.1311 -3.635993e-17 3.689465e-17 -5.279799e-02 16400 0
9364.5729 9373.0010 -4.939213e-17 3.551492e-17 -7.146877e-02 16384 0
9369.4384 9377.8709 -5.272800e-16 9.778619e-17 -7.602392e-01 16400 0
9374.3038 9382.7407 -7.223500e-17 4.255492e-17 -1.037722e-01 16400 0
9379.1692 9387.6105 -9.987148e-18 3.678802e-17 -1.429566e-02 16384 0
9384.0346 9392.4802 -7.336474e-18 3.561986e-17 -1.046297e-02 16384 0
9388.8999 9397.3499 4.483609e-17 3.919836e-17 6.076351e-02 16 0
9393.7651 9402.2195 -2.258120e-17 4.095464e-17 -3.196639e-02 16400 0
9398.6303 9407.0890 1.647837e-17 3.784845e-17 2.208357e-02 0 0
9403.4954 9411.9585 7.998524e-17 4.944338e-17 1.077263e-01 16 0
9408.3605 9416.8280 4.065617e-16 6.615989e-17 5.568058e-01 16 0
9413.2255 9421.6974 2.873485e-18 4.065782e-17 3.861509e-03 16 0
9418.0904 9426.5667 4.951698e-16 4.416889e-17 6.745670e-01 8192 0
9422.9553 9431.4360 -1.039833e-16 4.808777e-17 -1.438750e-01 16400 0
9427.8202 9436.3052 -2.684148e-17 4.163439e-17 -3.699588e-02 16400 0
9432.6850 9441.1744 -2.612228e-17 3.761767e-17 -3.586435e-02 16384 0
9437.5497 9446.0435 -5.247860e-18 3.753929e-17 -7.176975e-03 16384 0
9442.4144 9450.9126 -2.953350e-17 4.050022e-17 -4.022948e-02 16400 0
9447.2790 9455.7816 -5.622393e-17 3.921446e-17 -7.628430e-02 16400 0
9452.1436 9460.6505 -3.313763e-17 4.047311e-17 -4.478195e-02 16400 0
9457.0081 9465.5194 -3.634848e-16 8.216712e-17 -4.892538e-01 16400 0
9461.8725 9470.3882 -1.392032e-16 5.407887e-17 -1.866098e-01 16400 0
9466.7369 9475.2570 1.180559e-17 4.015199e-17 1.493529e-02 0 0
9471.6013 9480.1257 -1.639149e-16 6.353754e-17 -2.179418e-01 16400 0
9476.4656 9484.9944 -3.565042e-17 3.880810e-17 -4.720464e-02 16384 0
9481.3298 9489.8630 4.007602e-18 4.230488e-17 5.007107e-03 16 0
9486.1940 9494.7315 2.670744e-17 4.677240e-17 3.328947e-02 16 0
9491.0581 9499.6000 -1.740787e-17 4.165018e-17 -2.275868e-02 16400 0
9495.9221 9504.4685 -4.050076e-17 3.959307e-17 -5.271959e-02 16400 0
9500.7861 9509.3369 -1.269753e-16 6.430092e-17 -1.645492e-01 16400 0
9505.6501 9514.2052 -3.005470e-17 4.323704e-17 -3.877388e-02 16400 0
9510.5140 9519.0734 1.883392e-17 4.118315e-17 2.290107e-02 0 0
9515.3778 9523.9416 -4.823656e-17 4.792061e-17 -6.166393e-02 16400 0
9520.2416 9528.8098 -2.628357e-17 4.671875e-17 -3.344246e-02 16400 0
9525.1053 9533.6779 -9.411954e-17 5.471008e-17 -1.191842e-01 16400 0
9529.9689 9538.5459 9.593862e-16 5.504284e-17 1.193403e+00 0 0
9534.8325 9543.4139 4.330816e-16 1.207167e-16 5.315681e-01 16 0
9539.6961 9548.2818 1.309312e-15 6.352159e-17 1.616602e+00 16 0
9544.5595 9553.1497 3.444938e-16 4.743893e-17 4.173431e-01 0 0
9549.4230 9558.0175 1.543912e-14 1.468497e-16 1.903558e+01 16 0
9554.2863 9562.8852 1.859378e-14 1.614364e-16 2.280686e+01 16 0
9559.1496 9567.7529 1.752430e-14 1.653820e-16 2.137637e+01 16 0
9564.0129 9572.6205 9.175440e-15 1.156454e-16 1.111906e+01 16 0
9568.8761 9577.4881 3.270215e-15 7.772031e-17 3.928805e+00 0 0
9573.7392 9582.3556 1.375072e-16 4.950186e-17 1.591414e-01 16 0
9578.6023 9587.2230 -1.494338e-16 7.882131e-17 -1.783887e-01 16400 0
9583.4653 9592.0904 -8.104737e-17 7.753331e-17 -9.616648e-02 16400 0
9588.3282 9596.9577 -5.187233e-17 4.437953e-17 -6.117387e-02 16384 0
9593.1911 9601.8250 2.049670e-16 5.162409e-17 2.327004e-01 16 0
9598.0540 9606.6922 4.181182e-16 5.093620e-17 4.761097e-01 0 0
9602.9167 9611.5594 -2.457004e-17 4.940020e-17 -2.842305e-02 16400 0
9607.7794 9616.4264 -1.495376e-16 5.167181e-17 -1.718425e-01 16400 0
9612.6421 9621.2935 -1.077626e-16 6.066423e-17 -1.229949e-01 16400 0
9617.5047 9626.1604 2.260937e-17 4.857216e-17 2.415952e-02 0 0
9622.3672 9631.0273 9.614522e-18 5.072224e-17 1.007722e-02 16 0
9627.2297 9635.8942 -1.902641e-17 4.605326e-17 -2.126265e-02 16384 0
9632.0921 9640.7610 -3.784559e-17 4.685993e-17 -4.198695e-02 16384 0
9636.9545 9645.6277 -6.737976e-17 4.711207e-17 -7.420006e-02 16384 0
9641.8167 9650.4944 -6.660624e-17 5.027973e-17 -7.279782e-02 16400 0
9646.6790 9655.3610 -4.434683e-17 5.517086e-17 -4.810139e-02 16400 0
9651.5412 9660.2275 -9.256651e-18 5.629747e-17 -9.963057e-03 16400 0
9656.4033 9665.0940 -1.384565e-16 7.174243e-17 -1.478618e-01 16400 0
9661.2653 9669.9604 -3.954686e-17 4.990715e-17 -4.190088e-02 16384 0
9666.1273 9674.8268 -2.452395e-17 5.344807e-17 -2.577723e-02 16400 0
9670.9892 9679.6931 -1.154870e-16 7.776786e-17 -1.204119e-01 16400 0
9675.8511 9684.5594 -5.045607e-17 5.040276e-17 -5.217857e-02 16384 0
9680.7129 9689.4255 -2.356524e-17 6.022141e-17 -2.416957e-02 16400 0
9685.5746 9694.2917 -1.162864e-17 5.375029e-17 -1.182806e-02 16384 0
9690.4363 9699.1577 -1.192886e-16 5.850428e-17 -1.203188e-01 16400 0
9695.2979 9704.0237 -6.865621e-16 1.619144e-16 -6.867132e-01 16400 0
9700.1595 9708.8896 7.827191e-17 5.400467e-17 7.405976e-02 0 0
9705.0210 9713.7555 3.081900e-17 5.460346e-17 2.851905e-02 0 0
9709.8824 9718.6213 -3.221294e-18 5.586721e-17 -3.260027e-03 16 0
9714.7438 9723.4871 -2.499146e-17 5.290462e-17 -2.416471e-02 16384 0
9719.6051 9728.3528 -6.185903e-17 6.016667e-17 -5.930118e-02 16400 0
9724.4664 9733.2184 1.983757e-17 5.507518e-17 1.755518e-02 0 0
9729.3275 9738.0839 2.095436e-17 5.676729e-17 1.839508e-02 16 0
9734.1887 9742.9494 -1.720600e-16 7.074995e-17 -1.607139e-01 16400 0
9739.0497 9747.8149 -3.591484e-17 5.631503e-17 -3.325619e-02 16384 0
9743.9107 9752.6802 -3.870659e-17 6.769514e-17 -3.552886e-02 16400 0
9748.7717 9757.5456 -2.498726e-17 7.031132e-17 -2.273538e-02 16400 0
9753.6325 9762.4108 1.014014e-16 6.223426e-17 8.740947e-02 16 0
9758.4933 9767.2760 -9.605827e-17 6.352918e-17 -8.587055e-02 16400 0
9763.3541 9772.1411 5.284727e-17 6.083032e-17 4.427776e-02 16 0
9768.2148 9777.0062 -9.833149e-17 7.451835e-17 -8.636182e-02 16400 0
9773.0754 9781.8711 -5.687644e-17 6.010011e-17 -4.951243e-02 16384 0
9777.9359 9786.7361 -2.196239e-16 7.767246e-17 -1.894948e-01 16400 0
9782.7964 9791.6009 -5.522406e-16 1.251353e-16 -4.722503e-01 16400 0
9787.6569 9796.4657 -9.409627e-17 8.159314e-17 -7.975352e-02 16400 0
9792.5172 9801.3305 -5.831379e-17 8.877125e-17 -4.898709e-02 16400 0
9797.3775 9806.1952 -8.049792e-17 7.175522e-17 -6.702069e-02 16400 0
9802.2378 9811.0598 -8.252799e-17 9.671805e-17 -6.809533e-02 16400 0
9807.0979 9815.9243 -2.631795e-16 7.719923e-17 -2.152027e-01 16400 0
9811.9580 9820.7888 -2.127181e-16 9.211749e-17 -1.723728e-01 16400 0
9816.8181 9825.6532 -1.043303e-16 8.324421e-17 -8.377881e-02 16400 0
9821.6781 9830.5176 -7.957775e-17 7.959542e-17 -6.332686e-02 16400 0
9826.5380 9835.3818 -1.656078e-16 7.634432e-17 -1.305965e-01 16400 0
9831.3978 9840.2461 -2.324257e-17 6.853438e-17 -1.816215e-02 16384 0
9836.2576 9845.1102 5.178884e-17 7.296622e-17 3.770381e-02 16 0
9841.1173 9849.9743 -3.252525e-16 1.039650e-16 -2.495109e-01 16400 0
9845.9770 9854.8383 -2.467252e-17 7.658800e-17 -1.875209e-02 16384 0
9850.8366 9859.7023 6.155831e-16 1.145170e-16 4.536413e-01 16 0
9855.6961 9864.5662 1.599985e-15 1.055823e-16 1.179546e+00 16 0
9860.5555 9869.4300 -1.085857e-16 8.372668e-17 -8.023366e-02 16400 0
9865.4149 9874.2938 6.420263e-17 8.555937e-17 4.428861e-02 16 0
9870.2743 9879.1575 -1.186942e-17 7.682878e-17 -8.753021e-03 16 0
9875.1335 9884.0211 -1.611601e-16 9.038528e-17 -1.157068e-01 16400 0
9879.9927 9888.8847 -1.380219e-15 2.719049e-16 -9.812945e-01 16400 0
9884.8518 9893.7482 -5.727509e-18 7.829633e-17 -4.477367e-03 0 0
9889.7109 9898.6116 -1.895207e-17 7.926856e-17 -1.321039e-02 16400 0
9894.5699 9903.4750 -2.896238e-16 1.005499e-16 -1.998694e-01 16400 0
9899.4288 9908.3383 2.413280e-17 8.333612e-17 1.496385e-02 0 0
9904.2877 9913.2016 -9.403263e-17 1.089287e-16 -6.358601e-02 16400 0
9909.1465 9918.0647 -7.703922e-17 8.474281e-17 -5.155825e-02 16400 0
9914.0052 9922.9278 -1.214945e-16 8.623506e-17 -8.046766e-02 16400 0
9918.8639 9927.7909 -4.981653e-17 8.252144e-17 -3.264927e-02 16384 0
9923.7225 9932.6538 3.901998e-17 8.371046e-17 2.334213e-02 0 0
9928.5810 9937.5167 -1.082167e-16 9.432102e-17 -6.942305e-02 16400 0
9933.4395 9942.3796 -9.901458e-17 8.268326e-17 -6.283186e-02 16384 0
9938.2979 9947.2423 -1.126559e-16 9.806559e-17 -7.070392e-02 16400 0
9943.1562 9952.1050 -9.699487e-17 8.567051e-17 -6.020331e-02 16384 0
9948.0145 9956.9677 -1.481785e-16 8.531788e-17 -9.094924e-02 16384 0
9952.8727 9961.8302 -7.948955e-17 9.841711e-17 -4.823931e-02 16400 0
9957.7308 9966.6927 -2.092123e-16 1.118175e-16 -1.255125e-01 16400 0
9962.5888 9971.5552 -1.509637e-16 9.632270e-17 -8.952295e-02 16400 0
9967.4468 9976.4175 -9.102670e-17 9.304633e-17 -5.335143e-02 16384 0
9972.3048 9981.2798 9.069374e-17 9.189306e-17 4.945376e-02 0 0
9977.1626 9986.1421 -3.754577e-16 1.019427e-16 -2.148940e-01 16400 0
9982.0204 9991.0042 -1.633322e-16 9.871143e-17 -9.236552e-02 16400 0
9986.8781 9995.8663 1.369726e-16 9.637868e-17 7.267641e-02 0 0
9991.7358 10000.7283 -2.780161e-16 1.488110e-16 -1.534304e-01 16400 0
9996.5934 10005.5903 -6.554993e-17 1.081887e-16 -3.573079e-02 16400 0
10001.4509 10010.4522 -1.070944e-16 1.018097e-16 -5.764936e-02 16384 0
10006.3083 10015.3140 -2.452241e-16 1.275486e-16 -1.303438e-01 16400 0
10011.1657 10020.1757 -5.029371e-17 1.167190e-16 -2.639296e-02 16400 0
10016.0230 10025.0374 9.541722e-17 1.048390e-16 4.637469e-02 0 0
10020.8802 10029.8990 -5.737972e-16 1.908261e-16 -2.934002e-01 16400 0
10025.7374 10034.7606 1.844011e-17 1.287173e-16 7.793626e-03 16 0
10030.5945 10039.6220 -1.193157e-16 1.193890e-16 -5.940460e-02 16400 0
10035.4515 10044.4834 -1.795597e-16 1.240542e-16 -8.819275e-02 16400 0
10040.3085 10049.3448 -1.446517e-16 1.079472e-16 -7.007907e-02 16384 0
10045.1654 10054.2060 1.029198e-16 1.153863e-16 4.606492e-02 0 0
10050.0222 10059.0672 -8.759217e-17 1.120237e-16 -4.126231e-02 16384 0
10054.8789 10063.9283 -2.944510e-16 1.416207e-16 -1.367271e-01 16400 0
10059.7356 10068.7894 -1.426917e-18 1.239607e-16 -1.778428e-03 16 0
10064.5922 10073.6504 -5.380729e-16 1.459893e-16 -2.426472e-01 16400 0
10069.4488 10078.5113 -1.631369e-16 1.202872e-16 -7.247594e-02 16384 0
10074.3053 10083.3721 -5.333383e-16 1.703590e-16 -2.333596e-01 16400 0
10079.1617 10088.2329 -6.623919e-17 1.264879e-16 -2.853860e-02 16384 0
10084.0180 10093.0936 -3.326092e-17 1.284800e-16 -1.456121e-02 0 0
10088.8742 10097.9542 -8.887321e-17 1.319305e-16 -3.709660e-02 16400 0
10093.7304 10102.8148 -5.225166e-16 2.270418e-16 -2.145889e-01 16400 0
10098.5865 10107.6753 -6.725432e-16 2.355116e-16 -2.716811e-01 16400 0
10103.4426 10112.5357 -1.012907e-16 1.492349e-16 -4.023509e-02 16400 0
10108.2986 10117.3960 -1.598163e-16 1.507012e-16 -6.240652e-02 16400 0
10113.1545 10122.2563 -1.473208e-15 4.252403e-16 -5.653352e-01 16400 0
10118.0103 10127.1165 -4.002514e-16 1.943652e-16 -1.508948e-01 16400 0
10122.8661 10131.9767 -4.512433e-16 2.020433e-16 -1.670716e-01 16400 0
10127.7218 10136.8367 -3.784626e-16 1.676544e-16 -1.375726e-01 16400 0
10132.5774 10141.6967 -5.404514e-16 1.548940e-16 -1.928106e-01 16400 0
10137.4329 10146.5566 3.958665e-17 1.824662e-16 1.181420e-02 16 0
10142.2884 10151.4165 3.941307e-17 1.681872e-16 1.148531e-02 16 0
10147.1438 10156.2762 -6.456978e-17 1.599352e-16 -2.197152e-02 0 0
10151.9991 10161.1359 -6.885011e-16 1.885917e-16 -2.270363e-01 16400 0
10156.8544 10165.9956 2.222933e-16 1.757157e-16 6.778578e-02 0 0
10161.7096 10170.8551 -2.290311e-16 2.267088e-16 -7.243308e-02 16400 0
10166.5647 10175.7146 -5.289610e-17 1.947701e-16 -1.698901e-02 16 0
10171.4197 10180.5740 6.283038e-17 1.897827e-16 1.666893e-02 0 0
10176.2747 10185.4334 -1.790304e-16 1.830856e-16 -5.300123e-02 16384 0
10181.1296 10190.2926 -7.575240e-16 2.604853e-16 -2.191741e-01 16400 0
10185.9844 10195.1518 -4.511560e-16 2.669043e-16 -1.275208e-01 16400 0
10190.8392 10200.0110 2.097905e-16 1.987285e-16 5.756248e-02 0 0
10195.6939 10204.8700 -5.637080e-17 2.082213e-16 -1.518346e-02 16384 0
10200.5485 10209.7290 5.785185e-17 2.683155e-16 1.467402e-02 16 0
10205.4030 10214.5879 2.733201e-16 2.535759e-16 6.638256e-02 16 0
10210.2575 10219.4467 -2.509572e-16 2.939284e-16 -6.264365e-02 16400 0
10215.1119 10224.3055 6.093594e-16 2.430208e-16 1.433220e-01 16 0
10219.9662 10229.1641 6.425059e-15 3.088149e-16 1.508342e+00 0 0
10224.8204 10234.0227 2.789225e-15 2.907228e-16 6.329440e-01 16 0
10229.6746 10238.8813 1.919480e-14 1.157160e-15 4.288346e+00 528 0
