# obs_wvl flux error
6.297000000000000000e+03 5.985498764768409528e-18 8.677354841613027503e-12
6.297556171178658587e+03 1.432996488328352717e-17 5.663510043293256748e-12
6.298112342357317175e+03 1.553357317469572305e-17 1.163676081129960286e-17
6.298668513535975762e+03 3.309709104638066156e-18 1.133976226658154102e-17
6.299224684714634350e+03 3.339254594453983429e-18 9.241172706070935807e-18
6.299780855893292937e+03 1.413347752205116192e-17 1.011699944614002753e-17
6.300337027071951525e+03 5.410877270492245138e-17 9.400945152045879962e-18
6.300893198250610112e+03 -5.960392804931182394e-18 1.320653434905155274e-17
6.301449369429268700e+03 -1.493615314544414221e-17 1.465691365022474176e-17
6.302005540607927287e+03 3.150659520680133085e-17 1.029613866055731218e-17
6.302561711786585875e+03 3.931761780182626294e-18 9.970510048643536890e-18
6.303117882965244462e+03 2.774207311427489511e-18 1.031925363624184718e-17
6.303674054143903049e+03 -5.795801686825635101e-18 9.928226203187970021e-18
6.304230225322561637e+03 -5.049865598902984826e-18 9.446244595430346907e-18
6.304786396501220224e+03 6.255534106584037597e-18 9.551274281019964484e-18
6.305342567679878812e+03 2.141323422676049895e-19 9.133430205343932819e-18
6.305898738858537399e+03 2.322538481848743759e-18 9.062582770219412665e-18
6.306454910037195987e+03 1.528733273246022562e-17 9.353740285165125523e-18
6.307011081215854574e+03 3.022038517203530952e-17 9.498700077652074947e-18
6.307567252394513162e+03 5.835357255209537505e-17 9.320994988658664700e-18
6.308123423573171749e+03 2.156892876482226375e-18 1.667095022818598236e-17
6.308679594751830336e+03 7.136720062070340766e-17 1.033120139621898099e-17
6.309235765930488924e+03 3.617841152478401726e-17 9.253251601376662542e-18
6.309791937109147511e+03 3.715422104585590165e-17 9.592126391892487937e-18
6.310348108287806099e+03 2.239345731640443127e-17 1.152416058942314514e-17
6.310904279466464686e+03 1.674580420990186329e-17 8.997894314627726072e-18
6.311460450645123274e+03 2.034693664860650079e-17 9.386059724266980256e-18
6.312016621823781861e+03 2.683540739171478602e-17 9.352778475942879857e-18
6.312572793002440449e+03 1.148787832403512035e-17 9.429516883679401107e-18
6.313128964181099036e+03 1.267173339887647211e-17 9.250441716584783180e-18
6.313685135359757624e+03 1.757043556221118620e-17 9.471743989327425629e-18
6.314241306538416211e+03 1.995412816889661068e-17 9.460030226194780188e-18
6.314797477717074798e+03 5.730984704857354949e-17 1.330214102124362002e-17
6.315353648895733386e+03 2.623384478650057088e-18 1.198116752354886343e-17
6.315909820074391973e+03 1.067067181824710337e-17 9.555697425949728124e-18
6.316465991253050561e+03 -4.948816337351874170e-18 9.226571868943500697e-18
6.317022162431709148e+03 1.825443292034394866e-17 9.463202817275084559e-18
6.317578333610367736e+03 3.239767616522479726e-17 9.930298617053521700e-18
6.318134504789026323e+03 2.868944788177839785e-17 1.353245163834619546e-17
6.318690675967684911e+03 5.489568604336454417e-17 1.046774489358992055e-17
6.319246847146343498e+03 4.068866734299698404e-17 1.027867271977686640e-17
6.319803018325002085e+03 2.325183867716947440e-17 1.274322921146691666e-17
6.320359189503660673e+03 8.228408147426151493e-17 9.530213890577950908e-18
6.320915360682319260e+03 2.414237154262011432e-17 1.087515454206388499e-17
6.321471531860977848e+03 1.210064984871505707e-17 1.146433776781103825e-17
6.322027703039636435e+03 1.446279707371097782e-17 9.260117279590374576e-18
6.322583874218295023e+03 1.379503599649867662e-17 9.737178569985822617e-18
6.323140045396953610e+03 2.160571291602521464e-17 1.004897674550650617e-17
6.323696216575612198e+03 1.881069498846627321e-17 9.228208738700331645e-18
6.324252387754270785e+03 2.146078311598357157e-17 9.230984257111809107e-18
6.324808558932929373e+03 8.573556309433018402e-17 9.986617564959823992e-18
6.325364730111587960e+03 2.076636379571109778e-17 9.583105370200816527e-18
6.325920901290246547e+03 -3.214503563939505918e-18 1.010904893357570376e-17
6.326477072468905135e+03 1.636457200885543643e-17 1.057230157621922183e-17
6.327033243647563722e+03 8.451145934134991182e-18 9.785472131730169875e-18
6.327589414826222310e+03 3.437205892798183945e-18 9.537055918084299756e-18
6.328145586004880897e+03 9.374999647035421327e-18 9.490490985897173295e-18
6.328701757183539485e+03 -9.491564914397613752e-18 9.141092216067471104e-18
6.329257928362198072e+03 -3.830401028119417995e-18 9.126619732909710227e-18
6.329814099540856660e+03 -4.255289365040147649e-18 9.034283405954852597e-18
6.330370270719515247e+03 1.078826385131988353e-17 9.388336452747411515e-18
6.330926441898173834e+03 -2.383625266848898829e-17 8.760216629117455232e-18
6.331482613076832422e+03 -1.827459794677623575e-18 8.944708572949743839e-18
6.332038784255491009e+03 6.409825632045447306e-18 1.019388516289203828e-17
6.332594955434149597e+03 -2.741945238358715262e-17 9.000879199964703005e-18
6.333151126612808184e+03 -6.418344883198794915e-18 1.038472952659439329e-17
6.333707297791466772e+03 1.664088469481574952e-18 9.350457808454466612e-18
6.334263468970125359e+03 4.356251658888430577e-17 1.359752099600592715e-17
6.334819640148783947e+03 1.015833973328679800e-17 1.127699890019880474e-17
6.335375811327442534e+03 3.045920120595043560e-18 1.201762442231996791e-17
6.335931982506101122e+03 2.623307911690854108e-17 1.017599908060194245e-17
6.336488153684759709e+03 -8.969633110337484559e-18 1.216214421455163827e-17
6.337044324863418296e+03 3.790376287006815749e-17 1.051242303035018067e-17
6.337600496042076884e+03 1.270938618899765941e-17 9.119656670225886312e-18
6.338156667220735471e+03 -1.742375244391886189e-17 9.047599977001728964e-18
6.338712838399394059e+03 -2.014505304476338418e-17 1.108886801467418699e-17
6.339269009578052646e+03 -4.261466564796744667e-17 1.182421783717273463e-17
6.339825180756711234e+03 -3.948344467472235443e-19 1.240986337637772370e-17
6.340381351935369821e+03 -8.502983162422698614e-18 1.196126265207091868e-17
6.340937523114028409e+03 3.799384282527510933e-19 9.225405200322901571e-18
6.341493694292686996e+03 -5.142654233217479191e-19 1.149491167545357085e-17
6.342049865471345584e+03 -6.112096554364503536e-18 1.140271632280228464e-17
6.342606036650004171e+03 4.296060113506584942e-18 1.006600664979274140e-17
6.343162207828662758e+03 8.853194700416082195e-18 1.003696793250661406e-17
6.343718379007321346e+03 5.693058983274025039e-18 9.271523228210663532e-18
6.344274550185979933e+03 9.474400493562300257e-18 1.005889269011600921e-17
6.344830721364638521e+03 -1.204920610754475619e-17 8.883015067836614460e-18
6.345386892543297108e+03 -2.260216318822245788e-17 9.889736965235655914e-18
6.345943063721955696e+03 8.893936424733215643e-18 9.809021624593007472e-18
6.346499234900614283e+03 9.253839187285261172e-18 9.284121701569913437e-18
6.347055406079272871e+03 4.013679853805048105e-19 8.789273279877969145e-18
6.347611577257931458e+03 -3.349911449488960017e-18 9.529102012325642142e-18
6.348167748436590045e+03 2.143744669457967521e-17 1.089529081514646816e-17
6.348723919615248633e+03 -1.244046749154299572e-17 1.170143539391375782e-17
6.349280090793907220e+03 3.116133679444121185e-18 1.071892226117965619e-17
6.349836261972565808e+03 -1.293516506390538049e-17 1.109381960263634040e-17
6.350392433151224395e+03 3.934857411112325416e-18 1.162190268492740123e-17
6.350948604329882983e+03 7.394632560851651176e-18 9.981185570859359018e-18
6.351504775508541570e+03 -4.535891248305965029e-18 9.186363245931593677e-18
6.352060946687200158e+03 2.841910736183686287e-17 9.591769520120036375e-18
6.352617117865858745e+03 5.347100187198599169e-17 9.596977511735196570e-18
6.353173289044517333e+03 -6.531160918307758030e-18 1.073251808786805402e-17
6.353729460223175920e+03 -7.580532567309992148e-18 8.853068115349557037e-18
6.354285631401834507e+03 1.083268390719202083e-17 8.515184610916719663e-18
6.354841802580493095e+03 2.560133629707397327e-17 8.881955964673637032e-18
6.355397973759151682e+03 2.697806573151734251e-17 9.928630919318837966e-18
6.355954144937810270e+03 1.727127492224121000e-17 8.901213936681601200e-18
6.356510316116468857e+03 6.033507809178177256e-18 9.415636625789534430e-18
6.357066487295127445e+03 2.732628947984232095e-17 9.200056588815145044e-18
6.357622658473786032e+03 1.045533249004864030e-17 9.277768494103579830e-18
6.358178829652444620e+03 9.518655531330889101e-18 8.861945834930744348e-18
6.358735000831103207e+03 1.404233557516207695e-17 9.084636309886244471e-18
6.359291172009761794e+03 5.035633272109477720e-18 9.191668219033167207e-18
6.359847343188420382e+03 1.027264363150155202e-17 8.792924219204225860e-18
6.360403514367078969e+03 3.948927820236847540e-18 8.890651686648024438e-18
6.360959685545737557e+03 1.902998997251632326e-17 9.437044828897743984e-18
6.361515856724396144e+03 5.435148087490315184e-19 9.266537730089665763e-18
6.362072027903054732e+03 -1.384364547010718006e-17 8.863459210760658926e-18
6.362628199081713319e+03 -1.564917818778645247e-17 8.556824417477675328e-18
6.363184370260371907e+03 7.320170133062841872e-19 8.636375919285828235e-18
6.363740541439030494e+03 -1.299096353439210424e-17 9.224057130115176361e-18
6.364296712617689082e+03 -5.239836006168833526e-18 9.650365730933461544e-18
6.364852883796347669e+03 2.126838181993093311e-17 1.020907637736662242e-17
6.365409054975006256e+03 -3.020220595027049931e-17 1.563012894537678824e-17
6.365965226153664844e+03 1.405472670530137394e-17 1.186075463999543547e-17
6.366521397332323431e+03 1.193979256466352315e-17 8.913649996836070291e-18
6.367077568510982019e+03 2.780805244753236435e-18 9.359687544631650278e-18
6.367633739689640606e+03 9.470568003078456993e-18 9.001155938548791872e-18
6.368189910868299194e+03 5.320231355268294115e-18 8.664179664059570867e-18
6.368746082046957781e+03 2.476241192946362659e-17 8.980234105990797857e-18
6.369302253225616369e+03 3.682604546658733999e-17 9.334023728525147863e-18
6.369858424404274956e+03 3.938500491487407387e-19 9.170565004907771486e-18
6.370414595582933543e+03 -8.790174480819961590e-17 1.348591839860869955e-17
6.370970766761592131e+03 -1.211426105778377868e-17 9.194391512353194770e-18
6.371526937940250718e+03 1.854167754603570830e-17 9.277167197807262712e-18
6.372083109118909306e+03 -4.715973618889089144e-19 8.830172441878378406e-18
6.372639280297567893e+03 2.979973624645764153e-17 9.183909986821074628e-18
6.373195451476226481e+03 -8.618069387736350106e-18 9.524944180791036869e-18
6.373751622654885068e+03 8.369662529455847464e-18 9.522323179286179110e-18
6.374307793833543656e+03 -1.204369545687651415e-18 8.923588902659084849e-18
6.374863965012202243e+03 -7.751904599110279000e-18 8.972678457515354115e-18
6.375420136190860831e+03 -1.626060945318105728e-19 9.455277446965690494e-18
6.375976307369519418e+03 -4.051830339157021516e-18 9.259755885011262336e-18
6.376532478548178005e+03 -1.481186863858368928e-17 9.095007911794217850e-18
6.377088649726836593e+03 4.577764290788555907e-18 8.824191053444848092e-18
6.377644820905495180e+03 -3.537971988191174957e-18 8.918198262085801022e-18
6.378200992084153768e+03 1.169902986029608317e-17 9.218443168082749459e-18
6.378757163262812355e+03 -5.628193308612629929e-18 8.815709740328014748e-18
6.379313334441470943e+03 -1.108392593778180203e-17 9.269660929631004782e-18
6.379869505620129530e+03 6.219649727213699977e-18 9.912768418631303452e-18
6.380425676798788118e+03 1.080678420458907884e-18 9.193053947644574516e-18
6.380981847977446705e+03 -6.474601967232827269e-18 9.381884570457205728e-18
6.381538019156105292e+03 2.489615170143661501e-18 9.138491550197137483e-18
6.382094190334763880e+03 -1.438172439685000469e-17 8.873878305012326533e-18
6.382650361513422467e+03 -7.337105436778445709e-18 9.716125128129940956e-18
6.383206532692081055e+03 -1.461832465549346063e-17 1.112855419543796464e-17
6.383762703870739642e+03 2.788119896904095010e-19 9.145664001269204437e-18
6.384318875049398230e+03 1.838002340542248551e-17 8.985527094597090129e-18
6.384875046228056817e+03 2.865148969443490777e-18 9.056029753843780918e-18
6.385431217406715405e+03 8.344850126045592056e-18 9.518138841606025211e-18
6.385987388585373992e+03 1.342939315175590477e-17 8.859451936904404230e-18
6.386543559764032580e+03 1.321954401478606804e-17 9.271087953968304871e-18
6.387099730942691167e+03 2.672806255614782449e-17 1.048855941451837164e-17
6.387655902121349754e+03 3.381082019612557045e-17 9.541736803996597595e-18
6.388212073300008342e+03 1.463322267213616318e-17 9.411792116387780219e-18
6.388768244478666929e+03 1.023709788977005621e-17 9.601750736622575139e-18
6.389324415657325517e+03 -1.053090478196802614e-17 9.531639262663062470e-18
6.389880586835984104e+03 -1.146910632768536307e-17 9.069177474348032610e-18
6.390436758014642692e+03 -1.009522884290133180e-17 9.052776532915503229e-18
6.390992929193301279e+03 -1.257140922203540139e-17 8.890365709050632018e-18
6.391549100371959867e+03 -4.064672892934022733e-18 9.515668809341686029e-18
6.392105271550618454e+03 7.690222040630617153e-19 1.008661051091450558e-17
6.392661442729277042e+03 8.295623715349666404e-18 9.247772088920787199e-18
6.393217613907935629e+03 3.682643166882098460e-17 1.215184576342655506e-17
6.393773785086594216e+03 1.056760767156405591e-17 9.556551029442766209e-18
6.394329956265252804e+03 6.775140238362241925e-18 9.186495091327396639e-18
6.394886127443911391e+03 1.687217964399350454e-18 9.122396631129357173e-18
6.395442298622569979e+03 -1.735605207600090723e-17 1.078884985510707274e-17
6.395998469801228566e+03 -7.131841829433108647e-18 9.550482495405812965e-18
6.396554640979887154e+03 9.073417472660103451e-17 1.223579505365173686e-17
6.397110812158545741e+03 1.697805902893116304e-17 9.053050999397796412e-18
6.397666983337204329e+03 1.670073209980940328e-18 9.433462846294203820e-18
6.398223154515862916e+03 -1.140606068171547899e-17 9.344957344176943942e-18
6.398779325694521503e+03 -6.104153338291954444e-18 9.578558848128956899e-18
6.399335496873180091e+03 -1.190867174415218486e-17 1.241184142924981203e-17
6.399891668051838678e+03 -1.477606390482903949e-17 1.201907181061897835e-17
6.400447839230497266e+03 1.834924494544500730e-17 1.038258566290472954e-17
6.401004010409155853e+03 9.003171831546104362e-18 9.918613087786078136e-18
6.401560181587814441e+03 1.269020219299513272e-17 9.452468739446195694e-18
6.402116352766473028e+03 -1.305136885203563208e-17 9.166689594067831540e-18
6.402672523945131616e+03 3.103696540763558273e-17 1.236047518489696884e-17
6.403228695123790203e+03 -1.702592156748416227e-17 9.627481202011222344e-18
6.403784866302448791e+03 -1.425854441551257825e-18 9.139480246137216805e-18
6.404341037481107378e+03 3.121804063577672457e-18 9.097727270951282751e-18
6.404897208659765965e+03 3.464077113492559067e-17 9.717482056011722378e-18
6.405453379838424553e+03 1.996581256190233409e-17 1.048595896842165865e-17
6.406009551017083140e+03 -8.396442934846745301e-18 1.158514607367388080e-17
6.406565722195741728e+03 -1.151129716301654805e-17 8.881298635313750798e-18
6.407121893374400315e+03 -1.420818268302098519e-18 9.225259200495664052e-18
6.407678064553058903e+03 -1.743292077605150370e-17 8.836513359330148784e-18
6.408234235731717490e+03 -5.431964697257199697e-18 8.776498934865187919e-18
6.408790406910376078e+03 5.106865900943701209e-18 9.044382387370457704e-18
6.409346578089034665e+03 -8.371026888787187973e-18 9.150891977081115139e-18
6.409902749267693252e+03 -4.128082549864069309e-18 8.882212711807008019e-18
6.410458920446351840e+03 7.584103195091281138e-18 8.954634123006189310e-18
6.411015091625010427e+03 1.029690384074252392e-17 8.896638336277262215e-18
6.411571262803669015e+03 -6.123971477002529053e-18 9.393951919255115704e-18
6.412127433982327602e+03 -1.706807249452780677e-18 9.642227933677978105e-18
6.412683605160986190e+03 6.013969589689358032e-18 9.131212280980390623e-18
6.413239776339644777e+03 3.904541650230344216e-18 9.220235464670976894e-18
6.413795947518303365e+03 8.861981245047384690e-18 9.581498184062702920e-18
6.414352118696961952e+03 2.692020789436307708e-17 9.381235815279519963e-18
6.414908289875620540e+03 1.989671935971514454e-17 9.751426849923339938e-18
6.415464461054279127e+03 1.073687421735261482e-17 9.541441836643727062e-18
6.416020632232937714e+03 7.611379371425423230e-18 9.667736055070986015e-18
6.416576803411596302e+03 4.665932678795135694e-18 1.128501732344528999e-17
6.417132974590254889e+03 -6.001967250054393960e-18 9.875267910398380747e-18
6.417689145768913477e+03 2.355894806768172338e-17 9.418170229589579131e-18
6.418245316947572064e+03 -2.450227857981819584e-17 1.055778317787077456e-17
6.418801488126230652e+03 -7.298622081648047262e-18 1.213538156430566988e-17
6.419357659304889239e+03 3.225540085804082515e-18 1.218261326458746667e-17
6.419913830483547827e+03 -1.683751968943640650e-17 1.242942251827458387e-17
6.420470001662206414e+03 -3.671447059284971390e-18 9.659236445773229994e-18
6.421026172840865001e+03 1.229779926035911893e-18 9.660319355465166724e-18
6.421582344019523589e+03 -5.535624212178129518e-18 9.645833200018416571e-18
6.422138515198182176e+03 -2.489945096032073706e-17 9.465247472992035954e-18
6.422694686376840764e+03 6.595778434311230296e-19 9.322864941897388382e-18
6.423250857555499351e+03 -1.156754774597393019e-17 8.738400433965854350e-18
6.423807028734157939e+03 -2.030379490024725884e-17 1.049449883547030355e-17
6.424363199912816526e+03 -5.098304435003432912e-18 9.477194770897938978e-18
6.424919371091475114e+03 -5.954337772405863403e-18 9.673948685185948774e-18
6.425475542270133701e+03 5.156574923485240616e-18 9.091044586396127466e-18
6.426031713448792289e+03 2.232312099146401196e-17 9.566205435709821088e-18
6.426587884627450876e+03 2.168958301384618787e-18 9.448903396407181580e-18
6.427144055806109463e+03 3.501010479854644025e-17 9.808533879270413064e-18
6.427700226984768051e+03 1.390169577325220896e-17 1.039423437913445824e-17
6.428256398163426638e+03 -5.421612963220447593e-18 8.934176576830762462e-18
6.428812569342085226e+03 8.717511944254284731e-18 1.359027197080744320e-17
6.429368740520743813e+03 9.275620373769256078e-18 9.804816344410805898e-18
6.429924911699402401e+03 3.228388684211677124e-17 9.258298234874247691e-18
6.430481082878060988e+03 1.228717981855970315e-17 1.098525475091442051e-17
6.431037254056719576e+03 -2.033056505785843728e-18 1.159992700201011168e-17
6.431593425235378163e+03 -2.305296844680965727e-17 9.539502106181495741e-18
6.432149596414036751e+03 -1.179907153809668918e-17 9.313039403795073464e-18
6.432705767592695338e+03 -9.111149433836085486e-18 1.026932542896821117e-17
6.433261938771353925e+03 2.126666732580454065e-18 9.622634755702645743e-18
6.433818109950012513e+03 4.605355919620879545e-19 9.207063608856552016e-18
6.434374281128671100e+03 -4.183759634971794164e-18 8.899968990159128281e-18
6.434930452307329688e+03 9.970151516346052398e-18 8.805903076883544346e-18
6.435486623485988275e+03 -2.170214065421377792e-17 1.125299832368561266e-17
6.436042794664646863e+03 3.357278321628716321e-17 9.804852237838015796e-18
6.436598965843305450e+03 5.376709874541121587e-17 1.210444708571159882e-17
6.437155137021964038e+03 1.852237798284286474e-17 1.162769437050167284e-17
6.437711308200622625e+03 1.063743214883225141e-17 9.356306775941449963e-18
6.438267479379281212e+03 -8.825164304795770655e-18 1.139110186291059632e-17
6.438823650557939800e+03 -8.539890391713100059e-18 1.026007806224487999e-17
6.439379821736598387e+03 -2.853246222372458406e-17 1.198435822952022327e-17
6.439935992915256975e+03 -5.357086174467467304e-18 9.077920505644418473e-18
6.440492164093915562e+03 1.780437634895110530e-17 8.972208675724819066e-18
6.441048335272574150e+03 2.037460272030012725e-17 1.173409253809102513e-17
6.441604506451232737e+03 -8.429013608979068631e-18 9.525149956144503369e-18
6.442160677629891325e+03 4.828377572296195988e-18 9.922081893534381672e-18
6.442716848808549912e+03 1.045262837691829783e-17 1.025460221207244761e-17
6.443273019987208500e+03 -2.690896574930655027e-19 1.016337375285256214e-17
6.443829191165867087e+03 -5.774984866171104915e-18 1.106144257197050633e-17
6.444385362344525674e+03 2.454127340302158528e-17 9.893111068393216833e-18
6.444941533523184262e+03 3.633799945643718700e-18 9.383580137870008142e-18
6.445497704701842849e+03 3.968789099423696594e-19 9.366819465263220926e-18
6.446053875880501437e+03 1.630900154481259965e-17 1.151518493734378870e-17
6.446610047059160024e+03 1.221330905107164057e-17 1.003959802451881182e-17
6.447166218237818612e+03 2.437816382114800483e-19 1.018527137761000403e-17
6.447722389416477199e+03 -4.500684244233096913e-18 9.454669455453067540e-18
6.448278560595135787e+03 1.573729670222844314e-17 9.840615022259770650e-18
6.448834731773794374e+03 -4.253001085071845389e-18 9.616795940874286551e-18
6.449390902952452961e+03 -1.901287061108501195e-17 9.466272178943594619e-18
6.449947074131111549e+03 -1.598706131591479624e-17 1.176901199331644670e-17
6.450503245309770136e+03 -6.978098575227234838e-18 8.513695184505184660e-18
6.451059416488428724e+03 4.613448486578502998e-18 1.129024195108344221e-17
6.451615587667087311e+03 2.165468108243645538e-17 1.018736674076663796e-17
6.452171758845745899e+03 2.298626322060661335e-17 1.089345323479505575e-17
6.452727930024404486e+03 2.383643703551458207e-17 9.457932162787815043e-18
6.453284101203063074e+03 1.506231454348794632e-18 9.078386826421178383e-18
6.453840272381721661e+03 1.123900090185197994e-18 9.138738132358075270e-18
6.454396443560380249e+03 -1.511933886469902447e-17 8.968050896982944153e-18
6.454952614739038836e+03 -6.524188753465321146e-18 8.950981472502589297e-18
6.455508785917697423e+03 -5.632528873263223568e-18 1.018776728245664967e-17
6.456064957096356011e+03 -6.155829659750331675e-18 8.653175073468598451e-18
6.456621128275014598e+03 1.131477840684198683e-18 1.013442087318694052e-17
6.457177299453673186e+03 -1.358161706102524386e-17 9.330605064135312315e-18
6.457733470632331773e+03 3.597621042051786029e-17 1.239193674748124231e-17
6.458289641810990361e+03 9.722785598784293861e-18 1.181664415313236858e-17
6.458845812989648948e+03 -2.934126341846471939e-18 9.600982331262767986e-18
6.459401984168307536e+03 1.289445494084674795e-17 9.320394253114906868e-18
6.459958155346966123e+03 3.376613113384525908e-17 9.577757847881107896e-18
6.460514326525624710e+03 1.656152641260723697e-18 1.198790425926881579e-17
6.461070497704283298e+03 3.383923155069068357e-18 9.609445361539832653e-18
6.461626668882941885e+03 -5.107065724681444080e-19 9.266118063497528949e-18
6.462182840061600473e+03 -7.310155241617000639e-20 8.870561898942130634e-18
6.462739011240259060e+03 1.997586820016698933e-18 9.286558321267336914e-18
6.463295182418917648e+03 -1.375116732389303920e-17 9.846296324124945609e-18
6.463851353597576235e+03 2.674018359225952004e-17 9.815859464520326769e-18
6.464407524776234823e+03 -4.253619969542333613e-18 9.744291597497595087e-18
6.464963695954893410e+03 -1.179136798647065387e-17 9.925988147900498045e-18
6.465519867133551998e+03 -7.442951147934611424e-18 9.342543238633736406e-18
6.466076038312210585e+03 -7.809301660506609214e-18 9.510846712945323745e-18
6.466632209490869172e+03 -1.089836502875281159e-18 9.926540734890957916e-18
6.467188380669527760e+03 1.304156919192583662e-17 1.023113820798613526e-17
6.467744551848186347e+03 -3.110116852399710306e-18 9.529510113562237066e-18
6.468300723026844935e+03 1.013536758697563000e-18 9.546945653457362799e-18
6.468856894205503522e+03 -1.842325471088794022e-17 9.727654406647107322e-18
6.469413065384162110e+03 -1.031190484823015109e-17 9.585797796286696537e-18
6.469969236562820697e+03 -8.341600061676977757e-18 9.299344139479178798e-18
6.470525407741479285e+03 -2.813253938597591653e-18 1.182259516567499413e-17
6.471081578920137872e+03 9.421318459076432604e-18 9.987987072114190849e-18
6.471637750098796459e+03 8.042185185306831540e-18 9.544925071550304330e-18
6.472193921277455047e+03 -1.539257305894989078e-18 9.437112022023927923e-18
6.472750092456113634e+03 -1.343997643817669396e-18 9.397704324657499019e-18
6.473306263634772222e+03 -8.679542635554368913e-18 9.426048590439184166e-18
6.473862434813430809e+03 -2.790877533842138728e-18 9.543447553603397723e-18
6.474418605992089397e+03 -1.331131840198159740e-18 9.852278444919408205e-18
6.474974777170747984e+03 -1.441642182304883372e-17 9.877448920475913863e-18
6.475530948349406572e+03 3.802146343591270815e-17 9.784799764330281045e-18
6.476087119528065159e+03 2.995217046355670901e-17 9.352260775252281338e-18
6.476643290706723747e+03 -8.371459503268117488e-19 1.182370650503942259e-17
6.477199461885382334e+03 -2.350285187983122930e-18 1.027387098338151488e-17
6.477755633064040921e+03 2.329225695374292435e-18 9.818789818501190158e-18
6.478311804242699509e+03 1.164474769298530643e-17 9.061897904222512124e-18
6.478867975421358096e+03 3.611051524062658953e-17 1.073267713467071642e-17
6.479424146600016684e+03 6.533272830948706359e-18 9.513408495223587676e-18
6.479980317778675271e+03 -2.576588763384520096e-18 9.504842903413711445e-18
6.480536488957333859e+03 3.208587615713782576e-18 9.724840104337570375e-18
6.481092660135992446e+03 6.984289726799987846e-17 1.017541182048351301e-17
6.481648831314651034e+03 7.259816417776649704e-18 9.475246844966080366e-18
6.482205002493309621e+03 2.038035511828694503e-18 9.633144903040549527e-18
6.482761173671968209e+03 1.039299723408380244e-17 9.035396049499887157e-18
6.483317344850626796e+03 1.114359804258030886e-17 9.802532076117661572e-18
6.483873516029285383e+03 -5.702050526861361870e-18 9.285281595030153583e-18
6.484429687207943971e+03 1.938510416367224409e-18 9.240564080677440155e-18
6.484985858386602558e+03 -1.555076205214984933e-17 9.476796613626752568e-18
6.485542029565261146e+03 5.436020984594771370e-18 9.328840725303246180e-18
6.486098200743919733e+03 2.491374518366979332e-18 9.172286587862620184e-18
6.486654371922578321e+03 -2.382477869104599838e-18 9.445296381513724795e-18
6.487210543101236908e+03 4.276832888946889948e-18 9.063936501109255402e-18
6.487766714279895496e+03 5.323408043120816784e-17 9.461817538661515136e-18
6.488322885458554083e+03 6.737711179390848671e-18 1.080024332610692566e-17
6.488879056637212670e+03 9.006138509249089683e-18 9.506541347591969873e-18
6.489435227815871258e+03 1.835757932646591744e-17 1.038133935556224950e-17
6.489991398994529845e+03 6.066936224836335443e-17 1.019118222206325519e-17
6.490547570173188433e+03 9.238476043263507829e-18 9.563404859305745584e-18
6.491103741351847020e+03 1.775834640288393652e-17 9.578900712478662993e-18
6.491659912530505608e+03 6.468093290215952634e-18 1.208832786904679483e-17
6.492216083709164195e+03 -1.132878001052249071e-17 9.654311413391612272e-18
6.492772254887822783e+03 1.134802957753609554e-17 9.513633750054557806e-18
6.493328426066481370e+03 -1.105915405445687036e-18 9.921484410439616667e-18
6.493884597245139958e+03 2.301936187522681918e-17 9.847553302401657178e-18
6.494440768423798545e+03 -3.451407511485027250e-18 1.315527099904275882e-17
6.494996939602457132e+03 -2.233696619949222833e-19 1.057400567761863850e-17
6.495553110781115720e+03 6.822037443088558072e-18 9.064037671175924554e-18
6.496109281959774307e+03 2.824020965637826936e-17 1.007536263214221518e-17
6.496665453138432895e+03 1.324195416488941840e-17 9.495393603077818698e-18
6.497221624317091482e+03 1.788919407192331621e-17 1.319690081768917012e-17
6.497777795495750070e+03 5.980078063741709321e-18 1.072359329302380154e-17
6.498333966674408657e+03 -7.981483378952304536e-18 9.246073168377098329e-18
6.498890137853067245e+03 -3.579027983883715755e-19 9.508129092039915462e-18
6.499446309031725832e+03 2.691392492119358892e-18 9.488607897912058544e-18
6.500002480210384419e+03 -4.064714741915901114e-18 9.546990821960389064e-18
6.500558651389043007e+03 -1.921310616595803198e-17 1.029213994246220180e-17
6.501114822567701594e+03 9.783702614120857635e-19 9.983136131275424657e-18
6.501670993746360182e+03 2.710196050479752033e-17 1.129072966562605690e-17
6.502227164925018769e+03 1.421689544696967777e-17 9.424634803480813793e-18
6.502783336103677357e+03 1.300304485805305941e-17 9.616405656498657875e-18
6.503339507282335944e+03 3.081397620802130381e-17 1.068192428049177996e-17
6.503895678460994532e+03 1.679960137734652864e-17 1.146944928691397052e-17
6.504451849639653119e+03 2.244445570884551397e-17 9.504746825011133213e-18
6.505008020818311707e+03 -1.781798807045405147e-16 1.011591200706296804e-17
6.505564191996970294e+03 1.374707475447067911e-17 1.367674321593262568e-17
6.506120363175628881e+03 -1.260448385299439938e-18 1.142816450364064871e-17
6.506676534354287469e+03 -1.837956305672857618e-17 9.977979169414729381e-18
6.507232705532946056e+03 -1.932859996054500833e-18 9.549602047522850818e-18
6.507788876711604644e+03 1.079679459448249751e-17 9.151819169797552869e-18
6.508345047890263231e+03 1.378993520271930986e-17 9.946273852967574286e-18
6.508901219068921819e+03 9.384744841017436906e-18 1.069898507735331476e-17
6.509457390247580406e+03 7.142290848176000326e-18 8.985176695159513789e-18
6.510013561426238994e+03 7.089658642536897624e-18 9.018271219098030121e-18
6.510569732604897581e+03 5.568318053267205868e-18 8.905194705214734823e-18
6.511125903783556168e+03 -4.649685318612831098e-18 8.987830733499814814e-18
6.511682074962214756e+03 3.307195645682037773e-17 9.060066021413840043e-18
6.512238246140873343e+03 1.064005679567772734e-17 1.070872686473958708e-17
6.512794417319531931e+03 9.652935182250316083e-19 9.436490132799811571e-18
6.513350588498190518e+03 -1.068944896147909149e-16 1.587478991284025921e-17
6.513906759676849106e+03 -1.364094516132773502e-17 1.016633812870038208e-17
6.514462930855507693e+03 8.785321903282598316e-18 9.511429479080552356e-18
6.515019102034166281e+03 -2.734993168513798906e-20 9.427740174314528008e-18
6.515575273212824868e+03 -6.931802247377856038e-18 9.252885750699989168e-18
6.516131444391483456e+03 3.631900395186650271e-17 9.592718664131379105e-18
6.516687615570142043e+03 1.070573480419837837e-17 9.832574254873501231e-18
6.517243786748800630e+03 1.423068233998280649e-17 1.070877792308911659e-17
6.517799957927459218e+03 1.536213228969248954e-17 9.707905936178182917e-18
6.518356129106117805e+03 -5.806417941673005219e-19 9.692234598158724374e-18
6.518912300284776393e+03 2.173891610667620789e-17 9.441044679281846343e-18
6.519468471463434980e+03 1.280007223841534211e-17 1.009933762829022192e-17
6.520024642642093568e+03 1.867850281559194099e-17 9.534740280135726683e-18
6.520580813820752155e+03 1.440120715774243980e-17 9.661525182281655553e-18
6.521136984999410743e+03 -2.592399431296197117e-18 1.146272441254804586e-17
6.521693156178069330e+03 2.578684789679325405e-18 9.838501034319612437e-18
6.522249327356727918e+03 1.331622240509063674e-17 9.701022287230125327e-18
6.522805498535386505e+03 2.124602961756779746e-18 9.669824712364939782e-18
6.523361669714045092e+03 -2.532558395487662581e-18 9.523474184159956381e-18
6.523917840892703680e+03 -3.710193134566004855e-18 9.315651714614276410e-18
6.524474012071362267e+03 -1.019911386307131365e-17 9.247529537454254259e-18
6.525030183250020855e+03 5.567223805704094990e-18 9.030982570249871682e-18
6.525586354428679442e+03 4.636629938852744657e-18 9.564113459184877730e-18
6.526142525607338030e+03 2.810082350413623504e-18 9.635218656418833527e-18
6.526698696785996617e+03 1.643620565551780921e-17 1.123994059109068783e-17
6.527254867964655205e+03 1.755507935379671979e-18 9.885622645187632275e-18
6.527811039143313792e+03 5.220301564697057330e-18 9.753443977112979754e-18
6.528367210321972379e+03 1.727905331609185218e-17 9.414024347447188214e-18
6.528923381500630967e+03 -3.657309998596410292e-18 9.082509689594649691e-18
6.529479552679289554e+03 6.415453329119475840e-18 9.224809286699072075e-18
6.530035723857948142e+03 -9.235685789220378214e-18 9.287684675941787154e-18
6.530591895036606729e+03 5.635689632188319977e-18 9.742158813371256653e-18
6.531148066215265317e+03 -9.094928534305382148e-18 1.129951257540640649e-17
6.531704237393923904e+03 5.249618316933119675e-17 1.026519496180021418e-17
6.532260408572582492e+03 3.894465544312533648e-17 1.009835429699671326e-17
6.532816579751241079e+03 4.729550330940496510e-17 1.034642386507933955e-17
6.533372750929899667e+03 4.835437589976375419e-18 9.242951362581583397e-18
6.533928922108558254e+03 9.232873779833340186e-18 9.423219105791218625e-18
6.534485093287216841e+03 7.980238925376688418e-18 9.239940291841682032e-18
6.535041264465875429e+03 6.770209042859509238e-18 1.003343297217296100e-17
6.535597435644534016e+03 7.196159324095207804e-18 9.533663957251969031e-18
6.536153606823192604e+03 5.359590759577895225e-18 9.317423883239048864e-18
6.536709778001851191e+03 -8.756861666681236669e-18 9.392895836653810173e-18
6.537265949180509779e+03 -6.165877482918834755e-18 9.415374466563006672e-18
6.537822120359168366e+03 1.808279472275562211e-17 9.225162591596517721e-18
6.538378291537826954e+03 1.411477530774270846e-18 8.187259611773991401e-18
6.538934462716485541e+03 -1.478966260713198071e-17 9.158466303554456590e-18
6.539490633895144128e+03 -6.743225185881998903e-18 9.457064949255983464e-18
6.540046805073802716e+03 -1.162448578646771968e-17 1.064531150951181330e-17
6.540602976252461303e+03 5.516576702316809322e-18 9.920929373341215243e-18
6.541159147431119891e+03 1.708853564161039635e-17 9.421965666223430025e-18
6.541715318609778478e+03 1.591875357554910948e-17 9.618564666679035606e-18
6.542271489788437066e+03 1.077870299926816623e-17 9.022629749276892428e-18
6.542827660967095653e+03 -2.912292144178543364e-18 8.775004875921298287e-18
6.543383832145754241e+03 -2.572724405282972499e-17 1.182963619827562481e-17
6.543940003324412828e+03 -1.460489912875388691e-17 1.157181598226225630e-17
6.544496174503071416e+03 3.724367329354330506e-18 1.259583749620744317e-17
6.545052345681730003e+03 1.310145086517896433e-17 1.084126614434898001e-17
6.545608516860388590e+03 -2.542425874973637803e-18 1.091830831289624139e-17
6.546164688039047178e+03 7.617743943929211312e-18 9.626011089519282512e-18
6.546720859217705765e+03 8.745495911306158058e-18 9.766148550969391806e-18
6.547277030396364353e+03 2.358276244467183026e-17 1.165821669985844396e-17
6.547833201575022940e+03 6.305816924987228241e-18 1.023528106999066980e-17
6.548389372753681528e+03 3.009371016019760486e-17 9.543900150791327986e-18
6.548945543932340115e+03 5.047489540506435031e-17 1.039597912059333784e-17
6.549501715110998703e+03 5.150687324629800763e-17 1.466435984257920856e-17
6.550057886289657290e+03 1.466541594752556468e-17 1.356012570154057978e-17
6.550614057468315877e+03 3.987107306189129923e-17 9.192226233207172193e-18
6.551170228646974465e+03 2.997731360451272419e-17 9.381596703981086376e-18
6.551726399825633052e+03 1.315684718023968163e-17 9.561270560598931060e-18
6.552282571004291640e+03 2.504305406838097137e-17 9.644142769008544618e-18
6.552838742182950227e+03 2.120180667600409530e-17 9.815038660719897951e-18
6.553394913361608815e+03 1.900038934566722857e-18 9.395692387676181692e-18
6.553951084540267402e+03 1.142165540048634236e-17 9.246690228135340291e-18
6.554507255718925990e+03 -4.170414660045081540e-18 9.636494815085446783e-18
6.555063426897584577e+03 1.947329258829039183e-17 9.416766815681404350e-18
6.555619598076243165e+03 -1.054911324896201664e-17 1.141610756685824265e-17
6.556175769254901752e+03 4.886171016854529149e-17 8.537759600798681892e-18
6.556731940433560339e+03 -1.248000488405864343e-17 1.105077056437590429e-17
6.557288111612218927e+03 4.226934487814796712e-17 9.446738866851979798e-18
6.557844282790877514e+03 -5.688273897279368914e-18 1.225803954407606904e-17
6.558400453969536102e+03 2.219399714011829428e-17 1.004151597046222349e-17
6.558956625148194689e+03 1.515336694728699903e-17 9.251656193852241154e-18
6.559512796326853277e+03 4.383008415381564689e-17 1.059787595080005403e-17
6.560068967505511864e+03 6.904298543464653342e-17 1.006047480042865687e-17
6.560625138684170452e+03 4.105586198871497857e-17 1.050120603404484022e-17
6.561181309862829039e+03 5.667149954385510142e-18 9.715807309714062157e-18
6.561737481041487626e+03 -2.525065178845661867e-17 1.112432330072247894e-17
6.562293652220146214e+03 8.317776289254728015e-18 9.997052787427009622e-18
6.562849823398804801e+03 1.556867032588490359e-17 9.354953814764026390e-18
6.563405994577463389e+03 -1.440475314897496641e-17 1.129231918552286205e-17
6.563962165756121976e+03 4.119339871830366604e-18 9.141572103677320730e-18
6.564518336934780564e+03 1.748525474580919554e-17 9.073007281608429375e-18
6.565074508113439151e+03 3.984973376157495142e-17 1.398130086776121189e-17
6.565630679292097739e+03 3.618379151332984833e-17 1.122777850125560942e-17
6.566186850470756326e+03 -8.982905214511674230e-18 1.174111027698139093e-17
6.566743021649414914e+03 -3.421969753877445971e-18 1.033323298622584832e-17
6.567299192828073501e+03 1.549430978295114093e-17 9.744603406855583308e-18
6.567855364006732088e+03 3.602696809594174827e-18 9.184088105897467532e-18
6.568411535185390676e+03 -2.399131763600331121e-17 1.137018472972692870e-17
6.568967706364049263e+03 1.972551744578765305e-17 9.733232243310274630e-18
6.569523877542707851e+03 8.330242380320712746e-17 1.153763864567217164e-17
6.570080048721366438e+03 9.529143776076074931e-17 1.445052197542071228e-17
6.570636219900025026e+03 1.189189429608626834e-16 2.200890733259769954e-17
6.571192391078683613e+03 4.812856343487070796e-19 2.385975403411253732e-17
6.571748562257342201e+03 1.294497337068674947e-17 1.425984938699071866e-17
6.572304733436000788e+03 1.893644139979545290e-17 9.925312343697814964e-18
6.572860904614659376e+03 3.227911886021230788e-17 8.676568776943162077e-18
6.573417075793317963e+03 1.367221527889750281e-17 9.591280194997550034e-18
6.573973246971976550e+03 -9.764008067417226768e-19 1.103444656047662387e-17
6.574529418150635138e+03 8.446266836861480068e-17 1.288643293467103757e-17
6.575085589329293725e+03 1.176073475252493164e-17 9.486322844850751877e-18
6.575641760507952313e+03 9.256689468460146106e-18 9.235502979002126585e-18
6.576197931686610900e+03 4.814102609476645166e-17 9.596540259587362971e-18
6.576754102865269488e+03 2.039605164176433228e-17 9.510540561214949730e-18
6.577310274043928075e+03 -1.001145230049182036e-17 1.146481257459147947e-17
6.577866445222586663e+03 -1.027797120425856380e-17 1.139283531919435507e-17
6.578422616401245250e+03 1.289777057269801964e-17 9.839121406734776109e-18
6.578978787579903837e+03 -1.186542281793681606e-17 1.108892971659535072e-17
6.579534958758562425e+03 -2.050353103025040197e-18 9.767891764157232940e-18
6.580091129937221012e+03 4.871164734825118606e-18 9.513876935557535443e-18
6.580647301115879600e+03 -3.039152976064979107e-17 1.099071503397775681e-17
6.581203472294538187e+03 -2.386048301786360507e-17 1.096544176294639177e-17
6.581759643473196775e+03 7.658264072099856966e-18 1.001196726949442753e-17
6.582315814651855362e+03 2.031049848211316894e-17 1.204564329403201799e-17
6.582871985830513950e+03 2.434586077105118419e-17 9.749116558233775606e-18
6.583428157009172537e+03 1.113291529625663042e-17 9.452272141656065480e-18
6.583984328187831125e+03 5.484293981588244864e-17 1.034696466021482577e-17
6.584540499366489712e+03 4.893938068043578318e-17 1.014991636279509200e-17
6.585096670545148299e+03 2.947937929865351884e-17 9.620948835151995608e-18
6.585652841723806887e+03 4.210729276829627380e-17 9.947459530122147691e-18
6.586209012902465474e+03 3.168084732379504784e-17 1.023475051238099080e-17
6.586765184081124062e+03 3.248251130903052067e-17 1.063586445883612570e-17
6.587321355259782649e+03 3.786682698110754567e-17 9.805410321833007116e-18
6.587877526438441237e+03 2.466908318776528488e-18 9.170675360206372362e-18
6.588433697617099824e+03 5.290292805786231733e-19 1.118411704478063669e-17
6.588989868795758412e+03 8.220198821422704287e-18 1.092745442619557394e-17
6.589546039974416999e+03 -1.262451362325079359e-18 1.002614700835327077e-17
6.590102211153075586e+03 -1.523009538106332868e-18 1.024066165883109975e-17
6.590658382331734174e+03 2.297940292298436000e-17 1.100415823773867132e-17
6.591214553510392761e+03 1.267921895586049086e-17 1.213164148005683672e-17
6.591770724689051349e+03 -9.971327753218263012e-18 1.109087407327694632e-17
6.592326895867709936e+03 -3.118507003955749229e-18 1.076131400557992672e-17
6.592883067046368524e+03 8.773790394235593702e-18 1.157104626162171654e-17
6.593439238225027111e+03 -1.245029667505989531e-17 1.111234276675259773e-17
6.593995409403685699e+03 6.149341396051314585e-18 9.801490301656604586e-18
6.594551580582344286e+03 3.143836529735284901e-18 1.047666844808273870e-17
6.595107751761002874e+03 2.640515244047264659e-17 1.337549999608988556e-17
6.595663922939661461e+03 2.137428854720782375e-17 1.031734828794645568e-17
6.596220094118320048e+03 1.257955767960002587e-17 9.517875845638560952e-18
6.596776265296978636e+03 3.119803136422700716e-17 9.380138375394500766e-18
6.597332436475637223e+03 1.429900564801374396e-17 9.460008842886912978e-18
6.597888607654295811e+03 -1.316439722421275873e-17 9.221510406778288534e-18
6.598444778832954398e+03 -1.788089040937111339e-18 1.004000905389163128e-17
6.599000950011612986e+03 -7.920779811245845396e-18 1.114173014782049021e-17
6.599557121190271573e+03 -2.414194221979139666e-17 1.135305618915151478e-17
6.600113292368930161e+03 1.633166348508184452e-17 9.370437705142383256e-18
6.600669463547588748e+03 1.347261418830134417e-17 9.448338668885169400e-18
6.601225634726247335e+03 1.543702648221725302e-17 9.124344653402836773e-18
6.601781805904905923e+03 1.389661651883374530e-17 9.262550068590304841e-18
6.602337977083564510e+03 1.130103994233278478e-17 9.400874547959512017e-18
6.602894148262223098e+03 2.390579004891716594e-17 9.715363030348652579e-18
6.603450319440881685e+03 -4.682604931513782394e-18 9.798739590996994445e-18
6.604006490619540273e+03 1.875807948707564456e-18 9.158834152464023553e-18
6.604562661798198860e+03 3.727237783097262321e-17 9.885908020328247430e-18
6.605118832976857448e+03 3.499977475393052449e-17 9.782019495631269569e-18
6.605675004155516035e+03 6.334536176194813212e-18 9.437476532392295049e-18
6.606231175334174623e+03 1.509781558820350928e-17 9.543080545617167574e-18
6.606787346512833210e+03 5.975448138163013568e-17 9.894622048571074739e-18
6.607343517691491797e+03 1.464023392357994921e-17 9.724158127496212500e-18
6.607899688870150385e+03 8.866048590879479383e-18 1.037130325289856154e-17
6.608455860048808972e+03 2.010928810668712754e-17 9.451575669378728769e-18
6.609012031227467560e+03 1.141507644790783681e-17 9.421712389420618891e-18
6.609568202406126147e+03 5.235189850148991275e-17 9.683670069767642261e-18
6.610124373584784735e+03 1.538281946986292500e-17 9.351459496241426398e-18
6.610680544763443322e+03 1.430961575559648985e-17 9.613165347704299070e-18
6.611236715942101910e+03 2.113807972125756816e-17 1.122930590969116137e-17
6.611792887120760497e+03 1.030455877793498633e-17 1.632077928194286235e-17
6.612349058299419085e+03 4.585195384579330388e-17 1.001533959005385352e-17
6.612905229478077672e+03 5.043905185684209035e-19 9.300490973492606972e-18
6.613461400656736259e+03 -2.052368594443767177e-18 9.852791914557391947e-18
6.614017571835394847e+03 3.185651154071235067e-18 1.193348796099174824e-17
6.614573743014053434e+03 1.370692686392067701e-17 1.071310594883093392e-17
6.615129914192712022e+03 2.772875632466788035e-17 9.703030350711290415e-18
6.615686085371370609e+03 3.832389816966883607e-17 8.536789020769910951e-18
6.616242256550029197e+03 1.726964504953036117e-17 9.180855115101524311e-18
6.616798427728687784e+03 -3.916517048096106079e-18 9.860975054244288376e-18
6.617354598907346372e+03 1.449782448856103383e-18 9.160780736679360594e-18
6.617910770086004959e+03 3.421160083441710463e-18 9.008431567949966760e-18
6.618466941264663546e+03 6.389464411292399550e-18 9.203825459865103086e-18
6.619023112443322134e+03 -6.994148131109907418e-18 9.175272634459237749e-18
6.619579283621980721e+03 2.346730349207005793e-17 1.167446292155882407e-17
6.620135454800639309e+03 1.399821618846356478e-17 1.116681759921315297e-17
6.620691625979297896e+03 1.784095281276867655e-17 9.924546002519805580e-18
6.621247797157956484e+03 1.653243045397768038e-17 9.946676362566965286e-18
6.621803968336615071e+03 -1.594856083565178257e-17 1.584713926124986748e-17
6.622360139515273659e+03 -3.738019249309336009e-19 1.002389767537588633e-17
6.622916310693932246e+03 7.879197802199776176e-18 8.754518713778687713e-18
6.623472481872590834e+03 6.453323273683073461e-18 9.671123036864102234e-18
6.624028653051249421e+03 7.616798550900494313e-18 9.399914950693539444e-18
6.624584824229908008e+03 2.088953354849680906e-17 9.263856786324884170e-18
6.625140995408566596e+03 -8.086983072240490997e-17 1.025353868426027891e-17
6.625697166587225183e+03 -2.096907741569352429e-17 9.599724653768107422e-18
6.626253337765883771e+03 1.769229960368924757e-17 9.644434038620450968e-18
6.626809508944542358e+03 9.689193865754694764e-18 9.546915979690185419e-18
6.627365680123200946e+03 -2.725201989958046556e-18 1.214286723867556710e-17
6.627921851301859533e+03 1.603028832140888022e-17 9.726837916166447805e-18
6.628478022480518121e+03 8.566798875105906988e-18 9.356912158736096837e-18
6.629034193659176708e+03 1.828808694431304756e-17 1.543603109256876470e-17
6.629590364837835295e+03 -1.280753750262521818e-17 1.303909180622698931e-17
6.630146536016493883e+03 1.549623753288723694e-17 9.572018595949343541e-18
6.630702707195152470e+03 2.380738334469817358e-17 9.557008052573499458e-18
6.631258878373811058e+03 1.227828819320762346e-17 9.991252333332491871e-18
6.631815049552469645e+03 2.728017178688762915e-17 9.622329450632514733e-18
6.632371220731128233e+03 2.476012834729270390e-17 9.789664971092712646e-18
6.632927391909786820e+03 7.219298235495736335e-18 9.485806247740783688e-18
6.633483563088445408e+03 -1.330021015131890214e-18 9.467752287851793026e-18
6.634039734267103995e+03 1.208865369492627534e-17 9.284514416400981743e-18
6.634595905445762583e+03 2.162222266413706308e-17 9.963335125319983987e-18
6.635152076624421170e+03 2.523178672535008886e-17 1.025098111337215613e-17
6.635708247803079757e+03 -9.329963626422732103e-18 9.601634598968007722e-18
6.636264418981738345e+03 3.569813749847462396e-18 9.448745902157309519e-18
6.636820590160396932e+03 1.627915698511718975e-17 9.457064344680452148e-18
6.637376761339055520e+03 3.776819171265004887e-18 9.515208544676397541e-18
6.637932932517714107e+03 -8.770741283615638226e-18 9.677182801186102613e-18
6.638489103696372695e+03 -2.277389254831504094e-16 1.300279617130636743e-17
6.639045274875031282e+03 -5.534581021581097503e-17 9.368615973622083943e-18
6.639601446053689870e+03 1.147825282230883288e-17 9.718795170107100187e-18
6.640157617232348457e+03 1.116653642597990529e-17 9.550818837043018354e-18
6.640713788411007044e+03 -1.577826172310720484e-17 1.094163307621660493e-17
6.641269959589665632e+03 -2.689442731192272235e-18 9.190740789955929345e-18
6.641826130768324219e+03 -1.853484694673484937e-18 9.177818696834573204e-18
6.642382301946982807e+03 5.161496619810672043e-18 9.613933082713283295e-18
6.642938473125641394e+03 -5.218913622933162579e-18 9.230032219475247067e-18
6.643494644304299982e+03 1.495604347622130636e-17 9.890722432255048923e-18
6.644050815482958569e+03 -2.398447669065206426e-17 9.504728576407909333e-18
6.644606986661617157e+03 -6.387089125016510423e-18 9.901153618097022428e-18
6.645163157840275744e+03 6.186053476330145469e-18 9.335664632983556701e-18
6.645719329018934332e+03 -5.322733983885931894e-18 9.260314073681504476e-18
6.646275500197592919e+03 2.229142512677967438e-19 1.176938772987537653e-17
6.646831671376251506e+03 -1.548098626930915375e-17 9.685776552533250227e-18
6.647387842554910094e+03 -5.692348440363640276e-19 9.373986320532456183e-18
6.647944013733568681e+03 2.756802499046396753e-17 1.297310736330446532e-17
6.648500184912227269e+03 1.800919622042933207e-17 1.220222632376133072e-17
6.649056356090885856e+03 1.666556452938364635e-17 9.474946466317283289e-18
6.649612527269544444e+03 2.416497602348409933e-18 1.004656364589597897e-17
6.650168698448203031e+03 -3.915576127734805587e-18 1.162698116179770884e-17
6.650724869626861619e+03 -7.218815861259972249e-19 9.105333351796953085e-18
6.651281040805520206e+03 2.162760513976761520e-18 9.635928431261288113e-18
6.651837211984178794e+03 1.918144140028962635e-17 9.508846252632925694e-18
6.652393383162837381e+03 3.373214424888062617e-17 9.826461382521288994e-18
6.652949554341495968e+03 3.587956842984110742e-18 9.491951737119177241e-18
6.653505725520154556e+03 -1.335085406809092932e-17 1.243536777524442493e-17
6.654061896698813143e+03 7.525666874520700879e-19 1.218761473904067272e-17
6.654618067877471731e+03 -4.582560696693034867e-18 9.515538787798881078e-18
6.655174239056130318e+03 -4.664574171156500709e-18 8.985131126083081059e-18
6.655730410234788906e+03 6.781946756134086103e-18 9.132407868684309336e-18
6.656286581413447493e+03 1.701629630963090027e-17 1.379748018392890247e-17
6.656842752592106081e+03 9.215579332077190252e-18 1.154355799039573216e-17
6.657398923770764668e+03 -7.465003565000024281e-19 9.572929062193794362e-18
6.657955094949423255e+03 2.704394397314394993e-17 1.056136425404813451e-17
6.658511266128081843e+03 1.201176403617626454e-17 9.871680711283703035e-18
6.659067437306740430e+03 -1.570359215484886073e-17 9.823306660979851124e-18
6.659623608485399018e+03 -8.593503972220142397e-18 9.440936932054147604e-18
6.660179779664057605e+03 2.244769023971134184e-17 9.807367900658294119e-18
6.660735950842716193e+03 8.696529791768399617e-18 1.080076403478749115e-17
6.661292122021374780e+03 1.382140425848239264e-17 9.634933359643233912e-18
6.661848293200033368e+03 1.021744095085092808e-17 1.574101832513186643e-17
6.662404464378691955e+03 4.817371790734575999e-18 1.032097420120092560e-17
6.662960635557350543e+03 2.080831019825798887e-20 9.573048206271017744e-18
6.663516806736009130e+03 -1.120535639529877123e-18 9.137844307186438684e-18
6.664072977914667717e+03 -5.160464639502026896e-18 9.048585703750800137e-18
6.664629149093326305e+03 -1.703758390548243138e-17 9.201054760123960097e-18
6.665185320271984892e+03 -6.744950624090392879e-18 9.264660407786164303e-18
6.665741491450643480e+03 -1.374500975940422030e-17 1.062850616937710483e-17
6.666297662629302067e+03 1.397785336776677529e-17 9.587938429349022715e-18
6.666853833807960655e+03 2.786722985140808595e-17 1.020277705790031640e-17
6.667410004986619242e+03 1.123505828241458925e-17 8.699759362183612717e-18
6.667966176165277830e+03 3.080311699674204606e-18 1.127951799873749401e-17
6.668522347343936417e+03 1.215670186230362871e-18 9.308828394602493158e-18
6.669078518522595004e+03 1.527296132349399625e-18 1.006690639700055538e-17
6.669634689701253592e+03 1.040292946742561188e-17 9.567486096640573107e-18
6.670190860879912179e+03 -9.523504296674668824e-18 8.803304592223520646e-18
6.670747032058570767e+03 -8.938488041336331783e-18 8.779574882123458278e-18
6.671303203237229354e+03 6.599757355055373728e-18 9.582053287716057078e-18
6.671859374415887942e+03 2.715362209942758952e-17 9.518240833179135196e-18
6.672415545594546529e+03 1.338999031581660142e-17 9.191396603883950572e-18
6.672971716773205117e+03 1.408725145485799123e-17 8.971334246811334873e-18
6.673527887951863704e+03 4.302716082966384770e-17 1.122361372146734937e-17
6.674084059130522292e+03 2.239249322952490170e-17 9.610872441221239567e-18
6.674640230309180879e+03 8.345649514414862460e-18 9.991787195888925839e-18
6.675196401487839466e+03 -2.405680216084715038e-17 1.154042745435191228e-17
6.675752572666498054e+03 -6.222186474701078573e-18 1.000265839884066774e-17
6.676308743845156641e+03 3.276923391483634088e-17 1.175649608322339051e-17
6.676864915023815229e+03 1.344255689057551285e-17 9.905795143273719785e-18
6.677421086202473816e+03 2.619234625979816995e-18 9.124894169029571015e-18
6.677977257381132404e+03 4.256600327356115998e-18 1.047555728223295328e-17
6.678533428559790991e+03 -4.503847085418880367e-18 9.704456817471851178e-18
6.679089599738449579e+03 2.416058068956709831e-17 9.348977859008565250e-18
6.679645770917108166e+03 1.161682225596943527e-17 9.945911808965396326e-18
6.680201942095766753e+03 2.919465646612338341e-17 9.783809344920456482e-18
6.680758113274425341e+03 5.072776170052072772e-17 1.091501229662372395e-17
6.681314284453083928e+03 2.961491854155271708e-17 1.077541441710437633e-17
6.681870455631742516e+03 -1.270683623758309870e-17 9.595331557044908771e-18
6.682426626810401103e+03 -9.458470300294459158e-18 9.775693556665953054e-18
6.682982797989059691e+03 -7.153162040984417711e-18 9.629394001904817523e-18
6.683538969167718278e+03 5.356854508607089007e-18 1.082394612181966091e-17
6.684095140346376866e+03 8.632286865247567570e-18 9.407436376291818543e-18
6.684651311525035453e+03 -1.901783529423451086e-18 9.848728440683690186e-18
6.685207482703694041e+03 6.479810711961571401e-18 9.332688042861357637e-18
6.685763653882352628e+03 4.875305224182443705e-18 9.164022113094484357e-18
6.686319825061011215e+03 4.070698128515613576e-17 1.002908871082179837e-17
6.686875996239669803e+03 3.748386547535129744e-19 9.608186589831329777e-18
6.687432167418328390e+03 1.247415480064496524e-17 9.643240132675557579e-18
6.687988338596986978e+03 5.473665883877668124e-17 1.245488663762865434e-17
6.688544509775645565e+03 -1.098035851067623547e-17 9.447367184520881455e-18
6.689100680954304153e+03 -1.852010254701718943e-19 1.101629814015839912e-17
6.689656852132962740e+03 -5.691270983976509580e-18 9.574651454821566342e-18
6.690213023311621328e+03 -2.008197744948045026e-17 8.967082615201233641e-18
6.690769194490279915e+03 -9.257990831425640864e-18 9.676712614686559345e-18
6.691325365668938502e+03 2.844361198501153696e-17 1.021185014082816688e-17
6.691881536847597090e+03 6.522914090335464661e-18 9.416626974447563015e-18
6.692437708026255677e+03 6.099698431615371856e-17 1.048742293273279801e-17
6.692993879204914265e+03 2.519779272112849220e-17 9.122277844508632633e-18
6.693550050383572852e+03 2.132858533586324222e-17 9.264568900158362360e-18
6.694106221562231440e+03 -3.129409396313379160e-18 1.021033795877173500e-17
6.694662392740890027e+03 7.115299921776609063e-18 1.022829873203203961e-17
6.695218563919548615e+03 -1.323334181725186468e-17 9.529587418177899828e-18
6.695774735098207202e+03 -6.296494374726338277e-18 9.841830832313599770e-18
6.696330906276865790e+03 -3.268555745472738932e-17 9.782458607067261573e-18
6.696887077455524377e+03 -2.216469607998149095e-17 9.234830058671715056e-18
6.697443248634182964e+03 -4.784610327019016178e-18 9.582287501020369414e-18
6.697999419812841552e+03 1.707406633053187068e-17 1.040027069917847133e-17
6.698555590991500139e+03 1.160998718420894148e-17 1.008659360920967648e-17
6.699111762170158727e+03 -7.404703248730953072e-18 9.419549670357807687e-18
6.699667933348817314e+03 1.044305397082967597e-17 9.012752043016762968e-18
6.700224104527475902e+03 -1.607302073958806776e-17 8.792780139066246403e-18
6.700780275706134489e+03 -1.631200055507822342e-17 8.735619990411917445e-18
6.701336446884793077e+03 -4.151530366954484878e-18 9.033991263049720621e-18
6.701892618063451664e+03 -6.535988641253382800e-18 9.289736212427781881e-18
6.702448789242110252e+03 -1.241089698601767415e-18 9.519159455574911299e-18
6.703004960420768839e+03 6.158315576270168967e-19 9.321468778927672968e-18
6.703561131599427426e+03 1.070138687922887375e-17 9.673118057594656351e-18
6.704117302778086014e+03 -4.924984766455922863e-19 9.255047077924537480e-18
6.704673473956744601e+03 2.153198455853484866e-17 9.234848638423521316e-18
6.705229645135403189e+03 -5.353519177041218785e-18 1.276509296402006058e-17
6.705785816314061776e+03 9.496521002415996338e-19 8.692300221245348081e-18
6.706341987492720364e+03 -2.164072420956402389e-17 9.075146843916299197e-18
6.706898158671378951e+03 -1.571245359713417251e-17 9.111325234819449441e-18
6.707454329850037539e+03 4.014538834212924448e-17 9.954487771858811720e-18
6.708010501028696126e+03 1.660026008813426481e-17 9.628124388885306886e-18
6.708566672207354713e+03 -8.020688306852357226e-18 1.020740440995573410e-17
6.709122843386013301e+03 1.438076088862086008e-17 1.004492580230824240e-17
6.709679014564671888e+03 5.092279358644793477e-18 9.270626453033949554e-18
6.710235185743330476e+03 -1.543781646990927213e-17 1.090889748649057620e-17
6.710791356921989063e+03 1.601499319913706890e-17 9.321086517283070452e-18
6.711347528100647651e+03 1.807243009612005760e-17 9.399512314954864455e-18
6.711903699279306238e+03 -2.208687604686346084e-18 9.048842116115823444e-18
6.712459870457964826e+03 -8.596579269236939283e-18 9.630658071129980447e-18
6.713016041636623413e+03 -3.518394384447729120e-19 9.926664836304638225e-18
6.713572212815282001e+03 1.042318245683091990e-17 1.084315826386075158e-17
6.714128383993940588e+03 1.634665213697718028e-17 9.020642696420000233e-18
6.714684555172599175e+03 3.208582759471361738e-17 9.725983324885376075e-18
6.715240726351257763e+03 1.692100819790241071e-17 9.169180706126966369e-18
6.715796897529916350e+03 1.188943017410568020e-17 1.123741137460012498e-17
6.716353068708574938e+03 -1.323770889745150768e-17 9.191352300997034181e-18
6.716909239887233525e+03 -1.973914945181688705e-19 8.957561305626389655e-18
6.717465411065892113e+03 3.017628726184071116e-18 8.871797188868644180e-18
6.718021582244550700e+03 4.649261675687183447e-17 9.704592880823714183e-18
6.718577753423209288e+03 1.604391881563510808e-17 8.992727153523661852e-18
6.719133924601867875e+03 1.003503754088377985e-17 9.065751825424283831e-18
6.719690095780526462e+03 -9.030710226414757634e-18 9.356001288522495340e-18
6.720246266959185050e+03 1.567331178972873893e-17 9.784389983882396485e-18
6.720802438137843637e+03 -7.972850875460224904e-18 9.702336186093754839e-18
6.721358609316502225e+03 -1.800558884557180949e-17 9.140968416916477763e-18
6.721914780495160812e+03 -8.183436950326802717e-18 9.295513747130877629e-18
6.722470951673819400e+03 -2.224674957322572401e-17 9.723256322078185361e-18
6.723027122852477987e+03 -5.646533455785964444e-17 9.441621094014063435e-18
6.723583294031136575e+03 6.377122949626857883e-18 1.124718360492343781e-17
6.724139465209795162e+03 4.884293670983843274e-17 9.821838405897782637e-18
6.724695636388453750e+03 1.387909739117236645e-17 1.162802069212278719e-17
6.725251807567112337e+03 6.422942878883762137e-19 1.122794628300375967e-17
6.725807978745770924e+03 7.168993549063635641e-18 9.663766042888984396e-18
6.726364149924429512e+03 -2.293215684263856644e-18 8.594955798724977325e-18
6.726920321103088099e+03 6.119994217890771839e-18 8.480210800007916837e-18
6.727476492281746687e+03 -2.309259329443774324e-17 9.723232662075198038e-18
6.728032663460405274e+03 -1.519473646605096691e-17 9.910145547866453740e-18
6.728588834639063862e+03 -2.329523104814399709e-17 1.018687957728069626e-17
6.729145005817722449e+03 -1.872500809788525468e-17 8.907885226147977086e-18
6.729701176996381037e+03 -8.571839447152860657e-18 9.083556486101109403e-18
6.730257348175039624e+03 1.544655789802385834e-18 9.234794486251185133e-18
6.730813519353698211e+03 -1.832203855820721019e-18 8.936510218944065511e-18
6.731369690532356799e+03 1.546921316099159857e-17 9.431138606760114197e-18
6.731925861711015386e+03 5.246651624362661923e-18 8.540006154760146181e-18
6.732482032889673974e+03 2.155016971074203667e-17 8.605273370018166641e-18
6.733038204068332561e+03 1.961066684019699429e-17 9.680456897480875157e-18
6.733594375246991149e+03 -1.070573221398340908e-17 1.097940015248375952e-17
6.734150546425649736e+03 3.009730532920588293e-17 8.794614690480810926e-18
6.734706717604308324e+03 9.230759361538653933e-18 9.327487418469756920e-18
6.735262888782966911e+03 -1.794530970903189152e-17 9.093215443831852102e-18
6.735819059961625499e+03 2.174340769606521770e-17 8.912233226661549142e-18
6.736375231140284086e+03 1.148472211667909418e-16 1.218381879845917028e-17
6.736931402318942673e+03 -2.622448853592643701e-17 1.062092695891131324e-17
6.737487573497601261e+03 -9.051001378865817228e-18 8.697785759677129745e-18
6.738043744676259848e+03 1.844578656257485263e-17 9.173399596116760481e-18
6.738599915854918436e+03 6.251209867849092586e-17 1.352044420539495527e-17
6.739156087033577023e+03 3.310839948901413626e-17 1.127379179274411522e-17
6.739712258212235611e+03 7.716242417722967481e-17 9.556866245566514157e-18
6.740268429390894198e+03 2.299064868918661620e-17 9.862973805522249882e-18
6.740824600569552786e+03 2.449866170630831040e-18 8.926385721735481383e-18
6.741380771748211373e+03 -2.487666847899122612e-17 1.009225712598627350e-17
6.741936942926869961e+03 6.438680999237568152e-19 9.220220169271841643e-18
6.742493114105528548e+03 1.173279928929703248e-17 1.121114639800091052e-17
6.743049285284187135e+03 -2.141437606626580903e-17 9.128303437631877233e-18
6.743605456462845723e+03 1.050233334476990914e-17 8.857698068584623739e-18
6.744161627641504310e+03 1.427938795398844062e-17 9.524118806206400868e-18
6.744717798820162898e+03 7.481871584058441437e-18 8.721722716587464754e-18
6.745273969998821485e+03 7.792090261758692158e-18 8.886963727603367755e-18
6.745830141177480073e+03 4.148433736274589989e-17 1.010669434210323971e-17
6.746386312356138660e+03 2.054310249190514315e-17 9.204675315692351989e-18
6.746942483534797248e+03 -7.748545756179214753e-17 1.522601951994300247e-17
6.747498654713455835e+03 4.101874743259274422e-17 9.431821568155367059e-18
6.748054825892114422e+03 1.988578282912496563e-17 8.790681949685667302e-18
6.748610997070773010e+03 -1.453217977494843165e-18 9.060138963558566890e-18
6.749167168249431597e+03 1.076886035044406083e-17 8.478922271465665515e-18
6.749723339428090185e+03 6.792043811797813683e-18 8.227317818159188756e-18
6.750279510606748772e+03 -1.564832584756286348e-17 8.899073240990254984e-18
6.750835681785407360e+03 -9.020812169983865822e-18 8.301317697689116592e-18
6.751391852964065947e+03 -1.341391519047627988e-17 8.327938558366996275e-18
6.751948024142724535e+03 -7.552640333530838980e-18 8.612024536039031561e-18
6.752504195321383122e+03 2.879648110671412738e-18 1.046836106212106397e-17
6.753060366500041710e+03 2.068317371633591436e-14 8.197833424626434136e-17
6.753616537678700297e+03 -1.115550783208641385e-17 9.398339585489482105e-18
6.754172708857358884e+03 -1.058034363215224238e-17 8.576013827713888169e-18
6.754728880036017472e+03 -1.467747048574789544e-17 8.631915888353882115e-18
6.755285051214676059e+03 1.038341455202197898e-17 8.781835299260324351e-18
6.755841222393334647e+03 -6.771064616329816089e-18 8.710629879140184261e-18
6.756397393571993234e+03 -1.189702980020382104e-17 8.416762814611622251e-18
6.756953564750651822e+03 -2.117113373503921273e-17 1.226469006111863431e-17
6.757509735929310409e+03 2.905287268468444125e-17 8.755726963703045523e-18
6.758065907107968997e+03 2.631765882376996191e-17 1.088997848363606229e-17
6.758622078286627584e+03 -5.780858172173859427e-18 8.901862766001055529e-18
6.759178249465286171e+03 -1.194547955424838067e-17 8.836285639443233526e-18
6.759734420643944759e+03 -1.092984764252642496e-17 8.139880438429379002e-18
6.760290591822603346e+03 -2.350505660030587379e-17 8.040279917705085143e-18
6.760846763001261934e+03 -7.307021331586409675e-18 7.941469677770845706e-18
6.761402934179920521e+03 6.751130609167621831e-18 8.179347890732835053e-18
6.761959105358579109e+03 1.306948494551280187e-17 8.431919567153921085e-18
6.762515276537237696e+03 2.703113158605928151e-18 8.136250920407721460e-18
6.763071447715896284e+03 1.949087978142755623e-17 8.307500809617804607e-18
6.763627618894554871e+03 3.929606202252211604e-17 9.331154978567463199e-18
6.764183790073213459e+03 -4.127090592416599445e-19 8.757864116503527600e-18
6.764739961251872046e+03 8.478661336642413072e-18 8.671680903560133361e-18
6.765296132430530633e+03 8.327140357501871722e-19 8.703915083064841540e-18
6.765852303609189221e+03 -4.527286778569722900e-18 8.437645356729469597e-18
6.766408474787847808e+03 -6.448476853211427153e-18 8.860541471237298354e-18
6.766964645966506396e+03 -1.511541362342247250e-18 8.393730270608933883e-18
6.767520817145164983e+03 1.734052456866824242e-17 8.030523881560677507e-18
6.768076988323823571e+03 1.845558158446536284e-17 8.150347917747715331e-18
6.768633159502482158e+03 2.111198869589156090e-17 8.561514041545103381e-18
6.769189330681140746e+03 1.774668509411682842e-18 8.768460737901501728e-18
6.769745501859799333e+03 -3.483023651499280806e-18 9.257080130178024152e-18
6.770301673038457920e+03 -6.578656720791630945e-18 8.846621217276033980e-18
6.770857844217116508e+03 5.248569555195238028e-18 8.597973076526311056e-18
6.771414015395775095e+03 3.845237385142504271e-18 8.995232646809589071e-18
6.771970186574433683e+03 1.579272550818745773e-17 8.690480784696156287e-18
6.772526357753092270e+03 6.866069158578355174e-17 1.035198234333888346e-17
6.773082528931750858e+03 -1.003060145467661880e-18 1.143888703435602048e-17
6.773638700110409445e+03 4.363529744259186911e-18 8.243644664535115275e-18
6.774194871289068033e+03 2.354786928735322724e-17 8.108961479748051679e-18
6.774751042467726620e+03 -4.559288813809707522e-19 8.481955936528354716e-18
6.775307213646385208e+03 2.223696173875325417e-17 9.410913113613528230e-18
6.775863384825043795e+03 1.472906864557663532e-17 8.856188209686039076e-18
6.776419556003702382e+03 -7.079200383782573983e-19 8.450646698184549884e-18
6.776975727182360970e+03 -4.524199264012247513e-18 8.526155308163333171e-18
6.777531898361019557e+03 6.858088071447234849e-18 9.501777564308567282e-18
6.778088069539678145e+03 -1.041531816933133450e-18 1.052688883267469007e-17
6.778644240718336732e+03 4.907082861842151728e-18 7.969100144464672491e-18
6.779200411896995320e+03 1.811709596480686362e-18 8.424538450121482649e-18
6.779756583075653907e+03 1.766237055513333984e-17 9.151405401044100232e-18
6.780312754254312495e+03 -1.228921764811400367e-17 9.023702741818610107e-18
6.780868925432971082e+03 -1.417454279118945993e-18 8.463131113204664088e-18
6.781425096611629669e+03 -9.726224708034961568e-18 8.354084337626914028e-18
6.781981267790288257e+03 -2.233631413388795154e-18 9.255219483483104985e-18
6.782537438968946844e+03 6.345431341836121190e-18 9.336536929675540153e-18
6.783093610147605432e+03 2.006976788747116231e-17 9.768281867126541896e-18
6.783649781326264019e+03 3.625680605307564608e-18 9.410009980043952772e-18
6.784205952504922607e+03 -6.600837372911152955e-18 1.004033820786699205e-17
6.784762123683581194e+03 -3.310344814411207560e-18 7.916744762268543270e-18
6.785318294862239782e+03 -8.051778137515601692e-18 7.920981199496694958e-18
6.785874466040898369e+03 -2.021288106630156175e-17 7.791702577614648047e-18
6.786430637219556957e+03 -5.129628724983479909e-18 8.819580595626959167e-18
6.786986808398215544e+03 6.767574741289755827e-18 9.855542220937083356e-18
6.787542979576874131e+03 -6.068364256075537570e-19 7.928711368739108811e-18
6.788099150755532719e+03 -6.838054426450026284e-18 8.308508947178686112e-18
6.788655321934191306e+03 -3.263378182670244619e-18 8.208328016316959086e-18
6.789211493112849894e+03 9.777174934487869706e-20 8.049723540917373613e-18
6.789767664291508481e+03 2.493484702115690068e-18 8.010547019137743248e-18
6.790323835470167069e+03 7.342434582483981528e-18 8.337591605263827089e-18
6.790880006648825656e+03 -3.559935436086999665e-18 8.012070352502626385e-18
6.791436177827484244e+03 1.112118496305465143e-20 9.969887034887454996e-18
6.791992349006142831e+03 -9.327439959580818599e-18 9.949907552164880196e-18
6.792548520184801419e+03 -7.209506968404353218e-18 7.965444104753814216e-18
6.793104691363460006e+03 -9.650086849741168427e-18 8.306023542094473429e-18
6.793660862542118593e+03 3.238136946100651647e-18 8.380896980814233858e-18
6.794217033720777181e+03 -1.220052663859835213e-17 1.106748799388770881e-17
6.794773204899435768e+03 -8.306473424841848385e-18 1.093252634117006082e-17
6.795329376078094356e+03 4.464803121209865142e-18 8.828492466807700830e-18
6.795885547256752943e+03 5.471828025052842461e-18 7.809124306767179945e-18
6.796441718435411531e+03 -2.068638427766434347e-18 7.753187424610221536e-18
6.796997889614070118e+03 7.720493260115893570e-18 7.942701757515063800e-18
6.797554060792728706e+03 5.601744201651152287e-18 7.972163260970279991e-18
6.798110231971387293e+03 9.058138393336979602e-19 8.305348187587295750e-18
6.798666403150045880e+03 8.718320634748150074e-18 8.345957027455921241e-18
6.799222574328704468e+03 3.089537748425974887e-18 8.234297918384922585e-18
6.799778745507363055e+03 1.326682004156377688e-18 7.973435850384165037e-18
6.800334916686021643e+03 2.365181130468113883e-17 7.835202236926470695e-18
6.800891087864680230e+03 -1.112083244721851294e-17 1.024120493831697337e-17
6.801447259043338818e+03 8.825164947874246900e-18 8.009666264138613545e-18
6.802003430221997405e+03 1.624819299348284556e-17 8.400402010421770248e-18
6.802559601400655993e+03 -6.901449751545083749e-19 8.201590203182969659e-18
6.803115772579314580e+03 -5.988482753249352441e-18 8.117995910481471069e-18
6.803671943757973168e+03 -1.305637007935623171e-17 7.837261747238759261e-18
6.804228114936631755e+03 -7.296381904680522673e-18 7.794153063002586822e-18
6.804784286115290342e+03 -2.933266828942768406e-18 8.067587181478600945e-18
6.805340457293948930e+03 1.027383859657839834e-17 8.141405922075485303e-18
6.805896628472607517e+03 5.543589384029952787e-18 9.546429911528803720e-18
6.806452799651266105e+03 1.892192419802663605e-18 1.026088551102747195e-17
6.807008970829924692e+03 1.878738474174941474e-17 8.381661690798906120e-18
6.807565142008583280e+03 2.906431365197875480e-17 9.282115623184616482e-18
6.808121313187241867e+03 1.711109975029245431e-17 1.045714743346825426e-17
6.808677484365900455e+03 3.024140310416321849e-17 1.032009066685321373e-17
6.809233655544559042e+03 9.766606938337565439e-18 8.309749944632399934e-18
6.809789826723217629e+03 1.156399421741858377e-19 8.369802896994203825e-18
6.810345997901876217e+03 -1.121175545195768840e-17 9.727960958374678837e-18
6.810902169080534804e+03 -1.119063628160896392e-17 9.517809340633317965e-18
6.811458340259193392e+03 -6.416764366112267291e-19 7.753662559222678219e-18
6.812014511437851979e+03 9.138501977818790703e-18 8.255781351129149180e-18
6.812570682616510567e+03 2.039563103964433865e-17 8.097394274494214179e-18
6.813126853795169154e+03 1.873517500268371111e-17 7.720473166537192170e-18
6.813683024973827742e+03 1.087683314486772457e-17 7.921125649341004446e-18
6.814239196152486329e+03 -5.294118064148871540e-20 1.045512809414392474e-17
6.814795367331144917e+03 -1.059186064147371373e-17 8.357621455247932039e-18
6.815351538509803504e+03 -1.344750963599742862e-17 8.350236462681620973e-18
6.815907709688462091e+03 1.301320537725312974e-17 8.282448617016834989e-18
6.816463880867120679e+03 7.686712344767456642e-18 8.012871299824231861e-18
6.817020052045779266e+03 -4.321939330927281014e-18 8.137826659802602809e-18
6.817576223224437854e+03 5.884073370312066813e-18 8.382222121211336184e-18
6.818132394403096441e+03 -6.986765095946405342e-18 8.141134376481461262e-18
6.818688565581755029e+03 -1.001213097585010917e-17 8.018607215060166985e-18
6.819244736760413616e+03 -1.239384219771631223e-17 7.894269619728804516e-18
6.819800907939072204e+03 -3.429588680939211665e-18 8.107548154024493036e-18
6.820357079117730791e+03 -2.606128426848991713e-18 8.074295840715554770e-18
6.820913250296389378e+03 7.581328830002931986e-18 8.359606905007159601e-18
6.821469421475047966e+03 2.403344333611623608e-18 9.691855310113737724e-18
6.822025592653706553e+03 2.290255409653955138e-18 8.612297001189192334e-18
6.822581763832365141e+03 -1.167114546943304468e-17 8.586652952540915904e-18
6.823137935011023728e+03 -1.563917629911092430e-17 8.203211875960954859e-18
6.823694106189682316e+03 -2.121402933141128793e-18 8.807096662779065121e-18
6.824250277368340903e+03 1.381756015046568570e-17 9.103541569732240924e-18
6.824806448546999491e+03 2.017926618492828919e-17 9.076027543930201402e-18
6.825362619725658078e+03 2.005268754586493804e-18 8.229435793803006471e-18
6.825918790904316666e+03 -9.923816721779889542e-18 9.857003088028895287e-18
6.826474962082975253e+03 8.804016669044027267e-18 1.231986872127330163e-17
6.827031133261633840e+03 -1.545613022034033219e-17 1.204560988043199340e-17
6.827587304440292428e+03 2.708617748984881402e-18 7.949135140179358155e-18
6.828143475618951015e+03 4.299041067128841357e-18 7.918050449365313977e-18
6.828699646797609603e+03 1.183655894829915082e-17 8.652302867030601003e-18
6.829255817976268190e+03 4.231997650335606203e-18 8.071438411049519337e-18
6.829811989154926778e+03 1.036504995665696526e-17 8.149878819611291885e-18
6.830368160333585365e+03 1.661955777014930169e-17 8.730607530791840923e-18
6.830924331512243953e+03 6.298481224625803979e-18 8.460456834391131405e-18
6.831480502690902540e+03 1.135034228974159230e-17 8.250034859462235589e-18
6.832036673869561128e+03 2.299370832779063602e-17 8.615946540968736296e-18
6.832592845048219715e+03 3.025463781680849493e-17 8.485024260530519651e-18
6.833149016226878302e+03 1.307615031791392416e-17 8.650760786494528685e-18
6.833705187405536890e+03 -2.690105863009405203e-18 8.180562160209210700e-18
6.834261358584195477e+03 -4.109554456258999345e-18 8.013467162634849558e-18
6.834817529762854065e+03 1.922723210174353730e-17 8.598435433048229456e-18
6.835373700941512652e+03 4.688738396250899637e-18 8.116887406099003201e-18
6.835929872120171240e+03 -1.447556370642697575e-17 8.768782086680383148e-18
6.836486043298829827e+03 -5.652951027277250604e-19 8.161037442875194656e-18
6.837042214477488415e+03 7.063794165367068024e-18 8.284416840863670239e-18
6.837598385656147002e+03 7.548847858480907295e-18 8.718032040606193630e-18
6.838154556834805589e+03 1.907123065216545886e-17 8.704502736910971789e-18
6.838710728013464177e+03 2.076061178764159082e-17 1.083345097336847128e-17
6.839266899192122764e+03 6.477213326479736987e-17 1.128801917321445250e-17
6.839823070370781352e+03 2.393750688888838258e-17 8.667855105036438502e-18
6.840379241549439939e+03 -1.167392261226420958e-17 9.819953010253165656e-18
6.840935412728098527e+03 -7.825294699272177899e-18 9.980290215175272833e-18
6.841491583906757114e+03 8.745051778819792721e-18 1.079983769959026261e-17
6.842047755085415702e+03 -1.546683621320039800e-17 1.079846279180444420e-17
6.842603926264074289e+03 -9.538779497916259776e-18 1.048578928417147103e-17
6.843160097442732877e+03 -4.539369729984655598e-18 9.073730814110495927e-18
6.843716268621391464e+03 -2.199154057183612527e-17 8.958376154255871502e-18
6.844272439800050051e+03 2.919714671784332237e-17 8.891460213200895036e-18
6.844828610978708639e+03 1.996452313943593351e-17 1.009567306476554217e-17
6.845384782157367226e+03 4.415547057585737028e-18 8.331169025970897719e-18
6.845940953336025814e+03 6.089792936799454174e-18 8.743881732094434588e-18
6.846497124514684401e+03 2.160768877624437456e-17 8.900697357648913752e-18
6.847053295693342989e+03 1.226692838810337754e-17 8.958671117950545957e-18
6.847609466872001576e+03 1.617783554864774309e-17 9.939221542404253211e-18
6.848165638050660164e+03 7.036455698715996081e-18 8.854639127394557446e-18
6.848721809229318751e+03 1.717284019876433856e-18 1.034476528489698416e-17
6.849277980407977338e+03 2.022557741517179224e-17 9.442681707096626280e-18
6.849834151586635926e+03 1.301943863850308470e-18 8.925014253303316001e-18
6.850390322765294513e+03 2.927315305518029242e-17 9.073056155420173569e-18
6.850946493943953101e+03 1.397895567298662266e-17 8.843668778649862319e-18
6.851502665122611688e+03 -2.613430343426283592e-18 9.317184051546285559e-18
6.852058836301270276e+03 -7.926560275093400788e-18 8.922936489860860540e-18
6.852615007479928863e+03 -9.871224445314657015e-19 9.564404448173619477e-18
6.853171178658587451e+03 -5.349148979187699467e-18 9.226510029584247535e-18
6.853727349837246038e+03 -4.365050982065690308e-18 9.383919967510998644e-18
6.854283521015904626e+03 1.027321949323324425e-17 1.043059681806458467e-17
6.854839692194563213e+03 -1.648293158544156737e-17 9.391734366034325263e-18
6.855395863373221800e+03 -1.313530179178649683e-17 8.956525321864834486e-18
6.855952034551880388e+03 -1.019874174154665930e-17 1.040221330754884988e-17
6.856508205730538975e+03 -5.674070601996484361e-18 1.064509872361903602e-17
6.857064376909197563e+03 -6.094442577614213854e-18 9.203757232685546183e-18
6.857620548087856150e+03 -1.765840406937889868e-17 1.163674072804498605e-17
6.858176719266514738e+03 -2.841041064985147031e-18 9.561371359861451595e-18
6.858732890445173325e+03 1.477304478473528285e-17 9.935098085847048280e-18
6.859289061623831913e+03 -3.526897116399513261e-19 9.741248050082247321e-18
6.859845232802490500e+03 1.946165131891601163e-17 9.779298311428096139e-18
6.860401403981149087e+03 1.530742616278448492e-17 9.390746457254960237e-18
6.860957575159807675e+03 -2.020466155918404709e-17 9.564350598550488550e-18
6.861513746338466262e+03 1.136611040949731194e-17 9.319425409467201501e-18
6.862069917517124850e+03 3.208657439040798339e-17 1.008446248698581764e-17
6.862626088695783437e+03 -4.114448697118388673e-18 9.398609898581975830e-18
6.863182259874442025e+03 6.205123034248567758e-18 1.204902878425722833e-17
6.863738431053100612e+03 1.306715611707743923e-17 9.936131854623204628e-18
6.864294602231759200e+03 1.713324543243248805e-17 1.139257458788860341e-17
6.864850773410417787e+03 -1.093314474940212984e-17 9.450836261505313118e-18
6.865406944589076375e+03 -3.063149251051137483e-17 1.189354841719647796e-17
6.865963115767734962e+03 -4.407909732033727085e-19 1.593398346280737430e-17
6.866519286946393549e+03 3.501910366275395108e-17 9.925258424186747725e-12
