# obs_wvl flux error  |  merged epoch (resel): STIS MAMA
1.138000000000000000e+03 1.263080199649267363e-14 2.099544462710791620e-14
1.139167355034950106e+03 -3.726958269477446443e-16 2.162733282712940519e-15
1.140334710069900211e+03 -8.907696981192308945e-16 4.122726677487442951e-19
1.141502065104850317e+03 6.197506055362205358e-17 5.241533390087549930e-16
1.142669420139800422e+03 3.615604026371762836e-16 5.003404720873474272e-16
1.143836775174750528e+03 -1.426343630395308314e-16 1.200461242972424794e-16
1.145004130209700634e+03 -1.504326471156021596e-16 3.020178834503232657e-17
1.146171485244650739e+03 -1.282309877180023124e-16 5.756617937979325214e-20
1.147338840279600845e+03 2.425583129704602866e-17 1.275255315368842955e-16
1.148506195314550951e+03 1.587272779775103888e-17 1.015939067325995150e-16
1.149673550349501056e+03 -5.188950476254187299e-17 3.568874134461082986e-17
1.150840905384451162e+03 -3.744107057366302091e-18 5.464327309781984192e-17
1.152008260419401267e+03 2.430703941385775130e-17 6.579813863242608182e-17
1.153175615454351373e+03 5.258371611929066476e-17 7.354826624766749713e-17
1.154342970489301479e+03 1.993391291017292922e-17 5.322191357027033722e-17
1.155510325524251584e+03 6.292749191509229204e-17 6.413238863461497460e-17
1.156677680559201690e+03 1.042491300528145198e-17 3.345231556724469112e-17
1.157845035594151796e+03 -2.575854990210951761e-17 9.402964912711955456e-18
1.159012390629101901e+03 3.568352782738462282e-18 3.674302989878368862e-17
1.160179745664052007e+03 -3.174273289676654721e-17 1.309331184660110902e-20
1.161347100699002112e+03 2.999049681322775203e-17 4.334906490020961325e-17
1.162514455733952218e+03 8.942189571008801122e-18 3.109623576574223560e-17
1.163681810768902324e+03 -3.959454413181827052e-18 2.392778828669454433e-17
1.164849165803852429e+03 -1.909891934122962163e-17 7.723059109137025118e-18
1.166016520838802535e+03 3.236789223261917067e-17 4.141374908430590329e-17
1.167183875873752640e+03 2.165510973268104484e-18 2.748032477868518878e-17
1.168351230908702746e+03 -2.458897161200067013e-17 9.697405402657901870e-21
1.169518585943652852e+03 4.016328875409969934e-17 3.765211451279996150e-17
1.170685940978602957e+03 -4.431121732206535883e-18 1.745846653010157489e-17
1.171853296013553063e+03 2.226353439615947835e-18 2.318827913289639644e-17
1.173020651048503169e+03 2.739443156122957967e-18 2.445552197900884795e-17
1.174188006083453274e+03 1.643749079219339962e-17 2.685351872453131382e-17
1.175355361118403380e+03 5.845611784938915238e-18 2.146647053679381489e-17
1.176522716153353485e+03 -4.910780741375377421e-18 1.491850707629782639e-17
1.177690071188303591e+03 -1.399347662046529276e-17 5.289615000026796186e-18
1.178857426223253697e+03 -1.884440147412301083e-17 7.380969193368522247e-21
1.180024781258203802e+03 -1.834497397133068640e-17 7.072007873739900254e-21
1.181192136293153908e+03 -1.799749258311686071e-17 7.092973015674221407e-21
1.182359491328104014e+03 6.551735981603821964e-18 1.926917668723289933e-17
1.183526846363054119e+03 5.436736347057909760e-17 3.362881662344584762e-17
1.184694201398004225e+03 1.606815992754446902e-18 1.703646676527749386e-17
1.185861556432954330e+03 2.182008229365653445e-17 2.184008302897851766e-17
1.187028911467904436e+03 4.154103123298623015e-18 1.391630285004256526e-17
1.188196266502854542e+03 1.730741289770355834e-17 1.998048186832684023e-17
1.189363621537804647e+03 -4.845144919104543932e-19 1.124129617641374160e-17
1.190530976572754753e+03 -1.070301477228255735e-17 4.046181789442613989e-18
1.191698331607704858e+03 -4.119265532760791734e-18 1.021601454412436778e-17
1.192865686642654964e+03 1.733362908179810706e-17 2.110130990659285230e-17
1.194033041677605070e+03 2.412557505441696760e-17 2.218265193555312720e-17
1.195200396712555175e+03 7.914231245250996870e-18 1.551123223032817213e-17
1.196367751747505281e+03 5.277688635365290030e-17 2.565264713342880743e-17
1.197535106782455387e+03 3.369038802320377069e-17 1.826477625480687434e-17
1.198702461817405492e+03 3.939952492881485813e-17 2.035720248411945126e-17
1.199869816852355598e+03 6.722012773298682656e-17 2.681272346459040280e-17
1.201037171887305703e+03 6.655914790146536278e-17 2.813708388913535539e-17
1.202204526922255809e+03 1.016278519403152833e-16 3.591622456949574719e-17
1.203371881957205915e+03 7.689053143243514668e-17 2.909628715100345246e-17
1.204539236992156020e+03 7.668986580754245098e-18 3.572594872533680538e-17
1.205706592027106126e+03 5.207897873335250111e-17 4.620576070055481920e-17
1.206873947062056232e+03 -5.576112285803997898e-17 3.480224529301931636e-17
1.208041302097006337e+03 -6.024461842891137593e-17 5.294596182523532224e-17
1.209208657131956443e+03 1.078260134194227284e-17 1.300291079496213089e-16
1.210376012166906548e+03 1.280761928842631119e-17 2.038493448536484973e-16
1.211543367201856654e+03 1.907410638830040686e-16 2.111549826062292961e-16
1.212710722236806760e+03 2.657437418085724606e-16 2.068491037980183205e-16
1.213878077271756865e+03 -4.867631656195070059e-17 2.024771846747646815e-16
1.215045432306706971e+03 -3.399313982293546407e-16 1.954644836423668382e-16
1.216212787341657076e+03 -1.281909955931866317e-16 2.001183615154181285e-16
1.217380142376607182e+03 3.890221631553572546e-16 1.984985946359767852e-16
1.218547497411557288e+03 9.354664766183673628e-17 1.905655944227230898e-16
1.219714852446507393e+03 -2.946729963137333709e-16 1.795099371137258944e-16
1.220882207481457499e+03 3.151047547087845167e-17 1.687864781519794822e-16
1.222049562516407605e+03 1.649029628289680496e-16 8.870163620323948632e-17
1.223216917551357710e+03 1.099688885773832772e-17 4.136015653687483166e-17
1.224384272586307816e+03 8.960479815586718102e-18 3.273068052718665104e-17
1.225551627621257921e+03 -7.147025522839170859e-17 1.733194986969007895e-17
1.226718982656208027e+03 4.991912423565626593e-17 2.493772598858480274e-17
1.227886337691158133e+03 6.264225996093721586e-17 2.234061032935876263e-17
1.229053692726108238e+03 1.375206851309941913e-17 1.058738517555412659e-17
1.230221047761058344e+03 6.038648110597591289e-17 2.181535570044381639e-17
1.231388402796008450e+03 3.900018412726654929e-17 1.747159049601124611e-17
1.232555757830958555e+03 2.655961555771518020e-17 1.602838347943725402e-17
1.233723112865908661e+03 -1.093854636999995815e-19 7.561594821093621334e-18
1.234890467900858766e+03 3.464392760262816205e-17 1.740073669983911487e-17
1.236057822935808872e+03 1.785846818389413393e-17 1.345024566354634206e-17
1.237225177970758978e+03 1.017825666475431924e-17 1.085776873264631305e-17
1.238392533005709083e+03 8.788961921745577579e-18 9.837533682124016799e-18
1.239559888040659189e+03 5.716113703711414503e-18 8.618558428943467168e-18
1.240727243075609294e+03 9.368431349814204340e-18 9.939918553165810716e-18
1.241894598110559400e+03 5.305490437389510508e-18 8.449702901791201368e-18
1.243061953145509506e+03 2.242628937233743211e-17 1.249785331564429800e-17
1.244229308180459611e+03 7.317322393276549793e-18 8.191838989637305167e-18
1.245396663215409717e+03 5.272411868191485531e-18 1.007125657934065174e-17
1.246564018250359823e+03 -1.267154674490464807e-19 6.616049952791078590e-18
1.247731373285309928e+03 4.131787628742963105e-18 7.748133120287990348e-18
1.248898728320260034e+03 2.858313217238699937e-18 7.536947660144570293e-18
1.250066083355210139e+03 -6.534481940659602887e-18 2.337063196836669469e-21
1.251233438390160245e+03 -6.514080522912176252e-18 2.393499506746056191e-21
1.252400793425110351e+03 -4.959396335861592954e-18 1.048985976142441838e-17
1.253568148460060456e+03 1.169806341953102106e-17 7.885329146995976344e-18
1.254735503495010562e+03 -2.045737432868758195e-18 3.731737941661172148e-18
1.255902858529960668e+03 -9.531319031169043233e-18 1.150549007450679278e-18
1.257070213564910773e+03 1.603035950160877201e-17 1.201907655873706013e-17
1.258237568599860879e+03 -2.865596155022896421e-18 2.941801957046827047e-18
1.259404923634810984e+03 6.914368870038819436e-18 9.735065856565607369e-18
1.260572278669761090e+03 -5.474912498508006826e-18 2.189489996980472386e-18
1.261739633704711196e+03 6.719912780273266299e-18 9.475934068576814923e-18
1.262906988739661301e+03 8.867604852878042037e-19 5.683518650821550773e-18
1.264074343774611407e+03 8.141640048115612954e-18 9.002819524540339635e-18
1.265241698809561512e+03 -5.956827502426980086e-18 2.210553521183038996e-21
1.266409053844511618e+03 1.324889357494532021e-17 1.077137495348829053e-17
1.267576408879461724e+03 -5.880267600871215523e-18 2.159173585711342455e-21
1.268743763914411829e+03 -5.263809464676080211e-18 1.513978949895752904e-18
1.269911118949361935e+03 7.166956562112216893e-18 9.010647732527927940e-18
1.271078473984312041e+03 -5.944587469335928978e-19 5.638916782580451510e-18
1.272245829019262146e+03 -2.097215549913307592e-18 3.684170423995401665e-18
1.273413184054212252e+03 5.917991230692860124e-18 7.201562794795308918e-18
1.274580539089162357e+03 -3.517493872114203971e-18 2.206203486294912343e-18
1.275747894124112463e+03 -5.073438087062121736e-18 1.870459433555711120e-18
1.276915249159062569e+03 -5.697078397965903257e-18 2.216148958722191602e-21
1.278082604194012674e+03 1.165437748625025417e-17 9.971761271009779111e-18
1.279249959228962780e+03 7.731315111520289558e-18 7.951903862855159988e-18
1.280417314263912886e+03 -1.320163512420190494e-18 3.018258382665027514e-18
1.281584669298862991e+03 -5.537498125719582463e-18 2.115515202679776194e-21
1.282752024333813097e+03 7.335551680557241415e-18 7.548225522022949106e-18
1.283919379368763202e+03 8.228260867641273594e-18 7.422582546632373187e-18
1.285086734403713308e+03 8.815243822641249310e-18 8.869077437699595478e-18
1.286254089438663414e+03 -1.717082153260861000e-18 3.776291623492081721e-18
1.287421444473613519e+03 -3.140614007661785130e-18 2.285384878700046588e-18
1.288588799508563625e+03 -2.199766493268015802e-19 5.019848869190446070e-18
1.289756154543513730e+03 1.652720188605626058e-17 1.008366035380644946e-17
1.290923509578463836e+03 -1.973505323961792022e-19 3.035093948252241070e-18
1.292090864613413942e+03 5.528108963060245465e-18 5.593340664540877620e-18
1.293258219648364047e+03 -6.474593346821152920e-18 4.995852284891645186e-19
1.294425574683314153e+03 -1.487675198471893804e-17 3.517848938477668450e-18
1.295592929718264259e+03 1.238917588718994434e-17 1.165154599887323455e-17
1.296760284753214364e+03 1.831591352038418282e-17 1.936759160423089602e-17
1.297927639788164470e+03 1.354852963124813694e-17 1.835192878740669289e-17
1.299094994823114575e+03 3.734549199372828445e-17 2.512981957043707500e-17
1.300262349858064681e+03 3.131641246722209144e-17 3.034182322963742121e-17
1.301429704893014787e+03 -4.786172373543409366e-18 2.745056737759487906e-17
1.302597059927964892e+03 -7.628903190986930239e-18 2.609611020900848641e-17
1.303764414962914998e+03 -5.191176287258081787e-18 2.681834914160360858e-17
1.304931769997865104e+03 -2.658836214429698798e-17 2.417081309878009547e-17
1.306099125032815209e+03 -1.995453679894408580e-17 2.763087552520109095e-17
1.307266480067765315e+03 -2.308254913663338911e-17 2.442874031266917881e-17
1.308433835102715420e+03 -1.453675111976582597e-17 2.229144890155398069e-17
1.309601190137665526e+03 4.354399290694348615e-18 2.450783292841179649e-17
1.310768545172615632e+03 -1.350748802131984539e-17 1.452536436902148976e-17
1.311935900207565737e+03 1.319031990632074690e-17 8.251112581465493132e-18
1.313103255242515843e+03 2.925796376898954891e-18 6.074706778638923302e-18
1.314270610277465948e+03 -1.280009648295480773e-17 3.581356618959839051e-18
1.315437965312416054e+03 -7.539235733766874011e-18 2.325158538745517345e-18
1.316605320347366160e+03 -4.999843043296672349e-18 2.232332130687736213e-21
1.317772675382316265e+03 -1.512107142059680811e-18 4.978520635760173174e-18
1.318940030417266371e+03 -5.451595880940578514e-18 1.139022227826811437e-19
1.320107385452216477e+03 -4.941738926564708656e-18 2.210420510261307621e-21
1.321274740487166582e+03 1.254741309271457815e-18 6.183558397129438959e-18
1.322442095522116688e+03 -4.889367002281654105e-18 2.161300691738148188e-21
1.323609450557066793e+03 -4.868684164321140437e-18 2.183087156608633750e-21
1.324776805592016899e+03 -1.004773916700206733e-18 3.898497802936101629e-18
1.325944160626967005e+03 3.555734976845922606e-18 6.357704905692519586e-18
1.327111515661917110e+03 7.372375757942584445e-18 8.620256347461495766e-18
1.328278870696867216e+03 -2.372414839752611656e-18 3.821275083791547057e-18
1.329446225731817322e+03 -4.772519112632590723e-18 2.171841529677772932e-21
1.330613580766767427e+03 -2.754490427717357299e-18 2.711880589634348163e-18
1.331780935801717533e+03 -3.377737318434888062e-18 1.846791381548847673e-18
1.332948290836667638e+03 -4.735077924628487700e-18 2.199976180806429506e-21
1.334115645871617744e+03 -1.159562696466733458e-18 3.583087210999301836e-18
1.335283000906567850e+03 -2.274005509650466720e-18 2.457999043600798335e-18
1.336450355941517955e+03 2.105538572792857407e-18 5.810194021311554932e-18
1.337617710976468061e+03 -2.237386802129864995e-18 2.485079439609630821e-18
1.338785066011418166e+03 -4.679339208270735607e-18 2.305485044716981148e-21
1.339952421046368272e+03 -1.030575547707587971e-17 6.283871143125753288e-19
1.341119776081318378e+03 -3.055479984236885650e-18 6.666453828883715244e-18
1.342287131116268483e+03 -4.636151294816440212e-18 2.302668065421686582e-21
1.343454486151218589e+03 -4.634329309259869873e-18 2.341338715181785333e-21
1.344621841186168695e+03 1.889516480029370921e-18 6.516863810387314566e-18
1.345789196221118800e+03 -8.484746049244564089e-19 3.758607547062512896e-18
1.346956551256068906e+03 -1.917685588767473118e-18 2.636644996375431701e-18
1.348123906291019011e+03 4.657135164410341664e-19 6.469934569094608619e-18
1.349291261325969117e+03 -1.820445662107780311e-18 3.736918462241852190e-18
1.350458616360919223e+03 4.689480484312570919e-18 7.065549476796190710e-18
1.351625971395869328e+03 -4.500377718082678557e-18 2.364866787536095733e-21
1.352793326430819434e+03 -4.491302762329020748e-18 2.408824159447969031e-21
1.353960681465769539e+03 -4.433245791961988331e-18 2.347493372670690095e-21
1.355128036500719645e+03 -7.640119452543849147e-19 3.675376033282407397e-18
1.356295391535669751e+03 2.089544655100026985e-18 4.708862753187449996e-18
1.357462746570619856e+03 4.500195300718162293e-18 6.700912765369695031e-18
1.358630101605569962e+03 2.190808629321345905e-18 6.582758818897703077e-18
1.359797456640520068e+03 -4.387731000059953859e-18 2.461853740587811591e-21
1.360964811675470173e+03 1.559913009300453411e-17 1.153450009417699258e-17
1.362132166710420279e+03 -2.588556709223399791e-18 4.143915591618378044e-18
1.363299521745370384e+03 -5.921989746641356666e-18 3.021793024576014641e-18
1.364466876780320490e+03 2.494848815120453563e-18 6.798600820187065746e-18
1.365634231815270596e+03 -1.884939101280235486e-18 4.163765582363216862e-18
1.366801586850220701e+03 5.616713551081201762e-18 7.463851586064911768e-18
1.367968941885170807e+03 -6.193176350990404443e-18 3.836277934494248262e-19
1.369136296920120913e+03 -4.214289488898388704e-18 2.506833379669940061e-21
1.370303651955071018e+03 -4.188191836470646435e-18 2.501116498322045542e-21
1.371471006990021124e+03 -4.186796710746096067e-18 2.550461043679625589e-21
1.372638362024971229e+03 -4.142557585139147248e-18 2.534473917172925773e-21
1.373805717059921335e+03 -4.143018764605391347e-18 2.599471191288372843e-21
1.374973072094871441e+03 3.405817669895728950e-18 7.539315506611419128e-18
1.376140427129821546e+03 4.365234040246998572e-18 5.953601425209658047e-18
1.377307782164771652e+03 6.038140734688876202e-18 5.906837693646139368e-18
1.378475137199721757e+03 -1.049317918305600043e-18 2.980853485752982192e-18
1.379642492234671863e+03 7.349046832205427556e-18 8.415003799824323425e-18
1.380809847269621969e+03 -3.906210166836607877e-18 2.983877554386521527e-18
1.381977202304572074e+03 2.071569570188098606e-19 4.206460229479721487e-18
1.383144557339522180e+03 -8.697230530262906016e-19 3.100701861769343962e-18
1.384311912374472286e+03 3.771581607011728749e-18 7.740351881090641208e-18
1.385479267409422391e+03 -3.945205940757283039e-18 2.689821129682464068e-21
1.386646622444372497e+03 3.855790810637869262e-19 4.286316796008558136e-18
1.387813977479322602e+03 7.468755891266395501e-18 8.422677828685515267e-18
1.388981332514272708e+03 -3.879498786797633608e-18 2.739392096889403583e-21
1.390148687549222814e+03 3.683636136029142581e-18 7.539466819895097154e-18
1.391316042584172919e+03 4.474033805380946328e-18 8.293692928094101641e-18
1.392483397619123025e+03 -3.823921861177734099e-18 2.851743487656948025e-21
1.393650752654073131e+03 -3.766838989682640067e-18 2.789598062430053771e-21
1.394818107689023236e+03 5.664209328640781532e-19 4.320534748582925234e-18
1.395985462723973342e+03 7.230843980521449774e-18 8.422555166778671266e-18
1.397152817758923447e+03 -8.922313391089907188e-19 7.294845652446444733e-18
1.398320172793873553e+03 -7.044197732603996740e-18 3.492090277297636868e-19
1.399487527828823659e+03 -3.666716509648472550e-18 2.880177384171385553e-21
1.400654882863773764e+03 9.419313599991888377e-19 4.577504272046643494e-18
1.401822237898723870e+03 7.164549463298722856e-18 8.091597539766296251e-18
1.402989592933673975e+03 -3.558887344122898899e-18 2.881602792137163594e-21
1.404156947968624081e+03 4.270640822790473683e-18 7.841624156047816392e-18
1.405324303003574187e+03 4.302098808704104086e-18 7.824228268014245065e-18
1.406491658038524292e+03 -3.480392635371599907e-18 2.920870854390815101e-21
1.407659013073474398e+03 -3.461367084670695315e-18 2.951299650881067667e-21
1.408826368108424504e+03 9.608645976026723675e-19 4.396889910595292430e-18
1.409993723143374609e+03 -1.059177725548707324e-19 3.299407388430542191e-18
1.411161078178324715e+03 -1.796555438281417406e-18 2.803582502953934653e-18
1.412328433213274820e+03 -2.131900268523534953e-18 2.105472262707975404e-18
1.413495788248224926e+03 9.788743058593128260e-19 4.272981980528577702e-18
1.414663143283175032e+03 2.912074269986297502e-18 4.920406437006842395e-18
1.415830498318125137e+03 -9.933048703626244229e-19 2.802510110864426651e-18
1.416997853353075243e+03 1.556134155566545317e-18 4.791527279921806587e-18
1.418165208388025349e+03 4.109893222562445515e-19 3.603672558336712949e-18
1.419332563422975454e+03 -3.205096910905002346e-18 3.245268724137790272e-21
1.420499918457925560e+03 -3.179646758767544462e-18 3.241960522965369629e-21
1.421667273492875665e+03 -3.123229749918129284e-18 3.184694463425611394e-21
1.422834628527825771e+03 -1.435859157103816357e-17 5.077911863458735325e-18
1.424001983562775877e+03 -1.157102038082563626e-17 3.821772121956859555e-18
1.425169338597725982e+03 5.241636102239165193e-18 8.303272113980431561e-18
1.426336693632676088e+03 2.012659620613637501e-18 5.016280441359661302e-18
1.427504048667626193e+03 7.710543341856849278e-19 3.775630476470003192e-18
1.428671403702576299e+03 -2.970510039807897509e-18 3.367458414065998467e-21
1.429838758737526405e+03 1.984101479265215331e-18 4.901814164689786763e-18
1.431006113772476510e+03 9.655467475317818438e-18 9.572192036339757220e-18
1.432173468807426616e+03 -2.855779623813550869e-18 3.393665841734884476e-21
1.433340823842376722e+03 -2.807775102685525285e-18 3.365494868301758238e-21
1.434508178877326827e+03 4.591554917756059003e-18 9.345531231577580901e-18
1.435675533912276933e+03 -4.290767426050885289e-18 2.555028048154766233e-19
1.436842888947227038e+03 -2.670415428746611169e-18 3.334486475593616757e-21
1.438010243982177144e+03 -2.662814815281442652e-18 3.435052624650029787e-21
1.439177599017127250e+03 2.900125259924752339e-18 5.552875542617526654e-18
1.440344954052077355e+03 1.581102829262990788e-18 4.170819582651197185e-18
1.441512309087027461e+03 6.284287262028855583e-18 8.833494327418116042e-18
1.442679664121977567e+03 6.152914989061321322e-18 8.656803441295649885e-18
1.443847019156927672e+03 3.061860763403532323e-18 7.560144775409365028e-18
1.445014374191877778e+03 -2.429730989190093171e-18 3.480306335990963924e-21
1.446181729226827883e+03 -5.728368820206034161e-18 4.293850699025641595e-19
1.447349084261777989e+03 -4.852340507762779043e-18 3.216638199604995123e-19
1.448516439296728095e+03 7.426502323243498451e-18 9.759182364379445818e-18
1.449683794331678200e+03 -2.289630568462726811e-18 3.659699603254115703e-21
1.450851149366628306e+03 -2.252481637034847784e-18 3.654926396752320325e-21
1.452018504401578411e+03 3.623896853581685533e-18 7.599969464829543911e-18
1.453185859436528517e+03 -2.217283515174783467e-18 3.787392789014413049e-21
1.454353214471478623e+03 -5.236509049414681652e-18 4.352642995207895771e-19
1.455520569506428728e+03 -3.025821824786004885e-17 1.766913061277001446e-18
1.456687924541378834e+03 1.051906059118282173e-17 1.099397161200133065e-17
1.457855279576328940e+03 -4.131297310699326074e-19 2.637328684970299469e-18
1.459022634611279045e+03 -2.058582725146150934e-18 3.983347745367074613e-21
1.460189989646229151e+03 -2.018360567739750177e-18 3.964831106904815175e-21
1.461357344681179256e+03 7.897499114117715817e-18 9.814168343426606064e-18
1.462524699716129362e+03 -1.891802699011124153e-18 3.914472502121456898e-21
1.463692054751079468e+03 -1.876280271634771286e-18 3.983905827718743675e-21
1.464859409786029573e+03 1.227906201716498128e-17 1.213580331378720047e-17
1.466026764820979679e+03 -1.771037265567212748e-18 3.985733328535394445e-21
1.467194119855929785e+03 9.181085342913103120e-18 1.093987366642485704e-17
1.468361474890879890e+03 -1.689005150689530237e-18 4.057609649329577038e-21
1.469528829925829996e+03 -1.642013054033832372e-18 4.064561450761704880e-21
1.470696184960780101e+03 -1.584880500571282074e-18 4.050699883700100948e-21
1.471863539995730207e+03 9.024580500262374831e-18 1.059455170334387322e-17
1.473030895030680313e+03 -1.538863794403680670e-18 4.160417477070512861e-21
1.474198250065630418e+03 -1.449769868189258300e-18 4.089061263813318127e-21
1.475365605100580524e+03 -1.510589921094614690e-18 4.295153713683731641e-21
1.476532960135530629e+03 -1.348712697481019331e-18 4.082193837364482578e-21
1.477700315170480735e+03 -1.343501779394978716e-18 4.213544896604376535e-21
1.478867670205430841e+03 -1.360142138092055407e-18 4.319491966387906382e-21
1.480035025240380946e+03 -1.289091661310271749e-18 4.255644281105472244e-21
1.481202380275331052e+03 -1.221660094151415414e-18 4.259541264936325276e-21
1.482369735310281158e+03 -1.111983641152562627e-18 4.159563707409196886e-21
1.483537090345231263e+03 -1.199149570588075509e-18 4.471941189686174476e-21
1.484704445380181369e+03 7.720562926392579852e-18 1.149872118177067876e-17
1.485871800415131474e+03 -1.083645769245876254e-18 4.462361673726463677e-21
1.487039155450081580e+03 6.349424874227384199e-18 7.404354834087382310e-18
1.488206510485031686e+03 4.389309785251339313e-18 5.343492585688478086e-18
1.489373865519981791e+03 1.158011507113795814e-17 1.252458789936154771e-17
1.490541220554931897e+03 -9.166879403598803177e-19 4.571186859859104815e-21
1.491708575589882003e+03 -8.270434798187390728e-19 4.487636325211665450e-21
1.492875930624832108e+03 -8.495342508913571850e-19 4.680058869771256591e-21
1.494043285659782214e+03 -7.976763190492653773e-19 4.712813504537835794e-21
1.495210640694732319e+03 -7.387465659367958514e-19 4.723753744247790016e-21
1.496377995729682425e+03 -6.954737156069298536e-19 4.747472440584946847e-21
1.497545350764632531e+03 -6.094274872890016764e-19 4.705610177945594563e-21
1.498712705799582636e+03 1.041475948079466355e-17 1.290656607901565475e-17
1.499880060834532742e+03 -5.772545492465443158e-19 4.862832788002825172e-21
1.501047415869482847e+03 -4.574983738670180690e-19 4.709862623548326687e-21
1.502214770904432953e+03 -4.657321436622291603e-19 4.901543745232843605e-21
1.503382125939383059e+03 -4.113294567951771647e-19 4.938908907814567962e-21
1.504549480974333164e+03 -3.660653488191162639e-19 4.939291330854647576e-21
1.505716836009283270e+03 1.242915234691827744e-17 1.270914525281081261e-17
1.506884191044233376e+03 -2.521750702107137795e-19 4.949316065055179086e-21
1.508051546079183481e+03 7.230825856287165805e-18 7.464843547044419668e-18
1.509218901114133587e+03 1.317243437321012630e-17 9.658310728132678075e-18
1.510386256149083692e+03 5.502456160851130292e-18 5.662522380132452470e-18
1.511553611184033798e+03 -8.038686011930265847e-20 5.086774162462366148e-21
1.512720966218983904e+03 7.701920471190171719e-18 7.756113931715260950e-18
1.513888321253934009e+03 8.692311779930675047e-18 8.627203810938852342e-18
1.515055676288884115e+03 3.042937072892924872e-17 1.830626946868869748e-17
1.516223031323834221e+03 1.125470816611823837e-17 7.881379054560556624e-18
1.517390386358784326e+03 1.046990980176068170e-19 5.371364286257233028e-21
1.518557741393734432e+03 8.500272346680827527e-18 8.477446298007375506e-18
1.519725096428684537e+03 1.899000109580778186e-17 1.425588870970065881e-17
1.520892451463634643e+03 1.458941629638512034e-17 1.440432983377755372e-17
1.522059806498584749e+03 3.168720592879096644e-19 5.509494856679246389e-21
1.523227161533534854e+03 8.579246716909492586e-18 8.364263043723184795e-18
1.524394516568484960e+03 6.018912118468146242e-18 5.659183455324402859e-18
1.525561871603435065e+03 1.356041632472422760e-17 1.310149671753883637e-17
1.526729226638385171e+03 3.975206574441380812e-19 5.899333480528043281e-21
1.527896581673335277e+03 5.417143110370066248e-19 5.731746976226157364e-21
1.529063936708285382e+03 1.575358516217154304e-17 1.521390140129468560e-17
1.530231291743235488e+03 1.571356493306908057e-17 1.514449086761987519e-17
1.531398646778185594e+03 6.162642429641873062e-19 6.008594175568101887e-21
1.532566001813135699e+03 9.713800447369015807e-18 9.053338553357852023e-18
1.533733356848085805e+03 3.153816049008177421e-17 1.908411195056764177e-17
1.534900711883035910e+03 6.932447595928182482e-18 6.127191218687171767e-18
1.536068066917986016e+03 8.462209907302226390e-19 6.099401852946763787e-21
1.537235421952936122e+03 8.838456735833130430e-19 6.126513172803566002e-21
1.538402776987886227e+03 8.561836883288022721e-19 6.314884095748147584e-21
1.539570132022836333e+03 2.545167684734922759e-18 3.983070379576650915e-18
1.540737487057786439e+03 2.086791448939395421e-18 2.591554977800928885e-18
1.541904842092736544e+03 3.685889972658316180e-17 2.132799683688200981e-17
1.543072197127686650e+03 2.407967936015179550e-17 1.366836880065979516e-17
1.544239552162636755e+03 1.844432331093453253e-17 1.259449441264459314e-17
1.545406907197586861e+03 8.119563012218140277e-18 6.881009682413208030e-18
1.546574262232536967e+03 1.861373251967734191e-17 1.737219362564465279e-17
1.547741617267487072e+03 1.165543888257230251e-17 1.042540580839790900e-17
1.548908972302437178e+03 7.980917852432106961e-18 6.635900425444600246e-18
1.550076327337387283e+03 1.352279350919635081e-18 6.768576295338674408e-21
1.551243682372337389e+03 1.349964862615739621e-18 6.940454858237395772e-21
1.552411037407287495e+03 1.846130439605219667e-17 1.700971793585457376e-17
1.553578392442237600e+03 1.241817332798605133e-17 1.093046274079601451e-17
1.554745747477187706e+03 8.242892309743134770e-18 6.842273398462397996e-18
1.555913102512137812e+03 1.562661088117414930e-18 6.965641229264314159e-21
1.557080457547087917e+03 1.644097160265624284e-18 6.943308302617471657e-21
1.558247812582038023e+03 1.465631797164449919e-18 7.426386149192403695e-21
1.559415167616988128e+03 1.579201058026662936e-18 7.284320701978526308e-21
1.560582522651938234e+03 1.638675131451423124e-18 7.302865329304147770e-21
1.561749877686888340e+03 1.729660795935080686e-18 7.357229314074351805e-21
1.562917232721838445e+03 1.599815613509544336e-18 7.762450174028024173e-21
1.564084587756788551e+03 1.699645029157238313e-18 7.594958909594954926e-21
1.565251942791738657e+03 1.813740873806014824e-18 7.497394641004003185e-21
1.566419297826688762e+03 1.746461548553657852e-18 7.776036042843042801e-21
1.567586652861638868e+03 2.174477116638598317e-17 1.984804932236636976e-17
1.568754007896588973e+03 1.843674327537040070e-18 7.922967087221748871e-21
1.569921362931539079e+03 1.857572407567378913e-18 8.028578720982363244e-21
1.571088717966489185e+03 1.909265254437072132e-18 8.030015937321524011e-21
1.572256073001439290e+03 2.297683362982083690e-17 2.104574840234367669e-17
1.573423428036389396e+03 2.212503558363423444e-17 2.023521106334583346e-17
1.574590783071339501e+03 2.019255417816047068e-18 8.533071350487527862e-19
1.575758138106289607e+03 1.947660210597582421e-18 8.438183882191016848e-21
1.576925493141239713e+03 2.006839803947053257e-18 8.529073932106792928e-21
1.578092848176189818e+03 2.503478592833442360e-17 2.288817124306434131e-17
1.579000000000000000e+03 1.809339110288007392e-17 1.202734286030572498e-17
1.579260203211139924e+03 1.610001692475302192e-17 1.401581213782805414e-17
1.580427558246090030e+03 1.019276683570542081e-17 8.044663033903307681e-18
1.581594913281040135e+03 2.092844104976567415e-18 8.830750660259405413e-21
1.582096669928618212e+03 1.245494397185073732e-17 1.036285327407630047e-17
1.582762268315990241e+03 2.621517033075039074e-17 2.410951497049517219e-17
1.583929623350940346e+03 2.484393036026525501e-17 2.280966468467103372e-17
1.585096978385890452e+03 2.149900892968302546e-18 9.028805195581148958e-21
1.585193339857236424e+03 2.149682470011097432e-18 8.317957007667921946e-21
1.586264333420840558e+03 2.147254812586603615e-18 9.161670718795495449e-21
1.587431688455790663e+03 2.119036917889699077e-18 9.338336169386162916e-21
1.588290009785854636e+03 2.150306574764002184e-18 7.347840170747395084e-21
1.588599043490740769e+03 2.161565041458510401e-18 9.410808628038569810e-21
1.589766398525690875e+03 1.756250198552578688e-17 1.538794813629974394e-17
1.590933753560640980e+03 5.129878222045728996e-17 3.057555771743694300e-17
1.591386679714472848e+03 3.583519475580273530e-17 1.904657935421377618e-17
1.592101108595591086e+03 1.130974928429036320e-17 9.138280148620597089e-18
1.593268463630541191e+03 2.190555278602769078e-18 9.780815830991191548e-21
1.594435818665491297e+03 1.844685134721625314e-17 1.644421992792708249e-17
1.594483349643091060e+03 1.815142469498295172e-17 1.577892604517909142e-17
1.595603173700441403e+03 1.112708456785465246e-17 8.937690458143019412e-18
1.596770528735391508e+03 2.784964469467499937e-17 2.587015717939694834e-17
1.597580019571709272e+03 1.000289079006292395e-17 7.932273014366500467e-18
1.597937883770341614e+03 2.039458471353901788e-18 1.047084173838998487e-20
1.599105238805291719e+03 1.858263287005415331e-17 1.645145336460615061e-17
1.600272593840241825e+03 1.106072542478000561e-17 8.774137086315228756e-18
1.600676689500327484e+03 1.359305255624064242e-17 7.997848209304692611e-18
1.601439948875191931e+03 1.848824371809053150e-17 1.609667227558010146e-17
1.602607303910142036e+03 3.757229536375926878e-17 2.834509689742789723e-17
1.603773359428945696e+03 1.972713815080965186e-17 1.762210570860309986e-17
1.603774658945092142e+03 1.970720158918349042e-17 1.764170756749695673e-17
1.604942013980042248e+03 1.134026242787903756e-17 9.225384154191584874e-18
1.606109369014992353e+03 1.966124980479760551e-18 1.091763440751169664e-20
1.606870029357563908e+03 2.000036592001324122e-18 8.023855215092389534e-21
1.607276724049942459e+03 2.018167960492901004e-18 1.084244971251365731e-20
1.608444079084892564e+03 4.838281912774421489e-17 3.276128502695607771e-17
1.609611434119842670e+03 1.098465039995188994e-17 9.285265853749840295e-18
1.609966699286182120e+03 9.224436617281855043e-18 7.094056139463301614e-18
1.610778789154792776e+03 4.920041083291253933e-18 9.633190136201042256e-18
1.611946144189742881e+03 2.803761622805820326e-17 2.757742436632483303e-17
1.613063369214800332e+03 2.993955437575715189e-17 2.801096263212327820e-17
1.613113499224692987e+03 2.991709380891809859e-17 2.923713897476539125e-17
1.614280854259643093e+03 1.653273704777830818e-18 1.156715683107118655e-20
1.615448209294593198e+03 2.915385035912840932e-17 2.998522724520537651e-17
1.616160039143418544e+03 1.293253929521793314e-17 1.172792676949200826e-17
1.616615564329543304e+03 1.558683299404533412e-18 1.177299617034012320e-20
1.617782919364493409e+03 1.429803913704447205e-18 1.198383758410290603e-20
1.618950274399443515e+03 1.251610302869872281e-18 1.215365598008298833e-20
1.619256709072036756e+03 2.140196268216172918e-18 2.642938089234123618e-18
1.620117629434393621e+03 4.592536173763750695e-18 1.006458191388164724e-17
1.621284984469343726e+03 1.137551508568551114e-18 1.216364598085242193e-20
1.622353379000654968e+03 1.013615284758461424e-18 1.137028136823628491e-20
1.622452339504293832e+03 1.002135692728652947e-18 1.237226549950679035e-20
1.623619694539243937e+03 8.825592315546702779e-19 1.245155909728511671e-20
1.624787049574194043e+03 9.308168205292489937e-19 1.223532541628972603e-20
1.625450048929273180e+03 8.293620400055144087e-19 8.905084506488747118e-21
1.625954404609144149e+03 7.521835270872615365e-19 1.261783561109446732e-20
1.627121759644094254e+03 6.240288157347817320e-19 1.274804801924336296e-20
1.628289114679044360e+03 3.548252211462835564e-18 7.893085344249541728e-18
1.628546718857891392e+03 1.758235562061775291e-17 1.159679327896674481e-17
1.629456469713994466e+03 7.643827258303688536e-17 4.401426171495766446e-17
1.630623824748944571e+03 2.193623589848527397e-19 1.318215521324897249e-20
1.631643388786509604e+03 2.471333221850323222e-19 1.133360654896592839e-20
1.631791179783894677e+03 2.511588070215984232e-19 1.283501273276574556e-20
1.632958534818844782e+03 4.186463914668256326e-18 1.224982531949066595e-17
1.634125889853794888e+03 -2.449391877318021606e-19 1.349909925368099904e-20
1.634740058715127816e+03 -2.006204233611527368e-19 9.393155300439066744e-21
1.635293244888744994e+03 -1.607018802487241321e-19 1.307354297376331034e-20
1.636460599923695099e+03 -2.793893485624904263e-19 1.321526205107500994e-20
1.637627954958645205e+03 -5.553327023915998964e-19 1.349292884323688201e-20
1.637836728643746028e+03 -5.783469309791070853e-19 1.133678989180928864e-20
1.638795309993595311e+03 -6.840155027604725814e-19 1.342032713318192656e-20
1.639962665028545416e+03 -7.297303156995220796e-19 1.325388293577941601e-20
1.640933398572364240e+03 4.089894559320151759e-17 3.204590310825540045e-17
1.641130020063495522e+03 4.801395347215451123e-17 3.825527550505418458e-17
1.642297375098445627e+03 3.289648465275346919e-17 2.664341422464282337e-17
1.643464730133395733e+03 1.029974281026874465e-17 1.090148610754254992e-17
1.644030068500982452e+03 4.515201776875578893e-18 5.630188855449134154e-18
1.644632085168345839e+03 -1.360972521570697970e-18 1.360774139538414385e-20
1.645799440203295944e+03 -1.592558209177816980e-18 1.381309865505983991e-20
1.646966795238246050e+03 -1.683668971629462892e-18 1.366051446613499392e-20
1.647126738429600664e+03 1.600516377296682142e-17 8.470056233483994669e-18
1.648134150273196155e+03 8.222219263110178738e-17 5.703446120193348205e-17
1.649301505308146261e+03 2.431292544367476913e-17 1.785904755824883076e-17
1.650223408358218876e+03 4.095187138189583993e-18 3.785191083236637860e-18
1.650468860343096367e+03 -2.293456199343878551e-18 1.386850597406670895e-20
1.651636215378046472e+03 -2.693827616166882222e-18 1.441613177352904108e-20
1.652803570412996578e+03 -2.859174694396861925e-18 1.438375363428060471e-20
1.653320078286837088e+03 -2.936623128535056656e-18 1.023241161855414857e-20
1.653970925447946684e+03 -3.034213902295059913e-18 1.436351179272963748e-20
1.655138280482896789e+03 2.919327197845954122e-17 2.447348041113315145e-17
1.656305635517846895e+03 7.596226583883527283e-18 1.006599110522991400e-17
1.656416748215455300e+03 6.437761583416119703e-18 9.112244203448045621e-18
1.657472990552797000e+03 -3.792364675176817980e-18 1.475104570685492528e-20
1.658640345587747106e+03 -4.020780305602669300e-18 1.469318565304329853e-20
1.659513418144073512e+03 4.087978037116158970e-17 3.500071661294492067e-17
1.659807700622697212e+03 5.144791729713069506e-17 4.541804840857957680e-17
1.660975055657647317e+03 -4.387312057105658711e-18 1.457576791553936870e-20
1.662142410692597423e+03 -6.864628221226698431e-18 3.475107718490614617e-17
1.662610088072691724e+03 2.735577338546036510e-18 2.155116795298755392e-17
1.663309765727547529e+03 -5.109866758943302713e-18 1.509983855643748538e-20
1.664477120762497634e+03 4.914496020562956755e-18 2.597296588956953128e-17
1.665644475797447740e+03 1.730875666456810870e-17 2.541912436739044977e-17
1.665706758001309936e+03 1.881019097647311870e-17 2.418861526617259145e-17
1.666811830832397845e+03 3.612076633545914416e-17 3.241244868877072647e-17
1.667979185867347951e+03 9.226881360298850795e-18 1.216640791603997094e-17
1.668803427929928148e+03 -1.954316376371303308e-18 3.595539304389088579e-18
1.669146540902298057e+03 -6.506453729039360866e-18 1.540353358181116099e-20
1.670313895937248162e+03 -7.024328302614494919e-18 1.590357839860768572e-20
1.671481250972198268e+03 2.755198835782170670e-17 2.671330091119353265e-17
1.671900097858546360e+03 2.751304088311070630e-17 2.009413790023169355e-17
1.672648606007148373e+03 3.650155630129697319e-17 2.781198383190712834e-17
1.673815961042098479e+03 3.654229698675743358e-18 9.605583115741956825e-18
1.674983316077048585e+03 -8.038178194507853430e-18 1.553214895459701008e-20
1.674996767787164572e+03 -8.043093599481770486e-18 1.535426698852711729e-20
1.676150671111998690e+03 -8.464733634020419598e-18 1.593981521893935887e-20
1.677318026146948796e+03 1.375486932649293987e-17 2.784177491737078365e-17
1.678093437715782784e+03 1.138375680854289020e-17 1.709884209527098553e-17
1.678485381181898902e+03 7.085191547791994871e-18 2.108604703388833695e-17
1.679652736216849007e+03 -9.557188543358754068e-18 1.600205371355711632e-20
1.680820091251799113e+03 -9.823067233929267810e-18 1.599202865570245146e-20
1.681190107644400996e+03 -1.003873686953592863e-17 1.214602466305945087e-20
1.681987446286749218e+03 -1.050348031709372048e-17 1.675745099904799908e-20
1.683154801321699324e+03 -1.079374806763832788e-17 1.649845014294357275e-20
1.684286777573019208e+03 -1.115331644058774927e-17 1.599348246313484073e-20
1.684322156356649430e+03 -1.116455445191936208e-17 1.648528030665935667e-20
1.685489511391599535e+03 2.871989660072166194e-17 4.438217246898024796e-17
1.686656866426549641e+03 1.261957435144537935e-17 3.629564474106482731e-17
1.687383447501637420e+03 8.295494349087711662e-19 1.488580114962896951e-17
1.687824221461499747e+03 -1.271503359814655665e-17 1.715920296837661866e-20
1.688991576496449852e+03 1.864939249716217470e-17 4.007901716941537057e-17
1.690158931531399958e+03 2.185950076107743666e-17 3.114057766892266827e-17
1.690480117430255632e+03 2.455813352409290303e-17 2.499648442865701295e-17
1.691326286566350063e+03 2.252528817117535724e-17 3.290886608714432121e-17
1.692493641601300169e+03 -5.460211345994217828e-18 1.056547963024938617e-17
1.693576787358873844e+03 2.017941237791979665e-17 4.248489462171133216e-17
1.693660996636250275e+03 1.943946662376110934e-17 4.479867907861326613e-17
1.694828351671200380e+03 5.629735806377265833e-18 3.054263697739799027e-17
1.695995706706150486e+03 -6.997660568791486805e-18 1.001198664855453550e-17
1.696673457287492056e+03 -1.255502031067333328e-17 4.226631725770226479e-18
1.697163061741100591e+03 -1.693093580129148844e-17 1.851042444723091319e-20
1.698330416776050697e+03 -1.744602372126053670e-17 1.845755243827764109e-20
1.699497771811000803e+03 -1.787177762481892663e-17 1.822709503922323257e-20
1.699770127216110268e+03 -3.565511264843063036e-18 1.299223925957792136e-17
1.700665126845950908e+03 -8.943102512106456624e-18 4.491120721667339875e-17
1.701832481880901014e+03 5.803844715105644889e-17 3.896233150619095605e-17
1.702866797144728480e+03 -1.319649342456324378e-17 5.126910443611435486e-18
1.702999836915851120e+03 -1.999090929091049851e-17 1.920182917741122620e-20
1.704167191950801225e+03 -2.053949796347530425e-17 1.912314984574973246e-20
1.705334546985751331e+03 -2.117427457151760350e-17 1.933137134821918025e-20
1.705963467073346692e+03 2.700484210855611760e-18 1.959112453281533645e-17
1.706501902020701436e+03 2.428651410770762931e-17 3.375595101176880222e-17
1.707669257055651542e+03 -1.095094172370721216e-17 1.015426854033437097e-17
1.708836612090601648e+03 -2.341587611404304005e-17 2.009958314883075732e-20
1.709060137001964904e+03 -8.486610794450250224e-18 1.113242603929668749e-17
1.710003967125551753e+03 3.382033715451169323e-17 4.573567646167842444e-17
1.711171322160501859e+03 -3.831856959044080339e-18 1.022071652971616100e-17
1.712156806930583116e+03 -1.781886863904227271e-17 1.608063010976782151e-18
1.712338677195451965e+03 6.578366517029236435e-17 6.987115737959792564e-17
1.715253476859201328e+03 2.894312748086490855e-17 7.200971611013120204e-17
1.718350146787819540e+03 -7.662219913439245252e-18 6.790682701216034993e-17
1.721446816716437752e+03 -1.227712220251578225e-17 6.692219664569016217e-17
1.724543486645055964e+03 -5.209132108853428778e-17 6.444494832329092635e-17
1.727640156573674176e+03 -8.445979084355278871e-17 6.193637956985448635e-17
1.730736826502292388e+03 -3.546762316556203482e-17 6.093274256020662634e-17
1.733833496430910600e+03 6.199436476299827865e-17 6.360857534857970952e-17
1.736930166359528812e+03 -5.499806935358545499e-17 5.901092961301796132e-17
1.740026836288147024e+03 9.874543252318469471e-17 6.261090943914667288e-17
1.743123506216765236e+03 -1.962616800098939010e-17 5.616824295771403751e-17
1.746220176145383448e+03 -1.171416074234044636e-16 5.179337315922389449e-17
1.749316846074001660e+03 9.778411458885330818e-18 5.663987910630480900e-17
1.752413516002619872e+03 -7.642067375628818954e-17 5.137328913676744821e-17
1.755510185931238084e+03 -8.044060737681871207e-17 5.071011090249217173e-17
1.758606855859856296e+03 3.530318454431692155e-17 5.416689776047357393e-17
1.761703525788474508e+03 -1.384673834848893028e-16 4.675164475287871622e-17
1.764800195717092720e+03 -7.561133713246226259e-17 4.755750638645003060e-17
1.767896865645710932e+03 4.808463658066168447e-18 4.925711799347416981e-17
1.770993535574329144e+03 2.561344507690608277e-18 4.907369795188000141e-17
1.774090205502947356e+03 -6.045279832801377575e-17 4.618493005397550777e-17
1.777186875431565568e+03 1.298722225904569856e-17 4.743021597079263492e-17
1.780283545360183780e+03 -2.284554505274489668e-18 4.610963252997396294e-17
1.783380215288801992e+03 5.656904600763673502e-17 4.711102486441060922e-17
1.786476885217420204e+03 -2.465884164221758875e-17 4.496521451197022005e-17
1.789573555146038416e+03 -4.473483139292930778e-17 4.397991032986367222e-17
1.792670225074656628e+03 6.042096338816874623e-17 4.551883533387686541e-17
1.795766895003274840e+03 2.160976232195831012e-17 4.356950032966578805e-17
1.798863564931893052e+03 -1.887475161485208852e-17 4.184483450667825634e-17
1.801960234860511264e+03 1.638051078375198136e-17 4.182170907201945088e-17
1.805056904789129476e+03 -6.711335064826502950e-19 4.135691555332387256e-17
1.808153574717747688e+03 -3.467982412097148393e-17 3.879286855690443848e-17
1.811250244646365900e+03 -1.406077991875802461e-17 3.952052652269552392e-17
1.814346914574984112e+03 -7.396501730483023496e-17 3.648629331667666877e-17
1.817443584503602324e+03 -4.332200000645903083e-17 3.737690836385621554e-17
1.820540254432220536e+03 -3.302400023067462147e-18 3.847313300208847834e-17
1.823636924360838748e+03 -1.653658609437816563e-17 3.723610305267794211e-17
1.826733594289456960e+03 1.858184044460879751e-17 3.775647111502517487e-17
1.829830264218075172e+03 -4.070534272913441847e-17 3.499489341326002669e-17
1.832926934146693384e+03 -3.900362364206830958e-17 3.494380752500289002e-17
1.836023604075311596e+03 2.451990122690011407e-17 3.655266393333575332e-17
1.839120274003929808e+03 4.292242983473618423e-19 3.466765797739348182e-17
1.842216943932548020e+03 2.273620700954312969e-17 3.573470892273992289e-17
1.845313613861166232e+03 4.046935453658204669e-17 3.643885102510938594e-17
1.848410283789784444e+03 2.778428887810371313e-18 3.388683603372602697e-17
1.851506953718402656e+03 2.277427223265844366e-17 3.405629226252376689e-17
1.854603623647020868e+03 6.106418441677561939e-17 3.543326016144153241e-17
1.857700293575639080e+03 1.465619186562033809e-17 3.267043943387658178e-17
1.860796963504257292e+03 9.516995458300924421e-18 3.246841332093016849e-17
1.863893633432875504e+03 -3.496812150005161714e-17 3.087153455305351541e-17
1.866990303361493716e+03 -4.191962004169148932e-18 3.195301184575722239e-17
1.870086973290111928e+03 -1.286837473713696006e-17 3.094550661963362498e-17
1.873183643218730140e+03 2.698627773804153651e-17 3.166396918085346700e-17
1.876280313147348352e+03 -3.572409251655395091e-17 2.944418992299862870e-17
1.879376983075966564e+03 -3.996580599715983780e-18 3.028730268016194573e-17
1.882473653004584776e+03 -1.438557484656076055e-17 2.968566933891562097e-17
1.885570322933202988e+03 6.240594609708509387e-18 2.991552625143915877e-17
1.888666992861821200e+03 -8.059858567353411702e-18 3.014276426669695026e-17
1.891763662790439412e+03 -8.502467951436292326e-17 2.609937212421213354e-17
1.894860332719057624e+03 -8.810044903188625926e-18 2.929424120561857260e-17
1.897957002647675836e+03 -3.823491749018171059e-17 2.792834777838950055e-17
1.901053672576294048e+03 -4.784322546373859759e-17 2.719351168925176093e-17
1.904150342504912260e+03 3.923350495359129668e-17 2.977183767798490821e-17
1.907247012433530472e+03 1.053913412943173980e-17 2.802049167392244407e-17
1.910343682362148684e+03 5.733031722386050879e-18 2.802346201728025587e-17
1.913440352290766896e+03 1.100310568226851622e-17 2.776962411986087368e-17
1.916537022219385108e+03 2.605220455522096830e-17 2.831731409801031489e-17
1.919633692148003320e+03 -7.160854044968879823e-18 2.724616635989778639e-17
1.922730362076621532e+03 -1.821494685031972861e-18 2.675578331206334810e-17
1.925827032005239744e+03 2.656560532707093773e-17 2.704784885105355876e-17
1.928923701933857956e+03 2.907628906791585553e-17 2.700781484660966325e-17
1.932020371862476168e+03 -2.398035005581728206e-17 2.543761375498514638e-17
1.935117041791094380e+03 -1.689387826673184393e-17 2.536358494849601644e-17
1.938213711719712592e+03 5.114863069175777452e-18 2.579376562787551418e-17
1.941310381648330804e+03 2.801146220143814283e-17 2.651323094655764760e-17
1.944407051576949016e+03 -1.522963711296452405e-18 2.488501494774447630e-17
1.947503721505567228e+03 6.002847797018846481e-17 2.684223374898412940e-17
1.950600391434185440e+03 -7.668587731991862051e-18 2.445095953634973451e-17
1.953697061362803652e+03 2.832050197013887550e-18 2.444836725245558017e-17
1.956793731291421864e+03 4.619720429502981295e-17 2.571303252154536188e-17
1.959890401220040076e+03 1.243829136284095144e-17 2.451135612759924705e-17
1.962987071148658288e+03 6.695938650219716504e-18 2.427812636754801419e-17
1.966083741077276500e+03 -7.813134495966714199e-18 2.383784250917763208e-17
1.969180411005894712e+03 1.634994671150416508e-17 2.431634583301991367e-17
1.972277080934512924e+03 1.747737412163185248e-17 2.405714289888610512e-17
1.975373750863131136e+03 -8.450118928270562864e-18 2.298444726119094221e-17
1.978470420791749348e+03 8.853479124627582446e-18 2.331673879045656289e-17
1.981567090720367560e+03 3.024185997564461938e-17 2.382983133271820411e-17
1.984663760648985772e+03 1.227702094752101903e-18 2.279912005440502198e-17
1.987760430577603984e+03 -3.712282204949688590e-17 2.115530733884901562e-17
1.990857100506222196e+03 -2.722631495819286351e-17 2.110272141914473287e-17
1.993953770434840408e+03 3.905561232247823136e-17 2.336877285116968453e-17
1.997050440363458620e+03 4.274111958740779462e-18 2.182467306650169228e-17
2.000147110292076832e+03 1.985995513812689084e-17 2.245316537655190646e-17
2.003243780220695044e+03 -4.907040338916853519e-17 1.942025453793437003e-17
2.006340450149313256e+03 -1.617169357154378701e-17 2.024151700156832394e-17
2.009437120077931468e+03 1.732370186872144929e-17 2.134745573765568218e-17
2.012533790006549680e+03 -3.449985824571130148e-18 2.073186173292082052e-17
2.015630459935167892e+03 -3.364333543472456187e-17 1.969001068033538199e-17
2.018727129863786104e+03 -5.955664115598575255e-17 1.778790457424198861e-17
2.021823799792404316e+03 2.306277723881421064e-17 2.078310641981209089e-17
2.024920469721022528e+03 2.318255679180642258e-18 2.010414033499938811e-17
2.028017139649640740e+03 -2.890302920631311667e-17 1.867348767808764583e-17
2.031113809578258952e+03 6.018550558496236287e-18 1.956098248015268431e-17
2.034210479506877164e+03 1.834766843180752898e-18 1.937417747934294449e-17
2.037307149435495376e+03 1.502438279410660672e-18 1.940952874778962335e-17
2.040403819364113588e+03 1.099429594697789808e-17 1.984509928769858108e-17
2.043500489292731800e+03 -1.105269837566981567e-17 1.903018392488315233e-17
2.046597159221350012e+03 -1.949232862312120832e-17 1.831580503032537078e-17
2.049693829149968224e+03 -3.899374022376666958e-19 1.835425897456629033e-17
2.052790499078586436e+03 1.991714222539158566e-17 1.919871650877681539e-17
2.055887169007204648e+03 1.408427991150939120e-17 1.877081561860691926e-17
2.058983838935822860e+03 1.852232113806030597e-17 1.869793808114576066e-17
2.062080508864441072e+03 2.948749488434064743e-17 1.861775913159094419e-17
2.065177178793059284e+03 2.108087064973309967e-17 1.834203343200465942e-17
2.068273848721677496e+03 -1.248505803779156997e-17 1.696192617739664785e-17
2.071370518650295708e+03 3.579289745957896646e-18 1.749844373835281142e-17
2.074467188578913920e+03 4.747948032437828348e-18 1.713324695161668088e-17
2.077563858507532132e+03 -4.041834204125463621e-18 1.670001976392559488e-17
2.080660528436150344e+03 -2.821566744925194751e-18 1.689850782122063390e-17
2.083757198364768556e+03 -1.513530767140205050e-17 1.628844959029519478e-17
2.086853868293386768e+03 -1.767730617265971896e-17 1.640812426173404776e-17
2.089950538222004980e+03 1.677545889650889239e-17 1.714961706371864283e-17
2.093047208150623192e+03 9.235606246918882659e-18 1.658837400430230010e-17
2.096143878079241404e+03 -1.021894612128934814e-17 1.576566627663392471e-17
2.099240548007859616e+03 -2.376258748807925413e-17 1.503340849431698302e-17
2.102337217936477828e+03 3.798701868266928314e-19 1.590625970071312530e-17
2.105433887865096040e+03 -2.452021005554160213e-17 1.465920525926455879e-17
2.108530557793714252e+03 -1.882645600559824447e-17 1.497786522284405794e-17
2.111627227722332464e+03 -2.419091396797168234e-17 1.429875736186271604e-17
2.114723897650950676e+03 1.318904147130274889e-17 1.546803999671791047e-17
2.117820567579568888e+03 3.468292061989122903e-19 1.525511964084967280e-17
2.120917237508187100e+03 1.062464857935092208e-17 1.557317343661136190e-17
2.124013907436805312e+03 8.393228193362190400e-18 1.513153223783071582e-17
2.127110577365423524e+03 -1.548055371267326799e-17 1.434000199865613669e-17
2.130207247294041736e+03 1.212576912180744725e-17 1.525436574265454985e-17
2.133303917222659948e+03 2.131424080034046681e-17 1.510022469123733115e-17
2.136400587151278160e+03 6.194111734788023152e-18 1.428945686112196701e-17
2.139497257079896372e+03 2.676561165084852924e-18 1.429181935108732340e-17
2.142593927008514584e+03 9.967294886365458905e-18 1.473901105091891371e-17
2.145690596937132796e+03 -6.402360176447332644e-19 1.415649813461594681e-17
2.148787266865751008e+03 -6.086909271611622624e-18 1.401886594668488794e-17
2.151883936794369220e+03 -3.528322946474321828e-18 1.383480389959978606e-17
2.154980606722987432e+03 -3.870067831051339187e-19 1.368403648040683101e-17
2.158077276651605644e+03 -1.306854467631804523e-17 1.325709557270602170e-17
2.161173946580223856e+03 -5.242735309788918911e-19 1.381120322002288008e-17
2.164270616508842068e+03 -6.699415300754224250e-18 1.331326322596387785e-17
2.167367286437460280e+03 -2.779704711523489731e-19 1.329870630940044539e-17
2.170463956366078492e+03 1.584528862590213286e-17 1.370929605084860148e-17
2.173560626294696704e+03 9.317019141802270341e-18 1.342973378677211821e-17
2.176657296223314916e+03 -3.220119575734094725e-18 1.302365787741413685e-17
2.179753966151933128e+03 9.392304686995829690e-18 1.341900587980587625e-17
2.182850636080551340e+03 -5.176003236737999017e-18 1.265106719938001429e-17
2.185947306009169552e+03 -7.411608076069725216e-18 1.271160343463926255e-17
2.189043975937787764e+03 8.612812668215142299e-19 1.263528501059164450e-17
2.192140645866405976e+03 -7.711491740545914904e-18 1.248668096322416896e-17
2.195237315795024188e+03 4.873668564304789871e-18 1.305798258529175609e-17
2.198333985723642400e+03 -1.064582061966880535e-18 1.276411505625221681e-17
2.201430655652260612e+03 -6.187568122813526856e-18 1.248920883185385431e-17
2.204527325580878824e+03 1.493577350285793418e-18 1.252639599297205694e-17
2.207623995509497036e+03 2.387370363793866805e-17 1.308893288722172615e-17
2.210720665438115248e+03 -2.711596010127600747e-18 1.237682929961907077e-17
2.213817335366733460e+03 -1.681321504217017710e-17 1.179688136831341817e-17
2.216914005295351672e+03 -9.414141714861900315e-18 1.188748592640305700e-17
2.220010675223969884e+03 -1.039993872881161708e-17 1.174291652392383221e-17
2.223107345152588096e+03 -1.613898037188181651e-17 1.143726238183794924e-17
2.226204015081206308e+03 1.157144634028925447e-17 1.246210842796070504e-17
2.229300685009824520e+03 -1.470777809307840964e-17 1.118773299022161481e-17
2.232397354938442732e+03 -1.960163261222697859e-17 1.093666395324735918e-17
2.235494024867060944e+03 6.664176112129181057e-18 1.195999395134525276e-17
2.238590694795679156e+03 1.205391218952609330e-18 1.170790000962180803e-17
2.241687364724297368e+03 2.578188637173147061e-18 1.178953679233629789e-17
2.244784034652915579e+03 -2.129161304026388876e-17 1.086260929070594531e-17
2.247880704581533791e+03 -1.793816421866111072e-17 1.086270848833990519e-17
2.250977374510152003e+03 5.234326790995014680e-18 1.167272403018336836e-17
2.254074044438770215e+03 1.601346598465263318e-19 1.147712215636395071e-17
2.257170714367388427e+03 -1.556618669015758137e-17 1.070381511597527075e-17
2.260267384296006639e+03 -1.067808664219691890e-17 1.087386986989620268e-17
2.263364054224624851e+03 -8.425013902287403806e-18 1.108477966270238426e-17
2.266460724153243063e+03 -7.500345952031402855e-18 1.104923415438272622e-17
2.269557394081861275e+03 3.715618041745158018e-18 1.123070199497738006e-17
2.272654064010479487e+03 -7.715532167137391401e-18 1.080850399796736765e-17
2.275750733939097699e+03 1.571066506469216446e-18 1.132242961237634303e-17
2.278847403867715911e+03 -2.028825576018147156e-17 1.038649273278583424e-17
2.281944073796334123e+03 -8.419412287155218291e-18 1.095294778475605659e-17
2.285040743724952335e+03 -2.304496130688040063e-17 1.020481737804092513e-17
2.288137413653570547e+03 -1.035062165027960995e-17 1.056973655690216718e-17
2.291234083582188759e+03 8.782372977701155601e-19 1.104772269250885668e-17
2.294330753510806971e+03 -8.287026540942616738e-18 1.057636342656233632e-17
2.297427423439425183e+03 1.110601478699253918e-17 1.114771895001291467e-17
2.300524093368043395e+03 -8.062562099899596887e-18 1.061372106702868504e-17
2.303620763296661607e+03 -1.569443235674676903e-17 1.014295640842709203e-17
2.306717433225279819e+03 -2.847391631465608180e-19 1.062059398570378214e-17
2.309814103153898031e+03 -7.559825998474771372e-18 1.047725790628931428e-17
2.312910773082516243e+03 -2.965242544834811978e-18 1.039905092868106507e-17
2.316007443011134455e+03 -2.588532862568442751e-18 1.067586177071111949e-17
2.319104112939752667e+03 2.055203729374727184e-18 1.077107186469705295e-17
2.322200782868370879e+03 -9.897234647240629990e-18 1.003432198271737247e-17
2.325297452796989091e+03 -3.920541872565082331e-19 1.058126458422142229e-17
2.328394122725607303e+03 1.032097632671879423e-17 1.089345678485524495e-17
2.331490792654225515e+03 8.125389854501818435e-18 1.095681339859121928e-17
2.334587462582843727e+03 -1.939349994957133100e-17 9.763953523832335530e-18
2.337684132511461939e+03 -2.590196986567419695e-17 9.455658817897177407e-18
2.340780802440080151e+03 7.980127490178363631e-18 1.076525263896239683e-17
2.343877472368698363e+03 -3.792584713358551371e-18 1.015427265731855088e-17
2.346974142297316575e+03 -2.094651277935219363e-17 9.466458421425077251e-18
2.350070812225934787e+03 -2.013191287908641544e-17 9.574105156859821447e-18
2.353167482154552999e+03 -2.431661706170608810e-17 9.431376162934115400e-18
2.356264152083171211e+03 -8.581665201462454663e-18 9.961340793845453843e-18
2.359360822011789423e+03 -1.440931343132913243e-17 9.690349451784693275e-18
2.362457491940407635e+03 -4.999266716255640952e-18 1.004648522500023325e-17
2.365554161869025847e+03 9.608024766803661614e-18 1.038980177343118292e-17
2.368650831797644059e+03 6.847615990714335574e-18 1.046855782948347250e-17
2.371747501726262271e+03 1.224682449637238440e-17 1.054478760565668648e-17
2.374844171654880483e+03 -6.673171225532079865e-18 9.878280323593430174e-18
2.377940841583498695e+03 -1.155948451159704404e-17 9.505894124154212060e-18
2.381037511512116907e+03 -1.249018657052309530e-17 9.562347159286592651e-18
2.384134181440735119e+03 -6.441431276839243575e-18 1.005545500304441662e-17
2.387230851369353331e+03 -9.851005382818887000e-18 9.872104864676887387e-18
2.390327521297971543e+03 6.034500198832412476e-18 1.005686735138487983e-17
2.393424191226589755e+03 1.048637399792116691e-17 1.014891298356734613e-17
2.396520861155207967e+03 1.606883151413513440e-17 1.037791592785846603e-17
2.399617531083826179e+03 -5.850830335453853645e-18 9.641419230545248347e-18
2.402714201012444391e+03 -1.530586379195371675e-17 9.331780367934212986e-18
2.405810870941062603e+03 -7.319316775350881752e-18 9.763814897596804938e-18
2.408907540869680815e+03 -1.594335510842176066e-17 9.225625070765613152e-18
2.412004210798299027e+03 -2.229468720163749646e-18 9.732201731197441798e-18
2.415100880726917239e+03 3.120618821051583033e-18 1.002735622063857676e-17
2.418197550655535451e+03 -5.062766020599657489e-18 9.543907939201254034e-18
2.421294220584153663e+03 -2.173818613407478588e-18 9.671838330155259710e-18
2.424390890512771875e+03 1.945627479477704137e-18 9.971530953498708018e-18
2.427487560441390087e+03 4.934018314019438271e-18 9.669380770044273153e-18
2.430584230370008299e+03 -3.914169342932261538e-18 9.566643080654434910e-18
2.433680900298626511e+03 -9.815771662511682247e-19 9.618597309106268440e-18
2.436777570227244723e+03 -3.609903409637576604e-18 9.640827122746426624e-18
2.439874240155862935e+03 5.910871719977572687e-18 9.857005625490025682e-18
2.442970910084481147e+03 3.117735670655950778e-17 1.062774728950269028e-17
2.446067580013099359e+03 -5.152416376775240490e-19 9.603476282792968836e-18
2.449164249941717571e+03 -5.775997579319925878e-18 9.391827349453377354e-18
2.452260919870335783e+03 3.368106879468412972e-18 9.701862906767149189e-18
2.455357589798953995e+03 -2.981684663383914453e-18 9.277242688839021363e-18
2.458454259727572207e+03 1.333173551801502092e-17 9.960042781475050620e-18
2.461550929656190419e+03 5.353521178106713128e-18 9.576135892113783674e-18
2.464647599584808631e+03 -3.093823769525605111e-18 9.471316383200345576e-18
2.467744269513426843e+03 -7.406274773671752885e-18 9.191785023418024959e-18
2.470840939442045055e+03 -5.140342634734700436e-18 9.111605435166249054e-18
2.473937609370663267e+03 3.159254017522268883e-18 9.490592170722007878e-18
2.477034279299281479e+03 1.392489259162838542e-18 9.333625831967490914e-18
2.480130949227899691e+03 1.018113545600109436e-17 9.708824184247119675e-18
2.483227619156517903e+03 -4.515706336116370696e-18 9.229549337107582999e-18
2.486324289085136115e+03 -2.267700639560079838e-18 9.076445695003182361e-18
2.489420959013754327e+03 9.056079905715296500e-18 9.567104926374847106e-18
2.492517628942372539e+03 -2.150619847973155137e-18 9.239003463906070389e-18
2.495614298870990751e+03 3.076849026052360994e-18 9.501368900539285268e-18
2.498710968799608963e+03 2.659425607896934253e-18 9.333467057621743542e-18
2.501807638728227175e+03 -1.216493055270823328e-17 8.651321216121601495e-18
2.504904308656845387e+03 4.605687896463225459e-18 9.485793431563225847e-18
2.508000978585463599e+03 -6.617518140677130843e-18 8.871623474479098563e-18
2.511097648514081811e+03 -6.036310843122393405e-18 9.062220675736769673e-18
2.514194318442700023e+03 -7.464134213193203908e-18 8.915447404573772235e-18
2.517290988371318235e+03 7.682459278705837147e-18 9.438388580809771763e-18
2.520387658299936447e+03 9.952131387869000223e-18 9.505291724936006609e-18
2.523484328228554659e+03 1.152112186733690520e-17 9.534097310526768295e-18
2.526580998157172871e+03 2.038483453405520738e-17 9.810544951364583459e-18
2.529677668085791083e+03 -3.851683271278565516e-18 9.093533503765638325e-18
2.532774338014409295e+03 4.543496483004570258e-18 9.165444994876909403e-18
2.535871007943027507e+03 -8.071996098585320421e-18 8.595094919612828071e-18
2.538967677871645719e+03 1.057010096624095794e-17 9.508773663193311420e-18
2.542064347800263931e+03 -4.147503988303483914e-18 9.048105779006890334e-18
2.545161017728882143e+03 -4.785712943329706765e-18 8.779214051702240667e-18
2.548257687657500355e+03 -1.047045304252177032e-17 8.440147265789125660e-18
2.551354357586118567e+03 -9.232209206043691781e-18 8.780047431514177893e-18
2.554451027514736779e+03 -2.496271072141356149e-17 7.956774846377289505e-18
2.557547697443354991e+03 -6.036316820445960524e-18 8.759182893682093665e-18
2.560644367371973203e+03 -5.736022970975759344e-18 8.800188165265080888e-18
2.563741037300591415e+03 -1.076310303415387871e-17 8.617131758199096377e-18
2.566837707229209627e+03 1.255991979006012523e-18 8.818522647359440797e-18
2.569934377157827839e+03 -4.912437682062014453e-18 8.636015312194326854e-18
2.573031047086446051e+03 -7.650705269601292015e-18 8.708408774502718232e-18
2.576127717015064263e+03 -7.849780533357401595e-18 8.584562851610291079e-18
2.579224386943682475e+03 -1.034286321506281469e-17 8.637327463606588465e-18
2.582321056872300687e+03 7.125174511647064963e-18 9.285764151596160679e-18
2.585417726800918899e+03 -1.317706951835517513e-18 8.754860773920650624e-18
2.588514396729537111e+03 3.851367505349710159e-18 8.925190575922241596e-18
2.591611066658155323e+03 -1.150384078377660396e-18 8.827800337699223375e-18
2.594707736586773535e+03 2.959760540235438189e-18 8.762361883494555537e-18
2.597804406515391747e+03 2.354809452823147895e-17 9.729630762285565116e-18
2.600901076444009959e+03 -7.148468402016800018e-19 8.706582955166854770e-18
2.603997746372628171e+03 1.490028853297574266e-17 9.291093135160757539e-18
2.607094416301246383e+03 5.095947109574636476e-18 9.082195164826571458e-18
2.610191086229864595e+03 5.271487131484359178e-18 8.802296866474697322e-18
2.613287756158482807e+03 6.365216980492855730e-18 9.102458469819389846e-18
2.616384426087101019e+03 5.708869106646412603e-18 9.146783448120928586e-18
2.619481096015719231e+03 -6.061181011549736191e-18 8.628133632601607262e-18
2.622577765944337443e+03 -5.619101673208731853e-18 8.489390405910023464e-18
2.625674435872955655e+03 2.858308061517819688e-18 8.856222842125606244e-18
2.628771105801573867e+03 6.726606220864078559e-18 9.043782308576382124e-18
2.631867775730192079e+03 -3.245675750758826689e-18 8.669032022121529123e-18
2.634964445658810291e+03 -8.153770182001912501e-19 8.781874724740189107e-18
2.638061115587428503e+03 -1.275685734721832121e-17 8.337699502245407238e-18
2.641157785516046715e+03 7.306707750181102381e-18 9.247299376976802431e-18
2.644254455444664927e+03 -1.083200783633578428e-17 8.424757699982668984e-18
2.647351125373283139e+03 -5.943326843229028759e-19 8.810522176899854234e-18
2.650447795301901351e+03 -7.209218710537652709e-19 8.824096552626085110e-18
2.653544465230519563e+03 5.924143923054474971e-18 8.918858972359228658e-18
2.656641135159137775e+03 -7.843649110652333921e-18 8.496965209614483920e-18
2.659737805087755987e+03 -1.161597750193225148e-17 8.393810346351544124e-18
2.662834475016374199e+03 1.887150283206437171e-18 8.720476697592149907e-18
2.665931144944992411e+03 -8.238793751543243808e-18 8.255761218861511944e-18
2.669027814873610623e+03 -8.407343427513633977e-18 8.450521585683232825e-18
2.672124484802228835e+03 -7.470503806060871253e-19 8.834904638939910339e-18
2.675221154730847047e+03 -5.079232804891520701e-18 8.624709018952046083e-18
2.678317824659465259e+03 9.953996113617660931e-18 9.142532459393499694e-18
2.681414494588083471e+03 -1.685539112297798462e-18 8.721099564351804440e-18
2.684511164516701683e+03 -1.070192298455232428e-18 8.851108242611904754e-18
2.687607834445319895e+03 1.828489994764168207e-18 8.839075354949696963e-18
2.690704504373938107e+03 -1.421953655468583360e-17 8.359066848320183642e-18
2.693801174302556319e+03 -7.194405117466128007e-18 8.422498775719056346e-18
2.696897844231174531e+03 1.369465756109728362e-18 8.814579186022735589e-18
2.699994514159792743e+03 1.061106198177889136e-18 8.919953928140703043e-18
2.703091184088410955e+03 -5.868504264748397939e-19 9.014893768718402068e-18
2.706187854017029167e+03 -8.756468578445621430e-18 8.646254882844960789e-18
2.709284523945647379e+03 -2.912907260458491242e-19 8.837920945715939206e-18
2.712381193874265591e+03 -8.568168808299065399e-19 8.881240180023585889e-18
2.715477863802883803e+03 -8.565746587630438226e-18 8.642128275094616139e-18
2.718574533731502015e+03 4.934535643754043233e-18 9.065691059699773805e-18
2.721671203660120227e+03 5.514997614598348318e-18 8.980663146062220240e-18
2.724767873588738439e+03 1.819613936467247689e-17 9.386336193219579602e-18
2.727864543517356651e+03 8.662630623348370542e-19 8.948345015994462976e-18
2.730961213445974863e+03 -1.302271889263735547e-18 8.846506574976576555e-18
2.734057883374593075e+03 6.520008174041237665e-18 9.198415936096881967e-18
2.737154553303211287e+03 -1.858561805414070221e-17 8.276470351329924478e-18
2.740251223231829499e+03 -3.438443342779555210e-18 9.037226386476403126e-18
2.743347893160447711e+03 -1.068741619221314610e-17 8.705330773758577843e-18
2.746444563089065923e+03 -1.958970791970041151e-17 8.577393982380919700e-18
2.749541233017684135e+03 -1.621747689402901033e-17 8.784211837952094382e-18
2.752637902946302347e+03 -5.638935397519633411e-18 9.072357600757306411e-18
2.755734572874920559e+03 -2.358706682352348834e-17 8.154442755688639927e-18
2.758831242803538771e+03 -1.044422876496318884e-17 8.546217241341992411e-18
2.761927912732156983e+03 1.182730127322841611e-17 9.689436867727434058e-18
2.765024582660775195e+03 -1.611175429979320274e-17 8.564590608763432207e-18
2.768121252589393407e+03 9.111023280999809704e-19 9.126491246121425119e-18
2.771217922518011619e+03 -1.066747171209889198e-17 8.734771449237500222e-18
2.774314592446629831e+03 5.932599742489058346e-19 9.267623080570531417e-18
2.777411262375248043e+03 5.641473799678828754e-18 9.425440676965918946e-18
2.780507932303866255e+03 6.496341404186550293e-18 9.471202381061318604e-18
2.783604602232484467e+03 -6.971596801425756889e-19 9.271028347277260759e-18
2.786701272161102679e+03 1.037269463214658986e-17 9.645073345104473666e-18
2.789797942089720891e+03 -2.979874928140409217e-18 9.356940065613014674e-18
2.792894612018339103e+03 9.255571249920899029e-18 9.750085581455751360e-18
2.795991281946957315e+03 3.902566379714176134e-18 9.654733959276068328e-18
2.799087951875575527e+03 5.398542876787453148e-18 9.660024429802229933e-18
2.802184621804193739e+03 4.939357156529089833e-18 9.907013339919228391e-18
2.805281291732811951e+03 -3.232150855758918633e-18 9.415552825367435533e-18
2.808377961661430163e+03 -7.288831045735534056e-18 9.255121833472445334e-18
2.811474631590048375e+03 6.631043867211179884e-18 9.791870869959014374e-18
2.814571301518666587e+03 -1.617216501764108483e-17 8.960341630879201502e-18
2.817667971447284799e+03 -1.694245178791659078e-17 9.000659222185983645e-18
2.820764641375903011e+03 -2.540167409092322411e-18 9.567412730847118167e-18
2.823861311304521223e+03 2.544711899259112097e-19 9.843878080390699809e-18
2.826957981233139435e+03 -1.009721962599929605e-17 9.422650193475036158e-18
2.830054651161757647e+03 -2.063504473137908710e-17 8.907243301218417391e-18
2.833151321090375859e+03 -1.463341247783774976e-17 9.211379106801150459e-18
2.836247991018994071e+03 1.921976399171425094e-17 1.046857737173896608e-17
2.839344660947612283e+03 4.531713931424619286e-18 9.974014495286966792e-18
2.842441330876230495e+03 -6.361225859928296237e-18 9.559875289892438305e-18
2.845538000804848707e+03 -5.265131931124115626e-18 9.697975511937439913e-18
2.848634670733466919e+03 -9.068435570585069601e-18 9.413896840263113453e-18
2.851731340662085131e+03 6.833948721054674223e-18 1.017577859611587417e-17
2.854828010590703343e+03 -5.618206538724936655e-18 9.683318215199848630e-18
2.857924680519321555e+03 -4.274006234026994337e-18 9.838773646321022430e-18
2.861021350447939767e+03 1.635460286530207217e-18 1.014075837590887340e-17
2.864118020376557979e+03 -1.072303504200766646e-17 9.678398523742949882e-18
2.867214690305176191e+03 -7.683247494935337336e-18 9.975976196217635503e-18
2.870311360233794403e+03 1.071824795451262407e-17 1.062034809516150519e-17
2.873408030162412615e+03 -1.855850684053193590e-18 1.007137234157324828e-17
2.876504700091030827e+03 -9.997753663076609307e-18 9.982256111465923745e-18
2.879601370019649039e+03 -5.433187531602022512e-18 1.027772470654600097e-17
2.882698039948267251e+03 2.260714094101718181e-18 1.044307414196116046e-17
2.885794709876885463e+03 2.756347457602388732e-18 1.062610018776509408e-17
2.888891379805503675e+03 1.723671648852076820e-19 1.062117383556768102e-17
2.891988049734121887e+03 -2.728529329728266305e-17 9.721823395843869189e-18
2.895084719662740099e+03 -5.588570505575055872e-18 1.066922987959572651e-17
2.898181389591358311e+03 -2.011303667742036337e-18 1.070292119925161298e-17
2.901278059519976523e+03 3.901314265921101798e-18 1.108496081122354362e-17
2.904374729448594735e+03 -3.811799125637374818e-18 1.108925694183698289e-17
2.907471399377212947e+03 2.184507237349894445e-18 1.126136479999335950e-17
2.910568069305831159e+03 -1.419368092843279364e-18 1.098321036591950645e-17
2.913664739234449371e+03 -8.884015515837356049e-19 1.111511411151455429e-17
2.916761409163067583e+03 4.759342603268340341e-18 1.147919259169278003e-17
2.919858079091685795e+03 1.017165702219290267e-17 1.172432191889665271e-17
2.922954749020304007e+03 2.083882437011340945e-17 1.232517154693998232e-17
2.926051418948922219e+03 -1.104149209218548131e-17 1.111934562538874212e-17
2.929148088877540431e+03 5.970509378016063855e-18 1.193752441260256197e-17
2.932244758806158643e+03 1.807247682248482798e-17 1.251677792468811138e-17
2.935341428734776855e+03 -5.994884682954818459e-18 1.188460226221100133e-17
2.938438098663395067e+03 -5.238401333864055859e-18 1.200207992024645137e-17
2.941534768592013279e+03 -8.111557760278613638e-18 1.180222086267995854e-17
2.944631438520631491e+03 -2.240360968884504611e-17 1.165182106375662471e-17
2.947728108449249703e+03 2.325796005443989204e-18 1.259078707402584554e-17
2.950824778377867915e+03 1.027061708721178018e-17 1.256562207685624398e-17
2.953921448306486127e+03 1.357948286937871174e-17 1.313323874127602684e-17
2.957018118235104339e+03 -5.953220940940799530e-18 1.240600110459516717e-17
2.960114788163722551e+03 1.773987916707069034e-18 1.300826788279844591e-17
2.963211458092340763e+03 3.764377883396826134e-18 1.322759049241281095e-17
2.966308128020958975e+03 -2.327177619343156422e-18 1.282612690431431588e-17
2.969404797949577187e+03 -8.593981056404690930e-18 1.280520700817927493e-17
2.972501467878195399e+03 9.148922887882125646e-18 1.381925351999708207e-17
2.975598137806813611e+03 6.904820140664346318e-18 1.383838400112876942e-17
2.978694807735431823e+03 -5.898184177488930496e-18 1.351144690878467197e-17
2.981791477664050035e+03 1.616402061139773977e-17 1.451527502582754329e-17
2.984888147592668247e+03 -8.114215181164666286e-18 1.396378484712665981e-17
2.987984817521286459e+03 9.710945015544310979e-20 1.438056922126567253e-17
2.991081487449904671e+03 -1.731057909343587536e-18 1.453376019948443393e-17
2.994178157378522883e+03 2.153283956661468882e-17 1.559294710484152158e-17
2.997274827307141095e+03 1.215159771040521771e-17 1.526833028963109935e-17
3.000371497235759307e+03 -2.122084163237991729e-17 1.468486695505268421e-17
3.003468167164377519e+03 -1.071969993122764251e-17 1.526736135434751318e-17
3.006564837092995731e+03 1.020511113924820679e-17 1.578539685187958366e-17
3.009661507021613943e+03 -9.853373844775154694e-18 1.537194201232298893e-17
3.012758176950232155e+03 7.192608906650383593e-18 1.630923219465761524e-17
3.015854846878850367e+03 -1.818208070268527642e-17 1.564017676332230413e-17
3.018951516807468579e+03 -7.950631445363711644e-18 1.600971192677038338e-17
3.022048186736086791e+03 1.327492777835980230e-17 1.748963571479051432e-17
3.025144856664705003e+03 -1.584308304065411845e-17 1.655880290883078294e-17
3.028241526593323215e+03 -2.585245011431902598e-17 1.651255343218653355e-17
3.031338196521941427e+03 -3.586415708432379039e-18 1.769782517082605721e-17
3.034434866450559639e+03 7.696840404607067460e-18 1.819570529472674655e-17
3.037531536379177851e+03 2.718283994298701520e-17 1.920585503670019055e-17
3.040628206307796063e+03 -1.860757626309118748e-18 1.875074412512793967e-17
3.043724876236414275e+03 5.284217848112474447e-18 1.944802694082155999e-17
3.046821546165032487e+03 2.193205017643574292e-17 2.008718607717527885e-17
3.049918216093650699e+03 -2.984310638150505111e-17 1.879170298992183818e-17
3.053014886022268911e+03 -3.769937380873951050e-17 1.886476714832118740e-17
3.056111555950887123e+03 -4.313427173660503364e-18 2.056943646481368440e-17
3.059208225879505335e+03 -7.615834967182088079e-18 2.070389419042110581e-17
3.062304895808123547e+03 1.245533260749148022e-17 2.151700863133352945e-17
3.065401565736741759e+03 6.023245990788091113e-17 2.378451499349005369e-17
3.068498235665359971e+03 2.595289456729946525e-17 2.312429073977458829e-17
3.071594905593978183e+03 2.780553776347914008e-17 2.343149570775934027e-17
3.074691575522596395e+03 5.813765173419308715e-18 2.311895542094962705e-17
3.077788245451214607e+03 1.231879847466999627e-17 2.411579539904906075e-17
3.080884915379832819e+03 -3.451025214498039466e-18 2.393491018047486621e-17
3.083981585308451031e+03 -3.387457897850192972e-18 2.441900238538729152e-17
3.087078255237069243e+03 -2.140659383840037487e-17 2.444102085177704044e-17
3.090174925165687455e+03 -1.524941443722906874e-18 2.555706492927807549e-17
3.093271595094305667e+03 -2.843234140672406028e-17 2.494513690852069760e-17
3.096368265022923879e+03 2.814840547156203892e-17 2.778200313857762890e-17
3.099464934951542091e+03 -1.117504647709274954e-17 2.687657087588666282e-17
3.102561604880160303e+03 -6.214152702471795430e-17 2.586036022788774626e-17
3.105658274808778515e+03 4.789054591841784345e-18 2.860882039125888754e-17
3.108754944737396727e+03 -2.405304027060525389e-17 2.849141446404141101e-17
3.111851614666014939e+03 -4.015425629504389064e-17 2.858068972590864478e-17
3.114948284594633151e+03 -2.655411324906745280e-18 3.034105131937735743e-17
3.118044954523251363e+03 -1.722861433041008555e-18 3.112451940522113250e-17
3.121141624451869575e+03 -6.016539498605926520e-17 3.002952360211957764e-17
3.124238294380487787e+03 3.233672282343673410e-17 3.376447984252431957e-17
3.127334964309105999e+03 4.066349832150791668e-17 3.402736304037764131e-17
3.130431634237724211e+03 2.375772422448410955e-17 3.430629841976717499e-17
3.133528304166342423e+03 2.201936194667678241e-17 3.578806214339798743e-17
3.136624974094960635e+03 1.388692019631197354e-17 3.448695258733124787e-17
3.139721644023578847e+03 2.083530418891402262e-16 5.661828860236801795e-17
