# obs_wvl flux error
1.580000000000000000e+03 -1.036597779322273590e-14 6.433185448312055337e-14
1.581548213052980600e+03 4.987407476799849246e-14 2.343397571823329374e-14
1.583096426105961200e+03 1.247207100920918169e-14 1.236029085395967644e-14
1.584644639158941800e+03 -1.011021597046259550e-14 8.310411808982110439e-15
1.586192852211922400e+03 -6.540889983148997519e-15 6.642809183402700741e-15
1.587741065264903000e+03 -1.387606390461152445e-15 5.484617368340555403e-15
1.589289278317883600e+03 3.614782444619781954e-15 4.776227292278006656e-15
1.590837491370864200e+03 -3.531551973092139906e-15 3.873369579840216365e-15
1.592385704423844800e+03 -7.820523853171681946e-15 3.229494298627527529e-15
1.593933917476825400e+03 -3.389108294702840706e-15 3.016318925750847936e-15
1.595482130529806000e+03 2.813105148612589854e-15 2.844725278153862785e-15
1.597030343582786600e+03 -1.190532538071753345e-15 2.400189674627807652e-15
1.598578556635767200e+03 -8.198530880231081728e-17 2.218893738931448626e-15
1.600126769688747800e+03 -1.143675999770317831e-15 1.869515071120439413e-15
1.601674982741728400e+03 5.526301136967515787e-17 1.778424847520008006e-15
1.603223195794709000e+03 -1.695297258697502743e-15 1.525401291413041240e-15
1.604771408847689599e+03 -5.750665449650516133e-16 1.435733089356571911e-15
1.606319621900670199e+03 -2.267651646185389509e-15 1.216941682066881740e-15
1.607867834953650799e+03 -3.244544568820913298e-16 1.207119458187426684e-15
1.609416048006631399e+03 -1.976759372916768541e-15 1.031296141054464376e-15
1.610964261059611999e+03 -7.872680338917677022e-16 1.007427196504843877e-15
1.612512474112592599e+03 -2.585816250340244153e-16 9.348462328170217833e-16
1.614060687165573199e+03 -1.092250577110380459e-15 8.209706662395764702e-16
1.615608900218553799e+03 -1.881944711670604175e-15 7.316507254841574980e-16
1.617157113271534399e+03 -5.317468464749698437e-17 7.545135010610513143e-16
1.618705326324514999e+03 1.368196070071081144e-16 7.223110120890218212e-16
1.620253539377495599e+03 -1.276290867570386232e-15 6.203839289190514304e-16
1.621801752430476199e+03 -3.017979699308180957e-16 5.984500687101841974e-16
1.623349965483456799e+03 -6.525615394373839254e-16 5.648235696246777541e-16
1.624898178536437399e+03 -1.246252405349136473e-15 5.039082258750100992e-16
1.626446391589417999e+03 -5.601112912956701765e-18 5.254013531681012604e-16
1.627994604642398599e+03 2.282224394155651441e-16 4.939587750347791690e-16
1.629542817695379199e+03 -5.598169255409797606e-17 4.735508963206770165e-16
1.631091030748359799e+03 2.257470174276874525e-16 4.507400059853360841e-16
1.632639243801340399e+03 4.925131744204194164e-17 4.263418726654681598e-16
1.634187456854320999e+03 -2.960223122577275078e-16 3.967959992042870875e-16
1.635735669907301599e+03 -6.852416962637059240e-16 3.562378854140119845e-16
1.637283882960282199e+03 -2.138803972425350058e-17 3.758325720919181768e-16
1.638832096013262799e+03 -6.558024772069042275e-17 3.542348055624634086e-16
1.640380309066243399e+03 -1.080087215335606498e-16 3.391657669081205914e-16
1.641928522119223999e+03 4.424067177013913807e-16 3.482797945104807949e-16
1.643476735172204599e+03 2.139685124318832419e-16 3.285780127746288286e-16
1.645024948225185199e+03 9.387088328998737269e-17 3.083906365136242507e-16
1.646573161278165799e+03 7.752143775315202236e-17 3.003914348350029122e-16
1.648121374331146399e+03 -4.510689519027254459e-16 2.746780401342896815e-16
1.649669587384126999e+03 2.761627923536212322e-17 2.813115281809408884e-16
1.651217800437107599e+03 -1.182604253583508343e-16 2.723825137026477776e-16
1.652766013490088199e+03 5.036903850387719080e-17 2.767851060857607379e-16
1.654314226543068798e+03 5.770165162506636220e-17 2.588833735641032139e-16
1.655862439596049398e+03 -4.506461790812201464e-16 2.351980813688018174e-16
1.657410652649029998e+03 -2.546454600379649519e-16 2.403927337650670443e-16
1.658958865702010598e+03 4.238361121976899236e-16 2.569120078830851547e-16
1.660507078754991198e+03 -3.989419953997332405e-17 2.241751421108711986e-16
1.662055291807971798e+03 -4.085206848870108164e-16 2.173460709171759987e-16
1.663603504860952398e+03 -2.864106201861948794e-16 2.195699442987877253e-16
1.665151717913932998e+03 -2.385679585788055696e-16 2.079070144988845953e-16
1.666699930966913598e+03 2.781674564744247708e-16 2.230257913187643797e-16
1.668248144019894198e+03 -1.266921716505797932e-16 2.053809007626474341e-16
1.669796357072874798e+03 -1.705979746972227561e-16 2.013767704704361115e-16
1.671344570125855398e+03 -1.382694957791710247e-16 2.023697965365767832e-16
1.672892783178835998e+03 -1.101899860674386778e-16 1.957308411438447617e-16
1.674440996231816598e+03 -3.232828842720126041e-16 1.819515573363039113e-16
1.675989209284797198e+03 2.107442843213161581e-16 2.017638939025386193e-16
1.677537422337777798e+03 7.570586617044967022e-17 1.865289105942310175e-16
1.679085635390758398e+03 1.838209088513987324e-16 1.981478152853455333e-16
1.680633848443738998e+03 -2.390730016837517762e-16 1.671050640116994965e-16
1.682182061496719598e+03 2.021285542133251582e-16 1.915167025232962765e-16
1.683730274549700198e+03 -1.882423472161183693e-16 1.642249252113526096e-16
1.685278487602680798e+03 -2.125943397083469332e-16 1.641032546529716814e-16
1.686826700655661398e+03 -4.479496873672238197e-17 1.648154030021206389e-16
1.688374913708641998e+03 1.027126403608069225e-16 1.733868811749903598e-16
1.689923126761622598e+03 1.008298201867906256e-16 1.682613473453365233e-16
1.691471339814603198e+03 -1.228958411459584117e-16 1.580652290617223250e-16
1.693019552867583798e+03 1.343196846190875309e-16 1.665228977091687991e-16
1.694567765920564398e+03 7.044537603181874672e-17 1.562786449472114445e-16
1.696115978973544998e+03 1.411119927296219040e-16 1.591411830581735391e-16
1.697664192026525598e+03 9.225936446749175736e-17 1.544293342154844347e-16
1.699212405079506198e+03 1.700820877985317765e-16 1.558520550023677000e-16
1.700760618132486798e+03 -6.419804309308174630e-17 1.421286736172762444e-16
1.702308831185467398e+03 -8.382793157513613528e-17 1.424511573441660660e-16
1.703857044238447997e+03 5.960276390068601026e-18 1.430841726441438575e-16
1.705405257291428597e+03 1.103603297950060602e-16 1.460251719992232677e-16
1.706953470344409197e+03 -1.844247596168507543e-16 1.301406927459522157e-16
1.708501683397389797e+03 -5.080543940541878920e-18 1.382244543277454247e-16
1.710049896450370397e+03 4.415830860108476266e-17 1.370225510579655586e-16
1.711598109503350997e+03 -1.313023167155376950e-16 1.284052817817889956e-16
1.713146322556331597e+03 -1.553845774636050509e-16 1.246171967176602906e-16
1.714694535609312197e+03 8.414555880402878273e-17 1.290906367495180918e-16
1.716242748662292797e+03 -3.581668470764926628e-16 1.101816410276967023e-16
1.717790961715273397e+03 -2.533372482423845667e-16 1.168222505628560101e-16
1.719339174768253997e+03 1.695445873022564710e-18 1.254104471896699285e-16
1.720887387821234597e+03 -1.526406190041643408e-16 1.168519418219490410e-16
1.722435600874215197e+03 1.090133061939592638e-16 1.273182421369494599e-16
1.723983813927195797e+03 1.240987303736857694e-16 1.251291511117542010e-16
1.725532026980176397e+03 3.751043115823774671e-17 1.219787559483720704e-16
1.727080240033156997e+03 8.658808959712281100e-17 1.167492007969965953e-16
1.728628453086137597e+03 2.487021876475320554e-16 1.261240955142293286e-16
1.730176666139118197e+03 5.577860167063338865e-17 1.155506489601381047e-16
1.731724879192098797e+03 1.656617915952083048e-16 1.215858114342351457e-16
1.733273092245079397e+03 -3.306751716160056622e-18 1.107711727730106429e-16
1.734821305298059997e+03 -3.455194173099750510e-18 1.116752920139999608e-16
1.736369518351040597e+03 3.594058557146831566e-17 1.104929186640576239e-16
1.737917731404021197e+03 7.692671053960674408e-17 1.091163689172439838e-16
1.739465944457001797e+03 -6.240506972346440300e-17 1.068317405950942309e-16
1.741014157509982397e+03 7.633671159259499673e-18 1.029822258182727511e-16
1.742562370562962997e+03 -6.837160092294357851e-17 1.013987283175821236e-16
1.744110583615943597e+03 -1.178735661394753158e-16 9.924176508887223299e-17
1.745658796668924197e+03 -2.192012400711363488e-17 1.021688046822281016e-16
1.747207009721904797e+03 -2.820260982536420445e-16 8.808012191310791908e-17
1.748755222774885397e+03 -1.360412251438116249e-16 9.569335816130880939e-17
1.750303435827865997e+03 -3.102363572067337265e-17 9.577849907874789629e-17
1.751851648880846597e+03 8.197621385825278789e-17 1.011071117690389657e-16
1.753399861933827196e+03 -3.827966165162033641e-17 9.448147928737817604e-17
1.754948074986807796e+03 4.294935506094669025e-17 9.499814658153579680e-17
1.756496288039788396e+03 -2.108196019761610349e-17 9.286798342615209938e-17
1.758044501092768996e+03 2.263291403687140591e-16 1.024124411516151300e-16
1.759592714145749596e+03 -1.772959988451077736e-17 8.978622070879526136e-17
1.761140927198730196e+03 1.610171700715183941e-16 9.794042872679995000e-17
1.762689140251710796e+03 5.409741548642282339e-17 9.292581251903656007e-17
1.764237353304691396e+03 6.413850500415543912e-17 9.005360225843997717e-17
1.765785566357671996e+03 1.454269340825839680e-16 9.313245892558680277e-17
1.767333779410652596e+03 1.705931959356056182e-16 9.402943437573732588e-17
1.768881992463633196e+03 6.408087257577880554e-17 8.869905219398284879e-17
1.770430205516613796e+03 1.272849892351024725e-17 8.467148457158769459e-17
1.771978418569594396e+03 3.153193059071481855e-17 8.449409937872523028e-17
1.773526631622574996e+03 1.098795996638455332e-16 8.828297853987535625e-17
1.775074844675555596e+03 3.505737393054981985e-17 8.389498407167736953e-17
1.776623057728536196e+03 1.750953441388749742e-16 8.926501623125414203e-17
1.778171270781516796e+03 9.347543823555730392e-19 8.437546194664663370e-17
1.779719483834497396e+03 -1.417645100038965652e-16 7.346939135442547450e-17
1.781267696887477996e+03 -4.319386866706466067e-17 7.770512089567719598e-17
1.782815909940458596e+03 1.016027887106792948e-16 8.202981581477888839e-17
1.784364122993439196e+03 7.983430343263701446e-17 8.187449701041375877e-17
1.785912336046419796e+03 -4.307356621469760093e-17 7.385990480017414795e-17
1.787460549099400396e+03 2.121058484567358787e-17 7.706508261296299416e-17
1.789008762152380996e+03 -7.835133765430166086e-17 7.223489737094395637e-17
1.790556975205361596e+03 1.299778949813740358e-16 8.035042696636304605e-17
1.792105188258342196e+03 1.508485532908748327e-16 8.031820803671022526e-17
1.793653401311322796e+03 4.860948274555329780e-17 7.572015038118670902e-17
1.795201614364303396e+03 -2.065578948509257386e-17 6.883165727473151035e-17
1.796749827417283996e+03 2.018114217851893791e-16 8.289325772667599576e-17
1.798298040470264596e+03 -6.627498900349071390e-18 7.147647477006574313e-17
1.799846253523245196e+03 5.047342557983811670e-17 7.326798839419163262e-17
1.801394466576225796e+03 3.996411968643034559e-17 7.264197665994502657e-17
1.802942679629206395e+03 -1.086304859682865025e-17 6.811260036506759442e-17
1.804490892682186995e+03 4.952482969552658054e-17 7.205949590001340226e-17
1.806039105735167595e+03 -1.134034542366269112e-17 6.596039648588023885e-17
1.807587318788148195e+03 2.751444110910835906e-16 7.801220328753237212e-17
1.809135531841128795e+03 5.617403897386427514e-17 6.948201043611132858e-17
1.810683744894109395e+03 5.956028427202029642e-17 6.768975948911488343e-17
1.812231957947089995e+03 1.783483023089665480e-16 7.315539046810317716e-17
1.813780171000070595e+03 7.317883921371977899e-17 6.849186978500875531e-17
1.815328384053051195e+03 1.018347336710859475e-16 6.687420757085317832e-17
1.816876597106031795e+03 7.689510437034796012e-17 6.722981581560507091e-17
1.818424810159012395e+03 9.086658313649368790e-17 6.641009072611563548e-17
1.819973023211992995e+03 1.125700422591986214e-16 6.588689680498516890e-17
1.821521236264973595e+03 6.195870312750552508e-20 6.335147925410576103e-17
1.823069449317954195e+03 5.549493641978639249e-17 6.331176014902025339e-17
1.824617662370934795e+03 8.736145642159873122e-17 6.517964107007524552e-17
1.826165875423915395e+03 -5.042783372061972834e-17 5.798478675220582120e-17
1.827714088476895995e+03 1.314670294837310275e-16 6.579037936075801455e-17
1.829262301529876595e+03 8.187506915950475783e-17 6.246530716850715239e-17
1.830810514582857195e+03 1.181921453411753768e-16 6.492304366796280170e-17
1.832358727635837795e+03 3.002378224915431361e-17 5.931584307449773326e-17
1.833906940688818395e+03 1.179276562874713646e-16 6.308617141550795294e-17
1.835455153741798995e+03 1.679154888679786955e-17 5.937379269424761678e-17
1.837003366794779595e+03 7.976624231657176828e-17 5.974993168051848197e-17
1.838551579847760195e+03 1.100275201015376156e-16 6.169874765209775706e-17
1.840099792900740795e+03 2.742334245103864491e-17 5.951316310650973109e-17
1.841648005953721395e+03 3.309146091380737700e-17 5.826743112047128489e-17
1.843196219006701995e+03 3.560527574563582759e-17 5.696482298884480129e-17
1.844744432059682595e+03 1.433553219247437006e-16 6.011047603579824916e-17
1.846292645112663195e+03 2.140470110793729045e-16 6.072024826558145563e-17
1.847840858165643795e+03 1.648858723962301124e-16 5.996312187179958841e-17
1.849389071218624395e+03 1.266054740795847075e-16 5.889835721219450725e-17
1.850937284271604995e+03 9.114045993772397132e-17 5.683455007101806358e-17
1.852485497324585594e+03 1.430291422832077463e-16 5.914035180347402739e-17
1.854033710377566194e+03 7.352430513690344364e-17 5.601743759359856976e-17
1.855581923430546794e+03 9.607290532616354731e-17 5.680459876319108932e-17
1.857130136483527394e+03 1.060199372638567624e-16 5.593429132161773090e-17
1.858678349536507994e+03 8.023734748713053065e-17 5.506630959110755686e-17
1.860226562589488594e+03 1.084471985059343034e-16 5.573438509619332381e-17
1.861774775642469194e+03 1.339972284572624095e-16 5.705531476177714824e-17
1.863322988695449794e+03 2.095792459422708048e-17 5.183361459083791369e-17
1.864871201748430394e+03 6.646375801252069974e-17 5.291188267386306965e-17
1.866419414801410994e+03 1.699850530654818306e-16 5.642834516535553946e-17
1.867967627854391594e+03 1.573544356272901106e-16 5.738063954394600460e-17
1.869515840907372194e+03 3.794650517950928618e-17 5.097629550724109942e-17
1.871064053960352794e+03 4.408018801256008340e-17 5.093952826287190163e-17
1.872612267013333394e+03 8.058037577193223507e-17 5.297461591616385347e-17
1.874160480066313994e+03 1.604093142505598325e-16 5.402934055041647542e-17
1.875708693119294594e+03 2.190340950556198793e-16 5.765889461537537038e-17
1.877256906172275194e+03 5.620756253305959546e-17 5.090817402129076304e-17
1.878805119225255794e+03 7.260367098487928535e-17 5.085564882325508707e-17
1.880353332278236394e+03 1.596454160992914794e-16 5.294867764462691750e-17
1.881901545331216994e+03 2.014821890763594701e-16 5.348313730889388923e-17
1.883449758384197594e+03 1.542574635549222703e-16 5.244423836399842999e-17
1.884997971437178194e+03 1.378095696265204170e-17 4.799872079273643063e-17
1.886546184490158794e+03 2.594421323317610935e-17 4.728233063899201413e-17
1.888094397543139394e+03 8.527903158127676716e-17 4.904002265146253257e-17
1.889642610596119994e+03 1.141840360717997744e-16 4.937588005265196321e-17
1.891190823649100594e+03 1.548563989304514621e-16 5.147409476680566325e-17
1.892739036702081194e+03 5.638495534779251407e-17 4.697489193743489809e-17
1.894287249755061794e+03 1.457824091243782094e-16 5.028693253066493124e-17
1.895835462808042394e+03 5.117013757956457363e-17 4.700083957355463447e-17
1.897383675861022994e+03 1.276776052351020938e-16 4.866630399679331972e-17
1.898931888914003594e+03 1.071141336509050057e-16 4.799867317061701164e-17
1.900480101966984193e+03 1.183152381659491160e-16 4.826657840947178377e-17
1.902028315019964793e+03 1.111431770084234344e-16 4.768740201485722138e-17
1.903576528072945393e+03 1.480523272096062341e-16 4.895417720967817004e-17
1.905124741125925993e+03 1.021963807196308544e-16 4.599250124888601345e-17
1.906672954178906593e+03 1.320877341042478073e-16 4.755570660569033709e-17
1.908221167231887193e+03 1.516859357434096467e-16 4.717921129548052784e-17
1.909769380284867793e+03 1.832187653891182610e-16 4.771623129003475502e-17
1.911317593337848393e+03 1.799402800091390473e-16 4.690969017633359854e-17
1.912865806390828993e+03 1.469531325767956630e-16 4.559774161991733100e-17
1.914414019443809593e+03 1.803876811609970464e-16 4.720883851916294899e-17
1.915962232496790193e+03 1.757269276838750301e-16 4.672766432337900548e-17
1.917510445549770793e+03 1.768434545191859496e-16 4.714031347637616176e-17
1.919058658602751393e+03 1.609951967842159445e-16 4.595845808270214023e-17
1.920606871655731993e+03 1.109165460345589722e-16 4.483619884762862341e-17
1.922155084708712593e+03 9.899360697875568114e-17 4.363316623826868590e-17
1.923703297761693193e+03 2.167906980574009964e-16 4.614991398831619711e-17
1.925251510814673793e+03 1.726313071671158027e-16 4.533011164358534831e-17
1.926799723867654393e+03 1.408473070536022285e-16 4.429569238620646214e-17
1.928347936920634993e+03 2.069677372609971862e-16 4.554424063265309431e-17
1.929896149973615593e+03 1.789196195004459439e-16 4.504943029349387943e-17
1.931444363026596193e+03 1.162379958409185094e-16 4.259745237936019288e-17
1.932992576079576793e+03 1.816139932615339773e-16 4.423277709332355294e-17
1.934540789132557393e+03 2.062559286725868767e-16 4.472964521690439717e-17
1.936089002185537993e+03 2.019081097411218895e-16 4.456761745829048337e-17
1.937637215238518593e+03 1.729602574976756037e-16 4.316132547338354410e-17
1.939185428291499193e+03 1.916699057363834213e-16 4.395317793148051823e-17
1.940733641344479793e+03 2.241331914412176872e-16 4.520523118550456989e-17
1.942281854397460393e+03 1.964922365106927242e-16 4.444790493487806671e-17
1.943830067450440993e+03 1.523438238943143404e-16 4.183721478718397222e-17
1.945378280503421593e+03 2.203397727663600319e-16 4.375752987821493469e-17
1.946926493556402193e+03 2.454013646080025469e-16 4.489819412892214209e-17
1.948474706609382793e+03 2.539780002658558403e-16 4.545065816413346301e-17
1.950022919662363392e+03 1.396443996300004303e-16 4.227201079605956550e-17
1.951571132715343992e+03 1.439759309067088287e-16 4.026285192463391206e-17
1.953119345768324592e+03 3.105582846964728736e-16 4.559284809473681545e-17
1.954667558821305192e+03 2.504381952781633130e-16 4.455733098592588142e-17
1.956215771874285792e+03 1.870967550606013209e-16 4.183653529254604130e-17
1.957763984927266392e+03 2.914720537630526465e-16 4.476118473247731895e-17
1.959312197980246992e+03 3.110883794801885751e-16 4.533951593554031695e-17
1.960860411033227592e+03 2.851082021693660999e-16 4.418370310509552589e-17
1.962408624086208192e+03 3.657894652658917029e-16 4.630243298784128563e-17
1.963956837139188792e+03 3.313137733846938133e-16 4.514973462779853457e-17
1.965505050192169392e+03 3.660540855411546921e-16 4.547735396870454640e-17
1.967053263245149992e+03 3.511886658591520475e-16 4.533217693986862785e-17
1.968601476298130592e+03 3.050134888666331472e-16 4.363032354585216852e-17
1.970149689351111192e+03 2.590858268355988604e-16 4.204811489329877957e-17
1.971697902404091792e+03 2.305910481004252320e-16 4.152686817031627192e-17
1.973246115457072392e+03 2.145909576357001018e-16 4.090684937471763306e-17
1.974794328510052992e+03 2.650836333452318178e-16 4.235981209280468959e-17
1.976342541563033592e+03 3.031805907400038605e-16 4.316881356798769956e-17
1.977890754616014192e+03 2.910804670898408968e-16 4.259066586497251294e-17
1.979438967668994792e+03 2.649732574699372008e-16 4.177679696118550831e-17
1.980987180721975392e+03 3.289987440357115664e-16 4.264150202989151561e-17
1.982535393774955992e+03 3.416667904003909618e-16 4.309086587371205932e-17
1.984083606827936592e+03 2.592316986482635807e-16 4.037967319985713712e-17
1.985631819880917192e+03 3.035252304059101485e-16 4.150526969698049630e-17
1.987180032933897792e+03 2.706648450477507954e-16 4.078620988468703460e-17
1.988728245986878392e+03 1.901808786257999449e-16 3.859166238671252812e-17
1.990276459039858992e+03 2.107618883464891196e-16 3.897014905195560982e-17
1.991824672092839592e+03 2.418986015200044590e-16 3.956606288641292174e-17
1.993372885145820192e+03 2.159007108149229103e-16 3.874276446888526711e-17
1.994921098198800792e+03 2.095953727644696011e-16 3.792549425336956608e-17
1.996469311251781392e+03 2.088129271539804378e-16 3.745029451793811975e-17
1.998017524304761992e+03 2.341153317910609086e-16 3.824039065194278970e-17
1.999565737357742591e+03 1.916500326939337742e-16 3.684783671620163264e-17
2.001113950410723191e+03 1.440981489191928188e-16 3.591348039518036017e-17
2.002662163463703791e+03 1.609556293191860246e-16 3.647006840441939304e-17
2.004210376516684391e+03 1.820815259610071072e-16 3.620149826294926193e-17
2.005758589569664991e+03 1.806936523280463350e-16 3.638546778440124976e-17
2.007306802622645591e+03 1.639111661119210383e-16 3.543715097789698537e-17
2.008855015675626191e+03 1.721591446073137702e-16 3.463230547462798056e-17
2.010403228728606791e+03 1.893459060052714918e-16 3.577036205684057021e-17
2.011951441781587391e+03 1.621646726075668081e-16 3.462345770909401926e-17
2.013499654834567991e+03 1.788814007458276594e-16 3.476454021284973368e-17
2.015047867887548591e+03 1.785781685258673301e-16 3.490406753815688023e-17
2.016596080940529191e+03 1.319026973263704980e-16 3.337250928165109854e-17
2.018144293993509791e+03 1.083942033079623756e-16 3.304647175233862137e-17
2.019692507046490391e+03 7.948701943049020675e-17 3.153497841957136848e-17
2.021240720099470991e+03 7.203781556665290841e-17 3.057455098035660992e-17
2.022788933152451591e+03 8.469411714754043560e-17 3.155618757070262392e-17
2.024337146205432191e+03 8.306362454755792521e-17 3.129368241564067715e-17
2.025885359258412791e+03 1.064956962841527254e-16 3.138902290827345822e-17
2.027433572311393391e+03 1.169197693289067358e-16 3.192491727457089092e-17
2.028981785364373991e+03 1.069719405189487066e-16 3.138949565808827922e-17
2.030529998417354591e+03 7.764311870809657990e-17 2.992494128176106117e-17
2.032078211470335191e+03 6.961754015247354721e-17 3.015215419725018251e-17
2.033626424523315791e+03 9.371320124398619406e-17 3.049326072091388918e-17
2.035174637576296391e+03 1.068951009780010961e-16 3.071896073329183504e-17
2.036722850629276991e+03 1.105567215399649823e-16 3.116420344028183663e-17
2.038271063682257591e+03 1.296744233867460819e-16 3.149705823289924827e-17
2.039819276735238191e+03 8.041757636515093921e-17 3.042844391072459045e-17
2.041367489788218791e+03 6.457496486101109065e-17 2.962117854091881264e-17
2.042915702841199391e+03 6.982034532578789899e-17 2.934989587103716110e-17
2.044463915894179991e+03 3.452898686245435774e-17 2.846997994540379420e-17
2.046012128947160591e+03 2.092560308781480871e-17 2.695974828870774048e-17
2.047560342000141191e+03 6.838680740453275177e-17 2.882861569540593548e-17
2.049108555053121563e+03 4.391670248791829578e-17 2.829531181312932965e-17
2.050656768106102390e+03 9.185540520306926863e-17 2.939921845315703359e-17
2.052204981159083218e+03 1.261037865984821661e-16 2.991576545171750619e-17
2.053753194212063590e+03 8.122625446204040958e-17 2.844203864934350175e-17
2.055301407265043963e+03 2.684737728277178117e-17 2.697691417250278046e-17
2.056849620318024790e+03 4.869864414931795019e-17 2.740519277181062935e-17
2.058397833371005618e+03 5.908534332122148590e-17 2.797554259967172680e-17
2.059946046423985990e+03 3.992542484067333188e-17 2.763573142369244700e-17
2.061494259476966363e+03 2.066317015330329515e-17 2.615502597598989620e-17
2.063042472529947190e+03 2.687842499438232615e-17 2.675789078011273074e-17
2.064590685582928018e+03 3.633875162878583003e-17 2.661046284903183655e-17
2.066138898635908390e+03 5.791544441186925761e-17 2.710140861272097511e-17
2.067687111688888763e+03 5.331997507309956741e-18 2.484625191740689993e-17
2.069235324741869590e+03 6.377787162729538223e-17 2.677533286942412571e-17
2.070783537794850417e+03 5.933229888612435866e-17 2.653767346622521617e-17
2.072331750847830790e+03 3.664961993230469849e-17 2.654390926493641708e-17
2.073879963900811163e+03 3.836869720910274669e-18 2.497653745795123521e-17
2.075428176953791990e+03 1.811856867224189224e-17 2.491025212943268062e-17
2.076976390006772817e+03 7.339977754324780539e-17 2.702324639706142572e-17
2.078524603059753190e+03 7.302763649983107232e-17 2.639689059208231072e-17
2.080072816112733562e+03 2.564449386640650356e-17 2.450049022747900461e-17
2.081621029165714390e+03 1.487261675768566807e-17 2.462315707350969325e-17
2.083169242218695217e+03 4.390280964704345501e-17 2.538245672588348161e-17
2.084717455271675590e+03 5.506283963012791054e-17 2.571717554182955230e-17
2.086265668324655962e+03 3.012369860863593129e-17 2.447543517584617521e-17
2.087813881377636790e+03 4.697332892098021216e-18 2.348475594105644252e-17
2.089362094430617617e+03 2.915705227906842511e-17 2.433049874244509944e-17
2.090910307483597990e+03 7.965516619636153021e-17 2.554412982904290593e-17
2.092458520536578362e+03 7.105471595970279070e-17 2.543226187577846145e-17
2.094006733589559190e+03 2.469099984174068098e-17 2.389863693589929112e-17
2.095554946642540017e+03 4.283064029549533245e-17 2.452700059161011137e-17
2.097103159695520390e+03 3.646204640132528305e-17 2.407096612528005314e-17
2.098651372748500762e+03 9.349129446418834797e-18 2.255186212285689330e-17
2.100199585801481589e+03 1.221423639529840474e-17 2.265564211972889179e-17
2.101747798854462417e+03 3.019400902297535349e-17 2.313937740762421209e-17
2.103296011907442789e+03 3.585060031235642969e-17 2.327863025295072322e-17
2.104844224960423162e+03 5.471636750172799287e-17 2.402327488686039701e-17
2.106392438013403989e+03 4.456248232309352318e-17 2.341702763892828075e-17
2.107940651066384817e+03 2.555271535902751688e-17 2.287608626492318730e-17
2.109488864119365189e+03 1.645041895668021326e-17 2.242483970538845338e-17
2.111037077172345562e+03 -1.249673256778795103e-17 2.118749458390099592e-17
2.112585290225326389e+03 -6.208377322292306477e-18 2.173136591360740436e-17
2.114133503278307217e+03 6.324876961706247854e-18 2.219765126364553689e-17
2.115681716331287589e+03 8.205414673030794868e-18 2.187126812040643643e-17
2.117229929384267962e+03 3.442344926733136572e-17 2.269432663203835005e-17
2.118778142437248789e+03 2.575374491168864862e-17 2.211063657055821685e-17
2.120326355490229616e+03 2.295670743274332690e-17 2.201732056121611540e-17
2.121874568543209989e+03 3.322622391500954999e-17 2.217283921413692502e-17
2.123422781596190362e+03 2.091422794771003539e-17 2.139851417704086198e-17
2.124970994649171189e+03 4.944674761132242513e-17 2.268032080351680420e-17
2.126519207702152016e+03 4.535953091431361871e-17 2.249345012017263390e-17
2.128067420755132389e+03 3.771295031040813734e-17 2.219037342166566379e-17
2.129615633808112761e+03 3.589678652260267026e-17 2.179268375774351048e-17
2.131163846861093589e+03 2.334079117643438175e-17 2.154751749535946127e-17
2.132712059914074416e+03 3.025752328859988471e-17 2.188205407017863094e-17
2.134260272967054789e+03 4.722749803253444667e-18 2.045911990146624884e-17
2.135808486020035161e+03 1.408830815002980201e-18 2.070232165721999295e-17
2.137356699073015989e+03 3.702818869738371759e-17 2.189525645056091127e-17
2.138904912125996816e+03 6.477368665570694047e-17 2.257835576970904993e-17
2.140453125178977189e+03 2.899777364712020275e-17 2.139527128562422919e-17
2.142001338231957561e+03 8.344641549623087276e-18 2.042411147914035945e-17
2.143549551284938389e+03 2.325750843340182418e-17 2.094158006402552887e-17
2.145097764337919216e+03 2.301449984425249856e-17 2.084768011065221970e-17
2.146645977390899588e+03 1.989744346358135163e-17 2.033133321969154971e-17
2.148194190443879961e+03 4.176486011167829243e-17 2.185296096616186823e-17
2.149742403496860788e+03 3.291675636949697556e-17 2.099669655562389006e-17
2.151290616549841616e+03 3.324311075036422771e-17 2.091595937503468817e-17
2.152838829602821988e+03 2.016773104716791295e-17 2.027346586227685488e-17
2.154387042655802361e+03 8.834156428035317288e-18 2.013514063793920977e-17
2.155935255708783188e+03 9.228530754982813577e-18 2.006601257655465701e-17
2.157483468761764016e+03 -1.204467638220232405e-18 1.933098420769916148e-17
2.159031681814744388e+03 3.107901446116200400e-17 2.060613933607586413e-17
2.160579894867724761e+03 3.194213972559992123e-17 1.994229044381091820e-17
2.162128107920705588e+03 4.702952176404496640e-17 2.072451687299516336e-17
2.163676320973686416e+03 3.048806670791631452e-17 2.023895608575110154e-17
2.165224534026666788e+03 2.770624351726901965e-17 1.994220651799802410e-17
2.166772747079647161e+03 3.659901953537980112e-17 2.004749809490234122e-17
2.168320960132627988e+03 1.861589977208734210e-17 1.897143169796987947e-17
2.169869173185608815e+03 2.885232348323300668e-17 1.938797309482136553e-17
2.171417386238589188e+03 3.635807311659957058e-17 2.006413029250531437e-17
2.172965599291569561e+03 4.752760827712282586e-17 2.044213826495487860e-17
2.174513812344550388e+03 3.543356395669679467e-17 1.971980482151652038e-17
2.176062025397531215e+03 2.994044702856105569e-17 1.970506159134146575e-17
2.177610238450511588e+03 1.292992352275514361e-17 1.899289699512501216e-17
2.179158451503491960e+03 -1.325368824898143167e-17 1.793951503748737236e-17
2.180706664556472788e+03 7.721152016202954276e-19 1.875996865584639854e-17
2.182254877609453615e+03 1.914365492834446956e-17 1.930353656293141923e-17
2.183803090662433988e+03 -4.461540542526112603e-19 1.823668540570892081e-17
2.185351303715414360e+03 2.684103096145497062e-17 1.955495297463940165e-17
2.186899516768395188e+03 6.884074968230284207e-18 1.836296943564407592e-17
2.188447729821376015e+03 1.844044891024425215e-17 1.859067767249706661e-17
2.189995942874356388e+03 3.814986775026544461e-17 1.960192469431258029e-17
2.191544155927336760e+03 -2.781796891527459381e-18 1.779087571194594208e-17
2.193092368980317588e+03 3.465889335780240673e-17 1.919576689866064771e-17
2.194640582033298415e+03 2.407956213912524046e-17 1.876369565187372289e-17
2.196188795086278787e+03 -9.117604858157536611e-19 1.802931298796018132e-17
2.197737008139259160e+03 2.236875827628603627e-17 1.880277899062982934e-17
2.199285221192239987e+03 1.718473566586407386e-17 1.833705884796719577e-17
2.200833434245220815e+03 3.544107238357999432e-17 1.930773616817269450e-17
2.202381647298201187e+03 2.610863735932101658e-17 1.852311503247161650e-17
2.203929860351181560e+03 2.225198324465532948e-17 1.871067133426835512e-17
2.205478073404162387e+03 1.087631295663671303e-17 1.827763541632833344e-17
2.207026286457143215e+03 3.305913656293680973e-17 1.870084575148179384e-17
2.208574499510123587e+03 4.476251067966463110e-17 1.877285987170318525e-17
2.210122712563103960e+03 3.461058858501743488e-17 1.838021834331259945e-17
2.211670925616084787e+03 6.697610231666784296e-17 1.972207589305224137e-17
2.213219138669065615e+03 4.850986966973856591e-17 1.886930204443538924e-17
2.214767351722045987e+03 2.709216679044464154e-17 1.828683223526606477e-17
2.216315564775026360e+03 2.212715243143137475e-17 1.794498665838252450e-17
2.217863777828007187e+03 3.297435148274886979e-17 1.848162279094187136e-17
2.219411990880988014e+03 5.152086960055959410e-18 1.713191547763456522e-17
2.220960203933968387e+03 1.531064555739502130e-17 1.763097339460187011e-17
2.222508416986948760e+03 3.430576635572585752e-17 1.809080831277528006e-17
2.224056630039929587e+03 4.992402743856369292e-17 1.842429795742114258e-17
2.225604843092910414e+03 6.638132844043222144e-17 1.908874897902487717e-17
2.227153056145890787e+03 6.332837347018182453e-17 1.886917709163173944e-17
2.228701269198871159e+03 5.201836605751610603e-17 1.837362732742179674e-17
2.230249482251851987e+03 3.937781124481212830e-17 1.785390811224512246e-17
2.231797695304832814e+03 2.640222047619774883e-17 1.741369069498970259e-17
2.233345908357813187e+03 2.917589381719514118e-17 1.761673330225505768e-17
2.234894121410793559e+03 1.935791169873346675e-17 1.715025898863580570e-17
2.236442334463774387e+03 2.867133273996530556e-17 1.778850328964761224e-17
2.237990547516755214e+03 6.671962975680961010e-17 1.870165468500503797e-17
2.239538760569735587e+03 6.272110255068662822e-17 1.831513070785648560e-17
2.241086973622715959e+03 5.309267519856639338e-17 1.840913351243729501e-17
2.242635186675696787e+03 3.959485472453363678e-17 1.765115508011722749e-17
2.244183399728677614e+03 5.409441489220654039e-17 1.817924205667213473e-17
2.245731612781657986e+03 5.400755625888926453e-17 1.819141582843790327e-17
2.247279825834638359e+03 5.503225716025732141e-17 1.842765844768234304e-17
2.248828038887619186e+03 6.415489018159325285e-17 1.833960971650317572e-17
2.250376251940600014e+03 5.235979339037313723e-17 1.768476931585035517e-17
2.251924464993580386e+03 3.838344747328316331e-17 1.738543724248303444e-17
2.253472678046560759e+03 4.672333981453667551e-17 1.747672556580280262e-17
2.255020891099541586e+03 3.990057841897930179e-17 1.762237682917656824e-17
2.256569104152522414e+03 6.166550101222155398e-17 1.840790781460865355e-17
2.258117317205502786e+03 6.087479830639727340e-17 1.798852796843693066e-17
2.259665530258483159e+03 6.472614630826501728e-17 1.846373226979682483e-17
2.261213743311463986e+03 4.358640200032644666e-17 1.736409951102129065e-17
2.262761956364444814e+03 6.702679864138754607e-17 1.831703503554130102e-17
2.264310169417425186e+03 8.400328102034003165e-17 1.874911110415757692e-17
2.265858382470405559e+03 5.679776790033516387e-17 1.720614438130501486e-17
2.267406595523386386e+03 4.602933816526519375e-17 1.735062569422246659e-17
2.268954808576367213e+03 5.825379034490228206e-17 1.799113570213672932e-17
2.270503021629347586e+03 7.546055938568776646e-17 1.851976968163592689e-17
2.272051234682327959e+03 6.194828093643723400e-17 1.804218689249652836e-17
2.273599447735308786e+03 7.975293347561670245e-17 1.862239572118838438e-17
2.275147660788289613e+03 7.889845545566346780e-17 1.836042354038507754e-17
2.276695873841269986e+03 8.749490376248160118e-17 1.875771291151335956e-17
2.278244086894250358e+03 8.925467788742813293e-17 1.820822429441786485e-17
2.279792299947231186e+03 9.521314570076984205e-17 1.862469628195658875e-17
2.281340513000212013e+03 1.013992971157251915e-16 1.889532901401716581e-17
2.282888726053192386e+03 1.051336051077867234e-16 1.905047345917456410e-17
2.284436939106172758e+03 6.443309605692556957e-17 1.705039343417621260e-17
2.285985152159153586e+03 7.014575140451637138e-17 1.780737660391962031e-17
2.287533365212134413e+03 7.264202688551245947e-17 1.797576613406729366e-17
2.289081578265114786e+03 1.069344380231464794e-16 1.898482287705932552e-17
2.290629791318095158e+03 8.549373085992721849e-17 1.809434657263110505e-17
2.292178004371075986e+03 8.520636428610406278e-17 1.834424867815508960e-17
2.293726217424056813e+03 6.134880862366590408e-17 1.737276658091469478e-17
2.295274430477037185e+03 7.689097752176077696e-17 1.779818888582147644e-17
2.296822643530017558e+03 7.960800197798845674e-17 1.761839448911028574e-17
2.298370856582998385e+03 6.859912808660762343e-17 1.755468293391926216e-17
2.299919069635979213e+03 7.305895363091909355e-17 1.760193492345596525e-17
2.301467282688959585e+03 7.079324000600388078e-17 1.743168160315972733e-17
2.303015495741939958e+03 5.706176630592789555e-17 1.715185638663006839e-17
2.304563708794920785e+03 4.939050497891206076e-17 1.701291361884842982e-17
2.306111921847901613e+03 6.649184116366320253e-17 1.733294268970557218e-17
2.307660134900881985e+03 7.479133739438440220e-17 1.752771776447273005e-17
2.309208347953862358e+03 5.024076344231990513e-17 1.638477217809788239e-17
2.310756561006843185e+03 7.209321621056010202e-17 1.760745426107387310e-17
2.312304774059824013e+03 6.670663021158257111e-17 1.723188973588867582e-17
2.313852987112804385e+03 5.648100856917110191e-17 1.653252223948682988e-17
2.315401200165784758e+03 7.636922425232675572e-17 1.766329590567976214e-17
2.316949413218765585e+03 6.916406375634305226e-17 1.705557188602436739e-17
2.318497626271746412e+03 4.235732336659084086e-17 1.634276593964211382e-17
2.320045839324726785e+03 1.457087280931351839e-17 1.547863941559883362e-17
2.321594052377707158e+03 3.133955350319438398e-17 1.596783780954317215e-17
2.323142265430687985e+03 5.273758339952214561e-17 1.660912184803124420e-17
2.324690478483668812e+03 4.117463689247539140e-17 1.630510922230958951e-17
2.326238691536649185e+03 5.635926852662386702e-17 1.701781545709860376e-17
2.327786904589629557e+03 5.159776119714908560e-17 1.598358361581772293e-17
2.329335117642610385e+03 3.713312113026259118e-17 1.600739260468302064e-17
2.330883330695591212e+03 5.335892597037460299e-17 1.653546752407315905e-17
2.332431543748571585e+03 5.720948833963080025e-17 1.648579832755578005e-17
2.333979756801551957e+03 4.153923140354779603e-17 1.606457774560266099e-17
2.335527969854532785e+03 2.757072058323831393e-17 1.548200262909669354e-17
2.337076182907513612e+03 4.570449473979081599e-17 1.638640985175114409e-17
2.338624395960493985e+03 6.210592460510244956e-17 1.681162277320587352e-17
2.340172609013474357e+03 8.940033984400559947e-17 1.751516201431794319e-17
2.341720822066455185e+03 4.461991879094669488e-17 1.585668234347390162e-17
2.343269035119436012e+03 5.624379842223679551e-17 1.652224419770992210e-17
2.344817248172416384e+03 3.277910578501933808e-17 1.570745283403316002e-17
2.346365461225396757e+03 4.069216793374766792e-17 1.626051369439242567e-17
2.347913674278377584e+03 4.903638074663954986e-17 1.621355759393455802e-17
2.349461887331358412e+03 2.576331380939058242e-17 1.552681859746300746e-17
2.351010100384338784e+03 3.221006155672421786e-17 1.569042132258552024e-17
2.352558313437319157e+03 3.344366113304845677e-17 1.568390509173832569e-17
2.354106526490299984e+03 1.407076418599609556e-17 1.516616130154210646e-17
2.355654739543280812e+03 3.318834655336762706e-17 1.570942266160237149e-17
2.357202952596261184e+03 3.110211641618245873e-17 1.537252994467797478e-17
2.358751165649241557e+03 4.052467591150721754e-17 1.557648297124637525e-17
2.360299378702222384e+03 6.532620628174002682e-17 1.634151239905491160e-17
2.361847591755203212e+03 4.945278120603352111e-17 1.602216795717652974e-17
2.363395804808183584e+03 3.641123491405268215e-17 1.568226452211833295e-17
2.364944017861163957e+03 2.869637927677530019e-17 1.528656581479347810e-17
2.366492230914144784e+03 3.527866037467039712e-17 1.550479502412947269e-17
2.368040443967125611e+03 4.162935409005246196e-17 1.601476091876055354e-17
2.369588657020105984e+03 2.776284946822666222e-17 1.541308704963461533e-17
2.371136870073086357e+03 3.625816093307714760e-17 1.553054591120163318e-17
2.372685083126067184e+03 1.977646927386405260e-17 1.500394811059771537e-17
2.374233296179048011e+03 1.760283690831806067e-17 1.490787608467946036e-17
2.375781509232028384e+03 -1.657992452708356843e-18 1.435638111281484722e-17
2.377329722285008756e+03 1.049362872137329045e-17 1.491915238944958665e-17
2.378877935337989584e+03 1.039455860415964200e-17 1.496115469400489680e-17
2.380426148390970411e+03 6.287443692592245349e-18 1.463337200187354703e-17
2.381974361443950784e+03 1.952529288375271742e-18 1.440986820757083076e-17
2.383522574496931156e+03 5.799874355368207446e-18 1.428982976823090346e-17
2.385070787549911984e+03 1.542311288908773812e-17 1.464232702825703325e-17
2.386619000602892811e+03 9.993006730074655510e-18 1.455061842813604847e-17
2.388167213655873184e+03 4.252598784543481254e-18 1.416735284856281310e-17
2.389715426708853556e+03 -4.467868646325513388e-18 1.410598445874982323e-17
2.391263639761834384e+03 1.366706326925525970e-17 1.477405680826793325e-17
2.392811852814815211e+03 6.442577812958144888e-18 1.426981259393672941e-17
2.394360065867795583e+03 3.064061357193659772e-18 1.416379369881042418e-17
2.395908278920775956e+03 1.463763684721656903e-18 1.401541226939527853e-17
2.397456491973756783e+03 1.471176889951051014e-17 1.503763618918835875e-17
2.399004705026737611e+03 2.248074700326855684e-17 1.505332147037700743e-17
2.400552918079717983e+03 1.483105666985809253e-17 1.449689883021005999e-17
2.402101131132698356e+03 1.799777200866519914e-17 1.465807575438268751e-17
2.403649344185679183e+03 2.155751500364961247e-17 1.485353503552226965e-17
2.405197557238660011e+03 2.126857278970315215e-17 1.480647335560157700e-17
2.406745770291640383e+03 1.702358719158651988e-17 1.463493870210405879e-17
2.408293983344620756e+03 2.282084932267477440e-17 1.476884714992647990e-17
2.409842196397601583e+03 5.166485334222535414e-17 1.572835227767410109e-17
2.411390409450582410e+03 4.278703735775232254e-17 1.528997407055829384e-17
2.412938622503562783e+03 1.519495104686391572e-17 1.454370713409000229e-17
2.414486835556543156e+03 1.692860104854700749e-17 1.475472134170950504e-17
2.416035048609523983e+03 2.523835626580602371e-18 1.403844384067254045e-17
2.417583261662504810e+03 -2.019531869908759704e-17 1.343502432865451735e-17
2.419131474715485183e+03 -2.162259062225830485e-18 1.387192194141790359e-17
2.420679687768465556e+03 2.762488767013706804e-17 1.499367141154024254e-17
2.422227900821446383e+03 1.653711127038811231e-17 1.456880834016117165e-17
2.423776113874427210e+03 1.132481638904088702e-17 1.421582588604765008e-17
2.425324326927407583e+03 1.373197136031768435e-17 1.449063676840574185e-17
2.426872539980387955e+03 1.734669487478512353e-17 1.441759422923512981e-17
2.428420753033368783e+03 2.811543034388169242e-17 1.484157766788356349e-17
2.429968966086349610e+03 4.220731261927440341e-17 1.534828623558303347e-17
2.431517179139329983e+03 1.034071617007361548e-17 1.384129603552008398e-17
2.433065392192310355e+03 -8.262146843332950205e-19 1.357813654815930662e-17
2.434613605245291183e+03 3.028749917147372791e-17 1.482943396861955172e-17
2.436161818298272010e+03 3.381198473475524084e-17 1.489802391589079000e-17
2.437710031351252383e+03 9.625273321801246268e-18 1.409821465694147438e-17
2.439258244404232755e+03 3.018838609636144210e-17 1.487474316136672330e-17
2.440806457457213583e+03 3.421220803453560896e-17 1.469234537946617223e-17
2.442354670510194410e+03 1.464591976271678368e-17 1.422636197520020081e-17
2.443902883563174782e+03 2.183099794630637799e-17 1.467090580277673219e-17
2.445451096616155155e+03 1.894645327898333684e-17 1.426164428835084271e-17
2.446999309669135982e+03 4.693490727078583280e-18 1.391679573796090091e-17
2.448547522722116810e+03 -5.479986281658781832e-18 1.366448968706055546e-17
2.450095735775097182e+03 3.641349120804167450e-17 1.498960926236382435e-17
2.451643948828077555e+03 2.785195987412124085e-17 1.419016732288913102e-17
2.453192161881058382e+03 2.245840276036449103e-17 1.452425811105099212e-17
2.454740374934039210e+03 1.690462331995638228e-17 1.437510940180426223e-17
2.456288587987019582e+03 4.787978148663862277e-18 1.397793443373072535e-17
2.457836801039999955e+03 1.327860698531842882e-17 1.421492316946782906e-17
2.459385014092980782e+03 1.363080100238191409e-17 1.409875660588213530e-17
2.460933227145961609e+03 2.161086309701597600e-17 1.434053969124780792e-17
2.462481440198941982e+03 3.098361645104636848e-17 1.457803899868740786e-17
2.464029653251922355e+03 2.657067286896903190e-17 1.442714979865974868e-17
2.465577866304903182e+03 4.007940441544308544e-17 1.494761871794576051e-17
2.467126079357884009e+03 3.403012103387581294e-17 1.449226364089568182e-17
2.468674292410864382e+03 5.624821467814496302e-17 1.531446064565040078e-17
2.470222505463844755e+03 5.599126174731082571e-17 1.542924358395675655e-17
2.471770718516825582e+03 3.679489640103667293e-17 1.473576101446275125e-17
2.473318931569806409e+03 2.600479216027839807e-17 1.416373679807205396e-17
2.474867144622786782e+03 4.283093561478623769e-17 1.516198227580661510e-17
2.476415357675767154e+03 3.895164985998530161e-17 1.445963241316124554e-17
2.477963570728747982e+03 2.573648505426435014e-17 1.384678914617561618e-17
2.479511783781728809e+03 2.634595016628367706e-17 1.426752825239993928e-17
2.481059996834709182e+03 2.984336586856614110e-17 1.460915442391869124e-17
2.482608209887689554e+03 9.512662620709367232e-18 1.404600309877332393e-17
2.484156422940670382e+03 3.288546979804323164e-17 1.462778751276158238e-17
2.485704635993651209e+03 4.674369759232568190e-17 1.472999104593991953e-17
2.487252849046631582e+03 4.731028830770739855e-17 1.499897695874552878e-17
2.488801062099611954e+03 6.085408917807578555e-17 1.538413971344758290e-17
2.490349275152592782e+03 5.125288280896041138e-17 1.505604218444978222e-17
2.491897488205573609e+03 5.255817440470031080e-17 1.520932363608827573e-17
2.493445701258553981e+03 6.199786556808172476e-17 1.526030477252117687e-17
2.494993914311534354e+03 5.912007127092439915e-17 1.523930121455249673e-17
2.496542127364515181e+03 5.320320142544017270e-17 1.496893659240015493e-17
2.498090340417496009e+03 7.472545088284187551e-17 1.579548208381568691e-17
2.499638553470476381e+03 5.796189965367991806e-17 1.511999940404182772e-17
2.501186766523456754e+03 7.346834694956842358e-17 1.583847863853894465e-17
2.502734979576437581e+03 9.617486317154864068e-17 1.624005475360920245e-17
2.504283192629418409e+03 8.018593963643119730e-17 1.567653260585468884e-17
2.505831405682398781e+03 6.094388548653468500e-17 1.523473020018809359e-17
2.507379618735379154e+03 8.395878335143037906e-17 1.592341456796172226e-17
2.508927831788359981e+03 7.886972883128373435e-17 1.562063555566442471e-17
2.510476044841340808e+03 7.799935757695803081e-17 1.572639331502923756e-17
2.512024257894321181e+03 8.928224991334627463e-17 1.606253591872416937e-17
2.513572470947301554e+03 8.937745370353826183e-17 1.598363959127028864e-17
2.515120684000282381e+03 1.073507729666900799e-16 1.647084404338091594e-17
2.516668897053263208e+03 9.443891359049070838e-17 1.598989906668201832e-17
2.518217110106243581e+03 8.649221966141146610e-17 1.574194506510848900e-17
2.519765323159223954e+03 9.605400801588821921e-17 1.622033260877169785e-17
2.521313536212204781e+03 1.296492198115242322e-16 1.701098120756270081e-17
2.522861749265185608e+03 1.346153933668315696e-16 1.688089123340228267e-17
2.524409962318165981e+03 1.208226033760682790e-16 1.668762521081549243e-17
2.525958175371146353e+03 1.111859241936132258e-16 1.644309420091154328e-17
2.527506388424127181e+03 1.061549375262599422e-16 1.637889973431262237e-17
2.529054601477108008e+03 1.245424310110100818e-16 1.679625432648382122e-17
2.530602814530088381e+03 1.452645813041029713e-16 1.721962084345400866e-17
2.532151027583068753e+03 1.344008544216794821e-16 1.701486340617206616e-17
2.533699240636049581e+03 1.338971074025357122e-16 1.704060697759235949e-17
2.535247453689030408e+03 1.230378832688193370e-16 1.672119492660114985e-17
2.536795666742010781e+03 1.295656559125988130e-16 1.701717415040806226e-17
2.538343879794991153e+03 1.362917979044600930e-16 1.680451773657022436e-17
2.539892092847971981e+03 1.354266554282936623e-16 1.698553587758962185e-17
2.541440305900952808e+03 1.303407467569687603e-16 1.688109720945802880e-17
2.542988518953933180e+03 1.586437706948430937e-16 1.769320006563437436e-17
2.544536732006913553e+03 1.804707803023249362e-16 1.836315668053756499e-17
2.546084945059894380e+03 1.683640536913103739e-16 1.765525657223885195e-17
2.547633158112875208e+03 1.636781693489240928e-16 1.762214962830274823e-17
2.549181371165855580e+03 1.639110208552249370e-16 1.769426269345023097e-17
2.550729584218835953e+03 1.800371639644876866e-16 1.800972138544060098e-17
2.552277797271816780e+03 1.714291307374132861e-16 1.788693784291840801e-17
2.553826010324797608e+03 1.955848858904760240e-16 1.851985705650925030e-17
2.555374223377777980e+03 1.826800911469299986e-16 1.780112106755281607e-17
2.556922436430758353e+03 1.939917406681769753e-16 1.860016360760586825e-17
2.558470649483739180e+03 1.910739427474999536e-16 1.810695750846516697e-17
2.560018862536720007e+03 1.944464705860550501e-16 1.821531590260712204e-17
2.561567075589700380e+03 2.341993430097477267e-16 1.935762391728626698e-17
2.563115288642680753e+03 2.335598253508065676e-16 1.900738342873826306e-17
2.564663501695661580e+03 1.858553231756247104e-16 1.779928794487347261e-17
2.566211714748642407e+03 1.860196204144429493e-16 1.809126336940724827e-17
2.567759927801622780e+03 1.831675662782367296e-16 1.813239120217521743e-17
2.569308140854603153e+03 2.040553185077870002e-16 1.857774008287751242e-17
2.570856353907583980e+03 2.300023288106105154e-16 1.913247033748271761e-17
2.572404566960564807e+03 2.470512530448280783e-16 1.933759718646434425e-17
2.573952780013545180e+03 2.537283421604610390e-16 1.952366559829444563e-17
2.575500993066525552e+03 2.385157745950248436e-16 1.908349496415288427e-17
2.577049206119506380e+03 2.791298548057772566e-16 2.014468689218679201e-17
2.578597419172487207e+03 2.730300342359972998e-16 1.981870046533204813e-17
2.580145632225467580e+03 3.007531961154861723e-16 2.074808923093265648e-17
2.581693845278447952e+03 3.200770617435886937e-16 2.067443058078519272e-17
2.583242058331428780e+03 2.909024095745147201e-16 2.002577490683013300e-17
2.584790271384409607e+03 2.548920701892576494e-16 1.948884159149531837e-17
2.586338484437389980e+03 2.745017391077602593e-16 2.015661051187482004e-17
2.587886697490370352e+03 2.690235108891841826e-16 1.989170008783218327e-17
2.589434910543351180e+03 2.919731729953636869e-16 2.046025365848435530e-17
2.590983123596332007e+03 3.493420704433201513e-16 2.147865211663116035e-17
2.592531336649312379e+03 3.693666066494221124e-16 2.179444933740699275e-17
2.594079549702292752e+03 3.767011485549824690e-16 2.181009248246447160e-17
2.595627762755273579e+03 3.770569144777594087e-16 2.173573242924204350e-17
2.597175975808254407e+03 2.964097279638886872e-16 2.035886275439002600e-17
2.598724188861234779e+03 2.541399542931741032e-16 1.957393397794327254e-17
2.600272401914215152e+03 3.175717207864669462e-16 2.079716978854196225e-17
2.601820614967195979e+03 3.654686418090556149e-16 2.175008908296405179e-17
2.603368828020176807e+03 4.366828930560911261e-16 2.317852089461307118e-17
2.604917041073157179e+03 4.536764050379282001e-16 2.317045714893146877e-17
2.606465254126137552e+03 4.126191558680179120e-16 2.248344103141255075e-17
2.608013467179118379e+03 4.474198669381638020e-16 2.318034883971872877e-17
2.609561680232099206e+03 4.577743705121103989e-16 2.336405583021611462e-17
2.611109893285079579e+03 4.068243349668241888e-16 2.250933319780159817e-17
2.612658106338059952e+03 4.352930562412596786e-16 2.327658523290688768e-17
2.614206319391040779e+03 4.962054190365590165e-16 2.421284229247097778e-17
2.615754532444021606e+03 5.666969025997700826e-16 2.503543470717801664e-17
2.617302745497001979e+03 5.798584068218045555e-16 2.525315972502395172e-17
2.618850958549982352e+03 5.882500541117962964e-16 2.566029164887617739e-17
2.620399171602963179e+03 6.372471860775785387e-16 2.643178654885989615e-17
2.621947384655944006e+03 6.854694323160843546e-16 2.716786646157209573e-17
2.623495597708924379e+03 7.053868883305966547e-16 2.767725366300695438e-17
2.625043810761904751e+03 7.475899361014819433e-16 2.822272085665448005e-17
2.626592023814885579e+03 7.678552829570847230e-16 2.849582334964625059e-17
2.628140236867866406e+03 7.580218844994445780e-16 2.827762449937258367e-17
2.629688449920846779e+03 8.095868379268341809e-16 2.893727770592167949e-17
2.631236662973827151e+03 8.413709819641850872e-16 2.947357560934859119e-17
2.632784876026807979e+03 8.272446573449646314e-16 2.914463420309911187e-17
2.634333089079788806e+03 8.877177376016364147e-16 3.019514538236511631e-17
2.635881302132769179e+03 9.556572992930996968e-16 3.095158559987184093e-17
2.637429515185749551e+03 9.786345225310145230e-16 3.116699230023180609e-17
2.638977728238730379e+03 1.000064739479033949e-15 3.153336653637962168e-17
2.640525941291711206e+03 9.753649345123035439e-16 3.111862173557329324e-17
2.642074154344691578e+03 1.009428355100467763e-15 3.171164374086981773e-17
2.643622367397671951e+03 1.091534274825265366e-15 3.293300905566107539e-17
2.645170580450652778e+03 1.109303400002308088e-15 3.257065817788277315e-17
2.646718793503633606e+03 1.224400470679802118e-15 3.427611726251200283e-17
2.648267006556613978e+03 1.225572714006499325e-15 3.422608900994101327e-17
2.649815219609594351e+03 1.205941698609814012e-15 3.373144858250229139e-17
2.651363432662575178e+03 1.234607556579085756e-15 3.421057844134040255e-17
2.652911645715556006e+03 1.300227102084284460e-15 3.527981446982835289e-17
2.654459858768536378e+03 1.361801774564866530e-15 3.608266175017770750e-17
2.656008071821516751e+03 1.351234915024024533e-15 3.586131203652115908e-17
2.657556284874497578e+03 1.333758772521861137e-15 3.556027975336152013e-17
2.659104497927478405e+03 1.351605634461677062e-15 3.553210544556516039e-17
2.660652710980458778e+03 1.434258306647503133e-15 3.667577299765334783e-17
2.662200924033439151e+03 1.430414358063016644e-15 3.653601271387909442e-17
2.663749137086419978e+03 1.483474123999178550e-15 3.752229517110467336e-17
2.665297350139400805e+03 1.555632306213267457e-15 3.837786158324907919e-17
2.666845563192381178e+03 1.518888234152066269e-15 3.771604645690960844e-17
2.668393776245361551e+03 1.541287319238034256e-15 3.805345018154335649e-17
2.669941989298342378e+03 1.620362383122337822e-15 3.859342372833836203e-17
2.671490202351323205e+03 1.643327737897454388e-15 3.904073892663998800e-17
2.673038415404303578e+03 1.614224824743075840e-15 3.877551500533580456e-17
2.674586628457283950e+03 1.665274397730558934e-15 3.909011998595383312e-17
2.676134841510264778e+03 1.689227430870017049e-15 3.985271676987354909e-17
2.677683054563245605e+03 1.734422070172673479e-15 4.041645852400091130e-17
2.679231267616225978e+03 1.766192002008385281e-15 4.026515036449303668e-17
2.680779480669206350e+03 1.727704270528429788e-15 4.027160512019753416e-17
2.682327693722187178e+03 1.756470871084884080e-15 4.028502940313874736e-17
2.683875906775168005e+03 1.795815582288560889e-15 4.099678184944943076e-17
2.685424119828148378e+03 1.809838424940553935e-15 4.127293069427438664e-17
2.686972332881128750e+03 1.919624726197481938e-15 4.240685259896117203e-17
2.688520545934109578e+03 1.925044824635948322e-15 4.181794300055310141e-17
2.690068758987090405e+03 1.918178167398428908e-15 4.222315731784405785e-17
2.691616972040070777e+03 1.928011180590505903e-15 4.234901569907535675e-17
2.693165185093051150e+03 1.998594507262997368e-15 4.273774557886568682e-17
2.694713398146031977e+03 2.104650956265729904e-15 4.450984028349201826e-17
2.696261611199012805e+03 2.134547293048381824e-15 4.462962883030936469e-17
2.697809824251993177e+03 2.230908508772433497e-15 4.527153025531586947e-17
2.699358037304973550e+03 2.272404907954286369e-15 4.574909862955125014e-17
2.700906250357954377e+03 2.308332314979801372e-15 4.595483184251972333e-17
2.702454463410935205e+03 2.326884444089657320e-15 4.632055752469442610e-17
2.704002676463915577e+03 2.292800521888945194e-15 4.588051458199112259e-17
2.705550889516895950e+03 2.393989434720734344e-15 4.662678535343884126e-17
2.707099102569876777e+03 2.409004317374759959e-15 4.685899842261508866e-17
2.708647315622857604e+03 2.461361720103683450e-15 4.750942842038308532e-17
2.710195528675837977e+03 2.551970527431936130e-15 4.835476320355672096e-17
2.711743741728818350e+03 2.592104326107939428e-15 4.908970571768341314e-17
2.713291954781799177e+03 2.585170169623200320e-15 4.920453247030747959e-17
2.714840167834780004e+03 2.643112869980636566e-15 4.870109574596520815e-17
2.716388380887760377e+03 2.728858310786795905e-15 4.998317255113882904e-17
2.717936593940740750e+03 2.724715421853398192e-15 5.036803895482345189e-17
2.719484806993721577e+03 2.712637646384688599e-15 4.990971035207961370e-17
2.721033020046702404e+03 2.757906582234569314e-15 5.029957090471816621e-17
2.722581233099682777e+03 2.864703253655735256e-15 5.114127389478506157e-17
2.724129446152663149e+03 2.821454575742205392e-15 5.086571476037884936e-17
2.725677659205643977e+03 2.769347370073668176e-15 5.057558779498829847e-17
2.727225872258624804e+03 2.864545128478517329e-15 5.161344045896682320e-17
2.728774085311605177e+03 2.913333649226474239e-15 5.214969481045318584e-17
2.730322298364585549e+03 2.833328170001216587e-15 5.102452169343223713e-17
2.731870511417566377e+03 2.788283517656906187e-15 5.105723857812590310e-17
2.733418724470547204e+03 2.900072493427857558e-15 5.200594885372090058e-17
2.734966937523527577e+03 3.044507351876621531e-15 5.298759133887477205e-17
2.736515150576507949e+03 3.088572244337037355e-15 5.349217172862920555e-17
2.738063363629488776e+03 2.978445677603472223e-15 5.248269578904157877e-17
2.739611576682469604e+03 2.898189962484434070e-15 5.216140729421155570e-17
2.741159789735449976e+03 2.960564691691223585e-15 5.269030028944132525e-17
2.742708002788430349e+03 3.029691193686236880e-15 5.350074635688256842e-17
2.744256215841411176e+03 3.116578132675624686e-15 5.420109213950729749e-17
2.745804428894392004e+03 3.119868860827863133e-15 5.389054805469096505e-17
2.747352641947372376e+03 3.051909783034301374e-15 5.383630229049180957e-17
2.748900855000352749e+03 3.137206308590899797e-15 5.414390945891440271e-17
2.750449068053333576e+03 3.127357514133928991e-15 5.390657205653369288e-17
2.751997281106314404e+03 2.998584911155733891e-15 5.356885905406481791e-17
2.753545494159294776e+03 3.005501125668855659e-15 5.322481196301244840e-17
2.755093707212275149e+03 3.035559302168179558e-15 5.397872222092549085e-17
2.756641920265255976e+03 3.015851141725595049e-15 5.369291821064467649e-17
2.758190133318236803e+03 3.053880656678968673e-15 5.370006091250823082e-17
2.759738346371217176e+03 3.031651497423650881e-15 5.406771187158967595e-17
2.761286559424197549e+03 2.921449061264645344e-15 5.254875434604534207e-17
2.762834772477178376e+03 2.824815869139704162e-15 5.163306802250521568e-17
2.764382985530159203e+03 2.894977260573367829e-15 5.273079011456925997e-17
2.765931198583139576e+03 2.955133974591207579e-15 5.299465220389415027e-17
2.767479411636119949e+03 2.955979788623451921e-15 5.368175816653354695e-17
2.769027624689100776e+03 2.970123381155151915e-15 5.425850862590907018e-17
2.770575837742081603e+03 2.871915962545812181e-15 5.259925144538912399e-17
2.772124050795061976e+03 2.870818985016824590e-15 5.292261859202813427e-17
2.773672263848042348e+03 2.977219977757476600e-15 5.344523804674218072e-17
2.775220476901023176e+03 3.022974816968395129e-15 5.399425914422655732e-17
2.776768689954004003e+03 3.032241892536133180e-15 5.487350680588792878e-17
2.778316903006984376e+03 3.153726712103831561e-15 5.522081713572267815e-17
2.779865116059964748e+03 3.186479344365666081e-15 5.597099443581742255e-17
2.781413329112945576e+03 3.191453671084097573e-15 5.607010203646950887e-17
2.782961542165926403e+03 3.253742714282645981e-15 5.656527649344612402e-17
2.784509755218906776e+03 3.277524415967383334e-15 5.696810031106628342e-17
2.786057968271887148e+03 3.276630823396980215e-15 5.693881908375377146e-17
2.787606181324867975e+03 3.397515685601339224e-15 5.809598583173418196e-17
2.789154394377848803e+03 3.414459173892463370e-15 5.820728783699587738e-17
2.790702607430829175e+03 3.340996168982266047e-15 5.805472239249356927e-17
2.792250820483809548e+03 3.373263808229200949e-15 5.855671335168795387e-17
2.793799033536790375e+03 3.107638911667722108e-15 5.626641226862865478e-17
2.795347246589771203e+03 2.866132729139976933e-15 5.549441327751957871e-17
2.796895459642751575e+03 3.112922805996640944e-15 5.704467891799577567e-17
2.798443672695731948e+03 3.318524551147963507e-15 5.859529906183915788e-17
2.799991885748712775e+03 3.370494342082236299e-15 5.921348108332624504e-17
2.801540098801693603e+03 3.099802620510026109e-15 5.689589495964451103e-17
2.803088311854673975e+03 3.086126272405801526e-15 5.614017380010767250e-17
2.804636524907654348e+03 3.494157785741864880e-15 5.943990368852159517e-17
2.806184737960635175e+03 3.569302279966251960e-15 6.042589979973100824e-17
2.807732951013616002e+03 3.044953706615917302e-15 5.722237110918113052e-17
2.809281164066596375e+03 2.659079117499287236e-15 5.255555738483683051e-17
2.810829377119576748e+03 3.321977951412492496e-15 5.866643972857913032e-17
2.812377590172557575e+03 3.749089043081453716e-15 6.192927052005307419e-17
2.813925803225538402e+03 3.621861000009147498e-15 6.140187553778340701e-17
2.815474016278518775e+03 3.170131893436565798e-15 5.780337074453939095e-17
2.817022229331499148e+03 3.269915282553915639e-15 5.805114364117028313e-17
2.818570442384479975e+03 3.894135449328074153e-15 6.349989592836876532e-17
2.820118655437460802e+03 4.387049136727017998e-15 6.691484443345565517e-17
2.821666868490441175e+03 4.530195470431082665e-15 6.860888038532903066e-17
2.823215081543421547e+03 4.595281939345913261e-15 6.893928027642983895e-17
2.824763294596402375e+03 4.704441656964632917e-15 6.957739728055743565e-17
2.826311507649383202e+03 4.758754147065193192e-15 7.049351425870190586e-17
2.827859720702363575e+03 4.890731027988694507e-15 7.091272199588506291e-17
2.829407933755343947e+03 5.147402681502617809e-15 7.339875338840239145e-17
2.830956146808324775e+03 5.078943575781121981e-15 7.289505426112785614e-17
2.832504359861305602e+03 5.219700000056644941e-15 7.372307375035385993e-17
2.834052572914285975e+03 5.519541565234849675e-15 7.661721707839386472e-17
2.835600785967266347e+03 5.575171908611143995e-15 7.600060655573364828e-17
2.837148999020247174e+03 5.711244274927390195e-15 7.761775245626482659e-17
2.838697212073228002e+03 5.875332513200932794e-15 7.901671055491068305e-17
2.840245425126208374e+03 6.158049852834768482e-15 8.056372662383462921e-17
2.841793638179188747e+03 6.373680540318013264e-15 8.268890088137287378e-17
2.843341851232169574e+03 6.455867620407979294e-15 8.308910452421308829e-17
2.844890064285150402e+03 6.485461645905109791e-15 8.292322159971798786e-17
2.846438277338130774e+03 6.610419751978658675e-15 8.458250099307304852e-17
2.847986490391111147e+03 6.744792018456703412e-15 8.526409469975083124e-17
2.849534703444091974e+03 7.033037208923304361e-15 8.739072837396066155e-17
2.851082916497072802e+03 6.927440109022017968e-15 8.729561896165760157e-17
2.852631129550053174e+03 7.055430116530484352e-15 8.802801312979745552e-17
2.854179342603033547e+03 7.378456663606098756e-15 9.068801674381416947e-17
2.855727555656014374e+03 7.712900762137053598e-15 9.120201240440984432e-17
2.857275768708995201e+03 8.147983735906000083e-15 9.412190374750470121e-17
2.858823981761975574e+03 8.238290953878672709e-15 9.542167293052678017e-17
2.860372194814955947e+03 8.358680189989783796e-15 9.678536213972161649e-17
2.861920407867936774e+03 8.332878530787603556e-15 9.608121573311325476e-17
2.863468620920917601e+03 8.360704549462378202e-15 9.794406038437657188e-17
2.865016833973897974e+03 7.883823111351066114e-15 9.660930729556738169e-17
2.866565047026878347e+03 7.598428047190395614e-15 9.311896213973728201e-17
2.868113260079859174e+03 8.871727331936862556e-15 1.003902197738914120e-16
2.869661473132840001e+03 9.682255763430303715e-15 1.045921784657010667e-16
2.871209686185820374e+03 1.005587700394357500e-14 1.070976900655820639e-16
2.872757899238800746e+03 1.029710441847609272e-14 1.082942296061008656e-16
2.874306112291781574e+03 1.042279647797271851e-14 1.103162584395698173e-16
2.875854325344762401e+03 1.041557989613510255e-14 1.108052311380698112e-16
2.877402538397742774e+03 1.084827699385153309e-14 1.127660426575911660e-16
2.878950751450723146e+03 1.086294854822422658e-14 1.137386044934230399e-16
2.880498964503703974e+03 1.083967119009162488e-14 1.122345520709852150e-16
2.882047177556684801e+03 1.119680470528224573e-14 1.153363332242324020e-16
2.883595390609665174e+03 1.156498558875080425e-14 1.171601118720700663e-16
2.885143603662645546e+03 1.184438965186142620e-14 1.196769188386395340e-16
2.886691816715626373e+03 1.193099380373530721e-14 1.196589461068029099e-16
2.888240029768607201e+03 1.197491268303133596e-14 1.202777486241789931e-16
2.889788242821587573e+03 1.237011561739496350e-14 1.221901119272067152e-16
2.891336455874567946e+03 1.249165759207322149e-14 1.225278820352359937e-16
2.892884668927548773e+03 1.286646291481662918e-14 1.252635103590643118e-16
2.894432881980529601e+03 1.303834149502424022e-14 1.263994033434763361e-16
2.895981095033509973e+03 1.334798335991182724e-14 1.291139702706507728e-16
2.897529308086490346e+03 1.349011040065815941e-14 1.305838701268639572e-16
2.899077521139471173e+03 1.349665051527963268e-14 1.283569205862878506e-16
2.900625734192452001e+03 1.378442406737770104e-14 1.313208780999065778e-16
2.902173947245432373e+03 1.375677202501778026e-14 1.324865005908677125e-16
2.903722160298412746e+03 1.392550807249889648e-14 1.329706253605026841e-16
2.905270373351393573e+03 1.409886900276331472e-14 1.340559061554229243e-16
2.906818586404374400e+03 1.433882368074116547e-14 1.382043468319223163e-16
2.908366799457354773e+03 1.425063777874327316e-14 1.342925448089198872e-16
2.909915012510335146e+03 1.420931094666808935e-14 1.377827087678943954e-16
2.911463225563315973e+03 1.435912478906936150e-14 1.374010321124659032e-16
2.913011438616296800e+03 1.456267346835887566e-14 1.373920881448307491e-16
2.914559651669277173e+03 1.471428710351535594e-14 1.408914398183782314e-16
2.916107864722257546e+03 1.464411185223651306e-14 1.406630150729667262e-16
2.917656077775238373e+03 1.468370082909100327e-14 1.414935714509906954e-16
2.919204290828219200e+03 1.494331613488173468e-14 1.422607816423569077e-16
2.920752503881199573e+03 1.473099168291980975e-14 1.425381457412751476e-16
2.922300716934179945e+03 1.494317323754777580e-14 1.432444005636855721e-16
2.923848929987160773e+03 1.478548347091628715e-14 1.436031274296190728e-16
2.925397143040141600e+03 1.480498247479646183e-14 1.452878980692133828e-16
2.926945356093121973e+03 1.458978086243540219e-14 1.428727457696883717e-16
2.928493569146102345e+03 1.490949475376007784e-14 1.464560259711956937e-16
2.930041782199083173e+03 1.459003492007742911e-14 1.440400944816410052e-16
2.931589995252064000e+03 1.463813647643019210e-14 1.459485577709998504e-16
2.933138208305044373e+03 1.413556563128329550e-14 1.429257448637980758e-16
2.934686421358024745e+03 1.387323688548305302e-14 1.421386472418099182e-16
2.936234634411005572e+03 1.418564407995730444e-14 1.444832624427264423e-16
2.937782847463986400e+03 1.431060291186451508e-14 1.457406308408958346e-16
2.939331060516966772e+03 1.383649506562335001e-14 1.444163608216441180e-16
2.940879273569947145e+03 1.407008140213657434e-14 1.460084619367090248e-16
2.942427486622927972e+03 1.401823624863364900e-14 1.480932115614833998e-16
2.943975699675908800e+03 1.406553434786438117e-14 1.457923998601476427e-16
2.945523912728889172e+03 1.383119314792290326e-14 1.454936615988231053e-16
2.947072125781869545e+03 1.358569840551488571e-14 1.455337822719882647e-16
2.948620338834850372e+03 1.364978706372118095e-14 1.452282151488811725e-16
2.950168551887831200e+03 1.369050967756804846e-14 1.482867046836503009e-16
2.951716764940811572e+03 1.352346055922625895e-14 1.452586491168066287e-16
2.953264977993791945e+03 1.376050976737863658e-14 1.480987142440492280e-16
2.954813191046772772e+03 1.367937768392805700e-14 1.481121224832937179e-16
2.956361404099753599e+03 1.391855897414523814e-14 1.500700639064675573e-16
2.957909617152733972e+03 1.392520792395481383e-14 1.492205157538459018e-16
2.959457830205714345e+03 1.408961787377592449e-14 1.522569830997085119e-16
2.961006043258695172e+03 1.410030577859733562e-14 1.496100918320148831e-16
2.962554256311675999e+03 1.478630868691995225e-14 1.620578989400920817e-16
2.964102469364656372e+03 1.424269665412400063e-14 1.589942271625025748e-16
2.965650682417636745e+03 1.421024251538074518e-14 1.562494883884341269e-16
2.967198895470617572e+03 1.438556391472160496e-14 1.583330483372424049e-16
2.968747108523598399e+03 1.464857938860607134e-14 1.566335946838563370e-16
2.970295321576578772e+03 1.436011593846575652e-14 1.583052336570356246e-16
2.971843534629559144e+03 1.428774570191497275e-14 1.592247051236894631e-16
2.973391747682539972e+03 1.470933755968996559e-14 1.587283471674456959e-16
2.974939960735520799e+03 1.444712029144626318e-14 1.635755404054087359e-16
2.976488173788501172e+03 1.407546620027588105e-14 1.536549507355108468e-16
2.978036386841481544e+03 1.470127424496238709e-14 1.667282769937831638e-16
2.979584599894462372e+03 1.484287358442077324e-14 1.656136535472220726e-16
2.981132812947443199e+03 1.437875770355716373e-14 1.627651121798131398e-16
2.982681026000423572e+03 1.442010481251339139e-14 1.629066413912522325e-16
2.984229239053403944e+03 1.437583782931045442e-14 1.637758187722142583e-16
2.985777452106384771e+03 1.437671125309060383e-14 1.645815243014434052e-16
2.987325665159365599e+03 1.446579536163102686e-14 1.659847997532325358e-16
2.988873878212345971e+03 1.398151932289281937e-14 1.654261903512481117e-16
2.990422091265326344e+03 1.372964962632893345e-14 1.632527193082713591e-16
2.991970304318307171e+03 1.397715244468737432e-14 1.640827761237322502e-16
2.993518517371287999e+03 1.398166497836127792e-14 1.692570778780087320e-16
2.995066730424268371e+03 1.372536106794051378e-14 1.653030199349707863e-16
2.996614943477248744e+03 1.359816080796849218e-14 1.671276880041755869e-16
2.998163156530229571e+03 1.362260686301069758e-14 1.676820688408341457e-16
2.999711369583210399e+03 1.299268754868931289e-14 1.640800926451107949e-16
3.001259582636190771e+03 1.310873742744309410e-14 1.680146980582040014e-16
3.002807795689171144e+03 1.273566251528585982e-14 1.649118928528825598e-16
3.004356008742151971e+03 1.298869210890574467e-14 1.657655527798306733e-16
3.005904221795132798e+03 1.279802700987251846e-14 1.660902299600654313e-16
3.007452434848113171e+03 1.230156586871214433e-14 1.655596175808628202e-16
3.009000647901093544e+03 1.266576972215948224e-14 1.691355655786678402e-16
3.010548860954074371e+03 1.278721274010203134e-14 1.726331010093810703e-16
3.012097074007055198e+03 1.252240302326656529e-14 1.686201821431512343e-16
3.013645287060035571e+03 1.228177414043253089e-14 1.663922379888301529e-16
3.015193500113015943e+03 1.193151598006798502e-14 1.680099219926148537e-16
3.016741713165996771e+03 1.189503687560656450e-14 1.658067322479080819e-16
3.018289926218977598e+03 1.185988901903628699e-14 1.691991533978293662e-16
3.019838139271957971e+03 1.205535537015322476e-14 1.703420839762550131e-16
3.021386352324938343e+03 1.195839634238252746e-14 1.707774147880149144e-16
3.022934565377919171e+03 1.158854855255768151e-14 1.668531013199479989e-16
3.024482778430899998e+03 1.170749235930005163e-14 1.717743006139787684e-16
3.026030991483880371e+03 1.094875752981784856e-14 1.649701016117400843e-16
3.027579204536860743e+03 1.122196074202308477e-14 1.683032333035375915e-16
3.029127417589841571e+03 1.115082311739668195e-14 1.681531475959729225e-16
3.030675630642822398e+03 1.106776071940997748e-14 1.722681599853119994e-16
3.032223843695802771e+03 1.105571507202598789e-14 1.706315739987385043e-16
3.033772056748783143e+03 1.135849015147077956e-14 1.740734748472769991e-16
3.035320269801763970e+03 1.101455693906348189e-14 1.717434386132461088e-16
3.036868482854744798e+03 1.142065199228098455e-14 1.764456669825596351e-16
3.038416695907725170e+03 1.153863598904665372e-14 1.774982474066455792e-16
3.039964908960705543e+03 1.089808492134562994e-14 1.732051429113060808e-16
3.041513122013686370e+03 1.082373383839967709e-14 1.753365111714964749e-16
3.043061335066667198e+03 1.082580046376220233e-14 1.738762799019969566e-16
3.044609548119647570e+03 1.091857882358048447e-14 1.769368654752358360e-16
3.046157761172627943e+03 1.075933772148503601e-14 1.765528469366054609e-16
3.047705974225608770e+03 1.114550101332224430e-14 1.800331098617828385e-16
3.049254187278589598e+03 1.105132625236249360e-14 1.818514969174451426e-16
3.050802400331569970e+03 1.123727346294553073e-14 1.844545716376751013e-16
3.052350613384550343e+03 1.103498836138557360e-14 1.828321008441181675e-16
3.053898826437531170e+03 1.074174207662645577e-14 1.815783919563759849e-16
3.055447039490511997e+03 1.090215108951296562e-14 1.815637213793396682e-16
3.056995252543492370e+03 1.091139578965615499e-14 1.844800710546817169e-16
3.058543465596472743e+03 1.088344614020660709e-14 1.834483874403271813e-16
3.060091678649453570e+03 1.095182235376215034e-14 1.836467699989538236e-16
3.061639891702434397e+03 1.045676470871046237e-14 1.819103255253181774e-16
3.063188104755414770e+03 1.088630293690091544e-14 1.861494241912903264e-16
3.064736317808395142e+03 1.116489640510845053e-14 1.912182095210464845e-16
3.066284530861375970e+03 1.085473933512629690e-14 1.882449241183235979e-16
3.067832743914356797e+03 1.117890212190020173e-14 1.890757849463923433e-16
3.069380956967337170e+03 1.124069325677073265e-14 1.914175112198056258e-16
3.070929170020317542e+03 1.123155904592696757e-14 1.941474848158188449e-16
3.072477383073298370e+03 1.097133412613828367e-14 1.899431801546739598e-16
3.074025596126279197e+03 1.126663834808121408e-14 1.958111017861928689e-16
3.075573809179259570e+03 1.133799084147466119e-14 1.958639511380768290e-16
3.077122022232239942e+03 1.107952489968935814e-14 1.973175834095222452e-16
3.078670235285220770e+03 1.159439102318677171e-14 1.994509418942424816e-16
3.080218448338201597e+03 1.141434889878118622e-14 2.010688356534198175e-16
3.081766661391181970e+03 1.153204428884575484e-14 2.011816416291693197e-16
3.083314874444162342e+03 1.205353006154077791e-14 2.068700496749157831e-16
3.084863087497143169e+03 1.231472114775472245e-14 2.128626053502497267e-16
3.086411300550123997e+03 1.174172825330417734e-14 2.044784227957241427e-16
3.087959513603104369e+03 1.157560998803031960e-14 2.049757249976779735e-16
3.089507726656084742e+03 1.199841963383286046e-14 2.118063882085749504e-16
3.091055939709065569e+03 1.223121652880944069e-14 2.106743596832729959e-16
3.092604152762046397e+03 1.307040241333302558e-14 2.235009381503423654e-16
3.094152365815026769e+03 1.278251720067658529e-14 2.186531517841262190e-16
3.095700578868007142e+03 1.322665693697728223e-14 2.248193711907035322e-16
3.097248791920987969e+03 1.276227287310655957e-14 2.225652093478322816e-16
3.098797004973968797e+03 1.308195130331892091e-14 2.265786921042331327e-16
3.100345218026949169e+03 1.359013698271683946e-14 2.335278477322695063e-16
3.101893431079929542e+03 1.358813999099817800e-14 2.316352071702060274e-16
3.103441644132910369e+03 1.383390711583920968e-14 2.347816363129734764e-16
3.104989857185891196e+03 1.430308556267624166e-14 2.439216055028278636e-16
3.106538070238871569e+03 1.434141387752557976e-14 2.397255608876376927e-16
3.108086283291851942e+03 1.445375068405403913e-14 2.464042209747529206e-16
3.109634496344832769e+03 1.455325439262028469e-14 2.432607800310798281e-16
3.111182709397813596e+03 1.608507947677390595e-14 2.569628958594393140e-16
3.112730922450793969e+03 1.552051801798995832e-14 2.538947905092308609e-16
3.114279135503774341e+03 1.598983455191367845e-14 2.610250620601021439e-16
3.115827348556755169e+03 1.602265105295040758e-14 2.611783580287791207e-16
3.117375561609735996e+03 1.587931460180002402e-14 2.623404599958732271e-16
3.118923774662716369e+03 1.690392370143296553e-14 2.678040605695440069e-16
3.120471987715696741e+03 1.697894515028537793e-14 2.701883991699719452e-16
3.122020200768677569e+03 1.687147192693668591e-14 2.702130633871231428e-16
3.123568413821658396e+03 1.743316174470049391e-14 2.743559566682955396e-16
3.125116626874638769e+03 1.733836998471087080e-14 2.757676286399258748e-16
3.126664839927619141e+03 1.822109740197325812e-14 2.841680911799325257e-16
3.128213052980599969e+03 1.828905268871674928e-14 2.822874515779716953e-16
3.129761266033580796e+03 1.879619073717671781e-14 2.902016489410108955e-16
3.131309479086561169e+03 1.865008595877875342e-14 2.874968050999392804e-16
3.132857692139541541e+03 1.935088926183335860e-14 2.934369991191728417e-16
3.134405905192522368e+03 1.977505649116500295e-14 2.969143599866197167e-16
3.135954118245503196e+03 1.938640578474097532e-14 3.000298517541308240e-16
3.137502331298483568e+03 1.937818969288670188e-14 2.975169719227060217e-16
3.139050544351463941e+03 1.955576726540911426e-14 2.977569178224419583e-16
3.140598757404444768e+03 1.936006461781318609e-14 2.997590811203443317e-16
3.142146970457425596e+03 2.001420643617324020e-14 3.015179062540380794e-16
3.143695183510405968e+03 1.947303275192312565e-14 2.981587186924149597e-16
3.145243396563386341e+03 1.893686315604704881e-14 2.957454033133266995e-16
3.146791609616367168e+03 1.973493111359984879e-14 3.031437656715700030e-16
