# SN2021YJA oec802020 G230LB CCD z=0.005307 a2center=893.2 extrsize=7 exptime=2340.0 mode=adaptive_es7@0.98 flags=none
# rest_wvl obs_wvl flux error net dq mask
1653.8885 1662.6656 -1.949752e-14 9.665086e-15 -4.333442e-02 16912 0
1655.2517 1664.0361 -2.052460e-15 8.363678e-15 -4.723098e-03 16384 0
1656.6149 1665.4065 -2.032940e-14 9.104800e-15 -4.850607e-02 16400 0
1657.9781 1666.7770 7.140144e-14 9.142038e-15 1.592064e-01 16 0
1659.3414 1668.1475 -3.041233e-14 7.896111e-15 -7.802136e-02 16384 0
1660.7046 1669.5180 6.569785e-15 7.494822e-15 1.528847e-02 0 0
1662.0679 1670.8885 1.688123e-14 7.254946e-15 4.109140e-02 0 0
1663.4312 1672.2590 2.141780e-14 7.375806e-15 5.409103e-02 0 0
1664.7945 1673.6296 -1.680616e-14 1.451628e-14 -4.989398e-02 16400 0
1666.1578 1675.0001 3.343740e-15 6.553425e-15 9.974789e-03 0 0
1667.5212 1676.3707 1.052905e-14 6.323265e-15 3.034778e-02 0 0
1668.8845 1677.7413 7.623061e-15 6.139522e-15 2.294712e-02 0 0
1670.2479 1679.1119 -1.223714e-14 6.528709e-15 -4.184091e-02 16400 0
1671.6113 1680.4825 -9.193790e-15 5.704010e-15 -3.251836e-02 16384 0
1672.9747 1681.8531 -1.334883e-15 6.217556e-15 -4.878992e-03 16400 0
1674.3381 1683.2238 2.110585e-14 5.757257e-15 7.134943e-02 0 0
1675.7015 1684.5945 3.831781e-14 1.380910e-14 1.343640e-01 16 0
1677.0649 1685.9651 3.803614e-14 7.998812e-15 1.374127e-01 16 0
1678.4284 1687.3358 -1.034668e-13 2.044465e-14 -4.268284e-01 16400 0
1679.7919 1688.7065 4.728483e-15 4.709022e-15 1.838971e-02 0 0
1681.1553 1690.0772 -3.328572e-15 4.400928e-15 -1.448831e-02 16384 0
1682.5188 1691.4480 3.786400e-15 4.588454e-15 1.562462e-02 0 0
1683.8824 1692.8187 4.706104e-15 4.905058e-15 1.967644e-02 16 0
1685.2459 1694.1895 3.425052e-16 4.403875e-15 1.603926e-03 16384 0
1686.6094 1695.5603 1.947848e-14 4.509954e-15 8.362181e-02 0 0
1687.9730 1696.9310 1.547262e-14 4.328398e-15 6.783180e-02 0 0
1689.3365 1698.3018 -2.665565e-16 5.942253e-15 -1.333477e-03 16400 0
1690.7001 1699.6727 -4.870024e-15 3.787725e-15 -2.487112e-02 16384 0
1692.0637 1701.0435 1.029897e-14 3.812920e-15 4.806128e-02 0 0
1693.4273 1702.4143 6.006707e-15 3.888355e-15 2.878179e-02 0 0
1694.7910 1703.7852 5.214338e-15 3.626865e-15 2.553359e-02 0 0
1696.1546 1705.1561 -6.498146e-16 3.676815e-15 -3.584559e-03 16384 0
1697.5182 1706.5270 1.445418e-15 3.480056e-15 7.888483e-03 0 0
1698.8819 1707.8979 2.951035e-15 3.431625e-15 1.553425e-02 0 0
1700.2456 1709.2688 6.698735e-15 3.433169e-15 3.498311e-02 0 0
1701.6093 1710.6397 -1.652471e-15 3.981439e-15 -9.774463e-03 16400 0
1702.9730 1712.0107 1.228299e-15 4.264176e-15 7.227433e-03 16 0
1704.3367 1713.3816 6.337789e-15 3.724440e-15 3.476230e-02 16 0
1705.7004 1714.7526 5.220353e-15 3.420390e-15 2.916996e-02 0 0
1707.0642 1716.1236 1.161663e-16 3.631442e-15 7.323674e-04 16400 0
1708.4280 1717.4946 9.369629e-15 3.121526e-15 5.362767e-02 0 0
1709.7917 1718.8656 1.458614e-16 3.007307e-15 9.475988e-04 16384 0
1711.1555 1720.2366 3.831403e-15 3.529571e-15 2.285150e-02 16 0
1712.5193 1721.6077 4.329747e-15 8.317524e-15 2.610471e-02 16 0
1713.8831 1722.9787 8.709038e-15 3.142027e-15 5.281294e-02 0 0
1715.2470 1724.3498 7.376901e-15 2.990844e-15 4.538652e-02 0 0
1716.6108 1725.7209 9.773862e-15 3.076596e-15 6.092582e-02 0 0
1717.9747 1727.0920 -3.849950e-14 8.352859e-15 -2.721746e-01 16400 0
1719.3386 1728.4631 4.831152e-16 2.716712e-15 3.461562e-03 16384 0
1720.7024 1729.8342 6.881631e-15 2.720558e-15 4.467759e-02 0 0
1722.0663 1731.2053 2.206718e-15 2.744594e-15 1.488994e-02 0 0
1723.4302 1732.5765 9.264735e-15 2.723815e-15 6.170090e-02 0 0
1724.7942 1733.9477 1.706038e-15 2.565833e-15 1.194355e-02 0 0
1726.1581 1735.3188 4.608553e-15 2.669890e-15 3.160470e-02 0 0
1727.5221 1736.6900 1.288770e-14 2.804528e-15 8.935718e-02 0 0
1728.8860 1738.0612 -8.461044e-15 4.351735e-15 -6.634074e-02 16400 0
1730.2500 1739.4324 3.378256e-15 4.602244e-15 2.415824e-02 16 0
1731.6140 1740.8037 6.459452e-15 2.636603e-15 4.637173e-02 0 0
1732.9780 1742.1749 6.172994e-15 3.799311e-15 4.485597e-02 16 0
1734.3420 1743.5462 6.744584e-15 2.490649e-15 4.957982e-02 0 0
1735.7061 1744.9174 -1.186159e-15 2.379136e-15 -9.880876e-03 16384 0
1737.0701 1746.2887 6.774780e-15 2.446927e-15 5.098314e-02 0 0
1738.4342 1747.6600 -1.097356e-15 4.092559e-15 -9.358088e-03 16400 0
1739.7982 1749.0313 5.702532e-15 2.812381e-15 4.393510e-02 16 0
1741.1623 1750.4027 5.102811e-15 2.413531e-15 3.978756e-02 0 0
1742.5264 1751.7740 4.993915e-15 2.295044e-15 3.938820e-02 0 0
1743.8905 1753.1453 8.022729e-15 2.274421e-15 6.395964e-02 0 0
1745.2546 1754.5167 2.367443e-15 2.179535e-15 1.932417e-02 0 0
1746.6188 1755.8881 7.339780e-15 2.319928e-15 5.982687e-02 0 0
1747.9829 1757.2595 -3.571102e-16 2.503772e-15 -3.297984e-03 16400 0
1749.3471 1758.6309 3.014490e-15 2.387422e-15 2.526632e-02 16 0
1750.7112 1760.0023 3.790393e-15 2.578654e-15 3.200234e-02 16 0
1752.0754 1761.3737 1.035322e-14 2.194900e-15 8.838910e-02 0 0
1753.4396 1762.7451 9.920753e-15 2.627384e-15 8.558054e-02 16 0
1754.8038 1764.1166 4.708163e-15 2.087136e-15 4.095711e-02 0 0
1756.1681 1765.4881 -5.259664e-15 2.820504e-15 -5.181623e-02 16400 0
1757.5323 1766.8595 3.551611e-15 2.382627e-15 3.160351e-02 16 0
1758.8966 1768.2310 1.263289e-14 2.089565e-15 1.140117e-01 0 0
1760.2608 1769.6025 5.217130e-15 3.115767e-15 4.726383e-02 16 0
1761.6251 1770.9740 2.524966e-15 2.274238e-15 2.325905e-02 16 0
1762.9894 1772.3456 -1.238448e-15 5.222002e-15 -1.283732e-02 16400 0
1764.3537 1773.7171 -9.319286e-16 3.476359e-15 -9.755639e-03 16400 0
1765.7180 1775.0886 1.276083e-14 2.076406e-15 1.211424e-01 0 0
1767.0823 1776.4602 1.052146e-15 2.466291e-15 1.035176e-02 16 0
1768.4466 1777.8318 1.115577e-14 1.949948e-15 1.077575e-01 0 0
1769.8110 1779.2034 1.292344e-14 1.973656e-15 1.263160e-01 0 0
1771.1754 1780.5750 4.331971e-15 2.085054e-15 4.238524e-02 16 0
1772.5397 1781.9466 5.676702e-15 2.084015e-15 5.605920e-02 16 0
1773.9041 1783.3182 9.971150e-16 1.924343e-15 1.025946e-02 0 0
1775.2685 1784.6899 4.560215e-15 1.741324e-15 4.584130e-02 0 0
1776.6329 1786.0615 4.441507e-15 1.803722e-15 4.504868e-02 0 0
1777.9973 1787.4332 3.857757e-15 1.898274e-15 3.948690e-02 0 0
1779.3618 1788.8048 -1.060256e-14 3.008943e-15 -1.228886e-01 16400 0
1780.7262 1790.1765 2.216096e-15 2.432654e-15 2.319998e-02 16 0
1782.0907 1791.5482 -7.492356e-15 3.375481e-15 -8.839548e-02 16400 0
1783.4551 1792.9199 3.383364e-15 1.922656e-15 3.588098e-02 16 0
1784.8196 1794.2917 5.922855e-15 1.683240e-15 6.338737e-02 0 0
1786.1841 1795.6634 -1.127690e-14 1.822244e-15 -1.366059e-01 16400 0
1787.5486 1797.0351 5.465232e-15 1.747247e-15 5.949755e-02 0 0
1788.9131 1798.4069 -1.612128e-13 3.234248e-15 -1.987459e+00 16400 0
1790.2777 1799.7787 -2.884402e-15 7.474268e-15 -3.587341e-02 16400 0
1791.6422 1801.1505 2.083628e-16 1.564936e-15 2.614320e-03 16384 0
1793.0068 1802.5223 4.743704e-15 1.701475e-15 5.345304e-02 0 0
1794.3713 1803.8941 4.188861e-15 1.726234e-15 4.760223e-02 16 0
1795.7359 1805.2659 5.001900e-15 1.587728e-15 5.737518e-02 0 0
1797.1005 1806.6377 5.371401e-15 1.614529e-15 6.218442e-02 0 0
1798.4651 1808.0095 1.375921e-15 1.820696e-15 1.622231e-02 16 0
1799.8297 1809.3814 6.299039e-16 1.755640e-15 7.713629e-03 16 0
1801.1943 1810.7533 4.320155e-15 1.498701e-15 5.129482e-02 0 0
1802.5590 1812.1251 4.847908e-15 2.180042e-15 5.809487e-02 16 0
1803.9236 1813.4970 2.003572e-15 1.467040e-15 2.427294e-02 0 0
1805.2883 1814.8689 5.218404e-15 1.491185e-15 6.366242e-02 0 0
1806.6529 1816.2408 1.287727e-15 1.696076e-15 1.597996e-02 16 0
1808.0176 1817.6128 4.669064e-15 1.487241e-15 5.790890e-02 0 0
1809.3823 1818.9847 6.965668e-15 1.489046e-15 8.745342e-02 0 0
1810.7470 1820.3566 2.579705e-15 1.413968e-15 3.252418e-02 0 0
1812.1117 1821.7286 1.255797e-15 1.573953e-15 1.610311e-02 16 0
1813.4764 1823.1006 7.674267e-15 1.734030e-15 9.895490e-02 16 0
1814.8412 1824.4725 -9.850844e-15 3.754761e-15 -1.431664e-01 16400 0
1816.2059 1825.8445 4.982601e-15 1.484179e-15 6.499986e-02 16 0
1817.5707 1827.2165 5.204634e-15 1.441741e-15 6.847171e-02 16 0
1818.9355 1828.5886 5.622399e-15 1.425609e-15 7.461530e-02 0 0
1820.3002 1829.9606 6.808943e-15 1.425018e-15 9.128736e-02 0 0
1821.6650 1831.3326 2.186538e-15 1.720122e-15 2.939702e-02 16 0
1823.0298 1832.7047 4.962002e-15 1.381784e-15 6.733373e-02 0 0
1824.3947 1834.0767 7.024951e-15 1.420172e-15 9.645054e-02 0 0
1825.7595 1835.4488 -5.222377e-15 2.516269e-15 -8.080781e-02 16400 0
1827.1243 1836.8209 4.353095e-15 1.350803e-15 6.036497e-02 0 0
1828.4892 1838.1930 -9.471637e-16 2.039404e-15 -1.487622e-02 16400 0
1829.8540 1839.5651 4.613818e-15 1.435488e-15 6.496610e-02 0 0
1831.2189 1840.9372 1.666356e-15 1.257295e-15 2.362479e-02 0 0
1832.5838 1842.3093 8.541385e-15 1.391036e-15 1.230573e-01 0 0
1833.9487 1843.6814 7.549842e-15 1.445981e-15 1.093424e-01 0 0
1835.3136 1845.0536 5.578853e-15 1.336780e-15 8.103792e-02 0 0
1836.6785 1846.4257 4.323709e-15 1.412041e-15 6.309352e-02 16 0
1838.0434 1847.7979 3.035245e-15 1.248372e-15 4.451519e-02 0 0
1839.4083 1849.1701 6.859328e-15 1.272448e-15 1.021031e-01 0 0
1840.7733 1850.5423 2.245156e-15 1.242977e-15 3.338033e-02 0 0
1842.1382 1851.9145 5.825170e-15 1.333269e-15 8.772452e-02 0 0
1843.5032 1853.2867 5.703496e-15 1.251857e-15 8.646093e-02 0 0
1844.8682 1854.6589 3.636152e-15 1.838883e-15 5.524855e-02 16 0
1846.2332 1856.0311 4.454536e-15 1.229620e-15 6.826275e-02 0 0
1847.5982 1857.4034 3.034025e-15 1.149974e-15 4.668085e-02 0 0
1848.9632 1858.7756 3.335614e-15 1.171736e-15 5.169542e-02 0 0
1850.3282 1860.1479 2.917689e-15 1.204913e-15 4.549355e-02 0 0
1851.6932 1861.5202 4.744306e-15 1.187043e-15 7.476725e-02 0 0
1853.0583 1862.8924 3.094366e-15 1.118661e-15 4.891943e-02 0 0
1854.4233 1864.2647 5.932380e-15 1.135796e-15 9.506254e-02 0 0
1855.7884 1865.6370 4.542611e-15 1.272111e-15 7.303784e-02 0 0
1857.1534 1867.0094 6.844185e-15 1.174460e-15 1.114534e-01 0 0
1858.5185 1868.3817 -4.682260e-15 1.941401e-15 -8.572878e-02 16400 0
1859.8836 1869.7540 7.528400e-15 1.167607e-15 1.245232e-01 0 0
1861.2487 1871.1264 2.882083e-15 1.103277e-15 4.744565e-02 0 0
1862.6138 1872.4987 3.554222e-15 1.101112e-15 5.900522e-02 0 0
1863.9790 1873.8711 7.676458e-15 1.114294e-15 1.297230e-01 0 0
1865.3441 1875.2435 5.555382e-15 1.103256e-15 9.402780e-02 0 0
1866.7092 1876.6159 4.018186e-15 1.099332e-15 6.820389e-02 0 0
1868.0744 1877.9882 5.251301e-15 1.054881e-15 9.007692e-02 0 0
1869.4395 1879.3607 5.877625e-15 1.084827e-15 1.017174e-01 0 0
1870.8047 1880.7331 5.861487e-15 1.345969e-15 1.021670e-01 16 0
1872.1699 1882.1055 4.379288e-15 1.089484e-15 7.655858e-02 0 0
1873.5351 1883.4779 5.162786e-15 1.069613e-15 9.111194e-02 0 0
1874.9003 1884.8504 7.706064e-15 1.068307e-15 1.379417e-01 0 0
1876.2655 1886.2228 5.963528e-15 1.060140e-15 1.070148e-01 0 0
1877.6307 1887.5953 5.460177e-15 1.024385e-15 9.854678e-02 0 0
1878.9960 1888.9678 6.144783e-15 1.036119e-15 1.119224e-01 0 0
1880.3612 1890.3403 6.238252e-15 1.027755e-15 1.144740e-01 0 0
1881.7264 1891.7128 9.777132e-15 1.220214e-15 1.823797e-01 0 0
1883.0917 1893.0853 4.855695e-15 3.963214e-15 9.000823e-02 16 0
1884.4570 1894.4578 6.009661e-15 1.060448e-15 1.125777e-01 0 0
1885.8223 1895.8303 3.161247e-15 1.234158e-15 5.910883e-02 16 0
1887.1875 1897.2028 5.731519e-15 1.155210e-15 1.087864e-01 16 0
1888.5528 1898.5754 7.316772e-15 1.073009e-15 1.404865e-01 0 0
1889.9181 1899.9479 8.765293e-15 1.214112e-15 1.701152e-01 16 0
1891.2835 1901.3205 6.537059e-15 9.926417e-16 1.269497e-01 0 0
1892.6488 1902.6931 6.660795e-15 9.578281e-16 1.302690e-01 0 0
1894.0141 1904.0657 8.656593e-15 1.027523e-15 1.713767e-01 0 0
1895.3795 1905.4383 7.677178e-15 9.809185e-16 1.525887e-01 0 0
1896.7448 1906.8109 1.591179e-15 1.214688e-15 3.123266e-02 16 0
1898.1102 1908.1835 6.704568e-15 9.609326e-16 1.346218e-01 0 0
1899.4756 1909.5561 9.233247e-15 1.024049e-15 1.879043e-01 16 0
1900.8410 1910.9287 8.467707e-15 9.921002e-16 1.730874e-01 0 0
1902.2063 1912.3014 7.307581e-15 1.091974e-15 1.498406e-01 16 0
1903.5717 1913.6740 1.496247e-15 2.180320e-15 3.028995e-02 16 0
1904.9372 1915.0467 5.751536e-15 1.630767e-15 1.188630e-01 16 0
1906.3026 1916.4193 7.363013e-15 1.016028e-15 1.538959e-01 0 0
1907.6680 1917.7920 4.793556e-15 1.232826e-15 9.999248e-02 16 0
1909.0334 1919.1647 6.009904e-15 1.024367e-15 1.266758e-01 16 0
1910.3989 1920.5374 3.418497e-15 1.407160e-15 7.184281e-02 16 0
1911.7644 1921.9101 7.691835e-15 9.903686e-16 1.650426e-01 16 0
1913.1298 1923.2828 8.204393e-15 9.594896e-16 1.774233e-01 0 0
1914.4953 1924.6555 3.792650e-15 1.430684e-15 8.133445e-02 16 0
1915.8608 1926.0282 7.860064e-15 9.180265e-16 1.719784e-01 0 0
1917.2263 1927.4010 5.074339e-15 9.351502e-16 1.107289e-01 0 0
1918.5918 1928.7737 2.779519e-15 1.457144e-15 6.049941e-02 16 0
1919.9573 1930.1465 6.561232e-15 9.125147e-16 1.457662e-01 0 0
1921.3228 1931.5193 4.394021e-15 1.803582e-15 9.749500e-02 16 0
1922.6883 1932.8920 6.876633e-15 9.264286e-16 1.549078e-01 0 0
1924.0539 1934.2648 7.968892e-15 1.117337e-15 1.812736e-01 16 0
1925.4194 1935.6376 6.115946e-15 9.248888e-16 1.392009e-01 0 0
1926.7850 1937.0104 1.231729e-14 1.410905e-15 2.870006e-01 16 0
1928.1505 1938.3832 5.512574e-15 1.171200e-15 1.268340e-01 16 0
1929.5161 1939.7560 5.512862e-15 8.947888e-16 1.276516e-01 0 0
1930.8817 1941.1289 6.078997e-15 8.326504e-16 1.419511e-01 0 0
1932.2473 1942.5017 6.589423e-15 1.404560e-15 1.551274e-01 16 0
1933.6129 1943.8745 2.698949e-15 1.226844e-15 6.296619e-02 16 0
1934.9785 1945.2474 7.212050e-15 8.333142e-16 1.723100e-01 0 0
1936.3441 1946.6203 6.172100e-15 8.106024e-16 1.478812e-01 0 0
1937.7097 1947.9931 3.581027e-15 7.610026e-16 8.546496e-02 0 0
1939.0753 1949.3660 4.252178e-15 7.589719e-16 1.024187e-01 0 0
1940.4410 1950.7389 4.910438e-15 8.222650e-16 1.193158e-01 0 0
1941.8066 1952.1118 3.258037e-15 7.583142e-16 7.907496e-02 0 0
1943.1723 1953.4847 5.362649e-15 7.963507e-16 1.321016e-01 0 0
1944.5379 1954.8576 6.759991e-15 7.830516e-16 1.683708e-01 0 0
1945.9036 1956.2305 6.350120e-15 7.840486e-16 1.588747e-01 0 0
1947.2693 1957.6034 6.251746e-15 7.700169e-16 1.572872e-01 0 0
1948.6350 1958.9764 6.653307e-15 7.581851e-16 1.686147e-01 0 0
1950.0007 1960.3493 6.034037e-15 7.598979e-16 1.534823e-01 0 0
1951.3664 1961.7223 5.682216e-15 7.512418e-16 1.451942e-01 0 0
1952.7321 1963.0952 4.194535e-15 7.531690e-16 1.071542e-01 0 0
1954.0978 1964.4682 3.980630e-15 8.113198e-16 1.021862e-01 16 0
1955.4635 1965.8412 5.376115e-15 7.380380e-16 1.396457e-01 0 0
1956.8293 1967.2142 3.233510e-15 8.726601e-16 8.368456e-02 16 0
1958.1950 1968.5872 4.360971e-15 8.919966e-16 1.141306e-01 16 0
1959.5608 1969.9602 6.702530e-15 7.513965e-16 1.781027e-01 0 0
1960.9265 1971.3332 6.380111e-15 7.739850e-16 1.703496e-01 0 0
1962.2923 1972.7062 6.604608e-15 7.488284e-16 1.775450e-01 0 0
1963.6581 1974.0792 4.913770e-15 7.170916e-16 1.320048e-01 0 0
1965.0238 1975.4522 5.411656e-15 7.198198e-16 1.465628e-01 0 0
1966.3896 1976.8253 6.902859e-15 8.026960e-16 1.891406e-01 16 0
1967.7554 1978.1983 6.688532e-15 7.214849e-16 1.842542e-01 0 0
1969.1212 1979.5714 7.986049e-15 7.842529e-16 2.223239e-01 0 0
1970.4871 1980.9444 6.130468e-15 7.487343e-16 1.706233e-01 0 0
1971.8529 1982.3175 5.614347e-15 7.228363e-16 1.569123e-01 0 0
1973.2187 1983.6906 4.600153e-15 7.286622e-16 1.288100e-01 16 0
1974.5846 1985.0637 6.487263e-15 7.574280e-16 1.842069e-01 0 0
1975.9504 1986.4368 7.080671e-15 1.098798e-15 2.027725e-01 16 0
1977.3162 1987.8099 5.522476e-15 6.920746e-16 1.582108e-01 0 0
1978.6821 1989.1830 5.889297e-15 6.883673e-16 1.700440e-01 0 0
1980.0480 1990.5561 6.312692e-15 6.975430e-16 1.837325e-01 0 0
1981.4138 1991.9292 7.715798e-15 8.363952e-16 2.271584e-01 16 0
1982.7797 1993.3023 5.584952e-15 6.782825e-16 1.641767e-01 0 0
1984.1456 1994.6755 5.917629e-15 6.567923e-16 1.753208e-01 0 0
1985.5115 1996.0486 6.321128e-15 7.482464e-16 1.887924e-01 16 0
1986.8774 1997.4218 1.077372e-15 1.239465e-15 3.146264e-02 16 0
1988.2433 1998.7949 5.663721e-15 6.659606e-16 1.709173e-01 0 0
1989.6092 2000.1681 3.965811e-15 6.541931e-16 1.195136e-01 0 0
1990.9752 2001.5413 4.418749e-15 6.538819e-16 1.343306e-01 0 0
1992.3411 2002.9145 5.189741e-15 6.303083e-16 1.593699e-01 0 0
1993.7070 2004.2876 4.364597e-15 6.181073e-16 1.343901e-01 0 0
1995.0730 2005.6608 2.649540e-15 8.055722e-16 8.132906e-02 16 0
1996.4389 2007.0340 6.977450e-15 6.803090e-16 2.200968e-01 0 0
1997.8049 2008.4073 2.661826e-15 7.756112e-16 8.277649e-02 16 0
1999.1709 2009.7805 2.672757e-15 6.151707e-16 8.366662e-02 0 0
2000.5369 2011.1537 4.431814e-15 6.322878e-16 1.410356e-01 0 0
2001.9028 2012.5269 4.466354e-15 6.025046e-16 1.431090e-01 0 0
2003.2688 2013.9002 4.086513e-15 6.097822e-16 1.315465e-01 0 0
2004.6348 2015.2734 6.556450e-15 7.277896e-16 2.148533e-01 16 0
2006.0008 2016.6467 5.759775e-15 6.364436e-16 1.893883e-01 16 0
2007.3668 2018.0199 3.568128e-15 6.379887e-16 1.168408e-01 16 0
2008.7328 2019.3932 4.510428e-15 6.119373e-16 1.494329e-01 0 0
2010.0989 2020.7665 5.511192e-15 6.024379e-16 1.846901e-01 0 0
2011.4649 2022.1397 7.341835e-15 6.300928e-16 2.495389e-01 0 0
2012.8309 2023.5130 4.527645e-15 6.796261e-16 1.530850e-01 16 0
2014.1970 2024.8863 -1.697636e-15 1.544483e-15 -6.423417e-02 16400 0
2015.5630 2026.2596 5.444337e-15 6.353861e-16 1.874193e-01 16 0
2016.9291 2027.6329 5.935459e-15 6.186693e-16 2.061757e-01 0 0
2018.2951 2029.0062 5.220279e-15 5.938689e-16 1.819972e-01 0 0
2019.6612 2030.3796 6.029801e-15 7.237795e-16 2.124308e-01 16 0
2021.0273 2031.7529 5.946349e-15 6.088874e-16 2.108568e-01 0 0
2022.3934 2033.1262 6.302754e-15 6.040138e-16 2.253904e-01 0 0
2023.7595 2034.4995 1.800770e-15 9.050282e-16 6.317171e-02 16 0
2025.1255 2035.8729 6.292332e-15 7.198683e-16 2.281333e-01 16 0
2026.4917 2037.2462 6.662392e-15 5.805421e-16 2.435776e-01 1024 0
2027.8578 2038.6196 4.948801e-15 5.477982e-16 1.807947e-01 1024 0
2029.2239 2039.9930 6.187277e-15 5.627238e-16 2.288857e-01 1024 0
2030.5900 2041.3663 6.829276e-15 5.499294e-16 2.550425e-01 1024 0
2031.9561 2042.7397 6.655367e-15 5.646706e-16 2.500755e-01 1024 0
2033.3222 2044.1131 5.510018e-15 5.420256e-16 2.074244e-01 1024 0
2034.6884 2045.4865 4.109563e-15 1.118779e-15 1.546389e-01 1040 0
2036.0545 2046.8599 7.789038e-15 5.674441e-16 2.999780e-01 1024 0
2037.4207 2048.2333 6.760287e-15 6.105405e-16 2.610979e-01 1024 0
2038.7868 2049.6067 6.468852e-15 6.104140e-16 2.512198e-01 1040 0
2040.1530 2050.9801 5.313252e-15 6.192453e-16 2.067129e-01 1040 0
2041.5192 2052.3535 6.833617e-15 5.611832e-16 2.695520e-01 1024 0
2042.8853 2053.7269 6.270431e-15 5.359073e-16 2.485161e-01 1024 0
2044.2515 2055.1004 4.263309e-15 8.660578e-16 1.684940e-01 1040 0
2045.6177 2056.4738 6.547544e-15 1.058263e-15 2.634852e-01 1040 0
2046.9839 2057.8472 6.610842e-15 5.604083e-16 2.679683e-01 1024 0
2048.3501 2059.2207 2.030110e-15 9.892313e-16 8.065315e-02 1040 0
2049.7163 2060.5941 7.633115e-15 7.440700e-16 3.149874e-01 1040 0
2051.0825 2061.9676 6.962854e-15 5.428353e-16 2.885827e-01 1024 0
2052.4487 2063.3411 6.516567e-15 5.433672e-16 2.714579e-01 1040 0
2053.8150 2064.7145 4.642248e-15 5.033199e-16 1.929752e-01 1024 0
2055.1812 2066.0880 7.495546e-15 5.178200e-16 3.177771e-01 1024 0
2056.5474 2067.4615 9.165667e-15 5.849556e-16 3.934807e-01 1040 0
2057.9136 2068.8350 3.120939e-14 1.620436e-15 1.394917e+00 1040 0
2059.2799 2070.2085 6.725340e-15 5.624329e-16 2.901224e-01 1040 0
2060.6461 2071.5820 7.609557e-15 5.124826e-16 3.316427e-01 1024 0
2062.0124 2072.9555 6.715986e-15 5.042200e-16 2.936509e-01 1024 0
2063.3787 2074.3290 6.280577e-15 5.423051e-16 2.759585e-01 1040 0
2064.7449 2075.7025 7.201503e-15 4.870420e-16 3.197688e-01 1024 0
2066.1112 2077.0760 7.614949e-15 4.895036e-16 3.409431e-01 1024 0
2067.4775 2078.4496 8.018058e-15 5.098971e-16 3.619338e-01 1024 0
2068.8438 2079.8231 6.624226e-15 5.023209e-16 2.994088e-01 0 0
2070.2100 2081.1966 7.280739e-15 5.187165e-16 3.321690e-01 0 0
2071.5763 2082.5702 7.230833e-15 4.734295e-16 3.320380e-01 0 0
2072.9426 2083.9437 6.559457e-15 4.757096e-16 3.023941e-01 0 0
2074.3089 2085.3173 5.213271e-15 5.094139e-16 2.404239e-01 16 0
2075.6752 2086.6908 7.821091e-15 4.899719e-16 3.672245e-01 16 0
2077.0416 2088.0644 6.654252e-15 5.027838e-16 3.130958e-01 16 0
2078.4079 2089.4380 4.109248e-15 5.458475e-16 1.921355e-01 16 0
2079.7742 2090.8116 4.878762e-15 4.538439e-16 2.306704e-01 0 0
2081.1405 2092.1851 6.230178e-15 5.259841e-16 2.985274e-01 16 0
2082.5069 2093.5587 6.495634e-15 4.538088e-16 3.137072e-01 0 0
2083.8732 2094.9323 5.352444e-15 4.701655e-16 2.588413e-01 16 0
2085.2395 2096.3059 5.268265e-15 6.678850e-16 2.563756e-01 16 0
2086.6059 2097.6795 6.401004e-15 4.409248e-16 3.152958e-01 0 0
2087.9722 2099.0531 4.146557e-15 6.694604e-16 2.032211e-01 16 0
2089.3386 2100.4267 5.082090e-15 4.280177e-16 2.521099e-01 0 0
2090.7050 2101.8003 5.067709e-15 6.040529e-16 2.530847e-01 16 0
2092.0713 2103.1740 5.556235e-15 4.417860e-16 2.800691e-01 0 0
2093.4377 2104.5476 5.769146e-15 4.163242e-16 2.930835e-01 0 0
2094.8041 2105.9212 4.848321e-15 4.318871e-16 2.467868e-01 0 0
2096.1705 2107.2948 6.592843e-15 4.326885e-16 3.407632e-01 0 0
2097.5369 2108.6685 5.536457e-15 4.157651e-16 2.866806e-01 16 0
2098.9032 2110.0421 5.582214e-15 4.273305e-16 2.910627e-01 0 0
2100.2696 2111.4158 8.467528e-15 4.633062e-16 4.497823e-01 0 0
2101.6360 2112.7894 6.160153e-15 4.395947e-16 3.264084e-01 0 0
2103.0024 2114.1631 5.480066e-15 7.106072e-16 2.913381e-01 16 0
2104.3689 2115.5367 4.986919e-15 5.290189e-16 2.661630e-01 16 0
2105.7353 2116.9104 6.366223e-15 4.077645e-16 3.443494e-01 0 0
2107.1017 2118.2841 6.918316e-15 4.278972e-16 3.775244e-01 0 0
2108.4681 2119.6578 6.670729e-15 4.464679e-16 3.659655e-01 0 0
2109.8345 2121.0314 5.972067e-15 4.089007e-16 3.286683e-01 0 0
2111.2010 2122.4051 6.518690e-15 4.072196e-16 3.619036e-01 0 0
2112.5674 2123.7788 5.958538e-15 4.259714e-16 3.319914e-01 16 0
2113.9339 2125.1525 5.848517e-15 3.931448e-16 3.276730e-01 0 0
2115.3003 2126.5262 4.227489e-15 7.973763e-16 2.361337e-01 16 0
2116.6667 2127.8999 5.790035e-15 4.904801e-16 3.281753e-01 16 0
2118.0332 2129.2736 4.224469e-15 6.295570e-16 2.387353e-01 16 0
2119.3997 2130.6473 5.601218e-15 3.893742e-16 3.208611e-01 0 0
2120.7661 2132.0210 5.661177e-15 3.944692e-16 3.262391e-01 0 0
2122.1326 2133.3947 6.700893e-15 4.125575e-16 3.902031e-01 0 0
2123.4991 2134.7685 6.275797e-15 4.279642e-16 3.667905e-01 16 0
2124.8655 2136.1422 5.697359e-15 3.967353e-16 3.338906e-01 0 0
2126.2320 2137.5159 5.626573e-15 5.897737e-16 3.314250e-01 16 0
2127.5985 2138.8897 5.483702e-15 5.347149e-16 3.245183e-01 16 0
2128.9650 2140.2634 5.073840e-15 3.715494e-16 3.012123e-01 0 0
2130.3315 2141.6371 5.536652e-15 7.798674e-16 3.312604e-01 16 0
2131.6980 2143.0109 5.993503e-15 3.848007e-16 3.613173e-01 0 0
2133.0645 2144.3846 5.794316e-15 4.822675e-16 3.508214e-01 16 0
2134.4310 2145.7584 5.316791e-15 3.585898e-16 3.228127e-01 0 0
2135.7975 2147.1321 5.306681e-15 3.654837e-16 3.238820e-01 0 0
2137.1640 2148.5059 6.081612e-15 4.100589e-16 3.745864e-01 16 0
2138.5305 2149.8797 5.863108e-15 3.621835e-16 3.626521e-01 0 0
2139.8970 2151.2534 5.743992e-15 6.197454e-16 3.569164e-01 16 0
2141.2635 2152.6272 5.511458e-15 3.662511e-16 3.438377e-01 0 0
2142.6300 2154.0010 6.417528e-15 9.097155e-16 4.042065e-01 16 0
2143.9966 2155.3748 4.501433e-15 3.344364e-16 2.821243e-01 0 0
2145.3631 2156.7485 5.733062e-15 3.999536e-16 3.636681e-01 16 0
2146.7296 2158.1223 4.569802e-15 5.963506e-16 2.895052e-01 16 0
2148.0962 2159.4961 4.934171e-15 3.359887e-16 3.148860e-01 0 0
2149.4627 2160.8699 5.960125e-15 3.657001e-16 3.843988e-01 0 0
2150.8293 2162.2437 5.492918e-15 3.384384e-16 3.552566e-01 0 0
2152.1958 2163.6175 7.019611e-15 5.149073e-16 4.595756e-01 16 0
2153.5624 2164.9913 6.422195e-15 3.652594e-16 4.215257e-01 0 0
2154.9289 2166.3651 6.144280e-15 3.599779e-16 4.048200e-01 0 0
2156.2955 2167.7389 6.686193e-15 3.934616e-16 4.438436e-01 0 0
2157.6620 2169.1128 5.980423e-15 3.475679e-16 3.977085e-01 0 0
2159.0286 2170.4866 4.840133e-15 3.468565e-16 3.215265e-01 0 0
2160.3952 2171.8604 5.489016e-15 3.367489e-16 3.677722e-01 0 0
2161.7617 2173.2342 6.360277e-15 4.000543e-16 4.300795e-01 16 0
2163.1283 2174.6080 4.825498e-15 3.359254e-16 3.253005e-01 0 0
2164.4949 2175.9819 5.284146e-15 3.517340e-16 3.588768e-01 0 0
2165.8615 2177.3557 4.858597e-15 3.612706e-16 3.307691e-01 16 0
2167.2281 2178.7295 4.888850e-15 3.878221e-16 3.344719e-01 16 0
2168.5946 2180.1034 5.884072e-15 3.481372e-16 4.066367e-01 16 0
2169.9612 2181.4772 5.539883e-15 3.266850e-16 3.839720e-01 0 0
2171.3278 2182.8511 4.683170e-15 3.205328e-16 3.245329e-01 16 0
2172.6944 2184.2249 5.922035e-15 3.198971e-16 4.150754e-01 0 0
2174.0610 2185.5988 5.525204e-15 3.248856e-16 3.882571e-01 0 0
2175.4276 2186.9726 4.961621e-15 3.303828e-16 3.491539e-01 0 0
2176.7942 2188.3465 5.661807e-15 3.372909e-16 4.017591e-01 0 0
2178.1608 2189.7203 5.386275e-15 3.147022e-16 3.833681e-01 0 0
2179.5274 2191.0942 5.180028e-15 3.204332e-16 3.699155e-01 0 0
2180.8941 2192.4681 5.355995e-15 3.340238e-16 3.845503e-01 0 0
2182.2607 2193.8419 5.964464e-15 3.714894e-16 4.314726e-01 16 0
2183.6273 2195.2158 5.764020e-15 3.157361e-16 4.183886e-01 0 0
2184.9939 2196.5897 5.011451e-15 3.195473e-16 3.638732e-01 0 0
2186.3605 2197.9636 5.720910e-15 3.165434e-16 4.187959e-01 0 0
2187.7272 2199.3374 4.551094e-15 3.098122e-16 3.323964e-01 0 0
2189.0938 2200.7113 5.650558e-15 3.134442e-16 4.170800e-01 0 0
2190.4604 2202.0852 4.856282e-15 3.096064e-16 3.584174e-01 0 0
2191.8271 2203.4591 5.934933e-15 3.619769e-16 4.424733e-01 16 0
2193.1937 2204.8330 6.057670e-15 3.430317e-16 4.538240e-01 0 0
2194.5603 2206.2069 5.289425e-15 4.162264e-16 3.963905e-01 16 0
2195.9270 2207.5808 5.643078e-15 4.033988e-16 4.254898e-01 16 0
2197.2936 2208.9547 4.941946e-15 2.969359e-16 3.727665e-01 0 0
2198.6603 2210.3286 5.059174e-15 5.138779e-16 3.834857e-01 16 0
2200.0269 2211.7025 7.232054e-15 3.511186e-16 5.562489e-01 0 0
2201.3936 2213.0764 5.139714e-15 3.027997e-16 3.930682e-01 0 0
2202.7602 2214.4503 4.756519e-15 4.892152e-16 3.644748e-01 16 0
2204.1269 2215.8242 5.011498e-15 3.060508e-16 3.862134e-01 0 0
2205.4935 2217.1981 4.874777e-15 3.567978e-16 3.769558e-01 16 0
2206.8602 2218.5720 4.720396e-15 2.923131e-16 3.662132e-01 0 0
2208.2268 2219.9459 5.193728e-15 2.918350e-16 4.057552e-01 0 0
2209.5935 2221.3198 5.742462e-15 3.239265e-16 4.518334e-01 0 0
2210.9602 2222.6937 5.432703e-15 3.105310e-16 4.285687e-01 0 0
2212.3268 2224.0677 5.477096e-15 3.848444e-16 4.339956e-01 16 0
2213.6935 2225.4416 5.579215e-15 3.172344e-16 4.441945e-01 16 0
2215.0602 2226.8155 5.220776e-15 3.053441e-16 4.166068e-01 0 0
2216.4268 2228.1894 5.302494e-15 3.126904e-16 4.251099e-01 16 0
2217.7935 2229.5634 5.322370e-15 3.281948e-16 4.285548e-01 16 0
2219.1602 2230.9373 5.529272e-15 2.877042e-16 4.476023e-01 0 0
2220.5269 2232.3112 5.572561e-15 6.022187e-16 4.531230e-01 16 0
2221.8936 2233.6851 4.893711e-15 3.071358e-16 3.981037e-01 16 0
2223.2602 2235.0591 4.777010e-15 2.726351e-16 3.899840e-01 0 0
2224.6269 2236.4330 4.173126e-15 2.954770e-16 3.407959e-01 0 0
2225.9936 2237.8070 4.898123e-15 2.751904e-16 4.035732e-01 0 0
2227.3603 2239.1809 5.371318e-15 3.012499e-16 4.456397e-01 0 0
2228.7270 2240.5548 5.072442e-15 3.714369e-16 4.219231e-01 16 0
2230.0937 2241.9288 4.886729e-15 2.939315e-16 4.077591e-01 16 0
2231.4604 2243.3027 4.296672e-15 5.025719e-16 3.586976e-01 16 0
2232.8271 2244.6767 5.017589e-15 3.663646e-16 4.225601e-01 16 0
2234.1937 2246.0506 5.049294e-15 2.790053e-16 4.271064e-01 0 0
2235.5604 2247.4246 3.647534e-15 3.907201e-16 3.069311e-01 16 0
2236.9271 2248.7985 4.994841e-15 3.251938e-16 4.259399e-01 16 0
2238.2938 2250.1725 4.457604e-15 4.719482e-16 3.804623e-01 16 0
2239.6605 2251.5464 5.197285e-15 2.921467e-16 4.474921e-01 16 0
2241.0272 2252.9204 4.469282e-15 2.563145e-16 3.847547e-01 0 0
2242.3939 2254.2943 4.951890e-15 2.655056e-16 4.293997e-01 0 0
2243.7606 2255.6683 4.825751e-15 2.704038e-16 4.199281e-01 0 0
2245.1274 2257.0422 5.221735e-15 2.613317e-16 4.573714e-01 0 0
2246.4941 2258.4162 4.239453e-15 2.706524e-16 3.706510e-01 0 0
2247.8608 2259.7902 4.735198e-15 2.963845e-16 4.170955e-01 16 0
2249.2275 2261.1641 3.978651e-15 3.974639e-16 3.501661e-01 16 0
2250.5942 2262.5381 4.515263e-15 2.499471e-16 4.005600e-01 0 0
2251.9609 2263.9121 4.017316e-15 2.693220e-16 3.566859e-01 16 0
2253.3276 2265.2860 4.500302e-15 3.272866e-16 4.026046e-01 16 0
2254.6943 2266.6600 4.442724e-15 3.048656e-16 3.990006e-01 16 0
2256.0610 2268.0339 4.714701e-15 2.576281e-16 4.259841e-01 0 0
2257.4277 2269.4079 4.373006e-15 2.491437e-16 3.959358e-01 0 0
2258.7945 2270.7819 3.660570e-15 2.425083e-16 3.311488e-01 0 0
2260.1612 2272.1559 3.831055e-15 2.416531e-16 3.485264e-01 0 0
2261.5279 2273.5298 3.605341e-15 2.351483e-16 3.288444e-01 0 0
2262.8946 2274.9038 3.933721e-15 2.408705e-16 3.612689e-01 0 0
2264.2613 2276.2778 4.393169e-15 2.637112e-16 4.065546e-01 0 0
2265.6281 2277.6517 4.395741e-15 2.536421e-16 4.085875e-01 0 0
2266.9948 2279.0257 4.657651e-15 2.538708e-16 4.355964e-01 0 0
2268.3615 2280.3997 4.343534e-15 3.234036e-16 4.071857e-01 16 0
2269.7282 2281.7737 4.114214e-15 2.408537e-16 3.868004e-01 0 0
2271.0949 2283.1476 3.529365e-15 2.367614e-16 3.318126e-01 0 0
2272.4617 2284.5216 3.586196e-15 2.389728e-16 3.388277e-01 0 0
2273.8284 2285.8956 4.315314e-15 2.513020e-16 4.117634e-01 0 0
2275.1951 2287.2696 4.215437e-15 2.989310e-16 4.037691e-01 16 0
2276.5618 2288.6435 3.928039e-15 2.311193e-16 3.771530e-01 0 0
2277.9286 2290.0175 4.328584e-15 2.350450e-16 4.186715e-01 0 0
2279.2953 2291.3915 4.011429e-15 2.363999e-16 3.888766e-01 0 0
2280.6620 2292.7655 3.503172e-15 2.897627e-16 3.397888e-01 16 0
2282.0287 2294.1395 3.245959e-15 2.278089e-16 3.155581e-01 0 0
2283.3955 2295.5134 4.811972e-15 2.614531e-16 4.753332e-01 0 0
2284.7622 2296.8874 4.388571e-15 2.386737e-16 4.342828e-01 0 0
2286.1289 2298.2614 4.301814e-15 2.562461e-16 4.273532e-01 0 0
2287.4956 2299.6354 4.000709e-15 2.437932e-16 3.983683e-01 16 0
2288.8624 2301.0094 4.437922e-15 2.326760e-16 4.452226e-01 0 0
2290.2291 2302.3833 3.991920e-15 2.318048e-16 4.010109e-01 0 0
2291.5958 2303.7573 3.492398e-15 2.225185e-16 3.510095e-01 0 0
2292.9626 2305.1313 3.966788e-15 2.314915e-16 4.019457e-01 0 0
2294.3293 2306.5053 4.519801e-15 2.314773e-16 4.617633e-01 0 0
2295.6960 2307.8793 3.990198e-15 2.931795e-16 4.079510e-01 16 0
2297.0627 2309.2533 4.201233e-15 2.232121e-16 4.320588e-01 0 0
2298.4295 2310.6272 4.306922e-15 2.268864e-16 4.451803e-01 0 0
2299.7962 2312.0012 4.198823e-15 2.181458e-16 4.355668e-01 0 0
2301.1629 2313.3752 3.769063e-15 2.213175e-16 3.914306e-01 0 0
2302.5297 2314.7492 4.081576e-15 2.231672e-16 4.267060e-01 0 0
2303.8964 2316.1232 4.019060e-15 2.211046e-16 4.217771e-01 0 0
2305.2631 2317.4971 4.293719e-15 2.260379e-16 4.534010e-01 0 0
2306.6298 2318.8711 2.982287e-15 2.618175e-16 3.129004e-01 16 0
2307.9966 2320.2451 4.182134e-15 2.167956e-16 4.450203e-01 0 0
2309.3633 2321.6191 4.269815e-15 2.601040e-16 4.565306e-01 16 0
2310.7300 2322.9931 3.988637e-15 2.233017e-16 4.273855e-01 0 0
2312.0967 2324.3670 3.417696e-15 3.715273e-16 3.660617e-01 16 0
2313.4635 2325.7410 4.624063e-15 2.498659e-16 5.017368e-01 16 0
2314.8302 2327.1150 4.384989e-15 2.259300e-16 4.769915e-01 0 0
2316.1969 2328.4890 4.627106e-15 2.648035e-16 5.061520e-01 16 0
2317.5636 2329.8630 4.498904e-15 2.185454e-16 4.936914e-01 0 0
2318.9304 2331.2369 4.336313e-15 2.121744e-16 4.772101e-01 0 0
2320.2971 2332.6109 4.463210e-15 2.189287e-16 4.935141e-01 16 0
2321.6638 2333.9849 4.191448e-15 2.153828e-16 4.643858e-01 0 0
2323.0305 2335.3589 4.674142e-15 2.330105e-16 5.214981e-01 0 0
2324.3973 2336.7328 4.406725e-15 3.517591e-16 4.926360e-01 16 0
2325.7640 2338.1068 4.602155e-15 2.195503e-16 5.170386e-01 0 0
2327.1307 2339.4808 4.526735e-15 2.275978e-16 5.101348e-01 0 0
2328.4974 2340.8548 4.618103e-15 2.509923e-16 5.225714e-01 16 0
2329.8641 2342.2287 4.809209e-15 2.979397e-16 5.466841e-01 16 0
2331.2309 2343.6027 4.632481e-15 2.333582e-16 5.278038e-01 0 0
2332.5976 2344.9767 4.085913e-15 2.147687e-16 4.653166e-01 0 0
2333.9643 2346.3506 4.975242e-15 2.134815e-16 5.717005e-01 0 0
2335.3310 2347.7246 4.779455e-15 2.119450e-16 5.502377e-01 0 0
2336.6977 2349.0986 5.012787e-15 2.262091e-16 5.796522e-01 16 0
2338.0644 2350.4725 4.963793e-15 3.356273e-16 5.754769e-01 16 0
2339.4311 2351.8465 5.476221e-15 2.315101e-16 6.384853e-01 16 0
2340.7979 2353.2205 4.775755e-15 2.105533e-16 5.561064e-01 0 0
2342.1646 2354.5944 5.171233e-15 2.287468e-16 6.051098e-01 0 0
2343.5313 2355.9684 5.854856e-15 2.245170e-16 6.892558e-01 0 0
2344.8980 2357.3424 4.413768e-15 2.079827e-16 5.166062e-01 0 0
2346.2647 2358.7163 4.530647e-15 2.064543e-16 5.319192e-01 0 0
2347.6314 2360.0903 5.073788e-15 2.197855e-16 5.989997e-01 0 0
2348.9981 2361.4642 5.734366e-15 2.413888e-16 6.808716e-01 16 0
2350.3648 2362.8382 5.760618e-15 2.177725e-16 6.855545e-01 0 0
2351.7315 2364.2121 5.128636e-15 2.164481e-16 6.096056e-01 0 0
2353.0982 2365.5861 5.571534e-15 2.152558e-16 6.651474e-01 0 0
2354.4649 2366.9601 5.654754e-15 2.714990e-16 6.767012e-01 16 0
2355.8316 2368.3340 5.988052e-15 2.218784e-16 7.191477e-01 0 0
2357.1983 2369.7080 5.429715e-15 2.402675e-16 6.515337e-01 16 0
2358.5650 2371.0819 6.060778e-15 2.232249e-16 7.308701e-01 0 0
2359.9317 2372.4559 6.155021e-15 2.362502e-16 7.439187e-01 16 0
2361.2984 2373.8298 6.060224e-15 2.242439e-16 7.335290e-01 0 0
2362.6651 2375.2037 5.194030e-15 2.259999e-16 6.271074e-01 0 0
2364.0318 2376.5777 6.145975e-15 2.851036e-16 7.469696e-01 16 0
2365.3985 2377.9516 5.149412e-15 3.380499e-16 6.238388e-01 16 0
2366.7651 2379.3256 6.216312e-15 2.295372e-16 7.585412e-01 0 0
2368.1318 2380.6995 6.183664e-15 2.210382e-16 7.558427e-01 0 0
2369.4985 2382.0734 5.386345e-15 2.107345e-16 6.570323e-01 16 0
2370.8652 2383.4474 4.656768e-15 2.239036e-16 5.667076e-01 16 0
2372.2319 2384.8213 5.170531e-15 2.120417e-16 6.323156e-01 0 0
2373.5985 2386.1952 6.135882e-15 2.198719e-16 7.554356e-01 0 0
2374.9652 2387.5692 6.169968e-15 4.206392e-16 7.611325e-01 16 0
2376.3319 2388.9431 5.271217e-15 2.167453e-16 6.485358e-01 0 0
2377.6986 2390.3170 5.855906e-15 2.190242e-16 7.239369e-01 0 0
2379.0652 2391.6909 5.992025e-15 2.132649e-16 7.425698e-01 0 0
2380.4319 2393.0649 6.405062e-15 2.220694e-16 7.966453e-01 0 0
2381.7986 2394.4388 5.842129e-15 2.174403e-16 7.260203e-01 0 0
2383.1652 2395.8127 5.450419e-15 2.103215e-16 6.771756e-01 0 0
2384.5319 2397.1866 4.963564e-15 2.068003e-16 6.160740e-01 0 0
2385.8986 2398.5605 6.038496e-15 2.132333e-16 7.549750e-01 0 0
2387.2652 2399.9344 6.422060e-15 2.332341e-16 8.056399e-01 16 0
2388.6319 2401.3083 6.489697e-15 2.133721e-16 8.156684e-01 0 0
2389.9985 2402.6823 6.191033e-15 2.210705e-16 7.783116e-01 0 0
2391.3652 2404.0562 5.780352e-15 2.463366e-16 7.264186e-01 16 0
2392.7318 2405.4301 6.118276e-15 2.213630e-16 7.712736e-01 0 0
2394.0985 2406.8040 6.347138e-15 2.276465e-16 8.021719e-01 0 0
2395.4651 2408.1779 6.697919e-15 2.412090e-16 8.490097e-01 16 0
2396.8318 2409.5518 6.468215e-15 2.229343e-16 8.203344e-01 16 0
2398.1984 2410.9256 6.445472e-15 2.149535e-16 8.185488e-01 0 0
2399.5650 2412.2995 6.714162e-15 2.196714e-16 8.548952e-01 0 0
2400.9317 2413.6734 6.160027e-15 2.085362e-16 7.835857e-01 0 0
2402.2983 2415.0473 6.055828e-15 2.271549e-16 7.710878e-01 0 0
2403.6649 2416.4212 6.052503e-15 2.268937e-16 7.717494e-01 0 0
2405.0316 2417.7951 6.496731e-15 2.330477e-16 8.312317e-01 0 0
2406.3982 2419.1689 5.938851e-15 2.294142e-16 7.590323e-01 0 0
2407.7648 2420.5428 5.066028e-15 2.921325e-16 6.454886e-01 0 0
2409.1314 2421.9167 5.995115e-15 2.172103e-16 7.686277e-01 0 0
2410.4981 2423.2906 6.772632e-15 2.189355e-16 8.725082e-01 0 0
2411.8647 2424.6644 6.725141e-15 2.150408e-16 8.674600e-01 0 0
2413.2313 2426.0383 5.747305e-15 2.406186e-16 7.391589e-01 0 0
2414.5979 2427.4122 6.748232e-15 2.254895e-16 8.730218e-01 0 0
2415.9645 2428.7860 6.019991e-15 2.551783e-16 7.774633e-01 0 0
2417.3311 2430.1599 6.213569e-15 2.095130e-16 8.043197e-01 0 0
2418.6977 2431.5337 6.003961e-15 2.185205e-16 7.775537e-01 0 0
2420.0643 2432.9076 6.523718e-15 2.450259e-16 8.480237e-01 16 0
2421.4309 2434.2814 6.249689e-15 2.335330e-16 8.125858e-01 16 0
2422.7975 2435.6553 6.377486e-15 2.149115e-16 8.308386e-01 0 0
2424.1641 2437.0291 6.235625e-15 2.135028e-16 8.129963e-01 0 0
2425.5307 2438.4030 5.768301e-15 2.139563e-16 7.514843e-01 0 0
2426.8972 2439.7768 5.103459e-15 2.803407e-16 6.634598e-01 16 0
2428.2638 2441.1506 5.692667e-15 2.271014e-16 7.433733e-01 0 0
2429.6304 2442.5245 6.393253e-15 2.169174e-16 8.387018e-01 0 0
2430.9970 2443.8983 5.552976e-15 2.086889e-16 7.265798e-01 0 0
2432.3635 2445.2721 6.048311e-15 2.250664e-16 7.943199e-01 16 0
2433.7301 2446.6459 6.304506e-15 2.528370e-16 8.299869e-01 16 0
2435.0967 2448.0197 6.968292e-15 2.189915e-16 9.210287e-01 0 0
2436.4632 2449.3936 6.428370e-15 2.088672e-16 8.488389e-01 0 0
2437.8298 2450.7674 5.570318e-15 1.987191e-16 7.335268e-01 0 0
2439.1964 2452.1412 5.964835e-15 2.061341e-16 7.880187e-01 0 0
2440.5629 2453.5150 6.044966e-15 2.444244e-16 7.999053e-01 16 0
2441.9295 2454.8888 6.141994e-15 2.125937e-16 8.141250e-01 0 0
2443.2960 2456.2626 6.163579e-15 2.048711e-16 8.180931e-01 1024 0
2444.6625 2457.6364 6.578136e-15 2.094931e-16 8.757811e-01 1024 0
2446.0291 2459.0102 5.704788e-15 2.041532e-16 7.573833e-01 1024 0
2447.3956 2460.3839 4.640489e-15 2.877548e-16 6.131651e-01 1024 0
2448.7621 2461.7577 6.244477e-15 2.141728e-16 8.330604e-01 1024 0
2450.1287 2463.1315 5.935637e-15 2.143850e-16 7.916640e-01 1024 0
2451.4952 2464.5053 5.255831e-15 2.287783e-16 6.993742e-01 1040 0
2452.8617 2465.8790 5.576972e-15 2.074485e-16 7.441969e-01 1024 0
2454.2282 2467.2528 5.958189e-15 2.114646e-16 7.974467e-01 1024 0
2455.5947 2468.6266 6.112107e-15 2.023830e-16 8.195622e-01 1024 0
2456.9612 2470.0003 5.962957e-15 2.312258e-16 7.998885e-01 1040 0
2458.3277 2471.3741 6.073101e-15 2.478665e-16 8.159816e-01 1040 0
2459.6943 2472.7478 5.814109e-15 2.068196e-16 7.810615e-01 1024 0
2461.0607 2474.1216 6.140674e-15 2.053480e-16 8.270831e-01 1024 0
2462.4272 2475.4953 6.025855e-15 2.015668e-16 8.120692e-01 1024 0
2463.7937 2476.8691 5.932174e-15 2.029260e-16 7.999792e-01 16 0
2465.1602 2478.2428 5.251266e-15 2.427502e-16 7.065371e-01 16 0
2466.5267 2479.6166 5.934393e-15 2.026840e-16 8.021318e-01 0 0
2467.8932 2480.9903 6.014555e-15 1.982349e-16 8.141645e-01 0 0
2469.2596 2482.3640 5.774387e-15 2.003437e-16 7.816203e-01 0 0
2470.6261 2483.7377 6.163777e-15 2.080875e-16 8.367795e-01 0 0
2471.9926 2485.1114 5.721783e-15 2.016924e-16 7.760195e-01 0 0
2473.3590 2486.4852 5.551487e-15 2.242992e-16 7.531135e-01 0 0
2474.7255 2487.8589 5.973244e-15 2.780692e-16 8.128689e-01 16 0
2476.0920 2489.2326 5.968543e-15 2.640334e-16 8.130941e-01 16 0
2477.4584 2490.6063 5.855387e-15 3.009997e-16 7.980956e-01 16 0
2478.8248 2491.9800 6.294680e-15 2.051595e-16 8.606038e-01 0 0
2480.1913 2493.3537 6.183916e-15 2.056045e-16 8.459110e-01 0 0
2481.5577 2494.7273 6.582792e-15 2.096773e-16 9.029361e-01 0 0
2482.9242 2496.1010 6.270263e-15 2.188230e-16 8.597643e-01 16 0
2484.2906 2497.4747 6.005530e-15 2.202191e-16 8.232669e-01 0 0
2485.6570 2498.8484 5.453761e-15 2.186161e-16 7.462982e-01 0 0
2487.0234 2500.2221 5.394651e-15 2.052771e-16 7.386364e-01 0 0
2488.3898 2501.5957 5.644001e-15 1.986872e-16 7.744307e-01 0 0
2489.7562 2502.9694 6.193445e-15 2.074015e-16 8.527147e-01 0 0
2491.1226 2504.3430 6.090062e-15 2.082309e-16 8.387611e-01 0 0
2492.4890 2505.7167 5.543850e-15 2.821716e-16 7.621086e-01 16 0
2493.8554 2507.0903 6.291746e-15 2.056212e-16 8.686292e-01 0 0
2495.2218 2508.4640 5.973243e-15 2.111240e-16 8.240660e-01 16 0
2496.5882 2509.8376 5.670719e-15 1.957622e-16 7.817581e-01 0 0
2497.9546 2511.2112 5.643245e-15 2.100976e-16 7.784044e-01 0 0
2499.3210 2512.5849 5.324299e-15 2.150467e-16 7.337147e-01 0 0
2500.6874 2513.9585 6.433699e-15 2.048679e-16 8.919012e-01 0 0
2502.0537 2515.3321 6.244892e-15 2.911079e-16 8.656148e-01 16 0
2503.4201 2516.7057 5.833310e-15 1.925823e-16 8.075981e-01 0 0
2504.7864 2518.0793 5.567219e-15 2.069068e-16 7.702843e-01 0 0
2506.1528 2519.4529 5.513947e-15 1.948178e-16 7.632468e-01 0 0
2507.5191 2520.8265 6.036223e-15 1.966946e-16 8.382527e-01 0 0
2508.8855 2522.2001 5.916647e-15 2.028649e-16 8.217935e-01 0 0
2510.2518 2523.5737 6.053534e-15 1.966566e-16 8.419681e-01 0 0
2511.6182 2524.9473 6.003448e-15 1.999599e-16 8.354475e-01 0 0
2512.9845 2526.3209 6.065842e-15 2.024263e-16 8.450350e-01 0 0
2514.3508 2527.6945 5.622263e-15 1.969966e-16 7.822115e-01 0 0
2515.7171 2529.0680 6.135048e-15 2.138699e-16 8.563431e-01 16 0
2517.0834 2530.4416 6.620541e-15 2.001113e-16 9.268076e-01 0 0
2518.4497 2531.8152 5.950568e-15 2.044840e-16 8.312974e-01 0 0
2519.8160 2533.1887 6.021228e-15 2.122690e-16 8.421626e-01 16 0
2521.1823 2534.5623 6.370665e-15 1.965181e-16 8.932100e-01 0 0
2522.5486 2535.9358 6.372765e-15 1.983817e-16 8.942865e-01 0 0
2523.9149 2537.3093 6.420493e-15 2.086110e-16 9.019720e-01 0 0
2525.2812 2538.6829 6.693739e-15 4.541729e-16 9.422401e-01 16 0
2526.6475 2540.0564 6.153802e-15 1.971353e-16 8.650199e-01 0 0
2528.0137 2541.4299 5.994502e-15 2.007406e-16 8.427470e-01 0 0
2529.3800 2542.8034 6.543581e-15 1.976315e-16 9.229755e-01 0 0
2530.7463 2544.1769 6.749514e-15 2.180394e-16 9.536446e-01 16 0
2532.1125 2545.5504 5.509467e-15 2.790528e-16 7.747710e-01 0 0
2533.4788 2546.9239 6.800785e-15 2.334501e-16 9.627486e-01 0 0
2534.8450 2548.2974 6.952867e-15 2.748442e-16 9.857107e-01 16 0
2536.2112 2549.6709 6.186525e-15 2.960554e-16 8.750281e-01 0 0
2537.5775 2551.0444 7.655242e-15 3.812270e-16 1.089851e+00 16 0
2538.9437 2552.4179 7.558453e-15 2.138757e-16 1.076553e+00 0 0
2540.3099 2553.7913 7.581010e-15 2.084649e-16 1.080688e+00 0 0
2541.6761 2555.1648 8.122574e-15 2.100926e-16 1.160842e+00 0 0
2543.0423 2556.5383 7.834733e-15 2.068894e-16 1.119504e+00 0 0
2544.4085 2557.9117 7.861747e-15 2.103690e-16 1.124304e+00 0 0
2545.7747 2559.2852 8.383681e-15 2.210984e-16 1.201809e+00 0 0
2547.1409 2560.6586 7.944033e-15 2.292909e-16 1.138039e+00 16 0
2548.5071 2562.0321 7.621813e-15 2.322054e-16 1.091485e+00 16 0
2549.8733 2563.4055 8.159081e-15 2.205696e-16 1.171315e+00 16 0
2551.2395 2564.7789 8.123190e-15 2.147157e-16 1.166843e+00 0 0
2552.6056 2566.1523 8.250113e-15 2.145437e-16 1.186358e+00 0 0
2553.9718 2567.5257 7.755270e-15 2.123026e-16 1.114178e+00 0 0
2555.3380 2568.8991 9.544258e-15 2.343375e-16 1.379303e+00 16 0
2556.7041 2570.2725 9.200723e-15 2.273943e-16 1.329330e+00 0 0
2558.0703 2571.6459 8.809919e-15 2.331981e-16 1.272303e+00 0 0
2559.4364 2573.0193 8.322807e-15 2.435710e-16 1.200993e+00 0 0
2560.8025 2574.3927 9.598475e-15 2.414455e-16 1.390855e+00 0 0
2562.1686 2575.7661 8.930853e-15 2.490785e-16 1.292614e+00 16 0
2563.5348 2577.1394 8.648330e-15 2.430572e-16 1.251444e+00 1040 0
2564.9009 2578.5128 8.934182e-15 2.394652e-16 1.294616e+00 1024 0
2566.2670 2579.8862 9.672561e-15 2.283187e-16 1.405171e+00 1024 0
2567.6331 2581.2595 9.470674e-15 2.203215e-16 1.375936e+00 1024 0
2568.9992 2582.6329 9.530062e-15 2.240739e-16 1.385595e+00 1024 0
2570.3653 2584.0062 1.006143e-14 2.317887e-16 1.465636e+00 1024 0
2571.7313 2585.3795 9.906667e-15 2.466140e-16 1.443421e+00 1040 0
2573.0974 2586.7528 9.489056e-15 2.388228e-16 1.381962e+00 1040 0
2574.4635 2588.1262 8.959433e-15 2.204629e-16 1.303823e+00 1024 0
2575.8295 2589.4995 9.737242e-15 2.683383e-16 1.420827e+00 1024 0
2577.1956 2590.8728 9.590423e-15 2.557436e-16 1.399839e+00 1024 0
2578.5616 2592.2461 9.408126e-15 2.276314e-16 1.373535e+00 0 0
2579.9277 2593.6194 8.918725e-15 2.605654e-16 1.301321e+00 0 0
2581.2937 2594.9926 1.044196e-14 2.393928e-16 1.530558e+00 16 0
2582.6598 2596.3659 9.822674e-15 2.270526e-16 1.438819e+00 0 0
2584.0258 2597.7392 1.015956e-14 2.299824e-16 1.490590e+00 0 0
2585.3918 2599.1125 9.573426e-15 2.257541e-16 1.403759e+00 0 0
2586.7578 2600.4857 7.347407e-15 2.249071e-16 1.071114e+00 0 0
2588.1238 2601.8590 6.795987e-15 2.333418e-16 9.895548e-01 16 0
2589.4898 2603.2322 8.569462e-15 2.204326e-16 1.256503e+00 0 0
2590.8558 2604.6054 9.922436e-15 2.273809e-16 1.461571e+00 0 0
2592.2218 2605.9787 9.147779e-15 2.261117e-16 1.346186e+00 16 0
2593.5877 2607.3519 9.003283e-15 3.295009e-16 1.325700e+00 16 0
2594.9537 2608.7251 9.703289e-15 2.246094e-16 1.432841e+00 0 0
2596.3197 2610.0983 9.152142e-15 2.211345e-16 1.350900e+00 0 0
2597.6856 2611.4715 9.196305e-15 2.201591e-16 1.358972e+00 0 0
2599.0516 2612.8447 9.617933e-15 2.230510e-16 1.424224e+00 0 0
2600.4175 2614.2179 9.027769e-15 2.156472e-16 1.336076e+00 0 0
2601.7834 2615.5911 7.173441e-15 2.305561e-16 1.056467e+00 16 0
2603.1493 2616.9643 9.113266e-15 2.270846e-16 1.351666e+00 0 0
2604.5153 2618.3374 9.516379e-15 2.258137e-16 1.414170e+00 0 0
2605.8812 2619.7106 9.767951e-15 2.203425e-16 1.453696e+00 0 0
2607.2471 2621.0837 8.955346e-15 2.157955e-16 1.331056e+00 0 0
2608.6130 2622.4569 8.767569e-15 2.717525e-16 1.303509e+00 16 0
2609.9789 2623.8300 8.423618e-15 2.303169e-16 1.252043e+00 0 0
2611.3447 2625.2031 8.605791e-15 2.348214e-16 1.280707e+00 0 0
2612.7106 2626.5763 8.903147e-15 2.404046e-16 1.326911e+00 16 0
2614.0765 2627.9494 9.094362e-15 2.218320e-16 1.356934e+00 0 0
2615.4423 2629.3225 8.472644e-15 2.396955e-16 1.262610e+00 16 0
2616.8082 2630.6956 8.436241e-15 2.364414e-16 1.257691e+00 16 0
2618.1740 2632.0687 8.331296e-15 2.297357e-16 1.242258e+00 0 0
2619.5399 2633.4418 8.830548e-15 2.157950e-16 1.319245e+00 0 0
2620.9057 2634.8148 7.537225e-15 2.551119e-16 1.121976e+00 0 0
2622.2715 2636.1879 8.245535e-15 2.365305e-16 1.230741e+00 0 0
2623.6373 2637.5610 8.113638e-15 2.116243e-16 1.210991e+00 0 0
2625.0031 2638.9340 7.853384e-15 2.317600e-16 1.171586e+00 0 0
2626.3689 2640.3071 7.382477e-15 2.595672e-16 1.099922e+00 0 0
2627.7347 2641.6801 6.723238e-15 2.802709e-16 9.995483e-01 0 0
2629.1005 2643.0531 7.640946e-15 2.094645e-16 1.140259e+00 0 0
2630.4663 2644.4262 7.797308e-15 2.069036e-16 1.164652e+00 0 0
2631.8320 2645.7992 7.420981e-15 2.252436e-16 1.107434e+00 0 0
2633.1978 2647.1722 7.589000e-15 2.290377e-16 1.133592e+00 16 0
2634.5636 2648.5452 7.306669e-15 2.311234e-16 1.090827e+00 16 0
2635.9293 2649.9182 7.822161e-15 2.121468e-16 1.170381e+00 16 0
2637.2950 2651.2912 7.966861e-15 2.054095e-16 1.193087e+00 0 0
2638.6608 2652.6641 6.168760e-15 2.385475e-16 9.179711e-01 0 0
2640.0265 2654.0371 6.487300e-15 2.378382e-16 9.671447e-01 0 0
2641.3922 2655.4101 6.544112e-15 2.260392e-16 9.763212e-01 0 0
2642.7579 2656.7830 7.498495e-15 2.176861e-16 1.123343e+00 0 0
2644.1236 2658.1559 6.837593e-15 2.072658e-16 1.022426e+00 256 0
2645.4893 2659.5289 6.841712e-15 1.971159e-16 1.023674e+00 0 0
2646.8549 2660.9018 6.977345e-15 1.921176e-16 1.045158e+00 0 0
2648.2206 2662.2747 6.809050e-15 1.956493e-16 1.019958e+00 0 0
2649.5863 2663.6476 6.964682e-15 2.012081e-16 1.044595e+00 0 0
2650.9519 2665.0205 6.307898e-15 1.981246e-16 9.442470e-01 0 0
2652.3176 2666.3934 6.981079e-15 2.039760e-16 1.048598e+00 0 0
2653.6832 2667.7663 6.373286e-15 1.936315e-16 9.556829e-01 0 0
2655.0488 2669.1392 6.445667e-15 2.898639e-16 9.675366e-01 16 0
2656.4145 2670.5121 6.699521e-15 1.976156e-16 1.007452e+00 0 0
2657.7801 2671.8849 6.932830e-15 1.986167e-16 1.044257e+00 0 0
2659.1457 2673.2578 6.997389e-15 1.990024e-16 1.055051e+00 0 0
2660.5113 2674.6306 7.052723e-15 1.962380e-16 1.064388e+00 0 0
2661.8769 2676.0034 7.000285e-15 2.203116e-16 1.057076e+00 0 0
2663.2424 2677.3763 6.198375e-15 2.769619e-16 9.336095e-01 16 0
2664.6080 2678.7491 6.045341e-15 2.287630e-16 9.106176e-01 0 0
2665.9736 2680.1219 6.809682e-15 2.202767e-16 1.029795e+00 0 0
2667.3391 2681.4947 7.355721e-15 1.989627e-16 1.115456e+00 0 0
2668.7047 2682.8675 6.775226e-15 2.084513e-16 1.025969e+00 16 0
2670.0702 2684.2403 6.792458e-15 2.114849e-16 1.029429e+00 0 0
2671.4357 2685.6130 7.546372e-15 1.975329e-16 1.147728e+00 0 0
2672.8012 2686.9858 6.269153e-15 2.768817e-16 9.495588e-01 0 0
2674.1668 2688.3586 6.948720e-15 4.230509e-16 1.056250e+00 16 0
2675.5322 2689.7313 6.731046e-15 2.075565e-16 1.023150e+00 0 0
2676.8977 2691.1040 6.877431e-15 2.163261e-16 1.046900e+00 16 0
2678.2632 2692.4768 7.325644e-15 1.947941e-16 1.117968e+00 0 0
2679.6287 2693.8495 7.220422e-15 1.951003e-16 1.102511e+00 0 0
2680.9942 2695.2222 7.173678e-15 2.176699e-16 1.096244e+00 16 0
2682.3596 2696.5949 7.364639e-15 1.958669e-16 1.127321e+00 16 0
2683.7251 2697.9676 7.104803e-15 1.934811e-16 1.087669e+00 0 0
2685.0905 2699.3403 6.914548e-15 2.925653e-16 1.058929e+00 16 0
2686.4559 2700.7129 6.429395e-15 2.634034e-16 9.838597e-01 16 0
2687.8213 2702.0856 5.700622e-15 2.487275e-16 8.705029e-01 16 0
2689.1867 2703.4583 6.592739e-15 2.222349e-16 1.011991e+00 16 0
2690.5521 2704.8309 6.433592e-15 1.975968e-16 9.881632e-01 0 0
2691.9175 2706.2035 6.959157e-15 1.947281e-16 1.072550e+00 0 0
2693.2829 2707.5762 6.858148e-15 2.049815e-16 1.057981e+00 16 0
2694.6483 2708.9488 6.845436e-15 2.087953e-16 1.057421e+00 16 0
2696.0137 2710.3214 6.605709e-15 1.962327e-16 1.020825e+00 0 0
2697.3790 2711.6940 5.798334e-15 2.370147e-16 8.941427e-01 0 0
2698.7444 2713.0666 6.486503e-15 2.348765e-16 1.004713e+00 16 0
2700.1097 2714.4392 7.311759e-15 2.076580e-16 1.137742e+00 0 0
2701.4750 2715.8117 7.215216e-15 2.331660e-16 1.123949e+00 16 0
2702.8403 2717.1843 7.290560e-15 2.155687e-16 1.137616e+00 16 0
2704.2056 2718.5569 7.029007e-15 1.922856e-16 1.097337e+00 0 0
2705.5709 2719.9294 7.249615e-15 2.046075e-16 1.134298e+00 0 0
2706.9362 2721.3019 7.058044e-15 2.111175e-16 1.105131e+00 0 0
2708.3015 2722.6745 7.345247e-15 1.956920e-16 1.152907e+00 0 0
2709.6668 2724.0470 6.801581e-15 2.390128e-16 1.066933e+00 0 0
2711.0320 2725.4195 8.151595e-15 2.003874e-16 1.286429e+00 0 0
2712.3973 2726.7920 8.113547e-15 2.026758e-16 1.282027e+00 0 0
2713.7625 2728.1645 8.285998e-15 2.289554e-16 1.311738e+00 16 0
2715.1277 2729.5369 8.348891e-15 2.139045e-16 1.323726e+00 16 0
2716.4930 2730.9094 7.663706e-15 2.013041e-16 1.214113e+00 0 0
2717.8582 2732.2818 7.524488e-15 2.225945e-16 1.193105e+00 16 0
2719.2234 2733.6543 7.478443e-15 2.476138e-16 1.187221e+00 0 0
2720.5886 2735.0267 7.402021e-15 2.567029e-16 1.176377e+00 16 0
2721.9537 2736.3991 8.353123e-15 2.370317e-16 1.333404e+00 16 0
2723.3189 2737.7716 8.930550e-15 1.990011e-16 1.429884e+00 0 0
2724.6841 2739.1440 7.819642e-15 2.013316e-16 1.249668e+00 0 0
2726.0492 2740.5164 8.797438e-15 2.006973e-16 1.412057e+00 0 0
2727.4144 2741.8887 9.432849e-15 2.236471e-16 1.518789e+00 16 0
2728.7795 2743.2611 7.713528e-15 2.954406e-16 1.237702e+00 0 0
2730.1446 2744.6335 8.149294e-15 2.282691e-16 1.311423e+00 0 0
2731.5097 2746.0058 9.114131e-15 2.025533e-16 1.472998e+00 0 0
2732.8748 2747.3782 8.829831e-15 3.144418e-16 1.428252e+00 0 0
2734.2399 2748.7505 8.129926e-15 3.202010e-16 1.314547e+00 16 0
2735.6050 2750.1228 9.203385e-15 2.330787e-16 1.495150e+00 0 0
2736.9701 2751.4952 9.410568e-15 3.176506e-16 1.532197e+00 16 0
2738.3351 2752.8675 9.816852e-15 2.587358e-16 1.602731e+00 16 0
2739.7002 2754.2398 8.953087e-15 2.527304e-16 1.461135e+00 0 0
2741.0652 2755.6120 8.986971e-15 3.164412e-16 1.469500e+00 0 0
2742.4302 2756.9843 1.010366e-14 2.135803e-16 1.659737e+00 0 0
2743.7952 2758.3566 9.476301e-15 2.451190e-16 1.557371e+00 16 0
2745.1603 2759.7288 9.053906e-15 3.199575e-16 1.489254e+00 16 0
2746.5252 2761.1011 1.017675e-14 2.825136e-16 1.681907e+00 16 0
2747.8902 2762.4733 8.302976e-15 4.475278e-16 1.368398e+00 16 0
2749.2552 2763.8455 9.230146e-15 3.304195e-16 1.528270e+00 0 0
2750.6202 2765.2177 9.386153e-15 3.203315e-16 1.557971e+00 0 0
2751.9851 2766.5899 9.350053e-15 2.372208e-16 1.555162e+00 16 0
2753.3501 2767.9621 9.987736e-15 2.391955e-16 1.667341e+00 0 0
2754.7150 2769.3343 9.039736e-15 3.226458e-16 1.508881e+00 0 0
2756.0799 2770.7064 9.252823e-15 4.208757e-16 1.548693e+00 16 0
2757.4448 2772.0786 9.604169e-15 3.273355e-16 1.612478e+00 0 0
2758.8097 2773.4507 1.039242e-14 2.359465e-16 1.751855e+00 0 0
2760.1746 2774.8229 1.022670e-14 2.704567e-16 1.727170e+00 0 0
2761.5395 2776.1950 9.828406e-15 2.707903e-16 1.662128e+00 16 0
2762.9044 2777.5671 1.081247e-14 2.419155e-16 1.836621e+00 16 0
2764.2692 2778.9392 1.020179e-14 2.612657e-16 1.734533e+00 0 0
2765.6341 2780.3113 1.011490e-14 2.599245e-16 1.723300e+00 0 0
2766.9989 2781.6834 1.029982e-14 2.660180e-16 1.759477e+00 0 0
2768.3637 2783.0554 1.062130e-14 2.662940e-16 1.819742e+00 0 0
2769.7285 2784.4275 9.975803e-15 2.630049e-16 1.710586e+00 0 0
2771.0933 2785.7995 1.018174e-14 2.762219e-16 1.750557e+00 16 0
2772.4581 2787.1716 1.027752e-14 2.602709e-16 1.771290e+00 0 0
2773.8229 2788.5436 1.001907e-14 3.225883e-16 1.729553e+00 0 0
2775.1877 2789.9156 1.074884e-14 2.965544e-16 1.862528e+00 16 0
2776.5524 2791.2876 1.117293e-14 2.697899e-16 1.941899e+00 0 0
2777.9172 2792.6596 1.039048e-14 3.395860e-16 1.806959e+00 16 0
2779.2819 2794.0316 1.030926e-14 3.322283e-16 1.796342e+00 0 0
2780.6466 2795.4035 9.887334e-15 3.297528e-16 1.724856e+00 16 0
2782.0114 2796.7755 9.332963e-15 2.227351e-16 1.629365e+00 16 0
2783.3761 2798.1474 9.626956e-15 2.499778e-16 1.685353e+00 0 0
2784.7407 2799.5194 9.827470e-15 3.157469e-16 1.724803e+00 0 0
2786.1054 2800.8913 1.038941e-14 3.500376e-16 1.829405e+00 16 0
2787.4701 2802.2632 1.058231e-14 2.707683e-16 1.867794e+00 16 0
2788.8347 2803.6351 9.992937e-15 2.371145e-16 1.764957e+00 16 0
2790.1994 2805.0070 9.280112e-15 2.166257e-16 1.639490e+00 0 0
2791.5640 2806.3789 1.009655e-14 2.776407e-16 1.790599e+00 16 0
2792.9286 2807.7507 1.140830e-14 2.746640e-16 2.032456e+00 0 0
2794.2933 2809.1226 1.047966e-14 3.832651e-16 1.867055e+00 16 0
2795.6578 2810.4944 1.003329e-14 3.161910e-16 1.789131e+00 0 0
2797.0224 2811.8662 8.265181e-15 2.930011e-16 1.469952e+00 0 0
2798.3870 2813.2380 8.843299e-15 1.989217e-16 1.578192e+00 16 0
2799.7516 2814.6099 9.463208e-15 3.026317e-16 1.694560e+00 0 0
2801.1161 2815.9816 1.044477e-14 3.381869e-16 1.877794e+00 16 0
2802.4807 2817.3534 9.736673e-15 3.103704e-16 1.750839e+00 16 0
2803.8452 2818.7252 9.228910e-15 2.992919e-16 1.660422e+00 0 0
2805.2097 2820.0969 8.346697e-15 1.970786e-16 1.500799e+00 0 0
2806.5742 2821.4687 9.709615e-15 2.574918e-16 1.755121e+00 16 0
2807.9387 2822.8404 9.689712e-15 3.076825e-16 1.754550e+00 0 0
2809.3032 2824.2121 1.070119e-14 3.202973e-16 1.945294e+00 0 0
2810.6676 2825.5839 9.963636e-15 3.682024e-16 1.811481e+00 0 0
2812.0321 2826.9556 1.077757e-14 3.179198e-16 1.966279e+00 0 0
2813.3965 2828.3272 1.061517e-14 2.622101e-16 1.939393e+00 16 0
2814.7610 2829.6989 8.854231e-15 3.068717e-16 1.613829e+00 0 0
2816.1254 2831.0706 1.039540e-14 2.567765e-16 1.904825e+00 0 0
2817.4898 2832.4422 9.896703e-15 3.074157e-16 1.814654e+00 16 0
2818.8542 2833.8139 1.008658e-14 3.035448e-16 1.853491e+00 0 0
2820.2186 2835.1855 1.033046e-14 3.172261e-16 1.902667e+00 0 0
2821.5829 2836.5571 9.814567e-15 2.995500e-16 1.808812e+00 0 0
2822.9473 2837.9287 1.027813e-14 3.105365e-16 1.899691e+00 0 0
2824.3116 2839.3003 1.089027e-14 2.577671e-16 2.019080e+00 0 0
2825.6760 2840.6718 1.038597e-14 2.508529e-16 1.927252e+00 16 0
2827.0403 2842.0434 1.116493e-14 2.579607e-16 2.078941e+00 0 0
2828.4046 2843.4150 1.084699e-14 2.555193e-16 2.022421e+00 0 0
2829.7689 2844.7865 9.263816e-15 2.962839e-16 1.724612e+00 0 0
2831.1332 2846.1580 9.758404e-15 3.019084e-16 1.822453e+00 0 0
2832.4975 2847.5295 1.022525e-14 2.349213e-16 1.915467e+00 16 0
2833.8617 2848.9010 9.662473e-15 2.984913e-16 1.811534e+00 0 0
2835.2260 2850.2725 9.552710e-15 2.926171e-16 1.794268e+00 0 0
2836.5902 2851.6440 1.030212e-14 2.499113e-16 1.942527e+00 0 0
2837.9544 2853.0154 9.957746e-15 2.192674e-16 1.880417e+00 0 0
2839.3186 2854.3869 9.256052e-15 2.922976e-16 1.749064e+00 0 0
2840.6828 2855.7583 6.199371e-15 3.032965e-16 1.162880e+00 16 0
2842.0470 2857.1298 9.326218e-15 3.246782e-16 1.770914e+00 16 0
2843.4112 2858.5012 9.739173e-15 3.081975e-16 1.855588e+00 0 0
2844.7753 2859.8726 9.350556e-15 2.979621e-16 1.784281e+00 0 0
2846.1395 2861.2439 9.272935e-15 2.870455e-16 1.773556e+00 0 0
2847.5036 2862.6153 1.054552e-14 2.472199e-16 2.027614e+00 0 0
2848.8677 2863.9867 1.109081e-14 2.241100e-16 2.140118e+00 0 0
2850.2318 2865.3580 1.059730e-14 2.260276e-16 2.048105e+00 0 0
2851.5959 2866.7294 1.036795e-14 2.307884e-16 2.008042e+00 16 0
2852.9600 2868.1007 1.016322e-14 2.468180e-16 1.972562e+00 0 0
2854.3241 2869.4720 8.983407e-15 2.220145e-16 1.743406e+00 16 0
2855.6881 2870.8433 9.202352e-15 2.304638e-16 1.791556e+00 0 0
2857.0522 2872.2146 1.028499e-14 2.419198e-16 2.012596e+00 0 0
2858.4162 2873.5858 1.071075e-14 2.478948e-16 2.103257e+00 0 0
2859.7802 2874.9571 1.032965e-14 2.425574e-16 2.032344e+00 16 0
2861.1442 2876.3283 9.690228e-15 2.465144e-16 1.909078e+00 0 0
2862.5082 2877.6995 9.938652e-15 2.963465e-16 1.964507e+00 0 0
2863.8722 2879.0708 9.712231e-15 3.123869e-16 1.924123e+00 16 0
2865.2362 2880.4420 1.089662e-13 8.977180e-16 2.233709e+01 16 0
2866.6001 2881.8131 1.027899e-14 2.380866e-16 2.050339e+00 0 0
2867.9640 2883.1843 1.071102e-14 3.057615e-16 2.144403e+00 272 0
2869.3280 2884.5555 1.050829e-14 3.009362e-16 2.108870e+00 0 0
2870.6919 2885.9266 9.666171e-15 2.918952e-16 1.941908e+00 0 0
2872.0558 2887.2978 1.060177e-14 2.614235e-16 2.140279e+00 16 0
2873.4196 2888.6689 1.075600e-14 2.388426e-16 2.178436e+00 0 0
2874.7835 2890.0400 1.130010e-14 2.186138e-16 2.297648e+00 0 0
2876.1474 2891.4111 1.135354e-14 2.522467e-16 2.315515e+00 16 0
2877.5112 2892.7822 1.085899e-14 3.012507e-16 2.219240e+00 16 0
2878.8750 2894.1532 1.077780e-14 2.972318e-16 2.208899e+00 0 0
2880.2389 2895.5243 1.083488e-14 3.029954e-16 2.227701e+00 0 0
2881.6027 2896.8953 1.071555e-14 2.922923e-16 2.209473e+00 0 0
2882.9664 2898.2663 1.085209e-14 2.387343e-16 2.245250e+00 0 0
2884.3302 2899.6374 1.135547e-14 2.433340e-16 2.358939e+00 0 0
2885.6940 2901.0084 1.056104e-14 2.867343e-16 2.197653e+00 0 0
2887.0577 2902.3793 1.089466e-14 2.972504e-16 2.275745e+00 0 0
2888.4215 2903.7503 1.083796e-14 2.463946e-16 2.271055e+00 0 0
2889.7852 2905.1213 1.114186e-14 2.373108e-16 2.343673e+00 0 0
2891.1489 2906.4922 1.048714e-14 2.951810e-16 2.210539e+00 0 0
2892.5126 2907.8631 1.074122e-14 3.091487e-16 2.272714e+00 16 0
2893.8763 2909.2341 1.211406e-14 2.520592e-16 2.577906e+00 0 0
2895.2399 2910.6050 1.134654e-14 2.433312e-16 2.419535e+00 0 0
2896.6036 2911.9758 1.169945e-14 2.420259e-16 2.504705e+00 0 0
2897.9672 2913.3467 1.096008e-14 2.378569e-16 2.351257e+00 0 0
2899.3308 2914.7176 1.095743e-14 2.335352e-16 2.358618e+00 0 0
2900.6944 2916.0884 1.139428e-14 2.458084e-16 2.462802e+00 0 0
2902.0580 2917.4592 1.125745e-14 2.481610e-16 2.440829e+00 16 0
2903.4216 2918.8301 1.132317e-14 2.581641e-16 2.463546e+00 0 0
2904.7852 2920.2009 1.063038e-14 2.845748e-16 2.317622e+00 16 0
2906.1487 2921.5717 1.110260e-14 2.899232e-16 2.430658e+00 16 0
2907.5123 2922.9424 1.129205e-14 3.095764e-16 2.481092e+00 16 0
2908.8758 2924.3132 1.187291e-14 2.391439e-16 2.619667e+00 0 0
2910.2393 2925.6839 1.130650e-14 3.003018e-16 2.500372e+00 0 0
2911.6028 2927.0547 1.141864e-14 3.040416e-16 2.533596e+00 0 0
2912.9663 2928.4254 1.155673e-14 2.535142e-16 2.572942e+00 16 0
2914.3297 2929.7961 1.128117e-14 2.861146e-16 2.518147e+00 0 0
2915.6932 2931.1668 1.157365e-14 2.440631e-16 2.592662e+00 0 0
2917.0566 2932.5374 1.169606e-14 3.444474e-16 2.628468e+00 16 0
2918.4200 2933.9081 1.216318e-14 2.487261e-16 2.743669e+00 16 0
2919.7834 2935.2787 1.244879e-14 3.039595e-16 2.817594e+00 16 0
2921.1468 2936.6494 1.157687e-14 2.432874e-16 2.624475e+00 0 0
2922.5102 2938.0200 1.187310e-14 2.407417e-16 2.700892e+00 0 0
2923.8736 2939.3906 1.048496e-14 3.031534e-16 2.386272e+00 0 0
2925.2369 2940.7612 1.123417e-14 3.111881e-16 2.567667e+00 0 0
2926.6003 2942.1317 1.032959e-14 3.076019e-16 2.363940e+00 0 0
2927.9636 2943.5023 1.154941e-14 3.002663e-16 2.656640e+00 0 0
2929.3269 2944.8728 1.048217e-14 3.416380e-16 2.413441e+00 0 0
2930.6902 2946.2434 1.115814e-14 3.520422e-16 2.579573e+00 16 0
2932.0535 2947.6139 1.206062e-14 2.881399e-16 2.800459e+00 0 0
2933.4167 2948.9844 1.181723e-14 2.703381e-16 2.750925e+00 0 0
2934.7800 2950.3548 1.176482e-14 2.549625e-16 2.746432e+00 0 0
2936.1432 2951.7253 1.177065e-14 3.051682e-16 2.755706e+00 16 0
2937.5064 2953.0958 1.134275e-14 2.853120e-16 2.661246e+00 0 0
2938.8696 2954.4662 1.298392e-14 2.236468e-16 3.062654e+00 16 0
2940.2328 2955.8366 1.153876e-14 2.398200e-16 2.723690e+00 0 0
2941.5960 2957.2070 1.191443e-14 2.665013e-16 2.822148e+00 0 0
2942.9591 2958.5774 1.202498e-14 2.504392e-16 2.856908e+00 0 0
2944.3223 2959.9478 1.126045e-14 2.394904e-16 2.679541e+00 0 0
2945.6854 2961.3181 1.245879e-14 2.323424e-16 2.978514e+00 0 0
2947.0485 2962.6885 1.083853e-14 3.326957e-16 2.591566e+00 0 0
2948.4116 2964.0588 1.152799e-14 2.968246e-16 2.767076e+00 0 0
2949.7747 2965.4291 1.243548e-14 2.327181e-16 2.997079e+00 0 0
2951.1377 2966.7994 1.203939e-14 2.371553e-16 2.907407e+00 16 0
2952.5008 2968.1697 1.106531e-14 2.927451e-16 2.674853e+00 16 0
2953.8638 2969.5400 1.170941e-14 2.980969e-16 2.840697e+00 0 0
2955.2269 2970.9102 1.177215e-14 2.617909e-16 2.863349e+00 0 0
2956.5899 2972.2805 1.110050e-14 2.979411e-16 2.703583e+00 0 0
2957.9528 2973.6507 1.101909e-14 2.501236e-16 2.689824e+00 0 0
2959.3158 2975.0209 1.109160e-14 3.055062e-16 2.714038e+00 16 0
2960.6788 2976.3911 1.076673e-14 2.921974e-16 2.638958e+00 0 0
2962.0417 2977.7613 1.094252e-14 3.334994e-16 2.688704e+00 0 0
2963.4046 2979.1314 1.156615e-14 2.818083e-16 2.850909e+00 16 0
2964.7676 2980.5016 1.180961e-14 2.413921e-16 2.917916e+00 0 0
2966.1305 2981.8717 1.171875e-14 2.268107e-16 2.900762e+00 0 0
2967.4933 2983.2418 1.044186e-14 2.986791e-16 2.584205e+00 16 0
2968.8562 2984.6119 1.212004e-14 2.880319e-16 3.013668e+00 16 0
2970.2191 2985.9820 1.164873e-14 2.277517e-16 2.899891e+00 0 0
2971.5819 2987.3521 1.098526e-14 2.706484e-16 2.736799e+00 0 0
2972.9447 2988.7221 1.130519e-14 2.539696e-16 2.823185e+00 0 0
2974.3075 2990.0922 1.059633e-14 2.809660e-16 2.647656e+00 0 0
2975.6703 2991.4622 1.121325e-14 2.839868e-16 2.809770e+00 0 0
2977.0331 2992.8322 1.153263e-14 2.192412e-16 2.896312e+00 0 0
2978.3958 2994.2022 1.158398e-14 2.797113e-16 2.914616e+00 16 0
2979.7586 2995.5721 1.056586e-14 2.416856e-16 2.658527e+00 0 0
2981.1213 2996.9421 1.105023e-14 2.494085e-16 2.787737e+00 0 0
2982.4840 2998.3120 1.094085e-14 2.347036e-16 2.764513e+00 16 0
2983.8467 2999.6820 1.041470e-14 2.587110e-16 2.633753e+00 0 0
2985.2094 3001.0519 1.056426e-14 2.254514e-16 2.676996e+00 16 0
2986.5720 3002.4218 1.194821e-14 1.870636e-16 3.040036e+00 0 0
2987.9347 3003.7916 1.047333e-14 2.368526e-16 2.663068e+00 0 0
2989.2973 3005.1615 1.065788e-14 2.813031e-16 2.715748e+00 0 0
2990.6599 3006.5313 9.544161e-15 3.498003e-16 2.431126e+00 16 0
2992.0225 3007.9012 1.035518e-14 2.826911e-16 2.646723e+00 16 0
2993.3851 3009.2710 1.017071e-14 2.529835e-16 2.603428e+00 0 0
2994.7476 3010.6408 1.106839e-14 2.623536e-16 2.843026e+00 16 0
2996.1102 3012.0105 1.133380e-14 1.955351e-16 2.917892e+00 0 0
2997.4727 3013.3803 9.188731e-15 2.940127e-16 2.360548e+00 16 0
2998.8352 3014.7500 1.034416e-14 2.338264e-16 2.668457e+00 0 0
3000.1977 3016.1198 9.938656e-15 3.575044e-16 2.566624e+00 16 0
3001.5602 3017.4895 9.932471e-15 2.782056e-16 2.569741e+00 0 0
3002.9227 3018.8592 9.854408e-15 2.315579e-16 2.553974e+00 16 0
3004.2851 3020.2289 9.727718e-15 2.725452e-16 2.525264e+00 16 0
3005.6475 3021.5985 1.016478e-14 3.252896e-16 2.645921e+00 16 0
3007.0100 3022.9682 9.687570e-15 2.652246e-16 2.524101e+00 0 0
3008.3724 3024.3378 1.006479e-14 2.435091e-16 2.629222e+00 0 0
3009.7347 3025.7074 9.880159e-15 3.016892e-16 2.584894e+00 16 0
3011.0971 3027.0770 1.439486e-14 5.556071e-16 3.798263e+00 16 0
3012.4595 3028.4466 9.855425e-15 2.267822e-16 2.587885e+00 0 0
3013.8218 3029.8161 1.015504e-14 2.449558e-16 2.672875e+00 0 0
3015.1841 3031.1857 9.808753e-15 2.301069e-16 2.584643e+00 0 0
3016.5464 3032.5552 9.085607e-15 2.916449e-16 2.394769e+00 0 0
3017.9087 3033.9247 9.444675e-15 3.039010e-16 2.495741e+00 16 0
3019.2710 3035.2942 1.162613e-14 2.430549e-16 3.089545e+00 16 0
3020.6332 3036.6637 1.063053e-14 1.963559e-16 2.825330e+00 0 0
3021.9954 3038.0332 1.083872e-14 1.851605e-16 2.886694e+00 0 0
3023.3577 3039.4026 9.547456e-15 2.627624e-16 2.541088e+00 16 0
3024.7198 3040.7720 1.014615e-14 2.487092e-16 2.708065e+00 16 0
3026.0820 3042.1414 1.000223e-14 2.262460e-16 2.673330e+00 0 0
3027.4442 3043.5108 1.038879e-14 2.351547e-16 2.783024e+00 0 0
3028.8063 3044.8802 9.645519e-15 2.036609e-16 2.584314e+00 0 0
3030.1685 3046.2496 1.017653e-14 2.377283e-16 2.733458e+00 0 0
3031.5306 3047.6189 9.704392e-15 3.019195e-16 2.608147e+00 16 0
3032.8927 3048.9882 1.007013e-14 2.342656e-16 2.712314e+00 0 0
3034.2548 3050.3576 1.021733e-14 2.335108e-16 2.756657e+00 0 0
3035.6168 3051.7268 1.039605e-14 1.919521e-16 2.809641e+00 0 0
3036.9789 3053.0961 9.949072e-15 1.979892e-16 2.690248e+00 0 0
3038.3409 3054.4654 9.864457e-15 1.952564e-16 2.670507e+00 0 0
3039.7029 3055.8346 9.780228e-15 2.247116e-16 2.651026e+00 0 0
3041.0649 3057.2038 9.822513e-15 2.299796e-16 2.666091e+00 0 0
3042.4269 3058.5730 9.961854e-15 1.910981e-16 2.707944e+00 0 0
3043.7888 3059.9422 1.052761e-14 1.891614e-16 2.868156e+00 0 0
3045.1508 3061.3114 9.930137e-15 2.243814e-16 2.705562e+00 16 0
3046.5127 3062.6805 1.062716e-14 1.988667e-16 2.902686e+00 16 0
3047.8746 3064.0497 1.045574e-14 2.060647e-16 2.858225e+00 16 0
3049.2365 3065.4188 9.487199e-15 2.410630e-16 2.591331e+00 16 0
3050.5984 3066.7879 1.538107e-14 8.457084e-16 4.241187e+00 528 0
