# SN2026AYT ofqu08010 G140L MAMA z=0.0036 a2center=381.3 extrsize=11 exptime=2000.0 mode=fixed flags=none
# rest_wvl obs_wvl flux error net dq mask
1115.8363 1119.8533 0.000000e+00 0.000000e+00 -7.002208e-05 2564 0
1116.4180 1120.4371 0.000000e+00 0.000000e+00 -7.002208e-05 2564 0
1116.9996 1121.0208 0.000000e+00 0.000000e+00 -7.002208e-05 2564 0
1117.5813 1121.6046 0.000000e+00 0.000000e+00 -7.002208e-05 2564 0
1118.1630 1122.1884 0.000000e+00 0.000000e+00 2.635861e-07 2560 0
1118.7447 1122.7721 0.000000e+00 0.000000e+00 -9.531432e-07 512 0
1119.3263 1123.3559 0.000000e+00 0.000000e+00 1.722322e-04 528 0
1119.9080 1123.9397 0.000000e+00 0.000000e+00 -1.556131e-06 512 0
1120.4897 1124.5234 0.000000e+00 0.000000e+00 -3.509340e-07 512 0
1121.0713 1125.1072 0.000000e+00 0.000000e+00 -1.885906e-06 512 0
1121.6530 1125.6910 0.000000e+00 0.000000e+00 1.350174e-03 512 0
1122.2347 1126.2747 0.000000e+00 0.000000e+00 1.321357e-03 512 0
1122.8163 1126.8585 0.000000e+00 0.000000e+00 1.804157e-03 512 0
1123.3980 1127.4422 0.000000e+00 0.000000e+00 1.261798e-03 512 0
1123.9797 1128.0260 0.000000e+00 0.000000e+00 1.239237e-03 512 0
1124.5613 1128.6097 0.000000e+00 0.000000e+00 1.206826e-03 512 0
1125.1430 1129.1935 0.000000e+00 0.000000e+00 1.182220e-03 512 0
1125.7246 1129.7772 0.000000e+00 0.000000e+00 1.153318e-03 512 0
1126.3063 1130.3610 0.000000e+00 0.000000e+00 1.125418e-03 512 0
1126.8879 1130.9447 0.000000e+00 0.000000e+00 1.097881e-03 512 0
1127.4696 1131.5285 0.000000e+00 0.000000e+00 1.072194e-03 512 0
1128.0512 1132.1122 0.000000e+00 0.000000e+00 2.053940e-03 512 0
1128.6329 1132.6960 0.000000e+00 0.000000e+00 1.017540e-03 512 0
1129.2145 1133.2797 0.000000e+00 0.000000e+00 1.513310e-03 512 0
1129.7962 1133.8635 0.000000e+00 0.000000e+00 9.650266e-04 512 0
1130.3778 1134.4472 0.000000e+00 0.000000e+00 9.371607e-04 512 0
1130.9595 1135.0309 0.000000e+00 0.000000e+00 1.427572e-03 512 0
1131.5411 1135.6147 0.000000e+00 0.000000e+00 8.840635e-04 512 0
1132.1228 1136.1984 0.000000e+00 0.000000e+00 1.389928e-03 512 0
1132.7044 1136.7821 0.000000e+00 0.000000e+00 8.298371e-04 512 0
1133.2860 1137.3659 0.000000e+00 0.000000e+00 8.036556e-04 512 0
1133.8677 1137.9496 0.000000e+00 0.000000e+00 1.269889e-03 512 0
1134.4493 1138.5333 2.669715e-14 4.699486e-18 7.521208e-04 0 0
1135.0309 1139.1170 9.393532e-15 1.782788e-18 7.238868e-04 0 0
1135.6126 1139.7008 5.536162e-15 1.092627e-18 6.977061e-04 0 0
1136.1942 1140.2845 3.848167e-15 7.532581e-19 6.740650e-04 0 0
1136.7758 1140.8682 2.872892e-15 6.181242e-19 6.452870e-04 0 0
1137.3574 1141.4519 2.195557e-15 4.483347e-19 6.241703e-04 0 0
1137.9391 1142.0357 3.097413e-15 1.443973e-15 1.111703e-03 0 0
1138.5207 1142.6194 2.389903e-15 1.106840e-15 1.064933e-03 0 0
1139.1023 1143.2031 2.059180e-15 9.849888e-16 1.133561e-03 0 0
1139.6839 1143.7868 7.738024e-16 2.118093e-19 5.160400e-04 0 0
1140.2656 1144.3705 6.158873e-16 1.677199e-19 4.934450e-04 0 0
1140.8472 1144.9542 4.967497e-16 1.422388e-19 4.682681e-04 0 0
1141.4288 1145.5379 4.026016e-16 1.268451e-19 4.410463e-04 0 0
1142.0104 1146.1216 3.338683e-16 1.077307e-19 4.176967e-04 0 0
1142.5920 1146.7053 2.784493e-16 9.501918e-20 3.928662e-04 0 0
1143.1736 1147.2891 2.326388e-16 8.879602e-20 3.656301e-04 0 0
1143.7552 1147.8728 1.964452e-16 8.090746e-20 3.405453e-04 0 0
1144.3368 1148.4565 1.675731e-16 7.120022e-20 3.178807e-04 0 0
1144.9185 1149.0402 1.417862e-16 6.647293e-20 2.924559e-04 0 0
1145.5001 1149.6239 5.569189e-16 3.087251e-16 1.243722e-03 0 0
1146.0817 1150.2076 1.000572e-16 5.847715e-20 2.413768e-04 0 0
1146.6633 1150.7912 8.574069e-17 4.885391e-20 2.227885e-04 0 0
1147.2449 1151.3749 8.177351e-16 3.744646e-16 2.287314e-03 0 0
1147.8265 1151.9586 3.886543e-16 2.337992e-16 1.166182e-03 0 0
1148.4081 1152.5423 6.497246e-16 3.091259e-16 2.087367e-03 0 0
1148.9897 1153.1260 3.206219e-16 2.010367e-16 1.098432e-03 0 0
1149.5713 1153.7097 4.503479e-16 2.446226e-16 1.639499e-03 0 0
1150.1528 1154.2934 2.690095e-16 1.759972e-16 1.036073e-03 0 0
1150.7344 1154.8771 3.636501e-16 2.090762e-16 1.473918e-03 0 0
1151.3160 1155.4608 6.629221e-18 3.090709e-20 2.815718e-05 0 0
1151.8976 1156.0444 4.476982e-16 2.234415e-16 1.980433e-03 0 0
1152.4792 1156.6281 1.088959e-16 1.131500e-16 5.001746e-04 0 0
1153.0608 1157.2118 5.210494e-16 2.372973e-16 2.472777e-03 0 0
1153.6424 1157.7955 8.633544e-17 9.992272e-17 4.225435e-04 0 0
1154.2240 1158.3792 3.941897e-16 2.062879e-16 1.983243e-03 0 0
1154.8055 1158.9628 1.932771e-16 1.462856e-16 9.987167e-04 0 0
1155.3871 1159.5465 6.259010e-17 8.814536e-17 3.317325e-04 0 0
1155.9687 1160.1302 1.102992e-16 1.257886e-16 5.994895e-04 16 0
1156.5503 1160.7139 2.421967e-16 1.588647e-16 1.350313e-03 0 0
1157.1318 1161.2975 4.790984e-16 2.104424e-16 2.739180e-03 0 0
1157.7134 1161.8812 1.413695e-16 1.277341e-16 8.289701e-04 0 0
1158.2950 1162.4649 1.314297e-16 1.226987e-16 7.899886e-04 0 0
1158.8766 1163.0485 1.146302e-16 1.125103e-16 7.058354e-04 0 0
1159.4581 1163.6322 2.837912e-16 1.658623e-16 1.788710e-03 0 0
1160.0397 1164.2158 1.105275e-16 1.082980e-16 7.120966e-04 0 0
1160.6213 1164.7995 2.629932e-16 1.578033e-16 1.730352e-03 0 0
1161.2028 1165.3832 8.923824e-17 1.013601e-16 5.983224e-04 0 0
1161.7844 1165.9668 5.066860e-16 1.992883e-16 3.459398e-03 0 0
1162.3660 1166.5505 3.163497e-16 1.680406e-16 2.195453e-03 0 0
1162.9475 1167.1341 2.394339e-16 1.471756e-16 1.688434e-03 0 0
1163.5291 1167.7178 6.088917e-16 2.144710e-16 4.359676e-03 0 0
1164.1106 1168.3014 2.830628e-16 1.559748e-16 2.057795e-03 0 0
1164.6922 1168.8851 1.337712e-16 1.161486e-16 9.877458e-04 0 0
1165.2737 1169.4687 4.463269e-16 1.822439e-16 3.348173e-03 0 0
1165.8553 1170.0524 1.842955e-16 1.306112e-16 1.406674e-03 0 0
1166.4368 1170.6360 3.807713e-16 1.713838e-16 2.957838e-03 0 0
1167.0184 1171.2197 2.393540e-16 1.400211e-16 1.895552e-03 0 0
1167.5999 1171.8033 6.510322e-16 2.112489e-16 5.256068e-03 0 0
1168.1815 1172.3869 6.666820e-16 2.146164e-16 5.491253e-03 0 0
1168.7630 1172.9706 3.431153e-16 1.589677e-16 2.882362e-03 0 0
1169.3446 1173.5542 4.985778e-16 1.824220e-16 4.270227e-03 0 0
1169.9261 1174.1379 1.654341e-16 1.198223e-16 1.443848e-03 0 0
1170.5077 1174.7215 1.212571e-15 2.697603e-16 1.076800e-02 0 0
1171.0892 1175.3051 6.822122e-16 2.041926e-16 6.168471e-03 0 0
1171.6707 1175.8888 5.613085e-16 1.858086e-16 5.164365e-03 0 0
1172.2523 1176.4724 7.407034e-16 2.114905e-16 6.931555e-03 0 0
1172.8338 1177.0560 7.575380e-16 2.135398e-16 7.198151e-03 0 0
1173.4153 1177.6396 9.662712e-16 2.351754e-16 9.320475e-03 0 0
1173.9969 1178.2233 9.407913e-16 2.306797e-16 9.203232e-03 0 0
1174.5784 1178.8069 1.014610e-15 2.348060e-16 1.006492e-02 0 0
1175.1599 1179.3905 1.382613e-15 2.730472e-16 1.390596e-02 0 0
1175.7415 1179.9741 1.129114e-15 2.444362e-16 1.151402e-02 0 0
1176.3230 1180.5577 8.303017e-16 2.109683e-16 8.588888e-03 0 0
1176.9045 1181.1414 1.442917e-15 2.668633e-16 1.514067e-02 0 0
1177.4860 1181.7250 1.227461e-15 2.537242e-16 1.307141e-02 0 0
1178.0676 1182.3086 1.926937e-15 3.014284e-16 2.082394e-02 0 0
1178.6491 1182.8922 1.000144e-15 2.276804e-16 1.097023e-02 0 0
1179.2306 1183.4758 1.231376e-15 2.393905e-16 1.370736e-02 0 0
1179.8121 1184.0594 1.846817e-15 2.899539e-16 2.086118e-02 16 0
1180.3936 1184.6430 1.486345e-15 2.619856e-16 1.703447e-02 16 0
1180.9751 1185.2266 1.524095e-15 2.666088e-16 1.771429e-02 0 0
1181.5566 1185.8103 1.620485e-15 2.638550e-16 1.909887e-02 0 0
1182.1382 1186.3939 9.956541e-16 2.162665e-16 1.189422e-02 0 0
1182.7197 1186.9775 1.725318e-15 2.688942e-16 2.088924e-02 0 0
1183.3012 1187.5611 1.925457e-15 2.916271e-16 2.362304e-02 0 0
1183.8827 1188.1447 1.785393e-15 2.714274e-16 2.219499e-02 0 0
1184.4642 1188.7283 1.797542e-15 2.767845e-16 2.264422e-02 0 0
1185.0457 1189.3119 1.352357e-15 2.324412e-16 1.726245e-02 0 0
1185.6272 1189.8955 1.259536e-15 2.284809e-16 1.629707e-02 0 0
1186.2087 1190.4790 1.419474e-15 2.372451e-16 1.861598e-02 0 0
1186.7902 1191.0626 7.522565e-16 1.817525e-16 1.000345e-02 0 0
1187.3717 1191.6462 1.101850e-15 2.092668e-16 1.485572e-02 0 0
1187.9532 1192.2298 1.207509e-15 2.172624e-16 1.650669e-02 0 0
1188.5347 1192.8134 8.750630e-16 1.869393e-16 1.212731e-02 0 0
1189.1162 1193.3970 9.998364e-16 1.982663e-16 1.404256e-02 0 0
1189.6977 1193.9806 7.087754e-16 1.678735e-16 1.008736e-02 0 0
1190.2792 1194.5642 1.006569e-15 1.956545e-16 1.450507e-02 0 0
1190.8606 1195.1477 6.497059e-16 1.590418e-16 9.479146e-03 0 0
1191.4421 1195.7313 1.418082e-15 2.269600e-16 2.092526e-02 0 0
1192.0236 1196.3149 1.272918e-15 2.107875e-16 1.899610e-02 0 0
1192.6051 1196.8985 9.257271e-16 1.861365e-16 1.396041e-02 0 0
1193.1866 1197.4820 1.271995e-15 2.088239e-16 1.938349e-02 0 0
1193.7681 1198.0656 9.835604e-16 1.881662e-16 1.513897e-02 0 0
1194.3495 1198.6492 7.569512e-16 1.668332e-16 1.176774e-02 0 0
1194.9310 1199.2328 7.733995e-16 1.631455e-16 1.214336e-02 16 0
1195.5125 1199.8163 7.322427e-16 1.610847e-16 1.161137e-02 16 0
1196.0940 1200.3999 5.922463e-16 1.455628e-16 9.487214e-03 0 0
1196.6754 1200.9835 6.647747e-16 1.532877e-16 1.075721e-02 0 0
1197.2569 1201.5670 6.208929e-16 1.467589e-16 1.015197e-02 0 0
1197.8384 1202.1506 8.088160e-16 1.677189e-16 1.336221e-02 0 0
1198.4198 1202.7342 1.046939e-15 1.822786e-16 1.747854e-02 0 0
1199.0013 1203.3177 1.158852e-15 1.957912e-16 1.955021e-02 0 0
1199.5828 1203.9013 6.740228e-16 1.486535e-16 1.149048e-02 0 0
1200.1642 1204.4848 8.531032e-16 1.656158e-16 1.469557e-02 0 0
1200.7457 1205.0684 6.647273e-16 1.468657e-16 1.156901e-02 0 0
1201.3272 1205.6519 4.512836e-16 1.228100e-16 7.935030e-03 0 0
1201.9086 1206.2355 5.351760e-16 1.358581e-16 9.505384e-03 0 0
1202.4901 1206.8191 3.254927e-16 1.083854e-16 5.839367e-03 0 0
1203.0715 1207.4026 1.610774e-16 8.304852e-17 2.918450e-03 0 0
1203.6530 1207.9862 2.321838e-16 9.530872e-17 4.248358e-03 0 0
1204.2345 1208.5697 4.237448e-16 1.166634e-16 7.829307e-03 0 0
1204.8159 1209.1532 4.306665e-16 1.154506e-16 8.034711e-03 0 0
1205.3974 1209.7368 3.500939e-16 1.094349e-16 6.594702e-03 0 0
1205.9788 1210.3203 3.158422e-16 1.043858e-16 6.006815e-03 0 0
1206.5603 1210.9039 1.402154e-16 8.852808e-17 2.692240e-03 0 0
1207.1417 1211.4874 1.569248e-16 9.356626e-17 3.041841e-03 0 0
1207.7231 1212.0709 1.018922e-16 1.014185e-16 1.993838e-03 0 0
1208.3046 1212.6545 2.332632e-16 1.353704e-16 4.607672e-03 0 0
1208.8860 1213.2380 -4.153414e-16 1.813210e-16 -8.281346e-03 0 0
1209.4675 1213.8216 1.544690e-16 3.242915e-16 3.108710e-03 0 0
1210.0489 1214.4051 7.612563e-16 3.635610e-16 1.546252e-02 0 0
1210.6303 1214.9886 7.020278e-17 3.418865e-16 1.439117e-03 0 0
1211.2118 1215.5721 -1.305275e-16 3.603362e-16 -2.700247e-03 0 0
1211.7932 1216.1557 4.630074e-16 3.580772e-16 9.665646e-03 0 0
1212.3746 1216.7392 1.580523e-16 3.631387e-16 3.329352e-03 0 0
1212.9561 1217.3227 -9.026634e-16 3.164529e-16 -1.918598e-02 0 0
1213.5375 1217.9062 6.398868e-16 3.135907e-16 1.372288e-02 0 0
1214.1189 1218.4898 -3.034520e-17 1.841711e-16 -6.566010e-04 0 0
1214.7004 1219.0733 2.831562e-16 1.221819e-16 6.181619e-03 0 0
1215.2818 1219.6568 -5.109622e-17 7.352612e-17 -1.125427e-03 0 0
1215.8632 1220.2403 1.180825e-17 6.885627e-17 2.624029e-04 0 0
1216.4446 1220.8238 3.119715e-17 5.478903e-17 6.994258e-04 0 0
1217.0261 1221.4073 1.350230e-16 7.184746e-17 3.053958e-03 0 0
1217.6075 1221.9909 -2.199317e-17 4.569471e-17 -5.018311e-04 0 0
1218.1889 1222.5744 7.295655e-18 3.111465e-17 1.679205e-04 0 0
1218.7703 1223.1579 1.434680e-17 3.644676e-17 3.330754e-04 0 0
1219.3517 1223.7414 3.993988e-17 4.351921e-17 9.351269e-04 0 0
1219.9331 1224.3249 6.889191e-17 4.565988e-17 1.626595e-03 0 0
1220.5145 1224.9084 4.146983e-17 5.473493e-17 9.871738e-04 16 0
1221.0960 1225.4919 1.431853e-16 6.855501e-17 3.430454e-03 0 0
1221.6774 1226.0754 2.050186e-16 8.056052e-17 4.940343e-03 16 0
1222.2588 1226.6589 2.542953e-16 8.316709e-17 6.162954e-03 0 0
1222.8402 1227.2424 3.107793e-16 9.103626e-17 7.575791e-03 0 0
1223.4216 1227.8259 5.738176e-16 1.163767e-16 1.406957e-02 0 0
1224.0030 1228.4094 7.188536e-16 1.277518e-16 1.773432e-02 0 0
1224.5844 1228.9929 6.619236e-16 1.211680e-16 1.643187e-02 0 0
1225.1658 1229.5764 6.997202e-16 1.256918e-16 1.748804e-02 0 0
1225.7472 1230.1599 1.199638e-15 1.577052e-16 3.019088e-02 0 0
1226.3286 1230.7434 1.065269e-15 1.510815e-16 2.701212e-02 0 0
1226.9100 1231.3268 1.244618e-15 1.607915e-16 3.180487e-02 0 0
1227.4914 1231.9103 1.587222e-15 1.799959e-16 4.089047e-02 0 0
1228.0728 1232.4938 1.729126e-15 1.856116e-16 4.491470e-02 0 0
1228.6542 1233.0773 1.699159e-15 1.850030e-16 4.450757e-02 0 0
1229.2355 1233.6608 1.728236e-15 1.805053e-16 4.565113e-02 0 0
1229.8169 1234.2443 2.073600e-15 2.022296e-16 5.522996e-02 0 0
1230.3983 1234.8277 1.862142e-15 1.864266e-16 5.000706e-02 0 0
1230.9797 1235.4112 2.074319e-15 1.979086e-16 5.614661e-02 0 0
1231.5611 1235.9947 2.111709e-15 1.956286e-16 5.760239e-02 0 0
1232.1425 1236.5782 2.125049e-15 1.984500e-16 5.839332e-02 16 0
1232.7238 1237.1616 2.109345e-15 1.957594e-16 5.837725e-02 0 0
1233.3052 1237.7451 1.973768e-15 1.909063e-16 5.499302e-02 16 0
1233.8866 1238.3286 2.138914e-15 2.019699e-16 5.998262e-02 16 0
1234.4680 1238.9121 2.116816e-15 1.908199e-16 5.972227e-02 0 0
1235.0493 1239.4955 2.264402e-15 2.035637e-16 6.425759e-02 0 0
1235.6307 1240.0790 1.754442e-15 1.753026e-16 5.005156e-02 0 0
1236.2121 1240.6625 2.153663e-15 1.969697e-16 6.175214e-02 0 0
1236.7935 1241.2459 2.224992e-15 1.984505e-16 6.409506e-02 0 0
1237.3748 1241.8294 2.295160e-15 2.036173e-16 6.641021e-02 0 0
1237.9562 1242.4128 2.259132e-15 1.969911e-16 6.564054e-02 0 0
1238.5376 1242.9963 1.944981e-15 1.871911e-16 5.673973e-02 0 0
1239.1189 1243.5798 2.474200e-15 2.052635e-16 7.245847e-02 0 0
1239.7003 1244.1632 2.503639e-15 2.085233e-16 7.359916e-02 0 0
1240.2816 1244.7467 2.275665e-15 1.967763e-16 6.715105e-02 0 0
1240.8630 1245.3301 2.158623e-15 1.910296e-16 6.393830e-02 0 0
1241.4444 1245.9136 2.310167e-15 2.011141e-16 6.868903e-02 0 0
1242.0257 1246.4970 2.374485e-15 2.024467e-16 7.087358e-02 0 0
1242.6071 1247.0805 2.185602e-15 1.909316e-16 6.548859e-02 0 0
1243.1884 1247.6639 2.235362e-15 1.965238e-16 6.723984e-02 16 0
1243.7698 1248.2474 2.202540e-15 1.898425e-16 6.650931e-02 0 0
1244.3511 1248.8308 2.212873e-15 1.924265e-16 6.707969e-02 0 0
1244.9325 1249.4142 1.993759e-15 1.848856e-16 6.066877e-02 0 0
1245.5138 1249.9977 2.099517e-15 1.868133e-16 6.412925e-02 0 0
1246.0952 1250.5811 2.092463e-15 1.843814e-16 6.415144e-02 0 0
1246.6765 1251.1646 1.869187e-15 1.781240e-16 5.751602e-02 0 0
1247.2579 1251.7480 1.859620e-15 1.770422e-16 5.742433e-02 0 0
1247.8392 1252.3314 2.165221e-15 1.900008e-16 6.709173e-02 0 0
1248.4205 1252.9149 1.515140e-15 1.597681e-16 4.710235e-02 0 0
1249.0019 1253.4983 1.892635e-15 1.771482e-16 5.902299e-02 16 0
1249.5832 1254.0817 1.708059e-15 1.681899e-16 5.342326e-02 0 0
1250.1645 1254.6651 2.030800e-15 1.812453e-16 6.369289e-02 0 0
1250.7459 1255.2486 1.815753e-15 1.729117e-16 5.709205e-02 0 0
1251.3272 1255.8320 1.835132e-15 1.734002e-16 5.783533e-02 0 0
1251.9085 1256.4154 1.750552e-15 1.719672e-16 5.528984e-02 0 0
1252.4899 1256.9988 1.577944e-15 1.594647e-16 4.994011e-02 0 0
1253.0712 1257.5823 1.818336e-15 1.756786e-16 5.766476e-02 0 0
1253.6525 1258.1657 1.940495e-15 1.731372e-16 6.166215e-02 0 0
1254.2339 1258.7491 1.356487e-15 1.493303e-16 4.319494e-02 0 0
1254.8152 1259.3325 1.417014e-15 1.540551e-16 4.522127e-02 0 0
1255.3965 1259.9159 1.156396e-15 1.395982e-16 3.699239e-02 0 0
1255.9778 1260.4993 8.600368e-16 1.183464e-16 2.758338e-02 0 0
1256.5591 1261.0827 7.903043e-16 1.198936e-16 2.541682e-02 0 0
1257.1405 1261.6662 9.360061e-16 1.240492e-16 3.019100e-02 0 0
1257.7218 1262.2496 1.347567e-15 1.511862e-16 4.359531e-02 0 0
1258.3031 1262.8330 1.436767e-15 1.500220e-16 4.662153e-02 0 0
1258.8844 1263.4164 1.482025e-15 1.567003e-16 4.823205e-02 0 0
1259.4657 1263.9998 1.483089e-15 1.517023e-16 4.840526e-02 0 0
1260.0470 1264.5832 1.252373e-15 1.433020e-16 4.098488e-02 0 0
1260.6283 1265.1666 1.204720e-15 1.380917e-16 3.952266e-02 0 0
1261.2096 1265.7500 1.550467e-15 1.585027e-16 5.097984e-02 0 0
1261.7909 1266.3334 1.312063e-15 1.424551e-16 4.322657e-02 16 0
1262.3722 1266.9168 1.416577e-15 1.510135e-16 4.675518e-02 0 0
1262.9535 1267.5002 1.507535e-15 1.549744e-16 4.983850e-02 0 0
1263.5348 1268.0836 1.384997e-15 1.463028e-16 4.585829e-02 0 0
1264.1161 1268.6670 1.497857e-15 1.523923e-16 4.966630e-02 0 0
1264.6974 1269.2503 1.326152e-15 1.452764e-16 4.403507e-02 0 0
1265.2787 1269.8337 1.203015e-15 1.363126e-16 4.000172e-02 0 0
1265.8600 1270.4171 1.345857e-15 1.473071e-16 4.481469e-02 0 0
1266.4413 1271.0005 1.103833e-15 1.314570e-16 3.680910e-02 0 0
1267.0226 1271.5839 1.242793e-15 1.414129e-16 4.150419e-02 0 0
1267.6039 1272.1673 1.143721e-15 1.321378e-16 3.825338e-02 0 0
1268.1852 1272.7507 1.530505e-15 1.549328e-16 5.126808e-02 0 0
1268.7665 1273.3340 1.181206e-15 1.354626e-16 3.962864e-02 0 0
1269.3478 1273.9174 1.299681e-15 1.444577e-16 4.367098e-02 0 0
1269.9290 1274.5008 1.069628e-15 1.297711e-16 3.599675e-02 0 0
1270.5103 1275.0842 1.115217e-15 1.329639e-16 3.758865e-02 16 0
1271.0916 1275.6675 9.849410e-16 1.248674e-16 3.324340e-02 0 0
1271.6729 1276.2509 1.234247e-15 1.405753e-16 4.171458e-02 0 0
1272.2542 1276.8343 1.304836e-15 1.439291e-16 4.415905e-02 0 0
1272.8354 1277.4177 1.311941e-15 1.427535e-16 4.445745e-02 0 0
1273.4167 1278.0010 1.164580e-15 1.374615e-16 3.951351e-02 16 0
1273.9980 1278.5844 1.436731e-15 1.485705e-16 4.880716e-02 0 0
1274.5793 1279.1678 1.324612e-15 1.433083e-16 4.505062e-02 0 0
1275.1605 1279.7511 1.187637e-15 1.362991e-16 4.043723e-02 0 0
1275.7418 1280.3345 1.205740e-15 1.353111e-16 4.109612e-02 0 0
1276.3231 1280.9178 1.155966e-15 1.369504e-16 3.943867e-02 0 0
1276.9043 1281.5012 1.349213e-15 1.441206e-16 4.607315e-02 0 0
1277.4856 1282.0846 1.423171e-15 1.479295e-16 4.864023e-02 0 0
1278.0669 1282.6679 1.287220e-15 1.422399e-16 4.402721e-02 0 0
1278.6481 1283.2513 1.834850e-15 1.636716e-16 6.280292e-02 0 0
1279.2294 1283.8346 1.315524e-15 1.444375e-16 4.505532e-02 0 0
1279.8106 1284.4180 1.468624e-15 1.488814e-16 5.032773e-02 0 0
1280.3919 1285.0013 1.421068e-15 1.464153e-16 4.872112e-02 0 0
1280.9732 1285.5847 1.704758e-15 1.622641e-16 5.847266e-02 0 0
1281.5544 1286.1680 1.474263e-15 1.522408e-16 5.058345e-02 0 0
1282.1357 1286.7514 1.700185e-15 1.585608e-16 5.835196e-02 0 0
1282.7169 1287.3347 1.678243e-15 1.605621e-16 5.760944e-02 0 0
1283.2982 1287.9180 1.355338e-15 1.417794e-16 4.653166e-02 16 0
1283.8794 1288.5014 1.737583e-15 1.626391e-16 5.965702e-02 0 0
1284.4607 1289.0847 1.781598e-15 1.633387e-16 6.116790e-02 0 0
1285.0419 1289.6681 2.021924e-15 1.740234e-16 6.941089e-02 0 0
1285.6232 1290.2514 1.668582e-15 1.577358e-16 5.727218e-02 0 0
1286.2044 1290.8347 1.986969e-15 1.712393e-16 6.818263e-02 0 0
1286.7856 1291.4181 1.890431e-15 1.678542e-16 6.485119e-02 0 0
1287.3669 1292.0014 1.761199e-15 1.622546e-16 6.039513e-02 0 0
1287.9481 1292.5847 1.875044e-15 1.661443e-16 6.427365e-02 0 0
1288.5293 1293.1681 2.099682e-15 1.762937e-16 7.194102e-02 0 0
1289.1106 1293.7514 2.004210e-15 1.714758e-16 6.863769e-02 0 0
1289.6918 1294.3347 2.159253e-15 1.763682e-16 7.390998e-02 0 0
1290.2730 1294.9180 1.842362e-15 1.649757e-16 6.303082e-02 0 0
1290.8543 1295.5014 2.228553e-15 1.800877e-16 7.620355e-02 0 0
1291.4355 1296.0847 2.403373e-15 1.875309e-16 8.213894e-02 0 0
1292.0167 1296.6680 2.175035e-15 1.815252e-16 7.429822e-02 0 0
1292.5980 1297.2513 2.921154e-15 2.087436e-16 9.973669e-02 0 0
1293.1792 1297.8346 2.358709e-15 1.837535e-16 8.049773e-02 0 0
1293.7604 1298.4179 2.640038e-15 1.995005e-16 9.006055e-02 0 0
1294.3416 1299.0013 2.466788e-15 1.865901e-16 8.412098e-02 0 0
1294.9228 1299.5846 2.642893e-15 1.999994e-16 9.009671e-02 0 0
1295.5041 1300.1679 2.470803e-15 1.880569e-16 8.421104e-02 0 0
1296.0853 1300.7512 2.397760e-15 1.960932e-16 8.170292e-02 0 0
1296.6665 1301.3345 2.466756e-15 1.903262e-16 8.404402e-02 0 0
1297.2477 1301.9178 2.065778e-15 1.782889e-16 7.037496e-02 0 0
1297.8289 1302.5011 1.543383e-15 1.587352e-16 5.257695e-02 0 0
1298.4101 1303.0844 1.999012e-15 1.792772e-16 6.809683e-02 0 0
1298.9913 1303.6677 1.854111e-15 1.701789e-16 6.316222e-02 0 0
1299.5725 1304.2510 1.861697e-15 1.750801e-16 6.342231e-02 16 0
1300.1538 1304.8343 1.863355e-15 1.702056e-16 6.348179e-02 0 0
1300.7350 1305.4176 2.399463e-15 1.950810e-16 8.174987e-02 16 0
1301.3162 1306.0009 2.511024e-15 1.946484e-16 8.555324e-02 0 0
1301.8974 1306.5842 2.391753e-15 1.951513e-16 8.149149e-02 0 0
1302.4786 1307.1675 2.595365e-15 2.051122e-16 8.842734e-02 0 0
1303.0598 1307.7508 2.671914e-15 2.044313e-16 9.103302e-02 16 0
1303.6410 1308.3341 2.803435e-15 2.078899e-16 9.550422e-02 0 0
1304.2222 1308.9174 2.877898e-15 2.106600e-16 9.802989e-02 0 0
1304.8033 1309.5006 2.723616e-15 1.993605e-16 9.275426e-02 0 0
1305.3845 1310.0839 2.719757e-15 2.034299e-16 9.260146e-02 0 0
1305.9657 1310.6672 2.686413e-15 2.000633e-16 9.143300e-02 0 0
1306.5469 1311.2505 3.218318e-15 2.205700e-16 1.094957e-01 0 0
1307.1281 1311.8338 2.689808e-15 1.992298e-16 9.146882e-02 0 0
1307.7093 1312.4171 2.752975e-15 2.050402e-16 9.356946e-02 16 0
1308.2905 1313.0003 2.875643e-15 2.084505e-16 9.767848e-02 0 0
1308.8717 1313.5836 3.200164e-15 2.192249e-16 1.086339e-01 0 0
1309.4528 1314.1669 2.723559e-15 2.034222e-16 9.238862e-02 0 0
1310.0340 1314.7502 3.157363e-15 2.175119e-16 1.070268e-01 0 0
1310.6152 1315.3334 3.154032e-15 2.178544e-16 1.068281e-01 0 0
1311.1964 1315.9167 2.925317e-15 2.130542e-16 9.900161e-02 0 0
1311.7776 1316.5000 3.057832e-15 2.122987e-16 1.033963e-01 0 0
1312.3587 1317.0832 3.261549e-15 2.257166e-16 1.101883e-01 0 0
1312.9399 1317.6665 2.691197e-15 2.044135e-16 9.083580e-02 0 0
1313.5211 1318.2498 2.509673e-15 1.949436e-16 8.463062e-02 0 0
1314.1023 1318.8330 2.994905e-15 2.096068e-16 1.008971e-01 0 0
1314.6834 1319.4163 2.657911e-15 2.015353e-16 8.945810e-02 0 0
1315.2646 1319.9995 3.155289e-15 2.173776e-16 1.060954e-01 0 0
1315.8458 1320.5828 2.755710e-15 2.069945e-16 9.256942e-02 0 0
1316.4269 1321.1661 2.813561e-15 2.080816e-16 9.441975e-02 16 0
1317.0081 1321.7493 3.265445e-15 2.206257e-16 1.094763e-01 0 0
1317.5892 1322.3326 3.043657e-15 2.172505e-16 1.019386e-01 0 0
1318.1704 1322.9158 3.008172e-15 2.105904e-16 1.006489e-01 16 0
1318.7516 1323.4991 2.979350e-15 2.162456e-16 9.958261e-02 0 0
1319.3327 1324.0823 2.945343e-15 2.104286e-16 9.834486e-02 0 0
1319.9139 1324.6656 2.994029e-15 2.093437e-16 9.986492e-02 16 0
1320.4950 1325.2488 3.096765e-15 2.175828e-16 1.031759e-01 0 0
1321.0762 1325.8321 3.577668e-15 2.373232e-16 1.190471e-01 0 0
1321.6573 1326.4153 3.239639e-15 2.201604e-16 1.076620e-01 16 0
1322.2385 1326.9985 3.193688e-15 2.226699e-16 1.059954e-01 0 0
1322.8196 1327.5818 3.658393e-15 2.341465e-16 1.212581e-01 0 0
1323.4008 1328.1650 3.336002e-15 2.248846e-16 1.104215e-01 0 0
1323.9819 1328.7483 3.480785e-15 2.329928e-16 1.150558e-01 0 0
1324.5631 1329.3315 3.180184e-15 2.208781e-16 1.049701e-01 0 0
1325.1442 1329.9147 3.575123e-15 2.316226e-16 1.178374e-01 0 0
1325.7253 1330.4980 3.553199e-15 2.352117e-16 1.169409e-01 0 0
1326.3065 1331.0812 3.676380e-15 2.376139e-16 1.208143e-01 0 0
1326.8876 1331.6644 3.766533e-15 2.406471e-16 1.235860e-01 0 0
1327.4688 1332.2476 3.310445e-15 2.278959e-16 1.084524e-01 0 0
1328.0499 1332.8309 3.346818e-15 2.263669e-16 1.094696e-01 0 0
1328.6310 1333.4141 3.814565e-15 2.403928e-16 1.245693e-01 0 0
1329.2122 1333.9973 2.865375e-15 2.143379e-16 9.341961e-02 0 0
1329.7933 1334.5805 1.889912e-15 1.777148e-16 6.151555e-02 0 0
1330.3744 1335.1638 1.950964e-15 1.750136e-16 6.339695e-02 0 0
1330.9555 1335.7470 1.993112e-15 1.815468e-16 6.465813e-02 0 0
1331.5367 1336.3302 2.866760e-15 2.118568e-16 9.284285e-02 0 0
1332.1178 1336.9134 3.191393e-15 2.270923e-16 1.031811e-01 0 0
1332.6989 1337.4966 3.721302e-15 2.361700e-16 1.201085e-01 0 0
1333.2800 1338.0798 3.767335e-15 2.473159e-16 1.213862e-01 0 0
1333.8611 1338.6630 3.603541e-15 2.333429e-16 1.159098e-01 16 0
1334.4423 1339.2463 3.592300e-15 2.433521e-16 1.153497e-01 0 0
1335.0234 1339.8295 3.815964e-15 2.428241e-16 1.223219e-01 0 0
1335.6045 1340.4127 3.822440e-15 2.532481e-16 1.223195e-01 0 0
1336.1856 1340.9959 3.919209e-15 2.443550e-16 1.252023e-01 0 0
1336.7667 1341.5791 4.308623e-15 2.648067e-16 1.374075e-01 0 0
1337.3478 1342.1623 4.254574e-15 2.595781e-16 1.354543e-01 0 0
1337.9289 1342.7455 4.819774e-15 2.770371e-16 1.531893e-01 0 0
1338.5100 1343.3287 4.688743e-15 2.719182e-16 1.487750e-01 0 0
1339.0912 1343.9119 4.127111e-15 2.601581e-16 1.307349e-01 0 0
1339.6723 1344.4951 4.650497e-15 2.698876e-16 1.470699e-01 0 0
1340.2534 1345.0783 3.978128e-15 2.566426e-16 1.255980e-01 0 0
1340.8345 1345.6615 4.643893e-15 2.699920e-16 1.463778e-01 0 0
1341.4156 1346.2447 4.279066e-15 2.655549e-16 1.346581e-01 0 0
1341.9967 1346.8278 4.429535e-15 2.674545e-16 1.391686e-01 0 0
1342.5778 1347.4110 4.619529e-15 2.730755e-16 1.449045e-01 0 0
1343.1588 1347.9942 4.462188e-15 2.676252e-16 1.397476e-01 0 0
1343.7399 1348.5774 5.154868e-15 2.890117e-16 1.611865e-01 0 0
1344.3210 1349.1606 4.315223e-15 2.635878e-16 1.347227e-01 0 0
1344.9021 1349.7438 4.651277e-15 2.744258e-16 1.449901e-01 16 0
1345.4832 1350.3270 4.686931e-15 2.785753e-16 1.458799e-01 0 0
1346.0643 1350.9101 4.494971e-15 2.688864e-16 1.396942e-01 0 0
1346.6454 1351.4933 5.246173e-15 2.955145e-16 1.627971e-01 0 0
1347.2265 1352.0765 5.000306e-15 2.849769e-16 1.549371e-01 0 0
1347.8076 1352.6597 4.697411e-15 2.757668e-16 1.453374e-01 0 0
1348.3886 1353.2428 4.581852e-15 2.784288e-16 1.415536e-01 0 0
1348.9697 1353.8260 4.890190e-15 2.808959e-16 1.508570e-01 0 0
1349.5508 1354.4092 4.731005e-15 2.820439e-16 1.457309e-01 0 0
1350.1319 1354.9924 4.541346e-15 2.693791e-16 1.396809e-01 16 0
1350.7130 1355.5755 4.469984e-15 2.781969e-16 1.372809e-01 0 0
1351.2940 1356.1587 4.813646e-15 2.764684e-16 1.476121e-01 0 0
1351.8751 1356.7418 4.611934e-15 2.789434e-16 1.412115e-01 0 0
1352.4562 1357.3250 4.846645e-15 2.892422e-16 1.481680e-01 0 0
1353.0372 1357.9082 4.993909e-15 2.832913e-16 1.524308e-01 0 0
1353.6183 1358.4913 4.454393e-15 2.741106e-16 1.357451e-01 0 0
1354.1994 1359.0745 5.033893e-15 2.872763e-16 1.531558e-01 0 0
1354.7804 1359.6576 4.745418e-15 2.806686e-16 1.441382e-01 0 0
1355.3615 1360.2408 5.113055e-15 2.931936e-16 1.550417e-01 16 0
1355.9426 1360.8240 4.410361e-15 2.767806e-16 1.335010e-01 0 0
1356.5236 1361.4071 4.979160e-15 2.875753e-16 1.504512e-01 0 0
1357.1047 1361.9903 5.218069e-15 2.982985e-16 1.573839e-01 0 0
1357.6857 1362.5734 4.855809e-15 2.794740e-16 1.461879e-01 0 0
1358.2668 1363.1566 4.653138e-15 2.838924e-16 1.398230e-01 0 0
1358.8479 1363.7397 5.153491e-15 2.930319e-16 1.545633e-01 0 0
1359.4289 1364.3229 5.561436e-15 3.036954e-16 1.664751e-01 0 0
1360.0100 1364.9060 5.793718e-15 3.182202e-16 1.730879e-01 0 0
1360.5910 1365.4891 5.590010e-15 3.079797e-16 1.666701e-01 0 0
1361.1721 1366.0723 5.024172e-15 2.897361e-16 1.494985e-01 0 0
1361.7531 1366.6554 5.077205e-15 2.979085e-16 1.507698e-01 0 0
1362.3342 1367.2386 5.271889e-15 2.946832e-16 1.562304e-01 0 0
1362.9152 1367.8217 5.427068e-15 3.058454e-16 1.604969e-01 16 0
1363.4962 1368.4048 5.013389e-15 2.940469e-16 1.479546e-01 0 0
1364.0773 1368.9880 5.794992e-15 3.170817e-16 1.706631e-01 0 0
1364.6583 1369.5711 5.318295e-15 3.021621e-16 1.562947e-01 0 0
1365.2394 1370.1542 5.602087e-15 3.085429e-16 1.642868e-01 0 0
1365.8204 1370.7373 5.442139e-15 3.034463e-16 1.592574e-01 0 0
1366.4014 1371.3205 5.313784e-15 3.074778e-16 1.551700e-01 0 0
1366.9825 1371.9036 4.939646e-15 2.924109e-16 1.439364e-01 0 0
1367.5635 1372.4867 5.144666e-15 3.079024e-16 1.495893e-01 16 0
1368.1445 1373.0698 4.983029e-15 2.964129e-16 1.445782e-01 0 0
1368.7256 1373.6530 5.596664e-15 3.086089e-16 1.620329e-01 0 0
1369.3066 1374.2361 5.901096e-15 3.259955e-16 1.704783e-01 0 0
1369.8876 1374.8192 5.635704e-15 3.089862e-16 1.624597e-01 0 0
1370.4686 1375.4023 5.534753e-15 3.191414e-16 1.591792e-01 0 0
1371.0497 1375.9854 5.760883e-15 3.149429e-16 1.652805e-01 0 0
1371.6307 1376.5686 5.810699e-15 3.215627e-16 1.663048e-01 0 0
1372.2117 1377.1517 5.947288e-15 3.213658e-16 1.698003e-01 16 0
1372.7927 1377.7348 5.478195e-15 3.186020e-16 1.560270e-01 0 0
1373.3737 1378.3179 5.858220e-15 3.201259e-16 1.664450e-01 16 0
1373.9548 1378.9010 6.691732e-15 3.454559e-16 1.896645e-01 0 0
1374.5358 1379.4841 5.349860e-15 3.009521e-16 1.512632e-01 0 0
1375.1168 1380.0672 6.235401e-15 3.413077e-16 1.758733e-01 0 0
1375.6978 1380.6503 5.783016e-15 3.166433e-16 1.627180e-01 0 0
1376.2788 1381.2334 5.997005e-15 3.299833e-16 1.683305e-01 0 0
1376.8598 1381.8165 6.091858e-15 3.294617e-16 1.705796e-01 0 0
1377.4408 1382.3996 6.089380e-15 3.331887e-16 1.700989e-01 0 0
1378.0218 1382.9827 5.964390e-15 3.234938e-16 1.662064e-01 0 0
1378.6028 1383.5658 6.165769e-15 3.375590e-16 1.714058e-01 0 0
1379.1838 1384.1489 5.608400e-15 3.136676e-16 1.555380e-01 0 0
1379.7648 1384.7320 6.113690e-15 3.356456e-16 1.691471e-01 0 0
1380.3458 1385.3151 6.318121e-15 3.372443e-16 1.743879e-01 0 0
1380.9268 1385.8982 5.950322e-15 3.305123e-16 1.638483e-01 0 0
1381.5078 1386.4813 6.289366e-15 3.413752e-16 1.727767e-01 0 0
1382.0888 1387.0643 6.793372e-15 3.487782e-16 1.861859e-01 0 0
1382.6698 1387.6474 6.625090e-15 3.530047e-16 1.811509e-01 0 0
1383.2508 1388.2305 6.777309e-15 3.496068e-16 1.848849e-01 0 0
1383.8318 1388.8136 6.315928e-15 3.439616e-16 1.719021e-01 0 0
1384.4128 1389.3967 7.088736e-15 3.649493e-16 1.924959e-01 0 0
1384.9938 1389.9797 6.580691e-15 3.536664e-16 1.782943e-01 0 0
1385.5748 1390.5628 6.803548e-15 3.593642e-16 1.839180e-01 0 0
1386.1557 1391.1459 7.071602e-15 3.610491e-16 1.907362e-01 0 0
1386.7367 1391.7290 6.661638e-15 3.598968e-16 1.792796e-01 0 0
1387.3177 1392.3120 6.818115e-15 3.560363e-16 1.830840e-01 0 0
1387.8987 1392.8951 6.464836e-15 3.588302e-16 1.732149e-01 0 0
1388.4797 1393.4782 5.542644e-15 3.215639e-16 1.481789e-01 0 0
1389.0606 1394.0613 5.609989e-15 3.257670e-16 1.496500e-01 0 0
1389.6416 1394.6443 6.116651e-15 3.408991e-16 1.628063e-01 0 0
1390.2226 1395.2274 6.394439e-15 3.519263e-16 1.698249e-01 0 0
1390.8036 1395.8105 6.959270e-15 3.608503e-16 1.844171e-01 0 0
1391.3845 1396.3935 6.630942e-15 3.569386e-16 1.753268e-01 0 0
1391.9655 1396.9766 7.267062e-15 3.858127e-16 1.917180e-01 0 0
1392.5465 1397.5596 7.057857e-15 3.611010e-16 1.857803e-01 0 0
1393.1274 1398.1427 6.590029e-15 3.582482e-16 1.730737e-01 0 0
1393.7084 1398.7258 6.111380e-15 3.441421e-16 1.601363e-01 0 0
1394.2894 1399.3088 6.695470e-15 3.580762e-16 1.750375e-01 0 0
1394.8703 1399.8919 6.644672e-15 3.604676e-16 1.733044e-01 0 0
1395.4513 1400.4749 6.954455e-15 3.749045e-16 1.809550e-01 0 0
1396.0322 1401.0580 5.944136e-15 3.369951e-16 1.542949e-01 0 0
1396.6132 1401.6410 7.162101e-15 3.805750e-16 1.854610e-01 0 0
1397.1942 1402.2241 6.434731e-15 3.448475e-16 1.662190e-01 0 0
1397.7751 1402.8071 6.130780e-15 3.514341e-16 1.579792e-01 0 0
1398.3561 1403.3901 6.375991e-15 3.524816e-16 1.638925e-01 0 0
1398.9370 1403.9732 5.680186e-15 3.331895e-16 1.456461e-01 0 0
1399.5180 1404.5562 6.956336e-15 3.734829e-16 1.779266e-01 0 0
1400.0989 1405.1393 6.123561e-15 3.549538e-16 1.562380e-01 0 0
1400.6799 1405.7223 7.259674e-15 3.754750e-16 1.847674e-01 0 0
1401.2608 1406.3053 6.846848e-15 3.711532e-16 1.738301e-01 0 0
1401.8418 1406.8884 6.757554e-15 3.653253e-16 1.711430e-01 0 0
1402.4227 1407.4714 7.101818e-15 3.741996e-16 1.794219e-01 0 0
1403.0036 1408.0545 6.959612e-15 3.689905e-16 1.754045e-01 0 0
1403.5846 1408.6375 6.353676e-15 3.663570e-16 1.597471e-01 0 0
1404.1655 1409.2205 7.134789e-15 3.787304e-16 1.789617e-01 0 0
1404.7465 1409.8035 6.809237e-15 3.647960e-16 1.703930e-01 0 0
1405.3274 1410.3866 7.241330e-15 3.894223e-16 1.807882e-01 0 0
1405.9083 1410.9696 7.615292e-15 3.883221e-16 1.896875e-01 0 0
1406.4893 1411.5526 7.401900e-15 3.917715e-16 1.839559e-01 0 0
1407.0702 1412.1356 7.299217e-15 3.812876e-16 1.809940e-01 0 0
1407.6511 1412.7187 7.989972e-15 4.074716e-16 1.976776e-01 0 0
1408.2320 1413.3017 6.804504e-15 3.706454e-16 1.679692e-01 0 0
1408.8130 1413.8847 7.303729e-15 3.870427e-16 1.798846e-01 0 0
1409.3939 1414.4677 7.297931e-15 3.854665e-16 1.793329e-01 0 0
1409.9748 1415.0507 7.664317e-15 4.031984e-16 1.879008e-01 0 0
1410.5557 1415.6337 6.992910e-15 3.790611e-16 1.710414e-01 0 0
1411.1367 1416.2167 6.914703e-15 3.790784e-16 1.687233e-01 0 0
1411.7176 1416.7998 7.033167e-15 3.799989e-16 1.711994e-01 0 0
1412.2985 1417.3828 7.399738e-15 3.947525e-16 1.796700e-01 0 0
1412.8794 1417.9658 7.320187e-15 3.929343e-16 1.772881e-01 0 0
1413.4603 1418.5488 6.782790e-15 3.832608e-16 1.638363e-01 0 0
1414.0412 1419.1318 7.333483e-15 3.862065e-16 1.766629e-01 0 0
1414.6221 1419.7148 7.134300e-15 4.029296e-16 1.713767e-01 0 0
1415.2031 1420.2978 7.108659e-15 3.818260e-16 1.702716e-01 0 0
1415.7840 1420.8808 7.507871e-15 4.092793e-16 1.792894e-01 0 0
1416.3649 1421.4638 7.029219e-15 3.858104e-16 1.673475e-01 0 0
1416.9458 1422.0468 8.003388e-15 4.168241e-16 1.899360e-01 0 0
1417.5267 1422.6298 7.225894e-15 3.953129e-16 1.709384e-01 0 0
1418.1076 1423.2128 6.624210e-15 3.770114e-16 1.561943e-01 0 0
1418.6885 1423.7958 7.232491e-15 3.934369e-16 1.699795e-01 0 0
1419.2694 1424.3787 7.091719e-15 3.969391e-16 1.661227e-01 0 0
1419.8503 1424.9617 6.824882e-15 3.874042e-16 1.593444e-01 0 0
1420.4312 1425.5447 7.710694e-15 4.099995e-16 1.794500e-01 0 0
1421.0121 1426.1277 6.923667e-15 3.927734e-16 1.606188e-01 16 0
1421.5930 1426.7107 7.039362e-15 3.895639e-16 1.627950e-01 0 0
1422.1739 1427.2937 7.002101e-15 3.944765e-16 1.614286e-01 0 0
1422.7547 1427.8767 7.377876e-15 4.062893e-16 1.695855e-01 0 0
1423.3356 1428.4596 7.340514e-15 3.975496e-16 1.682231e-01 0 0
1423.9165 1429.0426 6.913978e-15 3.947349e-16 1.580063e-01 0 0
1424.4974 1429.6256 7.249133e-15 3.979253e-16 1.652024e-01 0 0
1425.0783 1430.2086 7.890936e-15 4.197557e-16 1.793703e-01 0 0
1425.6592 1430.7915 7.214303e-15 3.948321e-16 1.635703e-01 0 0
1426.2400 1431.3745 6.825801e-15 3.933087e-16 1.544027e-01 0 0
1426.8209 1431.9575 6.957828e-15 3.883186e-16 1.570232e-01 0 0
1427.4018 1432.5405 6.596075e-15 3.918450e-16 1.485409e-01 0 0
1427.9827 1433.1234 6.628521e-15 3.852181e-16 1.489519e-01 0 0
1428.5636 1433.7064 7.637946e-15 4.142119e-16 1.712911e-01 0 0
1429.1444 1434.2894 7.013113e-15 3.952141e-16 1.569630e-01 0 0
1429.7253 1434.8723 7.102166e-15 4.033733e-16 1.586509e-01 0 0
1430.3062 1435.4553 7.117367e-15 4.033041e-16 1.586850e-01 0 0
1430.8870 1436.0382 7.523002e-15 4.239207e-16 1.674129e-01 0 0
1431.4679 1436.6212 7.036889e-15 4.066979e-16 1.562998e-01 0 0
1432.0488 1437.2042 6.677148e-15 3.824170e-16 1.480284e-01 16 0
1432.6296 1437.7871 6.583410e-15 3.899518e-16 1.456729e-01 0 0
1433.2105 1438.3701 7.506087e-15 4.178123e-16 1.657643e-01 0 0
1433.7914 1438.9530 6.132253e-15 3.701357e-16 1.351584e-01 0 0
1434.3722 1439.5360 6.975744e-15 4.076597e-16 1.534321e-01 0 0
1434.9531 1440.1189 7.249929e-15 4.101406e-16 1.591315e-01 0 0
1435.5339 1440.7019 6.610044e-15 3.886355e-16 1.447663e-01 0 0
1436.1148 1441.2848 7.314249e-15 4.152357e-16 1.598325e-01 0 0
1436.6957 1441.8678 6.925110e-15 3.953133e-16 1.509742e-01 0 0
1437.2765 1442.4507 6.675820e-15 4.001566e-16 1.451953e-01 0 0
1437.8574 1443.0336 6.427129e-15 3.860724e-16 1.394417e-01 0 0
1438.4382 1443.6166 6.417401e-15 3.853240e-16 1.388844e-01 16 0
1439.0191 1444.1995 6.592328e-15 4.048676e-16 1.423036e-01 0 0
1439.5999 1444.7825 6.046608e-15 3.794384e-16 1.301858e-01 0 0
1440.1807 1445.3654 5.899006e-15 3.663302e-16 1.266706e-01 0 0
1440.7616 1445.9483 5.892208e-15 3.840144e-16 1.261864e-01 0 0
1441.3424 1446.5313 5.705965e-15 3.688612e-16 1.218648e-01 0 0
1441.9233 1447.1142 5.440229e-15 3.583398e-16 1.158707e-01 0 0
1442.5041 1447.6971 6.192612e-15 3.919061e-16 1.315295e-01 0 0
1443.0850 1448.2801 5.483182e-15 3.633283e-16 1.161364e-01 0 0
1443.6658 1448.8630 5.691100e-15 3.715223e-16 1.202011e-01 0 0
1444.2466 1449.4459 5.909368e-15 3.734263e-16 1.244584e-01 0 0
1444.8275 1450.0288 5.816962e-15 3.819445e-16 1.221654e-01 0 0
1445.4083 1450.6118 5.276280e-15 3.539783e-16 1.104955e-01 0 0
1445.9891 1451.1947 4.730608e-15 3.407849e-16 9.878726e-02 0 0
1446.5699 1451.7776 5.552245e-15 3.690235e-16 1.156157e-01 0 0
1447.1508 1452.3605 5.256835e-15 3.593154e-16 1.091552e-01 0 0
1447.7316 1452.9434 4.902378e-15 3.431036e-16 1.015074e-01 16 0
1448.3124 1453.5263 4.307533e-15 3.286608e-16 8.894062e-02 0 0
1448.8932 1454.1093 5.153778e-15 3.561916e-16 1.061152e-01 0 0
1449.4741 1454.6922 4.138755e-15 3.235844e-16 8.498000e-02 0 0
1450.0549 1455.2751 4.222656e-15 3.240108e-16 8.646281e-02 0 0
1450.6357 1455.8580 4.510888e-15 3.363567e-16 9.211285e-02 0 0
1451.2165 1456.4409 3.990321e-15 3.119417e-16 8.126125e-02 0 0
1451.7973 1457.0238 4.259863e-15 3.307186e-16 8.651876e-02 0 0
1452.3782 1457.6067 3.969318e-15 3.124209e-16 8.040339e-02 0 0
1452.9590 1458.1896 3.642665e-15 3.112143e-16 7.359482e-02 0 0
1453.5398 1458.7725 3.822755e-15 3.021604e-16 7.703371e-02 0 0
1454.1206 1459.3554 3.162776e-15 2.896066e-16 6.357370e-02 0 0
1454.7014 1459.9383 3.751703e-15 3.138948e-16 7.522304e-02 0 0
1455.2822 1460.5212 3.599534e-15 3.073527e-16 7.199638e-02 0 0
1455.8630 1461.1041 4.284187e-15 3.346273e-16 8.548394e-02 0 0
1456.4438 1461.6870 3.924715e-15 3.146587e-16 7.812652e-02 0 0
1457.0246 1462.2699 3.652095e-15 3.050689e-16 7.252952e-02 0 0
1457.6054 1462.8528 3.582210e-15 3.049611e-16 7.097735e-02 0 0
1458.1862 1463.4357 3.486918e-15 3.039851e-16 6.893045e-02 0 0
1458.7670 1464.0186 3.396124e-15 3.020605e-16 6.698213e-02 0 0
1459.3478 1464.6015 3.659329e-15 3.141547e-16 7.200854e-02 0 0
1459.9286 1465.1843 4.022522e-15 3.306360e-16 7.897427e-02 0 0
1460.5094 1465.7672 3.995650e-15 3.232588e-16 7.826666e-02 0 0
1461.0902 1466.3501 3.850485e-15 3.184296e-16 7.524838e-02 0 0
1461.6710 1466.9330 4.365080e-15 3.433826e-16 8.510592e-02 0 0
1462.2518 1467.5159 4.332278e-15 3.447568e-16 8.426601e-02 0 0
1462.8325 1468.0987 3.889677e-15 3.230553e-16 7.547570e-02 0 0
1463.4133 1468.6816 3.394427e-15 3.065990e-16 6.570426e-02 0 0
1463.9941 1469.2645 3.474513e-15 3.039518e-16 6.708711e-02 0 0
1464.5749 1469.8474 3.816736e-15 3.206879e-16 7.350621e-02 0 0
1465.1557 1470.4302 4.700919e-15 3.513811e-16 9.029857e-02 0 0
1465.7365 1471.0131 4.511560e-15 3.500545e-16 8.642937e-02 0 0
1466.3172 1471.5960 3.942618e-15 3.263188e-16 7.532437e-02 0 0
1466.8980 1472.1788 4.685837e-15 3.536583e-16 8.927565e-02 0 0
1467.4788 1472.7617 4.716949e-15 3.590414e-16 8.961621e-02 0 0
1468.0596 1473.3446 5.086189e-15 3.738430e-16 9.635703e-02 0 0
1468.6403 1473.9274 4.681695e-15 3.536507e-16 8.843996e-02 0 0
1469.2211 1474.5103 4.418648e-15 3.476990e-16 8.323058e-02 0 0
1469.8019 1475.0932 4.519793e-15 3.504763e-16 8.488979e-02 0 0
1470.3826 1475.6760 4.940943e-15 3.704077e-16 9.253567e-02 0 0
1470.9634 1476.2589 4.439595e-15 3.513888e-16 8.290980e-02 0 0
1471.5442 1476.8417 4.601818e-15 3.509757e-16 8.569653e-02 0 0
1472.1249 1477.4246 4.846361e-15 3.625066e-16 8.999674e-02 0 0
1472.7057 1478.0074 4.795796e-15 3.631498e-16 8.881060e-02 0 0
1473.2865 1478.5903 4.925473e-15 3.619149e-16 9.096160e-02 0 0
1473.8672 1479.1731 5.264385e-15 3.809074e-16 9.695825e-02 0 0
1474.4480 1479.7560 5.168083e-15 3.827459e-16 9.493181e-02 0 0
1475.0287 1480.3388 5.072933e-15 3.720580e-16 9.294199e-02 0 0
1475.6095 1480.9217 4.458632e-15 3.550306e-16 8.147948e-02 0 0
1476.1902 1481.5045 4.989110e-15 3.678024e-16 9.094547e-02 0 0
1476.7710 1482.0874 4.482704e-15 3.545803e-16 8.151291e-02 0 0
1477.3517 1482.6702 5.669778e-15 3.905282e-16 1.028459e-01 0 0
1477.9325 1483.2530 5.524149e-15 3.915755e-16 9.996018e-02 0 0
1478.5132 1483.8359 5.209152e-15 3.929849e-16 9.402993e-02 0 0
1479.0940 1484.4187 5.476397e-15 3.911018e-16 9.861164e-02 0 0
1479.6747 1485.0015 5.604612e-15 3.971859e-16 1.006699e-01 0 0
1480.2555 1485.5844 5.830743e-15 4.066866e-16 1.044683e-01 0 0
1480.8362 1486.1672 5.935357e-15 4.095726e-16 1.060698e-01 0 0
1481.4169 1486.7500 6.015706e-15 4.059534e-16 1.072237e-01 0 0
1481.9977 1487.3329 6.087642e-15 4.228920e-16 1.082135e-01 0 0
1482.5784 1487.9157 6.113103e-15 4.152649e-16 1.083639e-01 0 0
1483.1591 1488.4985 5.451932e-15 3.967740e-16 9.636620e-02 0 0
1483.7399 1489.0813 6.191536e-15 4.190591e-16 1.091127e-01 0 0
1484.3206 1489.6642 5.962637e-15 4.234335e-16 1.047540e-01 0 0
1484.9013 1490.2470 6.412336e-15 4.286140e-16 1.122902e-01 0 0
1485.4821 1490.8298 5.831532e-15 4.075889e-16 1.017787e-01 0 0
1486.0628 1491.4126 6.089338e-15 4.299939e-16 1.059088e-01 0 0
1486.6435 1491.9954 6.335364e-15 4.350754e-16 1.097963e-01 0 0
1487.2242 1492.5782 6.252104e-15 4.316854e-16 1.079566e-01 0 0
1487.8050 1493.1611 6.286023e-15 4.330234e-16 1.081393e-01 0 0
1488.3857 1493.7439 6.105748e-15 4.259245e-16 1.046405e-01 0 0
1488.9664 1494.3267 5.924018e-15 4.263315e-16 1.011392e-01 0 0
1489.5471 1494.9095 6.551397e-15 4.410982e-16 1.114203e-01 0 0
1490.1278 1495.4923 6.417214e-15 4.442228e-16 1.087185e-01 0 0
1490.7086 1496.0751 6.570505e-15 4.389820e-16 1.108882e-01 0 0
1491.2893 1496.6579 6.350319e-15 4.382124e-16 1.067627e-01 0 0
1491.8700 1497.2407 7.136276e-15 4.649180e-16 1.195235e-01 0 0
1492.4507 1497.8235 6.861179e-15 4.590742e-16 1.144868e-01 0 0
1493.0314 1498.4063 6.834802e-15 4.583520e-16 1.136307e-01 0 0
1493.6121 1498.9891 6.576035e-15 4.544088e-16 1.089364e-01 0 0
1494.1928 1499.5719 6.595262e-15 4.514059e-16 1.088773e-01 0 0
1494.7735 1500.1547 6.804663e-15 4.642221e-16 1.119538e-01 0 0
1495.3542 1500.7375 6.479285e-15 4.563420e-16 1.062555e-01 0 0
1495.9349 1501.3203 6.349182e-15 4.413311e-16 1.037911e-01 0 0
1496.5156 1501.9031 7.152252e-15 4.781462e-16 1.165646e-01 0 0
1497.0963 1502.4859 6.910832e-15 4.707115e-16 1.122929e-01 0 0
1497.6770 1503.0687 6.940197e-15 4.665960e-16 1.124444e-01 0 0
1498.2577 1503.6514 6.552332e-15 4.599046e-16 1.058559e-01 0 0
1498.8384 1504.2342 6.930341e-15 4.684961e-16 1.116491e-01 0 0
1499.4191 1504.8170 6.494974e-15 4.616251e-16 1.043426e-01 0 0
1499.9998 1505.3998 6.517186e-15 4.537049e-16 1.044093e-01 0 0
1500.5805 1505.9826 6.256254e-15 4.442415e-16 9.994996e-02 0 0
1501.1612 1506.5654 6.379696e-15 4.495932e-16 1.016365e-01 0 0
1501.7419 1507.1481 6.211242e-15 4.477912e-16 9.867283e-02 0 0
1502.3225 1507.7309 6.377002e-15 4.501876e-16 1.010132e-01 0 0
1502.9032 1508.3137 5.821729e-15 4.371189e-16 9.194723e-02 0 0
1503.4839 1508.8965 7.625534e-15 4.931014e-16 1.200705e-01 0 0
1504.0646 1509.4792 6.471385e-15 4.602825e-16 1.015826e-01 0 0
1504.6453 1510.0620 7.303880e-15 4.819804e-16 1.142787e-01 0 0
1505.2259 1510.6448 7.537068e-15 4.996039e-16 1.175381e-01 0 0
1505.8066 1511.2275 7.176607e-15 4.769945e-16 1.115282e-01 0 0
1506.3873 1511.8103 6.831525e-15 4.693551e-16 1.057915e-01 0 0
1506.9680 1512.3931 7.925427e-15 5.111420e-16 1.222801e-01 0 0
1507.5486 1512.9758 8.414773e-15 5.286009e-16 1.293469e-01 0 0
1508.1293 1513.5586 6.826041e-15 4.741278e-16 1.045207e-01 0 0
1508.7100 1514.1413 7.047377e-15 4.876671e-16 1.074890e-01 0 0
1509.2906 1514.7241 7.009270e-15 4.775549e-16 1.064780e-01 0 0
1509.8713 1515.3069 8.399298e-15 5.370314e-16 1.270766e-01 0 0
1510.4520 1515.8896 7.618087e-15 5.090785e-16 1.147785e-01 0 0
1511.0326 1516.4724 7.037811e-15 4.768597e-16 1.055921e-01 0 0
1511.6133 1517.0551 6.103711e-15 4.584917e-16 9.118693e-02 0 0
1512.1940 1517.6379 8.249717e-15 5.255531e-16 1.227187e-01 0 0
1512.7746 1518.2206 7.101057e-15 4.821618e-16 1.051723e-01 0 0
1513.3553 1518.8034 7.386862e-15 5.122594e-16 1.089268e-01 0 0
1513.9359 1519.3861 7.572002e-15 5.102066e-16 1.111644e-01 0 0
1514.5166 1519.9688 8.123019e-15 5.217957e-16 1.187255e-01 0 0
1515.0972 1520.5516 7.764198e-15 5.287317e-16 1.129761e-01 0 0
1515.6779 1521.1343 7.014107e-15 4.935600e-16 1.016055e-01 0 0
1516.2585 1521.7171 7.576063e-15 5.143112e-16 1.092554e-01 0 0
1516.8392 1522.2998 8.240199e-15 5.346691e-16 1.182997e-01 0 0
1517.4198 1522.8825 7.000606e-15 4.926913e-16 1.000534e-01 0 0
1518.0005 1523.4653 6.853954e-15 5.106909e-16 9.751710e-02 0 0
1518.5811 1524.0480 6.547840e-15 4.831676e-16 9.274545e-02 0 0
1519.1618 1524.6307 8.395226e-15 5.500444e-16 1.183790e-01 0 0
1519.7424 1525.2135 7.566669e-15 5.228811e-16 1.062309e-01 0 0
1520.3230 1525.7962 7.204609e-15 5.098753e-16 1.007300e-01 0 0
1520.9037 1526.3789 6.517180e-15 4.908410e-16 9.074747e-02 0 0
1521.4843 1526.9617 4.652153e-15 4.220239e-16 6.451314e-02 0 0
1522.0649 1527.5444 5.175403e-15 4.424239e-16 7.148043e-02 0 0
1522.6456 1528.1271 5.644439e-15 4.533263e-16 7.764357e-02 0 0
1523.2262 1528.7098 6.755073e-15 5.116319e-16 9.255370e-02 0 0
1523.8068 1529.2925 6.982134e-15 5.104481e-16 9.528486e-02 0 0
1524.3875 1529.8753 7.771157e-15 5.445278e-16 1.056420e-01 0 0
1524.9681 1530.4580 7.454505e-15 5.291030e-16 1.009434e-01 16 0
1525.5487 1531.0407 8.219054e-15 5.604768e-16 1.108743e-01 0 0
1526.1293 1531.6234 7.007777e-15 5.124495e-16 9.417411e-02 0 0
1526.7100 1532.2061 6.291819e-15 4.903171e-16 8.423658e-02 0 0
1527.2906 1532.7888 7.759702e-15 5.498890e-16 1.034987e-01 0 0
1527.8712 1533.3715 8.240010e-15 5.542204e-16 1.094968e-01 0 0
1528.4518 1533.9543 7.205852e-15 5.271934e-16 9.539706e-02 0 0
1529.0324 1534.5370 7.887825e-15 5.478183e-16 1.040365e-01 0 0
1529.6131 1535.1197 8.686367e-15 5.835532e-16 1.141401e-01 0 0
1530.1937 1535.7024 7.349368e-15 5.286737e-16 9.620874e-02 0 0
1530.7743 1536.2851 7.798146e-15 5.499594e-16 1.016980e-01 0 0
1531.3549 1536.8678 7.832568e-15 5.516646e-16 1.017563e-01 0 0
1531.9355 1537.4505 8.753017e-15 5.824595e-16 1.132772e-01 0 0
1532.5161 1538.0332 7.906488e-15 5.546731e-16 1.019207e-01 0 0
1533.0967 1538.6159 9.392126e-15 6.161655e-16 1.205944e-01 0 0
1533.6773 1539.1986 7.874953e-15 5.612512e-16 1.007051e-01 0 0
1534.2579 1539.7813 7.538636e-15 5.563305e-16 9.601203e-02 0 0
1534.8385 1540.3639 8.438918e-15 5.864552e-16 1.070276e-01 0 0
1535.4191 1540.9466 7.236290e-15 5.420944e-16 9.138767e-02 0 0
1535.9997 1541.5293 8.787044e-15 5.939715e-16 1.104928e-01 0 0
1536.5803 1542.1120 8.772034e-15 6.072372e-16 1.098242e-01 0 0
1537.1609 1542.6947 7.555610e-15 5.452337e-16 9.417725e-02 0 0
1537.7415 1543.2774 9.044974e-15 6.182128e-16 1.122407e-01 0 0
1538.3221 1543.8601 8.935814e-15 6.014380e-16 1.103906e-01 0 0
1538.9027 1544.4427 6.729277e-15 5.315782e-16 8.275813e-02 0 0
1539.4833 1545.0254 8.473796e-15 5.951819e-16 1.037454e-01 0 0
1540.0639 1545.6081 8.035666e-15 5.763781e-16 9.793831e-02 0 0
1540.6445 1546.1908 8.960347e-15 6.135806e-16 1.087213e-01 0 0
1541.2250 1546.7735 7.714907e-15 5.667115e-16 9.319095e-02 0 0
1541.8056 1547.3561 6.657684e-15 5.320709e-16 8.006696e-02 0 0
1542.3862 1547.9388 7.154420e-15 5.560666e-16 8.566222e-02 0 0
1542.9668 1548.5215 5.923212e-15 4.997829e-16 7.061612e-02 0 0
1543.5474 1549.1041 5.583183e-15 4.904761e-16 6.627677e-02 0 0
1544.1279 1549.6868 5.113723e-15 4.735046e-16 6.045177e-02 0 0
1544.7085 1550.2695 6.653798e-15 5.403649e-16 7.833201e-02 0 0
1545.2891 1550.8521 6.008985e-15 5.074510e-16 7.045829e-02 0 0
1545.8697 1551.4348 6.229139e-15 5.277414e-16 7.274926e-02 0 0
1546.4502 1552.0175 5.731059e-15 5.020372e-16 6.667313e-02 16 0
1547.0308 1552.6001 6.630045e-15 5.470377e-16 7.683395e-02 0 0
1547.6114 1553.1828 6.993089e-15 5.504667e-16 8.073388e-02 0 0
1548.1919 1553.7654 6.593483e-15 5.455930e-16 7.583226e-02 0 0
1548.7725 1554.3481 5.957896e-15 5.127114e-16 6.826456e-02 0 0
1549.3531 1554.9307 7.539467e-15 5.832709e-16 8.606054e-02 0 0
1549.9336 1555.5134 6.966124e-15 5.653421e-16 7.921582e-02 0 0
1550.5142 1556.0961 8.043061e-15 5.909177e-16 9.111560e-02 0 0
1551.0948 1556.6787 6.938107e-15 5.480478e-16 7.829656e-02 0 0
1551.6753 1557.2614 7.686406e-15 5.801840e-16 8.640585e-02 0 0
1552.2559 1557.8440 6.923193e-15 5.646846e-16 7.751932e-02 0 0
1552.8364 1558.4266 7.581977e-15 5.952712e-16 8.455746e-02 0 0
1553.4170 1559.0093 7.546859e-15 5.857136e-16 8.382071e-02 0 0
1553.9975 1559.5919 7.945095e-15 5.982791e-16 8.787693e-02 0 0
1554.5781 1560.1746 7.806985e-15 6.087062e-16 8.597822e-02 0 0
1555.1586 1560.7572 7.136599e-15 5.730476e-16 7.825191e-02 0 0
1555.7392 1561.3398 6.177871e-15 5.337825e-16 6.743461e-02 0 0
1556.3197 1561.9225 7.768553e-15 6.046646e-16 8.440991e-02 0 0
1556.9003 1562.5051 6.452578e-15 5.347055e-16 6.978285e-02 0 0
1557.4808 1563.0878 6.903188e-15 5.821286e-16 7.430185e-02 0 0
1558.0614 1563.6704 7.735900e-15 6.071260e-16 8.286274e-02 0 0
1558.6419 1564.2530 6.755598e-15 5.645341e-16 7.200906e-02 0 0
1559.2224 1564.8356 7.488738e-15 5.990740e-16 7.942940e-02 0 0
1559.8030 1565.4183 6.366223e-15 5.489200e-16 6.718688e-02 0 0
1560.3835 1566.0009 6.853776e-15 5.647261e-16 7.196928e-02 0 0
1560.9640 1566.5835 7.085816e-15 5.851702e-16 7.402992e-02 0 0
1561.5446 1567.1661 6.541891e-15 5.655141e-16 6.800093e-02 0 0
1562.1251 1567.7488 7.248622e-15 5.905951e-16 7.496385e-02 0 0
1562.7056 1568.3314 8.333026e-15 6.342354e-16 8.574080e-02 0 0
1563.2862 1568.9140 7.105043e-15 5.942861e-16 7.273379e-02 0 0
1563.8667 1569.4966 6.865845e-15 5.808987e-16 6.992947e-02 0 0
1564.4472 1570.0792 6.760464e-15 5.820202e-16 6.850811e-02 0 0
1565.0277 1570.6618 6.498020e-15 5.721806e-16 6.551839e-02 0 0
1565.6083 1571.2445 6.119838e-15 5.500704e-16 6.139681e-02 0 0
1566.1888 1571.8271 6.750815e-15 5.832128e-16 6.739102e-02 0 0
1566.7693 1572.4097 6.961351e-15 5.967742e-16 6.914912e-02 0 0
1567.3498 1572.9923 7.603745e-15 6.192729e-16 7.515928e-02 0 0
1567.9303 1573.5749 7.121064e-15 6.061463e-16 7.004373e-02 0 0
1568.5109 1574.1575 6.553413e-15 5.857380e-16 6.414653e-02 0 0
1569.0914 1574.7401 7.267865e-15 6.080515e-16 7.079458e-02 0 0
1569.6719 1575.3227 7.461268e-15 6.276092e-16 7.232796e-02 0 0
1570.2524 1575.9053 7.304924e-15 6.213517e-16 7.047230e-02 0 0
1570.8329 1576.4879 8.362065e-15 6.626333e-16 8.028501e-02 0 0
1571.4134 1577.0705 7.004644e-15 6.198355e-16 6.693153e-02 0 0
1571.9939 1577.6531 7.289079e-15 6.118230e-16 6.931841e-02 0 0
1572.5744 1578.2357 6.392751e-15 6.014620e-16 6.050624e-02 0 0
1573.1549 1578.8183 6.533628e-15 5.860718e-16 6.154729e-02 0 0
1573.7354 1579.4009 6.255084e-15 5.917312e-16 5.864545e-02 0 0
1574.3159 1579.9835 7.030382e-15 6.133915e-16 6.560404e-02 0 0
1574.8964 1580.5660 7.702406e-15 6.437131e-16 7.153721e-02 0 0
1575.4769 1581.1486 7.928273e-15 6.555015e-16 7.328926e-02 0 0
1576.0574 1581.7312 7.084310e-15 6.274110e-16 6.518054e-02 0 0
1576.6379 1582.3138 5.966478e-15 5.728462e-16 5.463813e-02 0 0
1577.2184 1582.8964 7.556350e-15 6.446195e-16 6.887263e-02 0 0
1577.7989 1583.4790 7.370267e-15 6.450784e-16 6.686070e-02 0 0
1578.3794 1584.0615 6.519727e-15 6.060803e-16 5.886641e-02 0 0
1578.9599 1584.6441 7.336351e-15 6.571465e-16 6.592688e-02 0 0
1579.5404 1585.2267 6.784378e-15 6.315071e-16 6.067806e-02 0 0
1580.1208 1585.8093 7.440327e-15 6.468254e-16 6.622836e-02 0 0
1580.7013 1586.3918 7.147315e-15 6.343635e-16 6.331649e-02 16 0
1581.2818 1586.9744 5.865025e-15 5.795064e-16 5.170766e-02 16 0
1581.8623 1587.5570 7.394028e-15 6.515077e-16 6.487337e-02 0 0
1582.4428 1588.1396 6.612765e-15 6.169919e-16 5.773719e-02 0 0
1583.0232 1588.7221 7.053097e-15 6.385474e-16 6.128097e-02 0 0
1583.6037 1589.3047 6.641044e-15 6.096871e-16 5.741699e-02 0 0
1584.1842 1589.8873 5.554507e-15 5.762070e-16 4.778502e-02 0 0
1584.7647 1590.4698 6.113521e-15 5.911668e-16 5.233155e-02 0 0
1585.3451 1591.0524 8.720759e-15 7.213657e-16 7.427353e-02 0 0
1585.9256 1591.6349 6.310500e-15 6.119715e-16 5.347341e-02 0 0
1586.5061 1592.2175 6.918535e-15 6.479791e-16 5.832689e-02 0 0
1587.0865 1592.8001 6.738052e-15 6.286353e-16 5.651442e-02 0 0
1587.6670 1593.3826 7.300097e-15 6.738180e-16 6.091379e-02 0 0
1588.2475 1593.9652 7.388328e-15 6.590073e-16 6.133203e-02 0 0
1588.8279 1594.5477 6.481145e-15 6.282416e-16 5.352347e-02 0 0
1589.4084 1595.1303 6.871195e-15 6.691505e-16 5.645091e-02 0 0
1589.9889 1595.7128 5.995915e-15 6.093946e-16 4.900528e-02 0 0
1590.5693 1596.2954 6.491543e-15 6.379442e-16 5.278140e-02 0 0
1591.1498 1596.8779 6.557536e-15 6.461097e-16 5.304289e-02 16 0
1591.7302 1597.4605 6.344357e-15 6.188483e-16 5.105366e-02 0 0
1592.3107 1598.0430 5.797817e-15 6.220372e-16 4.641634e-02 0 0
1592.8911 1598.6255 6.662885e-15 6.543654e-16 5.306856e-02 0 0
1593.4716 1599.2081 6.492928e-15 6.489038e-16 5.145230e-02 0 0
1594.0520 1599.7906 6.457721e-15 6.503145e-16 5.091381e-02 0 0
1594.6325 1600.3732 6.276125e-15 6.236502e-16 4.923412e-02 0 0
1595.2129 1600.9557 6.222527e-15 6.450706e-16 4.856954e-02 0 0
1595.7934 1601.5382 5.782106e-15 6.175857e-16 4.490944e-02 0 0
1596.3738 1602.1208 5.902371e-15 6.137005e-16 4.561812e-02 0 0
1596.9543 1602.7033 6.129087e-15 6.470951e-16 4.714129e-02 0 0
1597.5347 1603.2858 5.892397e-15 6.356535e-16 4.510223e-02 0 0
1598.1151 1603.8683 6.936037e-15 6.789647e-16 5.283939e-02 0 0
1598.6956 1604.4509 5.052252e-15 5.908164e-16 3.830701e-02 0 0
1599.2760 1605.0334 5.041509e-15 5.817940e-16 3.804923e-02 0 0
1599.8564 1605.6159 5.452875e-15 6.108108e-16 4.096472e-02 0 0
1600.4369 1606.1984 6.527285e-15 6.670422e-16 4.881636e-02 0 0
1601.0173 1606.7810 6.149887e-15 6.513265e-16 4.578840e-02 0 0
1601.5977 1607.3635 4.943286e-15 5.851212e-16 3.664482e-02 0 0
1602.1782 1607.9460 4.141496e-15 5.415301e-16 3.056823e-02 0 0
1602.7586 1608.5285 4.514997e-15 5.586851e-16 3.318532e-02 0 0
1603.3390 1609.1110 3.121253e-15 4.765255e-16 2.284552e-02 16 0
1603.9194 1609.6935 4.980287e-15 5.849579e-16 3.630558e-02 0 0
1604.4999 1610.2761 4.635755e-15 5.767365e-16 3.365844e-02 0 0
1605.0803 1610.8586 4.021779e-15 5.270010e-16 2.908784e-02 0 0
1605.6607 1611.4411 6.042291e-15 6.532864e-16 4.353318e-02 0 0
1606.2411 1612.0236 5.430571e-15 6.243777e-16 3.898068e-02 0 0
1606.8215 1612.6061 5.495061e-15 6.237095e-16 3.929748e-02 0 0
1607.4019 1613.1886 5.044500e-15 5.989278e-16 3.594600e-02 0 0
1607.9824 1613.7711 5.655954e-15 6.349173e-16 4.015873e-02 0 0
1608.5628 1614.3536 5.612813e-15 6.364639e-16 3.971383e-02 0 0
1609.1432 1614.9361 5.801252e-15 6.348498e-16 4.090436e-02 0 0
1609.7236 1615.5186 4.452109e-15 5.756357e-16 3.128502e-02 0 0
1610.3040 1616.1011 6.262065e-15 6.603187e-16 4.385397e-02 0 0
1610.8844 1616.6836 6.214648e-15 6.864721e-16 4.337675e-02 0 0
1611.4648 1617.2661 5.739990e-15 6.308579e-16 3.992984e-02 0 0
1612.0452 1617.8486 4.851572e-15 6.104916e-16 3.363836e-02 0 0
1612.6256 1618.4311 7.820083e-15 7.431824e-16 5.404122e-02 0 0
1613.2060 1619.0136 4.963947e-15 6.103765e-16 3.419117e-02 0 0
1613.7864 1619.5960 5.121832e-15 6.123398e-16 3.516250e-02 0 0
1614.3668 1620.1785 4.778289e-15 5.923173e-16 3.269622e-02 0 0
1614.9472 1620.7610 6.309462e-15 6.775901e-16 4.303113e-02 0 0
1615.5276 1621.3435 6.222881e-15 6.786855e-16 4.230075e-02 0 0
1616.1080 1621.9260 4.814599e-15 5.973926e-16 3.261949e-02 0 0
1616.6884 1622.5085 5.562116e-15 6.496901e-16 3.755963e-02 0 0
1617.2688 1623.0909 7.180776e-15 7.284167e-16 4.832938e-02 0 0
1617.8492 1623.6734 6.599537e-15 6.962893e-16 4.427099e-02 0 0
1618.4295 1624.2559 5.839446e-15 6.729108e-16 3.904250e-02 0 0
1619.0099 1624.8384 6.561154e-15 7.026764e-16 4.372366e-02 0 0
1619.5903 1625.4208 6.935079e-15 7.194493e-16 4.606806e-02 0 0
1620.1707 1626.0033 5.676140e-15 6.581481e-16 3.758880e-02 0 0
1620.7511 1626.5858 6.970041e-15 7.108078e-16 4.601415e-02 0 0
1621.3315 1627.1682 6.929712e-15 7.445121e-16 4.560765e-02 0 0
1621.9118 1627.7507 7.623621e-15 7.535559e-16 5.002004e-02 0 0
1622.4922 1628.3332 7.237531e-15 7.418650e-16 4.734279e-02 0 0
1623.0726 1628.9156 5.905922e-15 6.778288e-16 3.851467e-02 16 0
1623.6530 1629.4981 6.634508e-15 7.177713e-16 4.313656e-02 0 0
1624.2333 1630.0806 7.128624e-15 7.261217e-16 4.620998e-02 0 0
1624.8137 1630.6630 6.940886e-15 7.446496e-16 4.486018e-02 0 0
1625.3941 1631.2455 7.641815e-15 7.512294e-16 4.924409e-02 0 0
1625.9744 1631.8279 7.051121e-15 7.331419e-16 4.530515e-02 0 0
1626.5548 1632.4104 6.890826e-15 7.243293e-16 4.414568e-02 0 0
1627.1352 1632.9928 6.693871e-15 7.315317e-16 4.275990e-02 0 0
1627.7155 1633.5753 6.870336e-15 7.183667e-16 4.375982e-02 0 0
1628.2959 1634.1578 6.919854e-15 7.393736e-16 4.394827e-02 0 0
1628.8762 1634.7402 7.657287e-15 7.754292e-16 4.849117e-02 0 0
1629.4566 1635.3226 7.008354e-15 7.390573e-16 4.425384e-02 0 0
1630.0370 1635.9051 6.599530e-15 7.083476e-16 4.155185e-02 0 0
1630.6173 1636.4875 7.348717e-15 7.705324e-16 4.613508e-02 0 0
1631.1977 1637.0700 6.963426e-15 7.271895e-16 4.358932e-02 0 0
1631.7780 1637.6524 7.940277e-15 7.982297e-16 4.955930e-02 0 0
1632.3584 1638.2349 6.385313e-15 7.108050e-16 3.973731e-02 0 0
1632.9387 1638.8173 7.976414e-15 7.904163e-16 4.949271e-02 0 0
1633.5191 1639.3997 7.434402e-15 7.733548e-16 4.599286e-02 0 0
1634.0994 1639.9822 7.614377e-15 7.696641e-16 4.696522e-02 0 0
1634.6798 1640.5646 7.259409e-15 7.607426e-16 4.464099e-02 0 0
1635.2601 1641.1470 8.713934e-15 8.278908e-16 5.342299e-02 0 0
1635.8404 1641.7295 8.026345e-15 7.866536e-16 4.905764e-02 0 0
1636.4208 1642.3119 7.937965e-15 8.044435e-16 4.837015e-02 0 0
1637.0011 1642.8943 7.966886e-15 8.001378e-16 4.839854e-02 0 0
1637.5815 1643.4768 8.104938e-15 8.095564e-16 4.908896e-02 0 0
1638.1618 1644.0592 7.518909e-15 7.787397e-16 4.540233e-02 0 0
1638.7421 1644.6416 8.673496e-15 8.367392e-16 5.221977e-02 0 0
1639.3225 1645.2240 7.512955e-15 7.722507e-16 4.509945e-02 0 0
1639.9028 1645.8064 7.734359e-15 7.921968e-16 4.629609e-02 0 0
1640.4831 1646.3889 7.747271e-15 7.993298e-16 4.624178e-02 0 0
1641.0635 1646.9713 7.247579e-15 7.667757e-16 4.314148e-02 0 0
1641.6438 1647.5537 9.173217e-15 8.682403e-16 5.445658e-02 0 0
1642.2241 1648.1361 8.690848e-15 8.270583e-16 5.146106e-02 0 0
1642.8044 1648.7185 8.267400e-15 8.456690e-16 4.883021e-02 0 0
1643.3847 1649.3009 9.734895e-15 8.801786e-16 5.736200e-02 0 0
1643.9651 1649.8833 7.571558e-15 8.084122e-16 4.451142e-02 0 0
1644.5454 1650.4658 8.590460e-15 8.343563e-16 5.039329e-02 0 0
1645.1257 1651.0482 7.589485e-15 7.981539e-16 4.442863e-02 0 0
1645.7060 1651.6306 8.651606e-15 8.530244e-16 5.054713e-02 0 0
1646.2863 1652.2130 8.143455e-15 8.239498e-16 4.748711e-02 0 0
1646.8667 1652.7954 7.395347e-15 7.971667e-16 4.304517e-02 0 0
1647.4470 1653.3778 8.930153e-15 8.617722e-16 5.188411e-02 0 0
1648.0273 1653.9602 7.568942e-15 8.068413e-16 4.389620e-02 0 0
1648.6076 1654.5426 7.743945e-15 7.947605e-16 4.483029e-02 0 0
1649.1879 1655.1250 9.153160e-15 8.883196e-16 5.289086e-02 0 0
1649.7682 1655.7074 7.134191e-15 7.759408e-16 4.114767e-02 0 0
1650.3485 1656.2898 8.636360e-15 8.625717e-16 4.971466e-02 0 0
1650.9288 1656.8721 7.017541e-15 7.591730e-16 4.031553e-02 0 0
1651.5091 1657.4545 7.302565e-15 8.062167e-16 4.186352e-02 0 0
1652.0894 1658.0369 7.951197e-15 8.191426e-16 4.548135e-02 0 0
1652.6697 1658.6193 7.595180e-15 8.138575e-16 4.334104e-02 0 0
1653.2500 1659.2017 7.926137e-15 8.348897e-16 4.511681e-02 0 0
1653.8303 1659.7841 8.171589e-15 8.426670e-16 4.638736e-02 0 0
1654.4106 1660.3665 7.324894e-15 7.863769e-16 4.146223e-02 0 0
1654.9909 1660.9488 8.293404e-15 8.600435e-16 4.679998e-02 0 0
1655.5712 1661.5312 7.945377e-15 8.283030e-16 4.469188e-02 0 0
1656.1515 1662.1136 8.614234e-15 8.791850e-16 4.829073e-02 0 0
1656.7317 1662.6960 8.555650e-15 8.618677e-16 4.779550e-02 0 0
1657.3120 1663.2784 8.687576e-15 8.862906e-16 4.835906e-02 0 0
1657.8923 1663.8607 8.707948e-15 8.667312e-16 4.829582e-02 0 0
1658.4726 1664.4431 1.002746e-14 9.451048e-16 5.540939e-02 0 0
1659.0529 1665.0255 9.097584e-15 8.971359e-16 5.008446e-02 0 0
1659.6332 1665.6078 9.261497e-15 9.071993e-16 5.079873e-02 0 0
1660.2134 1666.1902 8.986104e-15 8.970676e-16 4.910695e-02 0 0
1660.7937 1666.7726 8.717312e-15 8.994810e-16 4.746637e-02 0 0
1661.3740 1667.3549 9.042457e-15 8.920242e-16 4.906201e-02 0 0
1661.9543 1667.9373 9.787668e-15 9.528260e-16 5.292354e-02 0 0
1662.5345 1668.5197 8.882032e-15 8.910304e-16 4.786714e-02 0 0
1663.1148 1669.1020 8.683043e-15 8.913516e-16 4.664757e-02 0 0
1663.6951 1669.6844 8.787710e-15 8.970350e-16 4.706854e-02 0 0
1664.2754 1670.2667 6.455052e-15 7.845074e-16 3.447815e-02 0 0
1664.8556 1670.8491 4.473402e-15 6.380833e-16 2.383171e-02 0 0
1665.4359 1671.4315 3.776064e-15 5.950256e-16 2.006818e-02 0 0
1666.0162 1672.0138 5.649127e-15 7.162159e-16 2.995555e-02 0 0
1666.5964 1672.5962 6.445447e-15 7.822596e-16 3.410632e-02 0 0
1667.1767 1673.1785 6.449347e-15 7.619220e-16 3.405989e-02 0 0
1667.7569 1673.7609 7.685166e-15 8.623327e-16 4.051021e-02 0 0
1668.3372 1674.3432 7.349272e-15 8.249520e-16 3.867055e-02 0 0
1668.9175 1674.9256 8.175529e-15 8.565851e-16 4.294337e-02 0 0
1669.4977 1675.5079 8.573659e-15 8.889941e-16 4.495430e-02 0 0
1670.0780 1676.0902 8.109045e-15 8.716495e-16 4.244134e-02 0 0
1670.6582 1676.6726 6.348019e-15 7.596545e-16 3.316463e-02 0 0
1671.2385 1677.2549 6.972024e-15 8.074634e-16 3.635787e-02 0 0
1671.8187 1677.8373 7.707898e-15 8.549991e-16 4.011991e-02 0 0
1672.3990 1678.4196 8.062985e-15 8.522900e-16 4.188647e-02 0 0
1672.9792 1679.0019 7.325633e-15 8.456291e-16 3.797847e-02 0 0
1673.5595 1679.5843 7.760168e-15 8.358432e-16 4.014510e-02 0 0
1674.1397 1680.1666 7.577015e-15 8.537637e-16 3.910807e-02 0 0
1674.7199 1680.7489 8.223686e-15 8.707787e-16 4.234396e-02 0 0
1675.3002 1681.3313 8.885581e-15 8.960722e-16 4.563462e-02 0 0
1675.8804 1681.9136 8.509165e-15 8.978462e-16 4.358478e-02 0 0
1676.4607 1682.4959 6.872097e-15 8.136588e-16 3.510016e-02 0 0
1677.0409 1683.0782 7.821008e-15 8.456111e-16 3.983059e-02 0 0
1677.6211 1683.6606 1.040300e-14 1.000607e-15 5.281863e-02 0 0
1678.2014 1684.2429 9.590968e-15 9.456112e-16 4.854377e-02 0 0
1678.7816 1684.8252 9.196744e-15 9.350905e-16 4.639762e-02 0 0
1679.3618 1685.4075 8.223670e-15 8.770021e-16 4.135156e-02 0 0
1679.9420 1685.9898 9.109994e-15 9.496151e-16 4.565259e-02 0 0
1680.5223 1686.5722 9.614530e-15 9.432437e-16 4.801485e-02 0 0
1681.1025 1687.1545 7.919964e-15 8.849015e-16 3.941265e-02 0 0
1681.6827 1687.7368 9.149639e-15 9.293021e-16 4.536965e-02 0 0
1682.2629 1688.3191 9.648425e-15 9.833180e-16 4.766954e-02 0 0
1682.8432 1688.9014 8.267710e-15 8.913275e-16 4.069875e-02 0 0
1683.4234 1689.4837 7.735203e-15 8.747407e-16 3.793688e-02 0 0
1684.0036 1690.0660 9.317747e-15 9.448176e-16 4.552890e-02 0 0
1684.5838 1690.6483 1.154647e-14 1.071264e-15 5.620876e-02 0 0
1685.1640 1691.2306 9.088091e-15 9.459672e-16 4.407571e-02 0 0
1685.7442 1691.8129 9.308036e-15 9.579858e-16 4.497305e-02 0 0
1686.3245 1692.3952 9.195757e-15 9.517307e-16 4.426319e-02 0 0
1686.9047 1692.9775 8.837727e-15 9.401857e-16 4.237913e-02 0 0
1687.4849 1693.5598 7.443863e-15 8.634423e-16 3.555985e-02 0 0
1688.0651 1694.1421 7.680640e-15 8.722192e-16 3.655159e-02 0 0
1688.6453 1694.7244 8.613683e-15 9.320539e-16 4.083559e-02 0 0
1689.2255 1695.3067 9.301073e-15 9.681130e-16 4.392598e-02 0 0
1689.8057 1695.8890 9.714783e-15 9.991387e-16 4.570395e-02 0 0
1690.3859 1696.4713 8.387575e-15 9.115809e-16 3.930863e-02 0 0
1690.9661 1697.0536 8.060542e-15 9.263035e-16 3.763052e-02 0 0
1691.5463 1697.6359 8.774527e-15 9.438451e-16 4.080596e-02 0 0
1692.1265 1698.2181 7.673242e-15 8.944257e-16 3.554648e-02 0 0
1692.7067 1698.8004 8.774862e-15 9.540521e-16 4.049269e-02 0 0
1693.2869 1699.3827 7.757506e-15 8.978700e-16 3.565920e-02 0 0
1693.8671 1699.9650 7.649265e-15 8.783239e-16 3.502565e-02 0 0
1694.4473 1700.5473 6.738410e-15 8.492692e-16 3.073381e-02 0 0
1695.0275 1701.1296 7.224083e-15 8.577884e-16 3.281996e-02 0 0
1695.6076 1701.7118 7.613719e-15 9.117108e-16 3.445421e-02 0 0
1696.1878 1702.2941 8.292436e-15 9.259362e-16 3.737838e-02 0 0
1696.7680 1702.8764 8.274324e-15 9.423182e-16 3.714990e-02 0 0
1697.3482 1703.4587 9.079205e-15 9.962828e-16 4.060358e-02 0 0
1697.9284 1704.0409 8.787709e-15 9.644047e-16 3.914510e-02 0 0
1698.5086 1704.6232 8.040088e-15 9.315213e-16 3.567415e-02 0 0
1699.0887 1705.2055 7.886671e-15 9.244641e-16 3.485550e-02 0 0
1699.6689 1705.7877 9.404505e-15 9.992724e-16 4.140037e-02 0 0
1700.2491 1706.3700 9.930121e-15 1.025422e-15 4.354187e-02 0 0
1700.8293 1706.9523 7.616158e-15 9.243725e-16 3.326447e-02 0 0
1701.4094 1707.5345 8.872915e-15 9.783312e-16 3.860081e-02 0 0
1701.9896 1708.1168 7.220178e-15 8.894104e-16 3.128755e-02 0 0
1702.5698 1708.6990 8.684691e-15 9.749109e-16 3.748564e-02 0 0
1703.1500 1709.2813 7.626953e-15 9.121343e-16 3.279129e-02 0 0
1703.7301 1709.8635 8.696006e-15 9.947921e-16 3.724065e-02 0 0
1704.3103 1710.4458 7.839553e-15 9.409448e-16 3.344177e-02 0 0
1704.8904 1711.0281 7.504775e-15 9.240105e-16 3.188814e-02 0 0
1705.4706 1711.6103 7.745092e-15 9.412028e-16 3.278110e-02 0 0
1706.0508 1712.1926 8.023177e-15 9.616033e-16 3.382528e-02 0 0
1706.6309 1712.7748 5.625136e-15 8.163186e-16 2.362333e-02 0 0
1707.2111 1713.3570 8.483222e-15 9.912084e-16 3.548740e-02 0 0
1707.7912 1713.9393 5.887872e-15 7.718321e-16 2.453522e-02 2560 0
1708.3714 1714.5215 6.321095e-15 8.544970e-16 2.623821e-02 2564 0
1708.9516 1715.1038 1.004928e-14 1.079120e-15 4.155298e-02 2564 0
1709.5317 1715.6860 1.961082e-14 1.509767e-15 8.077568e-02 2564 0
1710.1119 1716.2683 -1.620999e-17 2.143707e-20 -6.651251e-05 2564 0
