# obs_wvl flux error
2.976000000000000000e+03 8.436044827519086520e-16 2.172583893891868235e-16
2.981495186992845902e+03 2.716966993070263801e-16 1.420450958027497199e-16
2.986990373985691804e+03 -1.827139938466702552e-16 1.728524290935516063e-16
2.992485560978537706e+03 1.034009562993837298e-16 1.315862220005736638e-16
2.997980747971383607e+03 7.496486824588950752e-17 1.280549083288568277e-16
3.003475934964229509e+03 -1.418142697985402102e-16 2.774131828558711528e-16
3.008971121957075411e+03 4.341187854785990650e-16 1.163370048253307931e-16
3.014466308949921313e+03 2.016944016417201741e-16 1.148330786348981653e-16
3.019961495942767215e+03 1.604744866360422266e-16 1.059080270882799985e-16
3.025456682935613117e+03 3.761525400346753620e-16 1.399618367735548788e-16
3.030951869928459018e+03 9.878749788649274767e-16 1.443481665488679939e-16
3.036447056921304920e+03 5.230835330587992530e-16 1.077074299344533730e-16
3.041942243914150822e+03 -1.989727897617951394e-16 1.340505264484826870e-16
3.047437430906996724e+03 -7.355847041014229193e-17 1.018218792573754676e-16
3.052932617899842626e+03 -2.429510321564256301e-16 9.532294981156819767e-17
3.058427804892688528e+03 4.915702879193468866e-16 9.851149523141849657e-17
3.063922991885534429e+03 -5.211999621235441505e-17 1.027481252259870893e-16
3.069418178878380331e+03 2.676913592252330010e-16 8.957421120875105501e-17
3.074913365871226233e+03 2.874122995331751044e-17 9.330500883123083703e-17
3.080408552864072135e+03 8.167257757251011803e-17 7.658945391623984146e-17
3.085903739856918037e+03 1.490792243474964782e-16 7.964315614849449112e-17
3.091398926849763939e+03 3.830346140495708078e-16 7.714621256464469622e-17
3.096894113842609841e+03 4.306188556712138809e-16 7.597847607585634924e-17
3.102389300835455742e+03 2.445949684660129725e-16 7.309234035950049853e-17
3.107884487828301644e+03 4.235783883536411930e-16 7.554432488587108127e-17
3.113379674821147546e+03 1.207600954615820613e-16 6.987781223946382139e-17
3.118874861813993448e+03 3.881357515763006855e-16 8.272325281915449505e-17
3.124370048806839350e+03 4.829677163013912841e-16 8.155795182615404037e-17
3.129865235799685252e+03 3.611358034098784332e-16 8.716493649731851285e-17
3.135360422792531153e+03 2.082631100494188699e-16 8.229870320028290719e-17
3.140855609785377055e+03 3.892426579948150785e-16 6.976074002527119701e-17
3.146350796778222957e+03 3.744269625454559963e-16 6.972993816263354612e-17
3.151845983771068859e+03 6.169318093185033034e-17 7.508124301284507120e-17
3.157341170763914761e+03 -7.219562603434198803e-18 7.664487539846094891e-17
3.162836357756760663e+03 5.662177145651765912e-16 7.747077597337564412e-17
3.168331544749606564e+03 2.846668593700812772e-16 7.149920106225047502e-17
3.173826731742452466e+03 1.506392036136829016e-16 7.079390928872353881e-17
3.179321918735298368e+03 2.279672220976034247e-16 6.408850107527187825e-17
3.184817105728144270e+03 4.771243862442165151e-16 6.423240515922375544e-17
3.190312292720990172e+03 5.067622028480975678e-16 1.347529394660722253e-16
3.195807479713836074e+03 2.300908463588333243e-16 6.928031000847895513e-17
3.201302666706681975e+03 6.870936982027909674e-17 7.010544404516618792e-17
3.206797853699527877e+03 1.400081485335946911e-16 6.072896427362527662e-17
3.212293040692373779e+03 3.512144169495142580e-16 6.372219765045690308e-17
3.217788227685219681e+03 5.407982848410967353e-16 6.230961291109298618e-17
3.223283414678065583e+03 2.668730595633502807e-16 8.566440867036926483e-17
3.228778601670911485e+03 6.186863493599508688e-16 6.569221133033110843e-17
3.234273788663757387e+03 2.200751348719153487e-16 6.524400375148358364e-17
3.239768975656603288e+03 5.391011842009045193e-16 6.494071058787214700e-17
3.245264162649449190e+03 3.474336658358176909e-16 1.176211442838150180e-16
3.250759349642295092e+03 6.988512467492465773e-16 5.487432167221975748e-17
3.256254536635140994e+03 5.273974941074118811e-16 5.595319663280630950e-17
3.261749723627986896e+03 3.910424533786884887e-16 5.486632326939955990e-17
3.267244910620832798e+03 4.071109545021571287e-16 5.186066849112849273e-17
3.272740097613678699e+03 1.830298738999221139e-16 6.968067961426686813e-17
3.278235284606524601e+03 5.427727879268096757e-16 6.059476925882437426e-17
3.283730471599370503e+03 4.775802464161679458e-16 5.628162458601220913e-17
3.289225658592216405e+03 5.120831394087404262e-16 5.530922454027293264e-17
3.294720845585062307e+03 7.415426228392494714e-16 5.510376520330367751e-17
3.300216032577908209e+03 7.234745941112621659e-16 6.196730226095788121e-17
3.305711219570754110e+03 2.982706056915678821e-16 6.373815893235904033e-17
3.311206406563600012e+03 6.154957083456463933e-16 6.884664785625999942e-17
3.316701593556445914e+03 5.033956762193353445e-16 5.067160333406364004e-17
3.322196780549291816e+03 4.118161886919570446e-16 5.040978794477935542e-17
3.327691967542137718e+03 4.140064767522224674e-16 4.810931289420976367e-17
3.333187154534983620e+03 1.652406882157938210e-16 5.364622639378941996e-17
3.338682341527829522e+03 3.070791603696255652e-16 8.302594212136502621e-17
3.344177528520675423e+03 5.014505463892709213e-16 6.709432301176359711e-17
3.349672715513521325e+03 4.317454937890061026e-16 5.983722237833506403e-17
3.355167902506367227e+03 2.088785438221730272e-16 5.296468340370070266e-17
3.360663089499213129e+03 3.917397769791014595e-16 5.345642223943143516e-17
3.366158276492059031e+03 4.003303461615978072e-16 4.563477997257585823e-17
3.371653463484904933e+03 5.792023904132157829e-16 4.711661136915395959e-17
3.377148650477750834e+03 5.855970033984860824e-16 4.893190823658850662e-17
3.382643837470596736e+03 5.531722647763790946e-16 5.320037226299392204e-17
3.388139024463442638e+03 5.927318086257503046e-16 4.973814385905083443e-17
3.393634211456288540e+03 3.750157963613128052e-16 5.410834487219638747e-17
3.399129398449134442e+03 7.146601894693374363e-16 9.413832003166448877e-17
3.404624585441980344e+03 4.608625254801155355e-16 5.052218571698583479e-17
3.410119772434826245e+03 4.839538479983567656e-16 5.467466005237633530e-17
3.415614959427672147e+03 2.743848280446969693e-16 5.744096745104349032e-17
3.421110146420518049e+03 5.233520415881159815e-16 5.264982226788247715e-17
3.426605333413363951e+03 7.031798414386177750e-16 4.924255176581647035e-17
3.432100520406209853e+03 5.950900312748020498e-16 4.267108443927125961e-17
3.437595707399055755e+03 5.228022961724283646e-16 4.406630437182920463e-17
3.443090894391901656e+03 6.252111650645935520e-16 5.113815208544834079e-17
3.448586081384747558e+03 4.249914004460888845e-16 7.047834746413569880e-17
3.454081268377593460e+03 4.360665694599109469e-16 4.294056769441525449e-17
3.459576455370439362e+03 6.410335403228658187e-16 4.788560082245792767e-17
3.465071642363285264e+03 6.895891907260523694e-16 4.743734869079094462e-17
3.470566829356131166e+03 5.860481177759745776e-16 4.377867723484592527e-17
3.476062016348977068e+03 6.090081765367745484e-16 4.354573709524325057e-17
3.481557203341822969e+03 6.834732923781435117e-16 4.351694935067086127e-17
3.487052390334668871e+03 5.007494152091147085e-16 4.142804269873720733e-17
3.492547577327514773e+03 5.037930787661184850e-16 5.429490894322739330e-17
3.498042764320360675e+03 6.245625140261232837e-16 4.296765746724940542e-17
3.503537951313206577e+03 4.935024679358800462e-16 4.599209044246487945e-17
3.509033138306052479e+03 6.026242413176898312e-16 6.077659137833498189e-17
3.514528325298898380e+03 6.293495972804405197e-16 4.660867427430248389e-17
3.520023512291744282e+03 5.968302849184531063e-16 4.332954314686297992e-17
3.525518699284590184e+03 5.931388639440871144e-16 3.860506802679650621e-17
3.531013886277436086e+03 6.452075943862597327e-16 4.214232680655685563e-17
3.536509073270281988e+03 7.339764476170580794e-16 4.946098381051718275e-17
3.542004260263127890e+03 6.871164714371752508e-16 4.034479921519752958e-17
3.547499447255973791e+03 5.684719771490164410e-16 3.923876224537439070e-17
3.552994634248819693e+03 6.490816115027758771e-16 3.877099528019398165e-17
3.558489821241665595e+03 5.014757696306194193e-16 4.097871424809152687e-17
3.563985008234511497e+03 5.460205832458078741e-16 4.089058238230496389e-17
3.569480195227357399e+03 5.454516241593452701e-16 3.801448082266659750e-17
3.574975382220203301e+03 6.812056000718465748e-16 4.081284153841502040e-17
3.580470569213049203e+03 5.890906776606197222e-16 3.934984373814939076e-17
3.585965756205895104e+03 6.524089081903531662e-16 4.301565361876208041e-17
3.591460943198741006e+03 7.635804013880930613e-16 3.892947073761351946e-17
3.596956130191586908e+03 6.834069681288613256e-16 3.893672093909523959e-17
3.602451317184432810e+03 3.626130636947482611e-16 5.836582966087575837e-17
3.607946504177278712e+03 4.003217871423522957e-16 5.646263744371291598e-17
3.613441691170124614e+03 7.564501015447074660e-16 3.859724924822508843e-17
3.618936878162970515e+03 6.099409873317122309e-16 3.863030560996326248e-17
3.624432065155816417e+03 5.626486128729004024e-16 3.700368984117300566e-17
3.629927252148662319e+03 6.834735452977334542e-16 4.424051506154232260e-17
3.635422439141508221e+03 7.460149575831608905e-16 3.897528634450188057e-17
3.640917626134354123e+03 7.759163202022487171e-16 3.876241103264680396e-17
3.646412813127200025e+03 7.328828883456969152e-16 3.595506071777646889e-17
3.651908000120045926e+03 6.220749923234891750e-16 4.037140014807292434e-17
3.657403187112891828e+03 6.412226445793826308e-16 3.716622170904109847e-17
3.662898374105737730e+03 8.951234105461441976e-16 4.288243393501769801e-17
3.668393561098583632e+03 6.241372983763847411e-16 3.701751531395477583e-17
3.673888748091429534e+03 6.339805549034488465e-16 3.662421213139916806e-17
3.679383935084275436e+03 6.686396261290047339e-16 3.425155430023084447e-17
3.684879122077121337e+03 6.634611419469235337e-16 3.514455923745818901e-17
3.690374309069967239e+03 6.977778940674953681e-16 3.526934383140742460e-17
3.695869496062813141e+03 6.575585267712265793e-16 3.751159715191412761e-17
3.701364683055659043e+03 6.199935245715497227e-16 3.401974077572930456e-17
3.706859870048504945e+03 6.782496030565178007e-16 3.525273754001076608e-17
3.712355057041350847e+03 6.331437422390915388e-16 3.236560447005609873e-17
3.717850244034196749e+03 6.390855323880415206e-16 3.587229068878200335e-17
3.723345431027042650e+03 6.763835538523878436e-16 3.522107631968280718e-17
3.728840618019888552e+03 7.006085537058819908e-16 3.208267306523493154e-17
3.734335805012734454e+03 6.477053040699563477e-16 3.410139475393270435e-17
3.739830992005580356e+03 7.866814427589715298e-16 3.380021424467681997e-17
3.745326178998426258e+03 6.876329265085463603e-16 3.231528329962753098e-17
3.750821365991272160e+03 7.254119037596230581e-16 3.378537726094599786e-17
3.756316552984118061e+03 6.444549619936946188e-16 3.103823912045673337e-17
3.761811739976963963e+03 5.550845112284984279e-16 3.518437225238805050e-17
3.767306926969809865e+03 6.501685181030705963e-16 3.325881273190174984e-17
3.772802113962655767e+03 6.644301870287967134e-16 3.341402151668281100e-17
3.778297300955501669e+03 7.732434414995755630e-16 3.672538960616443995e-17
3.783792487948347571e+03 6.762701816915231896e-16 4.677991323692379107e-17
3.789287674941193472e+03 8.825753954215154757e-16 3.318368688113930936e-17
3.794782861934039374e+03 7.427316888645200548e-16 3.262413343911012264e-17
3.800278048926885276e+03 6.279201512045668654e-16 3.205565014694746035e-17
3.805773235919731178e+03 6.501449345450896017e-16 2.711097454395247711e-17
3.811268422912577080e+03 5.978802816823687585e-16 5.073585030517332595e-17
3.816763609905422982e+03 6.308590610786902077e-16 3.051052552919913501e-17
3.822258796898268884e+03 6.892318815368262912e-16 2.721005959361746423e-17
3.827753983891114785e+03 6.908389391210051235e-16 2.964476858797164072e-17
3.833249170883960687e+03 6.705605424942113337e-16 2.986380353898741680e-17
3.838744357876806589e+03 7.368506889048763778e-16 2.662358526745357113e-17
3.844239544869652491e+03 6.966766387447028248e-16 2.934224481005386399e-17
3.849734731862498393e+03 6.734653253340665495e-16 4.089477997782001042e-17
3.855229918855344295e+03 7.166400442522887786e-16 3.190320087292368112e-17
3.860725105848190196e+03 6.825400234057054436e-16 3.290163990800427651e-17
3.866220292841036098e+03 6.762217985069308953e-16 2.469465980948520984e-17
3.871715479833882000e+03 6.963989303982146491e-16 2.622113872393652778e-17
3.877210666826727902e+03 6.626930638072296567e-16 2.533462110071392853e-17
3.882705853819573804e+03 7.517994146951533960e-16 2.666406147985759162e-17
3.888201040812419706e+03 8.042513863276891420e-16 2.596619879148160975e-17
3.893696227805265607e+03 7.274648864265355330e-16 2.410183330802675182e-17
3.899191414798111509e+03 8.631463221085919744e-16 2.539125760199880889e-17
3.904686601790957411e+03 7.926272457058808501e-16 2.938161860738665081e-17
3.910181788783803313e+03 7.852132107931822924e-16 2.601201312296044702e-17
3.915676975776649215e+03 8.011420883479114400e-16 2.666433387195989354e-17
3.921172162769495117e+03 7.928181146149661399e-16 2.402161361829712267e-17
3.926667349762341019e+03 7.453614003744001807e-16 2.391650686243720146e-17
3.932162536755186920e+03 8.298663108043473167e-16 2.429373633632616285e-17
3.937657723748032822e+03 7.464996603814188462e-16 2.224389664867987976e-17
3.943152910740878724e+03 8.779880961304337743e-16 2.610360871542997222e-17
3.948648097733724626e+03 8.672295625116831018e-16 3.519222855134664719e-17
3.954143284726570528e+03 8.694140394912799940e-16 2.376216423192196960e-17
3.959638471719416430e+03 7.608763207287185662e-16 2.352654585357381222e-17
3.965133658712262331e+03 7.791053570042229110e-16 2.325025653030230199e-17
3.970628845705108233e+03 7.684657272317884968e-16 2.585680617377962284e-17
3.976124032697954135e+03 8.349837526004428254e-16 2.224546302243805332e-17
3.981619219690800037e+03 7.859087844094790461e-16 2.562768781159847092e-17
3.987114406683645939e+03 8.433382937008113915e-16 2.690047454122934105e-17
3.992609593676491841e+03 7.896846553674935102e-16 2.222635558261966133e-17
3.998104780669337742e+03 7.688386676133717651e-16 2.111153942415646171e-17
4.003599967662183644e+03 7.716532550033040764e-16 2.229331830803862668e-17
4.009095154655029546e+03 8.052076797963892284e-16 2.235965889115537251e-17
4.014590341647875448e+03 8.742867564342971808e-16 2.186835007586294100e-17
4.020085528640721350e+03 8.454773562158042279e-16 2.415984114150718797e-17
4.025580715633567252e+03 8.186640210798720290e-16 2.266815752117366997e-17
4.031075902626413153e+03 8.123789347715257595e-16 2.474093584265253887e-17
4.036571089619259055e+03 8.592442682169211847e-16 2.216445515181904359e-17
4.042066276612104957e+03 7.652967350015930330e-16 2.229533834216233656e-17
4.047561463604950859e+03 8.575620784268340543e-16 2.147046331078746096e-17
4.053056650597796761e+03 8.554953845832413722e-16 2.105085570383624256e-17
4.058551837590642663e+03 8.516211125376235559e-16 2.188753675817698723e-17
4.064047024583488565e+03 8.075471523138277391e-16 2.100784515258256831e-17
4.069542211576334466e+03 7.137481759606738686e-16 3.864645766309513706e-17
4.075037398569180368e+03 8.657296023191033878e-16 2.151427015650357137e-17
4.080532585562026270e+03 8.444730727965829393e-16 2.330101444319470489e-17
4.086027772554872172e+03 8.562668533141930857e-16 2.052956780108123701e-17
4.091522959547718074e+03 9.710939410806548832e-16 2.787757947266129526e-17
4.097018146540563976e+03 8.005150066202397878e-16 6.316962520014102999e-17
4.102513333533410332e+03 8.578545967409609823e-16 2.505686580221845703e-17
4.108008520526255779e+03 8.774334460526907136e-16 2.284722225991296476e-17
4.113503707519101226e+03 8.959073247776178290e-16 2.078227080616222721e-17
4.118998894511947583e+03 9.449407833304770499e-16 2.245590672874517543e-17
4.124494081504793940e+03 8.694754267174046372e-16 1.979929588267798797e-17
4.129989268497639387e+03 9.028543291970698368e-16 2.061699472381458772e-17
4.135484455490484834e+03 9.669852919178581429e-16 2.229160142669966804e-17
4.140979642483331190e+03 9.212541601325428035e-16 2.047085602631222219e-17
4.146474829476177547e+03 9.077681051669705979e-16 2.029872709176044725e-17
4.151970016469022994e+03 9.297749129381173946e-16 2.183306674169302527e-17
4.157465203461868441e+03 9.998225618946672649e-16 2.152020820101234938e-17
4.162960390454714798e+03 9.157446364610837164e-16 2.087358422856063105e-17
4.168455577447561154e+03 9.610069707387869372e-16 2.342665034321584472e-17
4.173950764440406601e+03 9.332710743734228511e-16 2.128628667696108869e-17
4.179445951433252048e+03 9.436068832200699986e-16 2.519147932837596106e-17
4.184941138426098405e+03 8.962950160581073167e-16 2.027659566197247123e-17
4.190436325418944762e+03 8.539683867964015922e-16 2.013535013484963468e-17
4.195931512411790209e+03 9.028796975106114074e-16 2.042963490875355394e-17
4.201426699404635656e+03 8.573212086875086823e-16 2.712557880459529824e-17
4.206921886397482012e+03 8.324270100009740907e-16 1.920422702730112524e-17
4.212417073390328369e+03 8.561738177190340043e-16 1.925010405148014141e-17
4.217912260383173816e+03 8.678133394221990120e-16 2.080359392149574188e-17
4.223407447376019263e+03 8.353372303122972007e-16 1.921434292350682669e-17
4.228902634368865620e+03 9.058532451790463050e-16 2.080150001393354060e-17
4.234397821361711976e+03 7.942070551041759647e-16 2.048817196915606854e-17
4.239893008354557423e+03 9.640997696942135211e-16 2.174948663835492852e-17
4.245388195347402871e+03 8.913021278626619581e-16 2.084363430254553456e-17
4.250883382340249227e+03 8.724031478707949586e-16 1.969489706746872617e-17
4.256378569333095584e+03 8.325856969691350398e-16 2.033748665991365439e-17
4.261873756325941031e+03 8.179998003607780568e-16 2.332980843352092291e-17
4.267368943318786478e+03 8.414217719230130823e-16 1.905424851089420617e-17
4.272864130311632834e+03 8.758514077273286759e-16 1.954101772196543309e-17
4.278359317304479191e+03 8.533420055995438647e-16 1.917596800716646593e-17
4.283854504297324638e+03 9.138289876311316439e-16 2.209557666610276294e-17
4.289349691290170085e+03 9.935458611872728359e-16 3.064927808525871910e-17
4.294844878283016442e+03 1.010857574302764366e-15 2.215906532752346257e-17
4.300340065275862798e+03 9.835347970972397220e-16 2.166899373172870454e-17
4.305835252268708246e+03 9.569894882977066881e-16 2.032266800323180052e-17
4.311330439261553693e+03 9.598893193698971823e-16 1.925064638054296364e-17
4.316825626254400049e+03 9.572085400199442716e-16 2.731644053336017578e-17
4.322320813247246406e+03 1.040772755968610402e-15 2.523417864235767856e-17
4.327816000240091853e+03 1.004938638068142914e-15 2.306003963842235726e-17
4.333311187232937300e+03 1.002377090932040403e-15 1.937442614550999495e-17
4.338806374225783657e+03 1.032676012760267476e-15 2.017091227459370329e-17
4.344301561218630013e+03 1.017352191369073677e-15 1.897626324103236436e-17
4.349796748211475460e+03 1.034832197460678926e-15 2.725337271813428186e-17
4.355291935204320907e+03 9.892460823903715730e-16 1.914323774293918916e-17
4.360787122197167264e+03 9.507982114477515676e-16 2.328233171315418302e-17
4.366282309190013621e+03 9.953691276790637339e-16 2.290745508934642121e-17
4.371777496182859068e+03 1.022611706846631234e-15 2.092207488139419480e-17
4.377272683175704515e+03 1.030552438281494628e-15 2.830838012254034652e-17
4.382767870168550871e+03 1.006329003799422438e-15 1.926330975216232402e-17
4.388263057161397228e+03 1.051310591716238696e-15 1.962961297749257245e-17
4.393758244154242675e+03 1.001585910882646722e-15 2.802825710698728037e-17
4.399253431147088122e+03 9.532772542880801325e-16 1.881458155132104158e-17
4.404748618139934479e+03 1.000279936243070416e-15 1.863521810432325988e-17
4.410243805132780835e+03 1.064523563214092017e-15 1.974790336096606356e-17
4.415738992125626282e+03 9.941583520326516505e-16 2.194932224447406740e-17
4.421234179118471729e+03 9.668441854816457155e-16 1.863963602634838096e-17
4.426729366111318086e+03 9.664448328703334138e-16 1.934526565397193502e-17
4.432224553104164443e+03 9.707200892894231936e-16 1.838792474128142036e-17
4.437719740097009890e+03 1.061128648925782462e-15 1.868060020269176892e-17
4.443214927089855337e+03 1.117719882649894387e-15 1.986722975620176928e-17
4.448710114082701693e+03 1.044750879068170190e-15 1.961480888614315863e-17
4.454205301075548050e+03 1.041574824561089232e-15 2.062763116295100186e-17
4.459700488068393497e+03 1.010825732168787754e-15 2.071022278362173888e-17
4.465195675061238944e+03 1.045054557747757208e-15 2.234663195285709372e-17
4.470690862054085301e+03 1.099911777642686039e-15 1.886719866734181801e-17
4.476186049046931657e+03 9.357708578551906000e-16 3.243837227976645365e-17
4.481681236039777104e+03 1.076257941725241793e-15 1.971289283009732420e-17
4.487176423032622552e+03 1.077258517865214148e-15 1.840994460418741740e-17
4.492671610025468908e+03 1.073356620434807084e-15 1.831753870236395683e-17
4.498166797018315265e+03 1.023965675312660426e-15 2.218509918431160625e-17
4.503661984011160712e+03 1.155671458331616216e-15 2.174823687446894163e-17
4.509157171004006159e+03 1.138972832941269788e-15 2.053122566032848757e-17
4.514652357996852515e+03 1.128217038631815384e-15 1.998566087720171033e-17
4.520147544989698872e+03 1.110238058540004069e-15 1.891379538037553316e-17
4.525642731982544319e+03 1.196714852672260586e-15 1.885349689398053846e-17
4.531137918975389766e+03 1.192332705358534024e-15 2.068866868759372471e-17
4.536633105968236123e+03 1.081926264403004752e-15 2.148169130199776070e-17
4.542128292961082479e+03 1.055737984444678645e-15 1.962733654035290872e-17
4.547623479953927927e+03 1.073486197797210752e-15 2.592530626115061735e-17
4.553118666946773374e+03 1.180196303475730619e-15 2.589079917445126426e-17
4.558613853939619730e+03 1.126003769563398490e-15 1.876760824850957946e-17
4.564109040932466087e+03 1.060879021152828481e-15 2.005113910416571502e-17
4.569604227925311534e+03 1.122660989018779113e-15 1.907776035107510077e-17
4.575099414918156981e+03 1.187627748970756358e-15 1.918570788322505603e-17
4.580594601911003338e+03 1.131771880034090728e-15 1.937445928635613690e-17
4.586089788903849694e+03 1.139741019302765951e-15 1.937563225248380445e-17
4.591584975896695141e+03 1.177112499058409761e-15 1.857820581570105718e-17
4.597080162889540588e+03 1.124472893403060137e-15 1.834987293073463886e-17
4.602575349882386945e+03 1.136598349335561462e-15 3.042688384221118620e-17
4.608070536875233302e+03 1.123673237768876913e-15 1.930946448491937071e-17
4.613565723868078749e+03 1.159088042271403713e-15 2.062612154552382188e-17
4.619060910860924196e+03 1.164483497373726544e-15 2.006866353088284774e-17
4.624556097853770552e+03 1.123600819963042661e-15 1.826479529427653900e-17
4.630051284846616909e+03 1.137906053850093340e-15 1.948451524286895981e-17
4.635546471839462356e+03 1.103133401767651137e-15 1.962502150710514947e-17
4.641041658832307803e+03 1.112100935596631177e-15 1.975640490499870430e-17
4.646536845825154160e+03 1.193158870797616327e-15 2.066216453654877980e-17
4.652032032818000516e+03 1.092876162155850774e-15 2.170751419412823982e-17
4.657527219810845963e+03 1.137213638056935533e-15 2.623465746462481409e-17
4.663022406803691410e+03 1.121977925134917224e-15 2.146596523496513549e-17
4.668517593796537767e+03 1.101911456219027473e-15 1.858639687199484260e-17
4.674012780789384124e+03 1.104093574216013572e-15 1.866150747559810461e-17
4.679507967782229571e+03 1.117079576462750341e-15 1.952152193149764911e-17
4.685003154775075018e+03 1.114975443425753573e-15 2.154073007013997011e-17
4.690498341767921374e+03 1.166358609942941827e-15 2.040281164734905160e-17
4.695993528760767731e+03 1.072043735397343598e-15 2.033005099719838843e-17
4.701488715753613178e+03 1.038638577857079773e-15 1.777423420898641548e-17
4.706983902746458625e+03 1.075913280557443988e-15 2.615013538878071773e-17
4.712479089739304982e+03 1.016693420042624655e-15 1.863942752954004680e-17
4.717974276732151338e+03 1.082128831045146931e-15 1.853434833415840078e-17
4.723469463724996785e+03 1.043633192488269616e-15 1.901523775529758462e-17
4.728964650717842233e+03 1.014784999026775775e-15 1.943380493744302942e-17
4.734459837710688589e+03 9.882355184335307766e-16 2.090854539166234017e-17
4.739955024703534946e+03 9.311489740913228984e-16 1.810745690096851080e-17
4.745450211696380393e+03 9.274222398036885931e-16 1.830702542516736223e-17
4.750945398689225840e+03 9.620335495149267935e-16 1.983703360987560822e-17
4.756440585682072197e+03 9.394121215521972567e-16 2.184420670988310945e-17
4.761935772674918553e+03 1.023904410492076373e-15 1.832190918747329773e-17
4.767430959667764000e+03 9.946596512064690169e-16 2.010739624927962101e-17
4.772926146660609447e+03 1.073750999601304533e-15 1.982371832636460089e-17
4.778421333653455804e+03 1.029759612151341687e-15 1.874971671316474284e-17
4.783916520646302160e+03 1.055412390984430262e-15 2.105359001985839508e-17
4.789411707639147608e+03 1.062321105793214305e-15 3.008679692411424250e-17
4.794906894631993055e+03 1.103747604901299376e-15 2.310801649557511227e-17
4.800402081624839411e+03 1.095584689541495592e-15 1.829209666208817241e-17
4.805897268617685768e+03 1.156396694618154659e-15 1.994292553021819933e-17
4.811392455610531215e+03 1.210364606523438880e-15 2.374944469125374434e-17
4.816887642603376662e+03 1.239964878216966338e-15 2.116685950168227510e-17
4.822382829596223019e+03 1.235524577369384131e-15 1.846507188174159387e-17
4.827878016589069375e+03 1.373344544741588413e-15 2.198953210467585609e-17
4.833373203581914822e+03 1.327145794126833577e-15 1.961858483746177496e-17
4.838868390574760269e+03 1.364827913752407321e-15 2.021868871514130956e-17
4.844363577567606626e+03 1.343927798738039617e-15 2.128590626588357311e-17
4.849858764560452983e+03 1.367148692684782954e-15 2.101909083300461660e-17
4.855353951553298430e+03 1.368020889079061424e-15 1.983066675889747048e-17
4.860849138546143877e+03 1.331558801024070143e-15 1.949502637175031591e-17
4.866344325538990233e+03 1.351420010768476321e-15 1.945888927901931458e-17
4.871839512531836590e+03 1.328270290292717817e-15 1.936794653333715056e-17
4.877334699524682037e+03 1.339350904804618082e-15 2.000875575008752256e-17
4.882829886517527484e+03 1.387678693027937803e-15 2.044148289793788254e-17
4.888325073510373841e+03 1.351009892506397126e-15 2.075288878507845857e-17
4.893820260503220197e+03 1.329905167734891254e-15 2.753285733609052505e-17
4.899315447496065644e+03 1.364621585079953997e-15 2.325975818183277969e-17
4.904810634488911091e+03 1.413821910021884991e-15 2.502983088776439964e-17
4.910305821481757448e+03 1.347456967286858818e-15 1.873648533483317143e-17
4.915801008474603805e+03 1.329089917019292306e-15 1.880847124050118591e-17
4.921296195467449252e+03 1.312789836693154455e-15 2.105252954692783583e-17
4.926791382460294699e+03 1.295952051956922230e-15 1.908442641361983881e-17
4.932286569453141055e+03 1.334147933027941781e-15 1.943049550473050287e-17
4.937781756445987412e+03 1.325342188485287622e-15 1.966695183404796359e-17
4.943276943438832859e+03 1.294456352223591029e-15 2.112594609994730705e-17
4.948772130431678306e+03 1.283107509679409011e-15 1.890582790593622736e-17
4.954267317424524663e+03 1.385821500375743749e-15 2.197651235191704095e-17
4.959762504417371019e+03 1.360731640666167027e-15 2.109072227018847138e-17
4.965257691410216466e+03 1.372442779895012637e-15 1.954877567024204506e-17
4.970752878403061914e+03 1.332395341133840791e-15 1.841143787479882614e-17
4.976248065395908270e+03 1.340880681862474253e-15 1.918025025078594076e-17
4.981743252388754627e+03 1.376641278819436905e-15 2.009266156326882369e-17
4.987238439381600074e+03 1.302410710438517785e-15 2.040091676988011884e-17
4.992733626374445521e+03 1.310543770931884251e-15 2.228075283962853994e-17
4.998228813367291878e+03 1.308116801750958849e-15 2.187857700828038992e-17
5.003724000360138234e+03 1.342974649081596261e-15 2.400220434057686422e-17
5.009219187352983681e+03 1.322342346904910626e-15 1.948917660836662931e-17
5.014714374345829128e+03 1.467832360808146187e-15 1.939667482920938231e-17
5.020209561338675485e+03 1.318043122206335332e-15 1.851642967556891521e-17
5.025704748331521841e+03 1.281596816781504640e-15 1.919704940073825794e-17
5.031199935324367289e+03 1.298633446987581922e-15 1.937153208659456070e-17
5.036695122317212736e+03 1.318645498721658261e-15 1.969367237815562353e-17
5.042190309310059092e+03 1.335349584833698034e-15 1.814272699907386696e-17
5.047685496302905449e+03 1.399330926731303397e-15 1.907101075491507819e-17
5.053180683295750896e+03 1.361911638548112526e-15 1.855387206159260407e-17
5.058675870288596343e+03 1.297015445635156636e-15 1.868652111722492509e-17
5.064171057281442700e+03 1.325433993708299821e-15 1.823693137830182537e-17
5.069666244274289056e+03 1.364295591868173599e-15 1.910668734582044186e-17
5.075161431267134503e+03 1.319973786586196482e-15 1.930630489907681444e-17
5.080656618259979950e+03 1.319125244440407582e-15 2.180557304999474379e-17
5.086151805252826307e+03 1.401744461124074884e-15 2.018533362966970597e-17
5.091646992245672664e+03 1.425671422071303887e-15 1.890400115448515943e-17
5.097142179238518111e+03 1.324141456595564060e-15 2.785221413200877244e-17
5.102637366231363558e+03 1.338010985318683676e-15 1.865066204125734420e-17
5.108132553224209914e+03 1.350125908840462287e-15 1.817449113075372703e-17
5.113627740217056271e+03 1.347355317753807833e-15 1.778904601340692118e-17
5.119122927209901718e+03 1.396053332924901257e-15 1.898979931445983797e-17
5.124618114202747165e+03 1.418038501526485825e-15 2.067597595324397317e-17
5.130113301195593522e+03 1.396454195858783244e-15 1.837235844837501529e-17
5.135608488188439878e+03 1.394495027572050401e-15 1.800768309045018195e-17
5.141103675181285325e+03 1.401213844249729620e-15 1.846212533659736319e-17
5.146598862174130772e+03 1.370782441138997326e-15 1.968459451012540374e-17
5.152094049166977129e+03 1.367776503275582946e-15 2.340757174930590533e-17
5.157589236159823486e+03 1.363545472784789305e-15 1.805296757728205958e-17
5.163084423152668933e+03 1.413205507271271321e-15 1.892151720966171496e-17
5.168579610145514380e+03 1.453378841191257052e-15 2.349771463832709024e-17
5.174074797138360736e+03 1.441203766845545158e-15 1.912669595600649738e-17
5.179569984131207093e+03 1.435869406661807390e-15 1.888750433057700817e-17
5.185065171124052540e+03 1.391620143528881000e-15 1.778938417200058823e-17
5.190560358116897987e+03 1.429185338212257096e-15 1.824989920413178227e-17
5.196055545109744344e+03 1.376587136366088449e-15 1.850029306589136243e-17
5.201550732102590700e+03 1.361608205064358802e-15 1.807676152527745025e-17
5.207045919095436147e+03 1.391836229575236702e-15 1.937146664452083769e-17
5.212541106088281595e+03 1.502939586456670906e-15 2.074449782474939483e-17
5.218036293081127951e+03 1.488770964122135622e-15 1.948727703138070806e-17
5.223531480073974308e+03 1.393380319509488374e-15 1.814083260051526228e-17
5.229026667066819755e+03 1.383645181255288120e-15 1.820993795684450176e-17
5.234521854059665202e+03 1.433376308147496150e-15 1.844628811612581329e-17
5.240017041052511559e+03 1.470735328395435388e-15 1.867937717994838287e-17
5.245512228045357915e+03 1.489762022550464620e-15 1.971532403203065783e-17
5.251007415038203362e+03 1.375407205194201491e-15 1.841029832515276110e-17
5.256502602031048809e+03 1.440602439468116978e-15 1.971231247795390798e-17
5.261997789023895166e+03 1.402728351177182536e-15 1.838414949689249546e-17
5.267492976016741522e+03 1.423441141953276108e-15 1.862179931713356502e-17
5.272988163009586970e+03 1.404052704597254473e-15 1.822584317759821496e-17
5.278483350002432417e+03 1.491847738350625743e-15 1.859567056140488676e-17
5.283978536995278773e+03 1.500213361921504200e-15 2.023324594420152336e-17
5.289473723988125130e+03 1.492377968850796284e-15 1.876559596898230367e-17
5.294968910980970577e+03 1.492747206251434503e-15 2.252949436038183546e-17
5.300464097973816024e+03 1.435548377307757282e-15 2.012502944056149461e-17
5.305959284966662381e+03 1.416848600034835105e-15 1.880385949456163248e-17
5.311454471959508737e+03 1.435362433185293007e-15 2.247712691945238920e-17
5.316949658952354184e+03 1.472178029959878092e-15 1.901046667056125958e-17
5.322444845945199631e+03 1.462528235791062463e-15 1.850223082521377667e-17
5.327940032938045988e+03 1.389833689107340847e-15 1.860345951258746691e-17
5.333435219930892345e+03 1.432066344292193452e-15 2.037347180135382167e-17
5.338930406923737792e+03 1.425700260703035231e-15 1.919601226552863212e-17
5.344425593916583239e+03 1.357005004500911616e-15 1.853750161358785391e-17
5.349920780909429595e+03 1.406273969246266624e-15 1.877225399795637954e-17
5.355415967902275952e+03 1.420726056578203838e-15 1.951597647932640846e-17
5.360911154895121399e+03 1.463370492215541553e-15 1.935082131800015471e-17
5.366406341887966846e+03 1.427427615666276890e-15 1.986292657113705075e-17
5.371901528880813203e+03 1.415467581128406306e-15 2.005420591480633109e-17
5.377396715873659559e+03 1.404449318581871355e-15 1.840363925655370170e-17
5.382891902866505006e+03 1.439611415861027951e-15 1.911922797974069391e-17
5.388387089859350453e+03 1.422404482079713824e-15 1.898504133620856918e-17
5.393882276852196810e+03 1.388482124031132321e-15 2.526759218902683503e-17
5.399377463845043167e+03 1.377697192989248965e-15 2.762388999484180040e-17
5.404872650837888614e+03 1.346810681670608766e-15 1.972884746742587484e-17
5.410367837830734061e+03 1.368215129933201096e-15 2.011130200456971177e-17
5.415863024823580417e+03 1.429707704417114358e-15 4.857387840254988514e-17
5.421358211816426774e+03 1.339431230157800313e-15 2.610077078680735682e-17
5.426853398809272221e+03 1.379205188241678602e-15 1.963656719615475216e-17
5.432348585802117668e+03 1.431717364884518851e-15 2.600173172818020019e-17
5.437843772794964025e+03 1.532509296237745101e-15 2.192268895590998974e-17
5.443338959787810381e+03 1.410056460788273723e-15 1.888217467354119361e-17
5.448834146780655828e+03 1.343948840144798465e-15 1.864291018427708406e-17
5.454329333773501276e+03 1.362496268988202106e-15 2.231010008045169248e-17
5.459824520766347632e+03 1.408150767826039047e-15 1.922079641132216232e-17
5.465319707759193989e+03 1.373142032591075069e-15 1.933687987986907939e-17
5.470814894752039436e+03 1.382922412806542036e-15 1.982693620355554924e-17
5.476310081744884883e+03 1.390910435518544971e-15 1.912826341922632118e-17
5.481805268737731240e+03 1.404903547404158294e-15 1.960921540365026060e-17
5.487300455730577596e+03 1.393524664307986128e-15 1.970435426334188517e-17
5.492795642723423043e+03 1.352055742156021050e-15 2.280945656238998815e-17
5.498290829716268490e+03 1.393691872796595756e-15 1.901927761946233099e-17
5.503786016709114847e+03 1.490530221281656933e-15 2.010039521628582687e-17
5.509281203701961203e+03 1.411034931673165770e-15 1.948253858762249223e-17
5.514776390694806651e+03 1.358985720968740521e-15 2.164458299947829813e-17
5.520271577687652098e+03 1.410741400954610706e-15 2.269855172726854505e-17
5.525766764680498454e+03 1.387601966732669029e-15 1.982761860383023150e-17
5.531261951673344811e+03 1.414593217623884678e-15 2.167336524464655204e-17
5.536757138666190258e+03 1.449440626551058930e-15 2.111765996837805224e-17
5.542252325659035705e+03 1.402773869423273857e-15 2.014381546394852660e-17
5.547747512651882062e+03 1.400688536865840393e-15 2.016502583965552823e-17
5.553242699644728418e+03 1.358723417361163926e-15 2.213447914854547729e-17
5.558737886637573865e+03 1.347828330798731288e-15 1.987620284261167287e-17
5.564233073630419312e+03 1.362998492761492141e-15 2.027556677197035615e-17
5.569728260623265669e+03 1.349417533452402021e-15 1.983496520061352482e-17
5.575223447616112026e+03 1.409119334444573716e-15 2.123525248640461309e-17
5.580718634608957473e+03 1.446504358934509971e-15 2.102625530991863981e-17
5.586213821601802920e+03 1.381332767908009509e-15 2.206815906722393237e-17
5.591709008594649276e+03 1.395658895233485754e-15 2.178179007448286095e-17
5.597204195587495633e+03 1.309936384721988262e-15 1.947787377492109157e-17
5.602699382580341080e+03 1.456884900459935317e-15 2.741827981389189409e-17
5.608194569573186527e+03 1.392968176360663543e-15 2.113092299350051194e-17
5.613689756566032884e+03 1.394513704001374252e-15 2.278932396047567739e-17
5.619184943558879240e+03 1.386736224102045762e-15 2.572357624759032156e-17
5.624680130551724687e+03 1.416462517268329583e-15 2.361811430873678986e-17
5.630175317544570134e+03 1.373892823843635828e-15 2.335277086788650422e-17
5.635670504537416491e+03 1.404012494272378027e-15 2.114486056874663393e-17
5.641165691530262848e+03 1.378475978033711145e-15 2.074598267611222072e-17
5.646660878523108295e+03 1.462737940858239601e-15 2.381857797614262032e-17
5.652156065515953742e+03 1.365698347399293807e-15 2.026361029683033993e-17
5.657651252508800098e+03 1.465258447644903447e-15 2.188313743074235404e-17
5.663146439501646455e+03 1.465618286315999705e-15 2.142057125538268495e-17
5.668641626494491902e+03 1.434506256841600908e-15 2.125831139291177787e-17
5.674136813487337349e+03 1.402906791641667209e-15 2.092145193398048611e-17
5.679632000480183706e+03 1.395043057887386049e-15 2.378159399243537213e-17
5.685127187473030062e+03 1.416709760481942681e-15 2.297479273021334908e-17
5.690622374465875509e+03 1.476696554562081562e-15 2.791062612919774665e-17
5.696117561458720957e+03 1.381193099939452461e-15 2.246638099072317847e-17
