# LMC-SN1987A-STIS-2 o4fx56060 G750M CCD z=0.0009 a2center=1014.7 extrsize=25 exptime=800.0 mode=adaptive_clamphi flags=center_mismatch(1015vs245)
# rest_wvl obs_wvl flux error net dq mask
5443.4319 5448.3310 -3.742342e-16 7.606854e-17 -1.837927e-01 18960 0
5443.9878 5448.8874 -2.402832e-16 6.018779e-17 -1.182121e-01 18960 0
5444.5436 5449.4437 -2.401834e-16 6.243264e-17 -1.183683e-01 18960 0
5445.0994 5450.0000 -2.554746e-16 5.730370e-17 -1.261224e-01 18960 0
5445.6553 5450.5564 -2.525306e-16 6.249573e-17 -1.248848e-01 18960 0
5446.2111 5451.1127 -2.475466e-16 7.799825e-17 -1.226316e-01 18960 0
5446.7670 5451.6691 -4.026802e-16 1.247940e-16 -1.998270e-01 18960 0
5447.3228 5452.2254 -3.034118e-16 7.066540e-17 -1.508251e-01 18960 0
5447.8787 5452.7818 -1.455236e-16 5.952304e-17 -7.246364e-02 18960 0
5448.4345 5453.3381 -2.515296e-16 6.021780e-17 -1.254643e-01 18960 0
5448.9904 5453.8945 -5.656223e-16 7.887076e-17 -2.826183e-01 18960 0
5449.5462 5454.4508 -5.719376e-16 5.928956e-17 -2.862620e-01 18960 0
5450.1021 5455.0072 -7.440703e-16 7.587083e-17 -3.730518e-01 18960 0
5450.6580 5455.5636 -5.773246e-16 6.022989e-17 -2.899439e-01 18960 0
5451.2138 5456.1199 -5.765024e-16 5.775014e-17 -2.900228e-01 18960 0
5451.7697 5456.6763 -1.091433e-15 2.442700e-16 -5.500017e-01 18960 0
5452.3256 5457.2327 -6.307181e-16 6.012291e-17 -3.183730e-01 18960 0
5452.8815 5457.7891 -8.622474e-16 1.282072e-16 -4.359790e-01 18960 0
5453.4373 5458.3454 -7.434552e-16 1.244429e-16 -3.765472e-01 18960 0
5453.9932 5458.9018 -5.830536e-16 5.897378e-17 -2.958032e-01 18960 0
5454.5491 5459.4582 -5.475594e-16 5.665754e-17 -2.782616e-01 18960 0
5455.1050 5460.0146 -6.461390e-16 5.869285e-17 -3.289080e-01 18960 0
5455.6609 5460.5710 -5.717113e-16 5.611110e-17 -2.915076e-01 18960 0
5456.2168 5461.1274 -6.264900e-16 7.169380e-17 -3.199709e-01 18960 0
5456.7727 5461.6838 -5.433998e-16 5.653653e-17 -2.779950e-01 18960 0
5457.3286 5462.2401 -5.140774e-16 5.718176e-17 -2.634304e-01 18960 0
5457.8845 5462.7965 -5.214498e-16 5.756727e-17 -2.676502e-01 18960 0
5458.4404 5463.3529 -5.455814e-16 5.574808e-17 -2.804986e-01 18960 0
5458.9963 5463.9094 -6.056642e-16 5.541290e-17 -3.119015e-01 18960 0
5459.5522 5464.4658 4.188989e-16 9.812038e-17 2.159287e-01 2576 0
5460.1081 5465.0222 1.270788e-15 1.810639e-16 6.563501e-01 2576 0
5460.6640 5465.5786 -5.149868e-16 5.853417e-17 -2.665108e-01 18960 0
5461.2199 5466.1350 -4.418325e-16 5.664954e-17 -2.290256e-01 18960 0
5461.7758 5466.6914 -5.803608e-16 6.356685e-17 -3.013213e-01 18960 0
5462.3317 5467.2478 -5.004359e-16 5.726488e-17 -2.602462e-01 18960 0
5462.8876 5467.8042 -4.392010e-16 5.575848e-17 -2.287710e-01 18960 0
5463.4436 5468.3607 -6.143485e-16 5.702954e-17 -3.205184e-01 18960 0
5463.9995 5468.9171 -6.135723e-16 6.241672e-17 -3.206282e-01 18960 0
5464.5554 5469.4735 -5.727844e-16 6.581447e-17 -2.997947e-01 18960 0
5465.1114 5470.0300 -4.976172e-16 6.009950e-17 -2.608688e-01 18960 0
5465.6673 5470.5864 -5.594397e-16 5.705751e-17 -2.937467e-01 18960 0
5466.2232 5471.1428 -4.539258e-16 5.751275e-17 -2.387231e-01 18960 0
5466.7792 5471.6993 -7.079838e-16 9.608967e-17 -3.729250e-01 18960 0
5467.3351 5472.2557 -6.361699e-16 6.579661e-17 -3.356275e-01 18960 0
5467.8910 5472.8121 -6.289182e-16 7.147959e-17 -3.323253e-01 18960 0
5468.4470 5473.3686 -8.714727e-16 7.099556e-17 -4.612172e-01 18960 0
5469.0029 5473.9250 -7.508999e-16 1.771148e-16 -3.980288e-01 18960 0
5469.5589 5474.4815 -6.347250e-16 1.068681e-16 -3.369741e-01 18960 0
5470.1148 5475.0379 -6.428826e-16 1.247265e-16 -3.418370e-01 19216 0
5470.6708 5475.5944 2.036643e-15 9.562108e-17 1.084334e+00 2832 0
5471.2267 5476.1508 6.647824e-15 1.412161e-16 3.545345e+00 2832 0
5471.7827 5476.7073 -5.242520e-16 5.344278e-17 -2.800559e-01 19216 0
5472.3386 5477.2637 -5.307679e-16 5.521832e-17 -2.839731e-01 18960 0
5472.8946 5477.8202 -4.900481e-16 5.640275e-17 -2.625897e-01 18960 0
5473.4506 5478.3767 -5.707558e-16 5.506946e-17 -3.063041e-01 18960 0
5474.0065 5478.9331 -4.573341e-16 5.271622e-17 -2.458093e-01 18960 0
5474.5625 5479.4896 -4.223382e-16 5.404533e-17 -2.273443e-01 18960 0
5475.1185 5480.0461 -5.142244e-16 5.316937e-17 -2.772263e-01 18960 0
5475.6744 5480.6025 -5.627427e-16 5.460037e-17 -3.038406e-01 18960 0
5476.2304 5481.1590 -4.437155e-16 5.794489e-17 -2.399351e-01 18960 0
5476.7864 5481.7155 -5.447783e-16 5.618797e-17 -2.950252e-01 18960 0
5477.3424 5482.2720 -3.674403e-16 5.641641e-17 -1.992852e-01 18960 0
5477.8983 5482.8284 -4.626681e-16 5.240728e-17 -2.513065e-01 18960 0
5478.4543 5483.3849 -4.909952e-16 5.221702e-17 -2.670887e-01 18960 0
5479.0103 5483.9414 -4.272254e-16 5.437824e-17 -2.327431e-01 18960 0
5479.5663 5484.4979 -4.185253e-16 5.592510e-17 -2.283395e-01 18960 0
5480.1223 5485.0544 -5.670431e-16 5.354345e-17 -3.098222e-01 18960 0
5480.6783 5485.6109 -5.737829e-16 7.046329e-17 -3.139632e-01 18960 0
5481.2343 5486.1674 -5.079784e-16 5.358963e-17 -2.783613e-01 18960 0
5481.7902 5486.7239 -5.200325e-16 5.671893e-17 -2.853802e-01 18960 0
5482.3462 5487.2803 -1.615683e-16 6.165039e-17 -8.882768e-02 2576 0
5482.9022 5487.8368 7.795956e-16 9.317024e-17 4.288532e-01 2576 0
5483.4582 5488.3933 -4.071644e-16 5.370505e-17 -2.244086e-01 18960 0
5484.0142 5488.9498 -4.458883e-16 5.179214e-17 -2.461022e-01 18960 0
5484.5702 5489.5063 -5.987383e-16 9.378533e-17 -3.309368e-01 18960 0
5485.1262 5490.0629 -4.897776e-16 6.855556e-17 -2.710952e-01 19216 0
5485.6822 5490.6194 -2.749372e-16 5.544289e-17 -1.523949e-01 19216 0
5486.2383 5491.1759 -3.454631e-16 5.439709e-17 -1.917558e-01 18960 0
5486.7943 5491.7324 -4.990476e-16 5.721690e-17 -2.773946e-01 18960 0
5487.3503 5492.2889 -4.274825e-16 5.278303e-17 -2.379465e-01 18960 0
5487.9063 5492.8454 -4.375026e-16 5.304187e-17 -2.438628e-01 18960 0
5488.4623 5493.4019 -4.280233e-16 5.273896e-17 -2.389091e-01 18960 0
5489.0183 5493.9584 -2.828164e-16 5.492641e-17 -1.580769e-01 18960 0
5489.5743 5494.5150 -3.739187e-16 5.219045e-17 -2.092843e-01 18960 0
5490.1304 5495.0715 -4.341482e-16 5.317075e-17 -2.433272e-01 18960 0
5490.6864 5495.6280 -3.832730e-16 5.308222e-17 -2.151055e-01 18960 0
5491.2424 5496.1845 -3.026464e-16 5.366750e-17 -1.700854e-01 18960 0
5491.7984 5496.7410 -4.677516e-16 5.829514e-17 -2.632281e-01 18960 0
5492.3545 5497.2976 -4.383688e-16 6.797760e-17 -2.470241e-01 18960 0
5492.9105 5497.8541 -3.619150e-16 5.114985e-17 -2.042146e-01 18960 0
5493.4665 5498.4106 -4.390009e-16 5.186816e-17 -2.480406e-01 18960 0
5494.0225 5498.9672 -2.814891e-16 5.290422e-17 -1.592555e-01 18960 0
5494.5786 5499.5237 1.160016e-14 1.205659e-15 6.570938e+00 2576 0
5495.1346 5500.0802 -1.985918e-16 5.300613e-17 -1.126594e-01 2576 0
5495.6906 5500.6368 -4.257408e-16 5.144795e-17 -2.418168e-01 19216 0
5496.2467 5501.1933 -3.473115e-16 5.413479e-17 -1.975267e-01 18960 0
5496.8027 5501.7498 -5.762033e-16 5.219957e-17 -3.281278e-01 18960 0
5497.3588 5502.3064 -4.483778e-16 5.391192e-17 -2.556651e-01 18960 0
5497.9148 5502.8629 -4.644694e-16 5.902630e-17 -2.651794e-01 18960 0
5498.4708 5503.4195 -4.249068e-16 7.499028e-17 -2.429017e-01 18960 0
5499.0269 5503.9760 -4.105048e-16 5.175681e-17 -2.349661e-01 18960 0
5499.5829 5504.5326 -2.934654e-16 5.479071e-17 -1.681870e-01 18960 0
5500.1390 5505.0891 4.622875e-15 4.186790e-16 2.652272e+00 2576 0
5500.6950 5505.6457 1.705092e-15 8.991362e-17 9.793438e-01 2576 0
5501.2511 5506.2022 -2.565793e-16 5.278893e-17 -1.475993e-01 18960 0
5501.8071 5506.7588 -4.088390e-16 6.296781e-17 -2.354787e-01 18960 0
5502.3632 5507.3153 -4.295066e-16 7.987193e-17 -2.476871e-01 18960 0
5502.9193 5507.8719 -3.519345e-16 5.626357e-17 -2.032013e-01 18960 0
5503.4753 5508.4284 -4.021413e-16 5.161169e-17 -2.324727e-01 18960 0
5504.0314 5508.9850 -5.094506e-16 1.229563e-16 -2.948632e-01 18960 0
5504.5874 5509.5416 -3.323374e-16 5.304796e-17 -1.925844e-01 18960 0
5505.1435 5510.0981 -3.257531e-16 5.185677e-17 -1.889947e-01 18960 0
5505.6996 5510.6547 -4.125282e-16 5.158148e-17 -2.396253e-01 18960 0
5506.2556 5511.2112 -2.958497e-16 6.542907e-17 -1.720534e-01 18960 0
5506.8117 5511.7678 3.711664e-15 4.131574e-16 2.160661e+00 2576 0
5507.3678 5512.3244 -2.076396e-16 5.257717e-17 -1.210380e-01 19216 0
5507.9238 5512.8810 4.899560e-15 1.170576e-16 2.858920e+00 2832 0
5508.4799 5513.4375 4.064458e-16 6.560261e-17 2.373035e-01 2832 0
5509.0360 5513.9941 -4.767457e-16 5.271831e-17 -2.788731e-01 18960 0
5509.5920 5514.5507 -3.593860e-16 5.557392e-17 -2.104634e-01 18960 0
5510.1481 5515.1072 -3.571374e-16 4.877398e-17 -2.093847e-01 18960 0
5510.7042 5515.6638 -2.883676e-16 6.145182e-17 -1.692567e-01 18960 0
5511.2603 5516.2204 -3.503033e-16 5.682988e-17 -2.058408e-01 18960 0
5511.8163 5516.7770 -2.881628e-16 5.014463e-17 -1.695155e-01 18960 0
5512.3724 5517.3335 -2.467469e-16 5.600007e-17 -1.453131e-01 18960 0
5512.9285 5517.8901 -3.164271e-16 5.299134e-17 -1.865543e-01 18960 0
5513.4846 5518.4467 -2.275087e-16 5.548843e-17 -1.342780e-01 18960 0
5514.0407 5519.0033 2.405932e-15 2.127131e-16 1.421178e+00 2576 0
5514.5967 5519.5599 -1.738675e-16 5.008858e-17 -1.028412e-01 18960 0
5515.1528 5520.1165 -3.297116e-16 4.905127e-17 -1.952315e-01 18960 0
5515.7089 5520.6730 -2.989569e-16 5.067096e-17 -1.772094e-01 18960 0
5516.2650 5521.2296 -3.560561e-16 5.178390e-17 -2.112796e-01 18960 0
5516.8211 5521.7862 -3.990586e-16 1.042916e-16 -2.370455e-01 18960 0
5517.3772 5522.3428 -3.300965e-16 4.971731e-17 -1.962868e-01 18960 0
5517.9333 5522.8994 -3.041712e-16 4.871281e-17 -1.810580e-01 18960 0
5518.4893 5523.4560 -4.312633e-16 6.053033e-17 -2.569753e-01 18960 0
5519.0454 5524.0126 -3.132440e-16 4.911052e-17 -1.868421e-01 18960 0
5519.6015 5524.5692 -2.916337e-16 7.756653e-17 -1.741295e-01 18960 0
5520.1576 5525.1258 -3.307060e-16 5.025952e-17 -1.976580e-01 18960 0
5520.7137 5525.6824 -3.672593e-16 6.020743e-17 -2.197260e-01 18960 0
5521.2698 5526.2390 -2.803733e-16 4.811286e-17 -1.679103e-01 18960 0
5521.8259 5526.7955 -3.662743e-16 5.371773e-17 -2.195722e-01 18960 0
5522.3820 5527.3521 -3.909207e-16 5.785450e-17 -2.345773e-01 18960 0
5522.9381 5527.9087 -3.557501e-16 5.173445e-17 -2.136813e-01 18960 0
5523.4942 5528.4653 -4.219826e-16 6.044147e-17 -2.537096e-01 18960 0
5524.0503 5529.0219 -3.721454e-16 5.235264e-17 -2.239614e-01 18960 0
5524.6064 5529.5785 -2.777696e-16 5.042304e-17 -1.673250e-01 18960 0
5525.1625 5530.1352 -2.566230e-16 7.904505e-17 -1.547332e-01 18960 0
5525.7186 5530.6918 -3.460309e-16 5.104696e-17 -2.088397e-01 18960 0
5526.2747 5531.2484 -3.045047e-16 6.968460e-17 -1.839494e-01 18960 0
5526.8308 5531.8050 -2.027526e-16 5.273412e-17 -1.225958e-01 18960 0
5527.3869 5532.3616 3.329289e-16 7.563499e-17 2.013239e-01 2576 0
5527.9430 5532.9182 7.159132e-16 6.913958e-17 4.334428e-01 2576 0
5528.4991 5533.4748 -3.179894e-16 4.741120e-17 -1.928041e-01 18960 0
5529.0552 5534.0314 -2.084210e-16 4.999061e-17 -1.264851e-01 18960 0
5529.6114 5534.5880 -2.254189e-16 5.142266e-17 -1.369233e-01 18960 0
5530.1675 5535.1446 -2.675082e-16 4.867197e-17 -1.626345e-01 18960 0
5530.7236 5535.7012 -2.555387e-16 4.722123e-17 -1.554949e-01 18960 0
5531.2797 5536.2578 -2.228176e-16 5.099671e-17 -1.357038e-01 18960 0
5531.8358 5536.8144 -3.034908e-16 5.081190e-17 -1.849980e-01 18960 0
5532.3919 5537.3711 -1.675260e-16 5.121879e-17 -1.022072e-01 18960 0
5532.9480 5537.9277 -2.163546e-16 4.936638e-17 -1.321111e-01 18960 0
5533.5041 5538.4843 -3.000359e-16 4.999159e-17 -1.833659e-01 18960 0
5534.0602 5539.0409 -2.934613e-16 4.923385e-17 -1.795003e-01 18960 0
5534.6164 5539.5975 -3.488329e-16 5.314456e-17 -2.135496e-01 18960 0
5535.1725 5540.1541 -2.037179e-16 5.066918e-17 -1.248173e-01 18960 0
5535.7286 5540.7108 3.216041e-16 6.403805e-17 1.970390e-01 2832 0
5536.2847 5541.2674 3.349956e-15 9.933206e-17 2.055448e+00 2832 0
5536.8408 5541.8240 7.412579e-15 1.410516e-16 4.552307e+00 2832 0
5537.3969 5542.3806 5.329173e-15 1.246536e-16 3.275387e+00 2832 0
5537.9531 5542.9372 3.239074e-15 3.334257e-16 1.992268e+00 2576 0
5538.5092 5543.4938 1.321712e-15 1.446669e-16 8.134729e-01 2576 0
5539.0653 5544.0505 -1.707651e-16 5.035073e-17 -1.052263e-01 18960 0
5539.6214 5544.6071 -3.373582e-16 6.104575e-17 -2.080472e-01 18960 0
5540.1776 5545.1637 -2.135429e-16 4.774635e-17 -1.317943e-01 18960 0
5540.7337 5545.7203 -5.196847e-17 5.143717e-17 -3.214195e-02 2832 0
5541.2898 5546.2770 7.682676e-16 6.479019e-17 4.746420e-01 2832 0
5541.8459 5546.8336 -2.417162e-16 5.162451e-17 -1.495307e-01 19216 0
5542.4020 5547.3902 -2.598262e-16 4.993335e-17 -1.608569e-01 18960 0
5542.9582 5547.9468 -1.897114e-16 5.087751e-17 -1.175387e-01 18960 0
5543.5143 5548.5035 -3.179876e-16 6.212238e-17 -1.971630e-01 18960 0
5544.0704 5549.0601 -2.349290e-16 4.781566e-17 -1.457733e-01 18960 0
5544.6265 5549.6167 -1.000464e-16 5.230516e-17 -6.213655e-02 2576 0
5545.1827 5550.1733 -2.821599e-16 4.819494e-17 -1.753402e-01 18960 0
5545.7388 5550.7300 -2.630690e-16 4.955276e-17 -1.635968e-01 18960 0
5546.2949 5551.2866 -4.484391e-16 7.881973e-17 -2.790778e-01 18960 0
5546.8510 5551.8432 -3.336594e-16 4.563709e-17 -2.077973e-01 18960 0
5547.4072 5552.3998 -1.652552e-16 5.400051e-17 -1.029921e-01 18960 0
5547.9633 5552.9565 -3.059348e-16 4.744505e-17 -1.908044e-01 18960 0
5548.5194 5553.5131 -2.834581e-16 4.839216e-17 -1.769114e-01 18960 0
5549.0756 5554.0697 -2.641657e-16 4.767688e-17 -1.649871e-01 18960 0
5549.6317 5554.6264 -2.172163e-16 5.015635e-17 -1.357591e-01 19984 0
5550.1878 5555.1830 -2.613789e-16 4.926704e-17 -1.634744e-01 19984 0
5550.7439 5555.7396 -2.007630e-16 4.616180e-17 -1.256497e-01 19984 0
5551.3001 5556.2962 -3.183522e-16 4.839926e-17 -1.993811e-01 19984 0
5551.8562 5556.8529 -1.893392e-16 4.941848e-17 -1.186618e-01 19984 0
5552.4123 5557.4095 -2.682253e-16 4.852107e-17 -1.682149e-01 19984 0
5552.9685 5557.9661 -4.013197e-16 6.958430e-17 -2.518521e-01 19984 0
5553.5246 5558.5228 -1.773984e-16 5.831419e-17 -1.114024e-01 19984 0
5554.0807 5559.0794 -2.445132e-16 5.767774e-17 -1.536504e-01 19984 0
5554.6369 5559.6360 -1.246241e-16 5.220700e-17 -7.836437e-02 19984 0
5555.1930 5560.1927 -1.676673e-16 5.540097e-17 -1.054989e-01 19984 0
5555.7491 5560.7493 -2.005238e-16 5.047627e-17 -1.262545e-01 19984 0
5556.3052 5561.3059 -2.374358e-16 4.861563e-17 -1.495913e-01 19984 0
5556.8614 5561.8626 -2.728824e-16 4.942327e-17 -1.720334e-01 19984 0
5557.4175 5562.4192 -2.272751e-16 4.939080e-17 -1.433721e-01 19984 0
5557.9736 5562.9758 -3.273826e-16 4.929713e-17 -2.066528e-01 19984 0
5558.5298 5563.5325 -1.404898e-16 5.661222e-17 -8.873650e-02 19984 0
5559.0859 5564.0891 6.598606e-16 2.720211e-16 4.167864e-01 3600 0
5559.6420 5564.6457 -1.610855e-17 5.326460e-17 -1.024114e-02 3600 0
5560.1982 5565.2023 -2.516889e-16 5.238585e-17 -1.592664e-01 19984 0
5560.7543 5565.7590 -2.552499e-16 5.382502e-17 -1.616182e-01 19984 0
5561.3104 5566.3156 -3.315042e-16 8.290297e-17 -2.100269e-01 19984 0
5561.8666 5566.8722 -1.924454e-16 4.749131e-17 -1.219985e-01 19984 0
5562.4227 5567.4289 -2.006843e-16 5.001064e-17 -1.272969e-01 19984 0
5562.9788 5567.9855 -2.089114e-16 5.085419e-17 -1.325940e-01 19984 0
5563.5350 5568.5421 -2.831287e-16 5.082393e-17 -1.798041e-01 19984 0
5564.0911 5569.0988 -2.841561e-16 5.143814e-17 -1.805619e-01 19984 0
5564.6472 5569.6554 -1.821417e-16 5.154505e-17 -1.158055e-01 19984 0
5565.2034 5570.2120 -2.388699e-16 5.812312e-17 -1.519605e-01 19984 0
5565.7595 5570.7687 -2.077808e-16 6.912324e-17 -1.322581e-01 19984 0
5566.3156 5571.3253 -2.632051e-16 5.583333e-17 -1.676321e-01 19984 0
5566.8718 5571.8819 -1.792346e-16 5.045158e-17 -1.142165e-01 19984 0
5567.4279 5572.4386 -2.316360e-16 5.254613e-17 -1.476916e-01 19984 0
5567.9840 5572.9952 1.884851e-15 1.770312e-16 1.202032e+00 2576 0
5568.5402 5573.5518 3.240023e-14 3.091029e-15 2.068012e+01 2576 0
5569.0963 5574.1085 1.215099e-16 5.743736e-17 7.748421e-02 2576 0
5569.6524 5574.6651 -2.614207e-16 4.535217e-17 -1.670484e-01 18960 0
5570.2085 5575.2217 -1.609536e-16 4.723328e-17 -1.029053e-01 18960 0
5570.7647 5575.7784 -2.168737e-16 4.805028e-17 -1.387317e-01 18960 0
5571.3208 5576.3350 -1.517268e-16 4.903580e-17 -9.710972e-02 18960 0
5571.8769 5576.8916 -2.692130e-16 6.115671e-17 -1.723951e-01 18960 0
5572.4331 5577.4483 -2.960901e-16 4.832694e-17 -1.897060e-01 18960 0
5572.9892 5578.0049 -1.814367e-16 4.828479e-17 -1.163075e-01 18960 0
5573.5453 5578.5615 -3.631867e-16 8.309993e-17 -2.329365e-01 18960 0
5574.1015 5579.1182 -3.745644e-16 4.598407e-17 -2.403568e-01 18960 0
5574.6576 5579.6748 -3.580958e-16 4.834246e-17 -2.299063e-01 18960 0
5575.2137 5580.2314 -2.672828e-16 5.089955e-17 -1.716888e-01 18960 0
5575.7699 5580.7880 -2.669371e-16 4.838247e-17 -1.715531e-01 18960 0
5576.3260 5581.3447 -2.747413e-16 5.755774e-17 -1.766566e-01 18960 0
5576.8821 5581.9013 -3.303164e-16 6.213554e-17 -2.124964e-01 18960 0
5577.4382 5582.4579 -8.584042e-16 1.541134e-16 -5.524931e-01 18960 0
5577.9944 5583.0146 -4.956965e-16 1.527713e-16 -3.192002e-01 18960 0
5578.5505 5583.5712 -1.806138e-16 4.710130e-17 -1.163615e-01 18960 0
5579.1066 5584.1278 -1.513809e-16 5.055727e-17 -9.757493e-02 18960 0
5579.6627 5584.6844 4.781748e-15 4.753200e-16 3.082998e+00 2576 0
5580.2189 5585.2411 2.798404e-18 5.545566e-17 1.747541e-03 2576 0
5580.7750 5585.7977 -2.725710e-16 4.607462e-17 -1.759408e-01 18960 0
5581.3311 5586.3543 -2.229190e-16 4.576174e-17 -1.439584e-01 18960 0
5581.8872 5586.9109 -2.333775e-16 4.808528e-17 -1.507828e-01 18960 0
5582.4434 5587.4676 -2.961582e-16 5.009969e-17 -1.914329e-01 18960 0
5582.9995 5588.0242 -2.232543e-16 4.956882e-17 -1.443753e-01 18960 0
5583.5556 5588.5808 -2.223327e-16 6.002095e-17 -1.438446e-01 18960 0
5584.1117 5589.1374 -4.218000e-16 9.446379e-17 -2.730199e-01 18960 0
5584.6679 5589.6941 -3.112354e-16 5.869725e-17 -2.015447e-01 18960 0
5585.2240 5590.2507 -1.872276e-16 7.163615e-17 -1.212961e-01 18960 0
5585.7801 5590.8073 -2.093202e-16 5.815709e-17 -1.356689e-01 18960 0
5586.3362 5591.3639 -2.576440e-16 4.719210e-17 -1.670632e-01 18960 0
5586.8924 5591.9206 -1.316189e-16 5.119684e-17 -8.538254e-02 18960 0
5587.4485 5592.4772 -2.480568e-16 5.253148e-17 -1.609870e-01 19216 0
5588.0046 5593.0338 -1.387711e-16 4.797618e-17 -9.010029e-02 18960 0
5588.5607 5593.5904 -2.302303e-16 5.014416e-17 -1.495464e-01 18960 0
5589.1168 5594.1470 -2.649025e-16 4.607758e-17 -1.721410e-01 18960 0
5589.6729 5594.7036 -2.102313e-16 4.850654e-17 -1.366719e-01 18960 0
5590.2291 5595.2603 -2.652361e-16 5.140407e-17 -1.725033e-01 18960 0
5590.7852 5595.8169 -2.227933e-16 4.586270e-17 -1.449600e-01 18960 0
5591.3413 5596.3735 -2.469346e-16 4.814070e-17 -1.607342e-01 18960 0
5591.8974 5596.9301 -2.944657e-16 4.618454e-17 -1.917520e-01 18960 0
5592.4535 5597.4867 -2.172439e-16 4.897619e-17 -1.415244e-01 18960 0
5593.0096 5598.0433 -2.238578e-16 5.551766e-17 -1.458924e-01 18960 0
5593.5657 5598.6000 -2.538388e-16 4.626014e-17 -1.654987e-01 18960 0
5594.1219 5599.1566 -2.624525e-16 5.069674e-17 -1.711834e-01 18960 0
5594.6780 5599.7132 -4.059415e-16 9.727326e-17 -2.648796e-01 18960 0
5595.2341 5600.2698 -2.373760e-16 4.584502e-17 -1.549510e-01 18960 0
5595.7902 5600.8264 -3.747530e-16 5.230467e-17 -2.447229e-01 18960 0
5596.3463 5601.3830 2.406488e-16 6.562631e-17 1.570408e-01 2576 0
5596.9024 5601.9396 1.313778e-14 1.330688e-15 8.585067e+00 2576 0
5597.4585 5602.4962 1.943317e-16 5.158286e-17 1.268993e-01 2832 0
5598.0146 5603.0528 3.080759e-15 9.854518e-17 2.014386e+00 2576 0
5598.5707 5603.6094 1.613178e-15 1.828254e-16 1.055061e+00 2576 0
5599.1268 5604.1660 -2.091351e-16 4.685412e-17 -1.368884e-01 18960 0
5599.6829 5604.7227 -1.799287e-16 4.614515e-17 -1.178163e-01 18960 0
5600.2390 5605.2793 -2.272256e-16 4.618006e-17 -1.488424e-01 18960 0
5600.7951 5605.8359 -3.305915e-16 1.828199e-16 -2.166331e-01 18960 0
5601.3512 5606.3925 7.449050e-16 1.027318e-16 4.880046e-01 2576 0
5601.9073 5606.9491 4.999579e-17 5.636355e-17 3.270423e-02 2576 0
5602.4634 5607.5057 -2.235121e-16 4.597381e-17 -1.466291e-01 18960 0
5603.0195 5608.0623 -1.418956e-16 4.775470e-17 -9.312127e-02 18960 0
5603.5756 5608.6189 -2.110804e-16 4.592775e-17 -1.385758e-01 18960 0
5604.1317 5609.1755 -2.820273e-15 2.832581e-16 -1.852209e+00 18960 0
5604.6878 5609.7321 2.466199e-14 2.521001e-15 1.620143e+01 2832 0
5605.2439 5610.2886 -4.032232e-16 5.216327e-17 -2.650090e-01 18960 0
5605.8000 5610.8452 1.604240e-15 1.981892e-16 1.054288e+00 10768 0
5606.3561 5611.4018 -1.972632e-16 4.708112e-17 -1.297402e-01 18960 0
5606.9122 5611.9584 -9.243407e-17 4.569022e-17 -6.081578e-02 18960 0
5607.4683 5612.5150 -1.638418e-16 4.664290e-17 -1.078361e-01 18960 0
5608.0244 5613.0716 4.493747e-15 5.769444e-16 2.958040e+00 2576 0
5608.5805 5613.6282 3.838281e-16 7.700182e-17 2.525809e-01 2576 0
5609.1366 5614.1848 1.530080e-14 1.296956e-15 1.008025e+01 2832 0
5609.6927 5614.7414 3.364326e-15 3.144597e-16 2.216841e+00 2576 0
5610.2487 5615.2980 3.273493e-16 8.908320e-17 2.156271e-01 2576 0
5610.8048 5615.8545 2.560752e-15 2.804637e-16 1.688446e+00 2576 0
5611.3609 5616.4111 1.570859e-15 1.790221e-16 1.036006e+00 2576 0
5611.9170 5616.9677 1.660230e-16 5.453413e-17 1.094360e-01 2576 0
5612.4731 5617.5243 7.923181e-16 9.801890e-17 5.228081e-01 2576 0
5613.0291 5618.0809 5.213072e-16 8.296084e-17 3.440510e-01 2576 0
5613.5852 5618.6375 3.169558e-17 4.854369e-17 2.087342e-02 2576 0
5614.1413 5619.1940 -1.172201e-16 4.673449e-17 -7.747568e-02 18960 0
5614.6974 5619.7506 -1.188612e-16 4.685876e-17 -7.858741e-02 18960 0
5615.2535 5620.3072 6.106392e-16 6.097345e-17 4.035854e-01 2832 0
5615.8095 5620.8638 7.855122e-16 6.194861e-17 5.193851e-01 2832 0
5616.3656 5621.4203 -2.909364e-16 6.918049e-17 -1.925558e-01 18960 0
5616.9217 5621.9769 -1.340906e-16 4.534631e-17 -8.877790e-02 18960 0
5617.4777 5622.5335 -2.114768e-16 4.904912e-17 -1.400610e-01 18960 0
5618.0338 5623.0900 -1.497290e-16 4.591600e-17 -9.919917e-02 18960 0
5618.5899 5623.6466 -1.792729e-16 4.803807e-17 -1.188130e-01 18960 0
5619.1459 5624.2032 -2.046204e-16 7.497341e-17 -1.356580e-01 18960 0
5619.7020 5624.7597 -8.128560e-17 4.572626e-17 -5.390849e-02 18960 0
5620.2581 5625.3163 -1.131212e-16 4.838836e-17 -7.504719e-02 18960 0
5620.8141 5625.8729 -1.317870e-16 4.956833e-17 -8.746002e-02 18960 0
5621.3702 5626.4294 -2.117471e-16 4.487404e-17 -1.405727e-01 18960 0
5621.9263 5626.9860 -1.667866e-16 4.634379e-17 -1.107621e-01 18960 0
5622.4823 5627.5425 -9.881343e-17 4.724178e-17 -6.564361e-02 18960 0
5623.0384 5628.0991 -1.545489e-16 5.183076e-17 -1.027043e-01 18960 0
5623.5944 5628.6557 -1.568879e-16 4.467842e-17 -1.042938e-01 18960 0
5624.1505 5629.2122 -1.043064e-16 4.577437e-17 -6.936276e-02 18960 0
5624.7065 5629.7688 -1.789206e-16 6.646890e-17 -1.190205e-01 18960 0
5625.2626 5630.3253 -1.313144e-16 4.632969e-17 -8.738153e-02 18960 0
5625.8186 5630.8819 -1.608388e-16 4.487679e-17 -1.070642e-01 18960 0
5626.3747 5631.4384 -8.305329e-17 5.230782e-17 -5.530402e-02 18960 0
5626.9307 5631.9950 -1.063352e-16 4.762040e-17 -7.083095e-02 18960 0
5627.4868 5632.5515 -2.040092e-16 4.739702e-17 -1.359385e-01 18960 0
5628.0428 5633.1080 -1.786750e-16 4.462580e-17 -1.190976e-01 18960 0
5628.5989 5633.6646 -1.792942e-16 4.823269e-17 -1.195506e-01 18960 0
5629.1549 5634.2211 2.152660e-16 5.523187e-17 1.434138e-01 2576 0
5629.7109 5634.7777 1.389894e-16 1.026817e-16 9.260488e-02 2576 0
5630.2670 5635.3342 -5.963220e-17 4.516873e-17 -3.980220e-02 18960 0
5630.8230 5635.8907 -9.315493e-17 4.611279e-17 -6.219839e-02 18960 0
5631.3790 5636.4473 -1.368482e-16 4.469718e-17 -9.140290e-02 18960 0
5631.9351 5637.0038 -1.247156e-16 4.558044e-17 -8.332769e-02 18960 0
5632.4911 5637.5603 -1.685631e-16 9.879563e-17 -1.126623e-01 18960 0
5633.0471 5638.1169 -9.594328e-17 4.531384e-17 -6.414738e-02 18960 0
5633.6032 5638.6734 2.989887e-17 5.095491e-17 1.993314e-02 2576 0
5634.1592 5639.2299 -1.005968e-16 4.426607e-17 -6.730473e-02 18960 0
5634.7152 5639.7864 -1.401548e-16 4.683786e-17 -9.380328e-02 18960 0
5635.2712 5640.3430 -1.879879e-16 5.414541e-17 -1.258605e-01 18960 0
5635.8272 5640.8995 -1.625023e-16 4.549863e-17 -1.088350e-01 18960 0
5636.3833 5641.4560 -6.303019e-17 5.023851e-17 -4.222870e-02 18960 0
5636.9393 5642.0125 2.707435e-15 1.990011e-16 1.813944e+00 2576 0
5637.4953 5642.5690 3.384553e-15 2.792608e-16 2.268486e+00 2576 0
5638.0513 5643.1256 1.047066e-15 1.224740e-16 7.018408e-01 2576 0
5638.6073 5643.6821 -1.133929e-16 5.513527e-17 -7.607618e-02 18960 0
5639.1633 5644.2386 -1.297078e-16 4.471427e-17 -8.705248e-02 18960 0
5639.7193 5644.7951 -7.930685e-17 4.711637e-17 -5.324493e-02 18960 0
5640.2753 5645.3516 -1.652911e-16 4.610363e-17 -1.110120e-01 18960 0
5640.8314 5645.9081 -2.002016e-16 4.466964e-17 -1.345060e-01 18960 0
5641.3874 5646.4646 -1.599070e-16 4.498672e-17 -1.074720e-01 18960 0
5641.9434 5647.0211 -1.905070e-16 5.115519e-17 -1.280836e-01 18960 0
5642.4994 5647.5776 -1.926221e-16 5.239995e-17 -1.295519e-01 18960 0
5643.0554 5648.1341 -1.573224e-16 4.414462e-17 -1.058483e-01 18960 0
5643.6113 5648.6906 -1.025372e-16 5.823386e-17 -6.901297e-02 19216 0
5644.1673 5649.2471 1.311423e-15 6.774094e-17 8.825274e-01 2832 0
5644.7233 5649.8036 1.641463e-15 8.070891e-17 1.105095e+00 2832 0
5645.2793 5650.3601 -1.323400e-16 5.470354e-17 -8.916880e-02 18960 0
5645.8353 5650.9166 -1.306875e-16 4.561707e-17 -8.808757e-02 18960 0
5646.3913 5651.4730 -5.643704e-17 4.606141e-17 -3.805433e-02 18960 0
5646.9473 5652.0295 -9.349599e-17 4.686945e-17 -6.306569e-02 18960 0
5647.5033 5652.5860 2.556349e-17 7.360669e-17 1.719070e-02 2576 0
5648.0592 5653.1425 1.916041e-15 8.028679e-17 1.292849e+00 2576 0
5648.6152 5653.6990 -6.529158e-17 4.493618e-17 -4.409016e-02 18960 0
5649.1712 5654.2554 -8.594432e-17 4.506588e-17 -5.805840e-02 18960 0
5649.7272 5654.8119 -7.319667e-17 4.620810e-17 -4.946554e-02 18960 0
5650.2831 5655.3684 4.950784e-16 5.620017e-17 3.344122e-01 2832 0
5650.8391 5655.9249 5.730833e-15 1.367445e-16 3.874956e+00 2832 0
5651.3951 5656.4813 4.430077e-16 6.711543e-17 2.994543e-01 2832 0
5651.9510 5657.0378 -3.256715e-16 9.603587e-17 -2.204218e-01 18960 0
5652.5070 5657.5943 -1.035918e-16 4.587895e-17 -7.014042e-02 18960 0
5653.0630 5658.1507 -1.559070e-16 4.721284e-17 -1.056032e-01 18960 0
5653.6189 5658.7072 -7.184273e-17 4.373000e-17 -4.868152e-02 18960 0
5654.1749 5659.2636 -6.116909e-17 4.555767e-17 -4.146522e-02 18960 0
5654.7308 5659.8201 -7.592231e-17 4.381483e-17 -5.148643e-02 18960 0
5655.2868 5660.3766 -6.192530e-17 4.451842e-17 -4.201111e-02 18960 0
5655.8427 5660.9330 -2.517625e-16 4.735773e-17 -1.708679e-01 18960 0
5656.3987 5661.4894 -7.531057e-17 4.511052e-17 -5.113284e-02 18960 0
5656.9546 5662.0459 -2.590979e-17 5.048081e-17 -1.760575e-02 2576 0
5657.5106 5662.6023 5.992516e-16 9.082486e-17 4.068784e-01 2576 0
5658.0665 5663.1588 -1.973310e-16 4.810391e-17 -1.341430e-01 18960 0
5658.6225 5663.7152 -1.629211e-16 4.596044e-17 -1.107973e-01 18960 0
5659.1784 5664.2717 -1.314348e-16 4.434909e-17 -8.942130e-02 18960 0
5659.7343 5664.8281 -6.353077e-17 4.457657e-17 -4.324100e-02 18960 0
5660.2903 5665.3845 -1.192339e-16 4.452792e-17 -8.118807e-02 18960 0
5660.8462 5665.9410 -7.931904e-17 4.377530e-17 -5.403223e-02 19216 0
5661.4021 5666.4974 -3.287449e-17 4.755121e-17 -2.240359e-02 18960 0
5661.9581 5667.0538 -1.506529e-16 4.642852e-17 -1.027119e-01 18960 0
5662.5140 5667.6102 -1.614612e-16 4.358542e-17 -1.101277e-01 18960 0
5663.0699 5668.1667 -1.678029e-16 4.570041e-17 -1.145023e-01 18960 0
5663.6258 5668.7231 1.552517e-15 1.740272e-16 1.059325e+00 2576 0
5664.1817 5669.2795 -1.193993e-16 4.640761e-17 -8.154383e-02 18960 0
5664.7376 5669.8359 -1.067423e-16 4.758258e-17 -7.293138e-02 18960 0
5665.2936 5670.3923 1.681152e-15 2.099569e-16 1.148614e+00 2576 0
5665.8495 5670.9487 -1.237918e-16 4.545200e-17 -8.465435e-02 18960 0
5666.4054 5671.5051 -2.268900e-16 8.054596e-17 -1.552256e-01 18960 0
5666.9613 5672.0615 -6.869777e-17 4.445565e-17 -4.701999e-02 18960 0
5667.5172 5672.6179 -1.596377e-16 4.638831e-17 -1.093119e-01 18960 0
5668.0731 5673.1743 -6.401682e-17 4.459674e-17 -4.385503e-02 18960 0
5668.6290 5673.7307 -4.246381e-17 4.939031e-17 -2.910298e-02 18960 0
5669.1849 5674.2871 -3.580841e-17 4.607229e-17 -2.455263e-02 18960 0
5669.7408 5674.8435 -8.525557e-17 4.308396e-17 -5.848307e-02 18960 0
5670.2967 5675.3999 -3.200689e-17 4.687109e-17 -2.196578e-02 18960 0
5670.8525 5675.9563 -1.310560e-16 4.415049e-17 -8.998207e-02 18960 0
5671.4084 5676.5127 -1.262704e-16 4.494417e-17 -8.673563e-02 18960 0
5671.9643 5677.0691 -3.331054e-17 4.307535e-17 -2.289151e-02 18960 0
5672.5202 5677.6255 -1.093653e-16 4.198938e-17 -7.519177e-02 18960 0
5673.0761 5678.1818 -1.283931e-16 4.727968e-17 -8.831416e-02 18960 0
5673.6319 5678.7382 -1.774375e-16 4.889122e-17 -1.221048e-01 18960 0
5674.1878 5679.2946 -9.052471e-17 4.391743e-17 -6.232369e-02 18960 0
5674.7437 5679.8509 -2.307793e-16 5.296672e-17 -1.589580e-01 18960 0
5675.2995 5680.4073 -1.382628e-17 4.641770e-17 -9.544781e-03 2576 0
5675.8554 5680.9637 -9.767407e-17 4.224861e-17 -6.733867e-02 18960 0
5676.4113 5681.5200 -7.647381e-17 4.456172e-17 -5.274710e-02 18960 0
5676.9671 5682.0764 -3.122121e-17 4.608773e-17 -2.154449e-02 18960 0
5677.5230 5682.6328 8.481016e-16 1.074191e-16 5.851129e-01 2576 0
5678.0788 5683.1891 5.959442e-16 8.474296e-17 4.112834e-01 2576 0
5678.6347 5683.7455 7.053557e-17 5.289806e-17 4.864435e-02 2576 0
5679.1905 5684.3018 3.024833e-17 4.466253e-17 2.084934e-02 2576 0
5679.7464 5684.8581 2.173950e-17 4.557110e-17 1.498191e-02 2576 0
5680.3022 5685.4145 -1.337328e-16 4.321031e-17 -9.254113e-02 18960 0
5680.8581 5685.9708 4.738772e-18 6.312937e-17 3.243413e-03 2576 0
5681.4139 5686.5272 8.434052e-16 9.701416e-17 5.837671e-01 2576 0
5681.9697 5687.0835 6.242434e-16 7.944702e-17 4.322263e-01 2576 0
5682.5256 5687.6398 9.110190e-16 6.095542e-17 6.311719e-01 2832 0
5683.0814 5688.1962 1.634140e-15 7.082831e-17 1.132898e+00 2832 0
5683.6372 5688.7525 6.747641e-16 5.794751e-17 4.678755e-01 2576 0
5684.1930 5689.3088 -8.278406e-17 5.620286e-17 -5.747294e-02 18960 0
5684.7489 5689.8651 -1.289140e-16 4.446807e-17 -8.954054e-02 18960 0
5685.3047 5690.4214 -8.610920e-17 4.449200e-17 -5.983735e-02 18960 0
5685.8605 5690.9778 7.326958e-16 5.727013e-17 5.090106e-01 2832 0
5686.4163 5691.5341 7.040909e-17 5.080158e-17 4.887472e-02 2576 0
5686.9721 5692.0904 -6.612027e-17 5.179832e-17 -4.601151e-02 19216 0
5687.5279 5692.6467 -1.986800e-16 4.749958e-17 -1.383212e-01 18960 0
5688.0837 5693.2030 -1.459867e-16 4.264030e-17 -1.016836e-01 18960 0
5688.6395 5693.7593 -9.129855e-17 5.841615e-17 -6.362154e-02 18960 0
5689.1953 5694.3156 -5.520743e-17 4.455469e-17 -3.848933e-02 18960 0
5689.7511 5694.8719 -1.150289e-16 4.226119e-17 -8.023284e-02 18960 0
5690.3069 5695.4282 -1.139099e-16 5.528694e-17 -7.948931e-02 18960 0
5690.8627 5695.9845 -6.887196e-17 4.371272e-17 -4.808304e-02 18960 0
5691.4185 5696.5407 3.234333e-15 3.443349e-16 2.258368e+00 2576 0
5691.9742 5697.0970 -6.158709e-17 4.391339e-17 -4.303705e-02 18960 0
5692.5300 5697.6533 -1.880469e-16 4.292006e-17 -1.314680e-01 18960 0
5693.0858 5698.2096 -1.031570e-16 4.663973e-17 -7.215291e-02 18960 0
5693.6416 5698.7658 -1.751358e-16 4.295381e-17 -1.225549e-01 18960 0
5694.1973 5699.3221 -1.704405e-16 4.375313e-17 -1.193243e-01 18960 0
5694.7531 5699.8784 -2.301283e-16 4.429056e-17 -1.611856e-01 18960 0
5695.3089 5700.4346 -1.406473e-16 4.465851e-17 -9.855688e-02 18960 0
5695.8646 5700.9909 -1.370420e-17 4.751567e-17 -9.623220e-03 2576 0
5696.4204 5701.5472 -8.757071e-17 4.954728e-17 -6.142028e-02 18960 0
5696.9761 5702.1034 -1.199525e-16 4.243694e-17 -8.417057e-02 18960 0
5697.5319 5702.6597 -1.493388e-16 4.726182e-17 -1.048386e-01 18960 0
5698.0876 5703.2159 -1.481517e-16 4.319935e-17 -1.040525e-01 18960 0
5698.6434 5703.7722 -8.718167e-17 4.303419e-17 -6.125870e-02 18960 0
5699.1991 5704.3284 -2.028641e-16 9.298109e-17 -1.426081e-01 18960 0
5699.7549 5704.8846 -1.369205e-16 4.934786e-17 -9.629481e-02 18960 0
5700.3106 5705.4409 -9.981690e-17 4.485459e-17 -7.023181e-02 18960 0
5700.8663 5705.9971 -1.138286e-16 5.077884e-17 -8.012640e-02 18960 0
5701.4221 5706.5533 -1.910695e-16 5.114196e-17 -1.345581e-01 18960 0
5701.9778 5707.1096 -1.115257e-16 4.300820e-17 -7.857538e-02 18960 0
5702.5335 5707.6658 -1.450758e-16 4.720527e-17 -1.022586e-01 18960 0
5703.0892 5708.2220 5.475247e-16 7.925883e-17 3.857610e-01 2576 0
5703.6449 5708.7782 4.008025e-16 7.559042e-17 2.824730e-01 2576 0
5704.2006 5709.3344 -1.638066e-16 4.815269e-17 -1.156138e-01 18960 0
5704.7563 5709.8906 -7.482586e-17 4.420354e-17 -5.283485e-02 18960 0
5705.3121 5710.4468 -8.307202e-17 6.997795e-17 -5.868304e-02 18960 0
5705.8678 5711.0030 1.847004e-15 7.294482e-17 1.304708e+00 2576 0
5706.4235 5711.5592 -6.006643e-17 4.456706e-17 -4.246842e-02 18960 0
5706.9791 5712.1154 -6.856667e-16 2.300715e-16 -4.849919e-01 18960 0
5707.5348 5712.6716 -8.943719e-17 4.623600e-17 -6.328864e-02 18960 0
5708.0905 5713.2278 -6.478219e-17 4.275005e-17 -4.586154e-02 19216 0
5708.6462 5713.7840 1.438913e-15 6.913357e-17 1.018543e+00 2832 0
5709.2019 5714.3402 -3.722278e-17 4.479954e-17 -2.637364e-02 19216 0
5709.7576 5714.8964 -1.206336e-16 4.385751e-17 -8.550912e-02 18960 0
5710.3132 5715.4525 -1.119358e-16 4.760680e-17 -7.937705e-02 18960 0
5710.8689 5716.0087 -1.224580e-16 4.603282e-17 -8.687491e-02 18960 0
5711.4246 5716.5649 -1.521413e-16 5.830790e-17 -1.079778e-01 18960 0
5711.9802 5717.1210 -8.124322e-17 4.177521e-17 -5.768378e-02 18960 0
5712.5359 5717.6772 -1.667890e-16 4.151464e-17 -1.184709e-01 18960 0
5713.0916 5718.2333 -1.728517e-16 4.129709e-17 -1.228275e-01 18960 0
5713.6472 5718.7895 -6.450683e-17 4.542302e-17 -4.585674e-02 19216 0
5714.2029 5719.3457 -7.811653e-17 4.486555e-17 -5.555407e-02 18960 0
5714.7585 5719.9018 -2.128748e-17 4.269770e-17 -1.515161e-02 2576 0
5715.3142 5720.4579 -6.593294e-17 4.218023e-17 -4.692695e-02 18960 0
5715.8698 5721.0141 -7.723105e-17 4.514922e-17 -5.498997e-02 18960 0
5716.4254 5721.5702 -2.458746e-16 4.365946e-17 -1.751363e-01 18960 0
5716.9811 5722.1263 -1.190320e-16 4.601091e-17 -8.481953e-02 18960 0
5717.5367 5722.6825 -4.103336e-17 4.437972e-17 -2.925079e-02 19216 0
5718.0923 5723.2386 -1.345592e-16 4.415184e-17 -9.595804e-02 18960 0
5718.6479 5723.7947 -1.539042e-16 4.054049e-17 -1.097955e-01 18960 0
5719.2036 5724.3508 -8.049322e-17 4.158279e-17 -5.744581e-02 18960 0
5719.7592 5724.9070 -1.735514e-16 4.110361e-17 -1.239055e-01 19216 0
5720.3148 5725.4631 1.208476e-15 6.302942e-17 8.625872e-01 2832 0
5720.8704 5726.0192 1.225816e-15 6.364740e-17 8.752921e-01 2832 0
5721.4260 5726.5753 3.245672e-15 9.016619e-17 2.319020e+00 2832 0
5721.9816 5727.1314 3.306585e-16 7.929945e-17 2.361515e-01 2832 0
5722.5372 5727.6875 2.126160e-16 2.505876e-16 1.518672e-01 2832 0
5723.0928 5728.2436 4.767956e-15 3.779727e-16 3.410629e+00 2832 0
5723.6484 5728.7996 3.557056e-17 5.217584e-17 2.538612e-02 2832 0
5724.2039 5729.3557 6.920952e-15 7.040987e-16 4.954506e+00 10768 0
5724.7595 5729.9118 4.214403e-16 7.100826e-17 3.015569e-01 2576 0
5725.3151 5730.4679 6.321846e-17 4.594852e-17 4.519600e-02 2576 0
5725.8707 5731.0240 -2.420660e-17 4.250446e-17 -1.735403e-02 2576 0
5726.4262 5731.5800 -4.130832e-17 4.716927e-17 -2.961844e-02 18960 0
5726.9818 5732.1361 -1.044125e-16 4.407280e-17 -7.488991e-02 18960 0
5727.5374 5732.6922 -9.969889e-17 4.801714e-17 -7.153288e-02 18960 0
5728.0929 5733.2482 1.343553e-16 5.861196e-17 9.627057e-02 2576 0
5728.6485 5733.8043 1.111549e-15 1.402220e-16 7.975417e-01 2576 0
5729.2040 5734.3603 -1.449013e-16 5.175805e-17 -1.040668e-01 18960 0
5729.7596 5734.9164 -1.787667e-16 4.810928e-17 -1.284297e-01 18960 0
5730.3151 5735.4724 -1.380606e-16 4.317804e-17 -9.921680e-02 18960 0
5730.8707 5736.0284 -6.775414e-17 4.550194e-17 -4.870649e-02 19216 0
5731.4262 5736.5845 -6.403919e-18 4.673893e-17 -4.632912e-03 2576 0
5731.9817 5737.1405 4.605083e-16 8.050382e-17 3.309204e-01 2576 0
5732.5372 5737.6965 4.820563e-15 5.282939e-16 3.467603e+00 2576 0
5733.0928 5738.2526 3.068778e-16 5.903106e-17 2.206100e-01 2576 0
5733.6483 5738.8086 -8.514658e-17 4.721684e-17 -6.130166e-02 18960 0
5734.2038 5739.3646 -1.789040e-16 4.354807e-17 -1.288404e-01 18960 0
5734.7593 5739.9206 -7.657141e-17 4.595204e-17 -5.515984e-02 18960 0
5735.3148 5740.4766 -1.322855e-16 5.212175e-17 -9.532188e-02 18960 0
5735.8703 5741.0326 -2.352183e-16 4.507019e-17 -1.695404e-01 18960 0
5736.4258 5741.5886 -2.664357e-16 5.052638e-17 -1.920948e-01 18960 0
5736.9813 5742.1446 -1.160866e-16 4.463279e-17 -8.371896e-02 18960 0
5737.5368 5742.7006 -2.428337e-16 6.472575e-17 -1.751737e-01 18960 0
5738.0923 5743.2566 -1.609858e-16 4.679270e-17 -1.161619e-01 18960 0
5738.6478 5743.8125 5.154516e-16 8.216392e-17 3.716777e-01 2576 0
5739.2032 5744.3685 2.982645e-15 2.988877e-16 2.152528e+00 2576 0
5739.7587 5744.9245 1.344571e-17 4.982885e-17 9.655757e-03 2832 0
5740.3142 5745.4805 1.948451e-15 7.789296e-17 1.406741e+00 2832 0
5740.8696 5746.0364 -2.466636e-16 1.065445e-16 -1.782145e-01 18960 0
5741.4251 5746.5924 -8.222194e-17 4.470284e-17 -5.942021e-02 18960 0
5741.9806 5747.1483 -1.797545e-16 4.525335e-17 -1.299371e-01 18960 0
5742.5360 5747.7043 -1.349681e-16 4.787776e-17 -9.758667e-02 18960 0
5743.0915 5748.2602 -7.138452e-17 4.736127e-17 -5.162587e-02 18960 0
5743.6469 5748.8162 -1.747225e-16 4.429245e-17 -1.263909e-01 18960 0
5744.2023 5749.3721 -2.095371e-16 5.136683e-17 -1.516105e-01 18960 0
5744.7578 5749.9281 -2.941557e-16 7.210029e-17 -2.128859e-01 18960 0
5745.3132 5750.4840 -1.838990e-16 4.660816e-17 -1.331214e-01 18960 0
5745.8686 5751.0399 -7.145901e-17 5.496492e-17 -5.173972e-02 19216 0
5746.4241 5751.5958 -2.429955e-16 4.782617e-17 -1.759794e-01 19216 0
5746.9795 5752.1518 -1.652394e-16 4.739068e-17 -1.196942e-01 19216 0
5747.5349 5752.7077 -1.383487e-16 4.248110e-17 -1.002372e-01 18960 0
5748.0903 5753.2636 -2.075230e-16 4.532008e-17 -1.503881e-01 18960 0
5748.6457 5753.8195 -9.909459e-17 4.621312e-17 -7.182722e-02 18960 0
5749.2011 5754.3754 -2.114161e-16 4.499120e-17 -1.532739e-01 18960 0
5749.7565 5754.9313 -4.560226e-17 4.692581e-17 -3.306787e-02 18960 0
5750.3119 5755.4872 -1.684708e-16 4.328990e-17 -1.221893e-01 18960 0
5750.8673 5756.0431 -2.177025e-16 4.436210e-17 -1.579281e-01 18960 0
5751.4227 5756.5990 -1.325017e-16 4.564320e-17 -9.613995e-02 18960 0
5751.9781 5757.1548 -2.095894e-16 4.567582e-17 -1.521028e-01 18960 0
5752.5334 5757.7107 -9.968853e-17 4.363985e-17 -7.235972e-02 18960 0
5753.0888 5758.2666 5.384810e-16 1.121070e-16 3.905649e-01 2576 0
5753.6442 5758.8224 7.218588e-15 5.098233e-16 5.240551e+00 2576 0
5754.1995 5759.3783 4.898363e-15 3.173324e-16 3.556567e+00 2576 0
5754.7549 5759.9342 -1.647323e-16 5.894658e-17 -1.196620e-01 18960 0
5755.3102 5760.4900 4.593169e-16 7.190294e-17 3.333674e-01 2576 0
5755.8656 5761.0459 1.775076e-15 1.937646e-16 1.289234e+00 2576 0
5756.4209 5761.6017 -1.629492e-16 4.615898e-17 -1.184304e-01 18960 0
5756.9763 5762.1575 -1.651130e-16 4.543054e-17 -1.200238e-01 18960 0
5757.5316 5762.7134 -1.977657e-16 4.496364e-17 -1.437845e-01 18960 0
5758.0869 5763.2692 -2.017968e-16 4.560314e-17 -1.467400e-01 18960 0
5758.6422 5763.8250 -2.392649e-16 1.011750e-16 -1.740148e-01 18960 0
5759.1976 5764.3808 -1.034794e-16 4.648758e-17 -7.527189e-02 18960 0
5759.7529 5764.9367 -1.962741e-16 5.643043e-17 -1.427948e-01 18960 0
5760.3082 5765.4925 -1.017091e-16 4.514915e-17 -7.400808e-02 18960 0
5760.8635 5766.0483 -9.361346e-17 4.703873e-17 -6.812810e-02 18960 0
5761.4188 5766.6041 -1.176512e-16 4.517394e-17 -8.563521e-02 18960 0
5761.9741 5767.1599 -2.113675e-16 4.825245e-17 -1.538724e-01 18960 0
5762.5294 5767.7157 -1.675584e-16 4.699291e-17 -1.219987e-01 18960 0
5763.0847 5768.2715 -3.410890e-16 1.267525e-16 -2.483828e-01 18960 0
5763.6400 5768.8272 -1.069568e-16 4.643754e-17 -7.789803e-02 18960 0
5764.1952 5769.3830 3.220545e-15 3.320540e-16 2.345068e+00 2576 0
5764.7505 5769.9388 6.797469e-17 5.110409e-17 4.940343e-02 2576 0
5765.3058 5770.4946 -2.148663e-16 5.070298e-17 -1.565573e-01 18960 0
5765.8610 5771.0503 -1.725862e-16 4.539159e-17 -1.257687e-01 18960 0
5766.4163 5771.6061 -1.223064e-16 4.417237e-17 -8.914047e-02 18960 0
5766.9716 5772.1618 -2.123951e-16 6.226734e-17 -1.548209e-01 18960 0
5767.5268 5772.7176 -1.774879e-16 4.603336e-17 -1.293932e-01 18960 0
5768.0821 5773.2733 -1.246711e-16 4.542308e-17 -9.090051e-02 18960 0
5768.6373 5773.8291 -1.510765e-16 4.404639e-17 -1.101675e-01 18960 0
5769.1925 5774.3848 1.209610e-16 5.667010e-17 8.805336e-02 2576 0
5769.7478 5774.9405 1.744403e-15 1.729584e-16 1.271713e+00 2576 0
5770.3030 5775.4963 1.821719e-16 6.362036e-17 1.326837e-01 2576 0
5770.8582 5776.0520 -1.500832e-16 4.516822e-17 -1.094983e-01 18960 0
5771.4134 5776.6077 -1.722557e-16 5.570870e-17 -1.256902e-01 18960 0
5771.9686 5777.1634 -2.732967e-16 9.982187e-17 -1.994409e-01 18960 0
5772.5238 5777.7191 -2.266576e-16 4.725726e-17 -1.654250e-01 18960 0
5773.0790 5778.2748 -8.816604e-17 4.889613e-17 -6.435508e-02 19216 0
5773.6342 5778.8305 3.515597e-16 6.245093e-17 2.563378e-01 2832 0
5774.1894 5779.3862 2.895973e-17 5.237183e-17 2.106223e-02 2832 0
5774.7446 5779.9419 1.753513e-15 7.201106e-17 1.279710e+00 2832 0
5775.2998 5780.4976 -9.005462e-17 4.703832e-17 -6.576312e-02 18960 0
5775.8550 5781.0532 -7.119497e-17 1.813231e-16 -5.199629e-02 18960 0
5776.4102 5781.6089 -1.220485e-16 8.216640e-17 -8.914607e-02 18960 0
5776.9653 5782.1646 -2.009949e-16 4.505513e-17 -1.468250e-01 18960 0
5777.5205 5782.7202 -2.016793e-16 4.488074e-17 -1.473403e-01 18960 0
5778.0756 5783.2759 -1.689362e-16 4.397721e-17 -1.234318e-01 18960 0
5778.6308 5783.8316 8.449419e-16 1.064481e-16 6.169298e-01 2576 0
5779.1859 5784.3872 1.582429e-15 1.728832e-16 1.155779e+00 2576 0
5779.7411 5784.9428 -2.339387e-16 4.785208e-17 -1.709764e-01 18960 0
5780.2962 5785.4985 -1.919714e-16 4.536845e-17 -1.403176e-01 18960 0
5780.8513 5786.0541 -2.325841e-16 4.480434e-17 -1.700189e-01 18960 0
5781.4065 5786.6097 -1.290248e-16 4.504857e-17 -9.432597e-02 18960 0
5781.9616 5787.1654 -1.493841e-16 5.352854e-17 -1.092201e-01 18960 0
5782.5167 5787.7210 -2.243678e-16 4.473153e-17 -1.640584e-01 18960 0
5783.0718 5788.2766 -2.659242e-16 4.366130e-17 -1.944621e-01 18960 0
5783.6269 5788.8322 -7.994625e-17 4.559876e-17 -5.846739e-02 18960 0
5784.1820 5789.3878 -1.535294e-16 5.039799e-17 -1.122910e-01 18960 0
5784.7371 5789.9434 -1.702814e-16 8.299565e-17 -1.245542e-01 18960 0
5785.2922 5790.4990 -1.880816e-16 4.499149e-17 -1.375860e-01 18960 0
5785.8473 5791.0546 -1.159895e-16 5.069013e-17 -8.485615e-02 18960 0
5786.4024 5791.6101 -1.071528e-16 4.509455e-17 -7.839786e-02 19216 0
5786.9574 5792.1657 -7.834291e-17 4.880135e-17 -5.732397e-02 19216 0
5787.5125 5792.7213 -3.861678e-17 5.218811e-17 -2.825839e-02 18960 0
5788.0676 5793.2768 -2.947527e-16 5.430804e-17 -2.157069e-01 18960 0
5788.6226 5793.8324 -1.212645e-16 4.489818e-17 -8.875112e-02 18960 0
5789.1777 5794.3880 -2.048314e-16 4.391075e-17 -1.499238e-01 18960 0
5789.7327 5794.9435 -2.121232e-16 4.392919e-17 -1.552729e-01 18960 0
5790.2878 5795.4990 -2.161795e-16 5.040937e-17 -1.582541e-01 18960 0
5790.8428 5796.0546 -1.545269e-16 7.171072e-17 -1.131298e-01 18960 0
5791.3979 5796.6101 -2.008706e-16 8.065899e-17 -1.470691e-01 18960 0
5791.9529 5797.1656 -1.690588e-16 5.400186e-17 -1.237868e-01 18960 0
5792.5079 5797.7212 2.799319e-16 5.407841e-17 2.047061e-01 2832 0
5793.0629 5798.2767 -1.442524e-16 4.470708e-17 -1.056385e-01 19216 0
5793.6179 5798.8322 -1.207318e-16 4.601796e-17 -8.842015e-02 18960 0
5794.1729 5799.3877 -2.632634e-16 5.689422e-17 -1.928193e-01 18960 0
5794.7279 5799.9432 -2.283037e-16 5.114712e-17 -1.672256e-01 18960 0
5795.2829 5800.4987 -2.056095e-16 4.861997e-17 -1.506131e-01 18960 0
5795.8379 5801.0542 3.248051e-16 5.731264e-17 2.376390e-01 2832 0
5796.3929 5801.6097 4.866485e-16 6.013677e-17 3.561516e-01 2832 0
5796.9479 5802.1651 -2.686120e-16 4.466382e-17 -1.968031e-01 18960 0
5797.5029 5802.7206 -1.436634e-16 4.617626e-17 -1.052643e-01 18960 0
5798.0578 5803.2761 -1.569280e-16 4.555288e-17 -1.149909e-01 18960 0
5798.6128 5803.8315 -1.272600e-16 4.600135e-17 -9.325738e-02 18960 0
5799.1677 5804.3870 -2.380254e-16 6.046360e-17 -1.744384e-01 18960 0
5799.7227 5804.9424 -1.084928e-16 4.622801e-17 -7.951465e-02 18960 0
5800.2776 5805.4979 -2.166625e-16 5.937281e-17 -1.588023e-01 18960 0
5800.8326 5806.0533 -2.672725e-16 1.079493e-16 -1.959090e-01 18960 0
5801.3875 5806.6088 -1.849724e-16 4.814348e-17 -1.355919e-01 18960 0
5801.9424 5807.1642 -8.693901e-17 4.683266e-17 -6.373352e-02 18960 0
5802.4974 5807.7196 -1.420683e-16 6.108768e-17 -1.041541e-01 18960 0
5803.0523 5808.2750 -1.062248e-16 4.521673e-17 -7.788098e-02 18960 0
5803.6072 5808.8304 -2.368821e-16 4.362144e-17 -1.736854e-01 18960 0
5804.1621 5809.3858 -2.289851e-16 4.722414e-17 -1.679050e-01 18960 0
5804.7170 5809.9412 -2.509801e-16 4.637567e-17 -1.840437e-01 18960 0
5805.2719 5810.4966 -9.103196e-17 2.405388e-16 -6.675758e-02 18960 0
5805.8268 5811.0520 -9.556145e-17 5.257046e-17 -7.008325e-02 18960 0
5806.3817 5811.6074 -8.634686e-17 5.986787e-17 -6.332897e-02 18960 0
5806.9365 5812.1628 -1.119855e-16 5.103264e-17 -8.213763e-02 18960 0
5807.4914 5812.7182 -1.531176e-16 4.615701e-17 -1.123128e-01 18960 0
5808.0463 5813.2735 -1.623501e-16 4.475350e-17 -1.190915e-01 18960 0
5808.6011 5813.8289 -2.310156e-16 4.747320e-17 -1.694700e-01 18960 0
5809.1560 5814.3842 -1.468734e-16 4.426152e-17 -1.077501e-01 18960 0
5809.7108 5814.9396 8.092616e-16 1.018698e-16 5.932336e-01 2576 0
5810.2657 5815.4949 -9.429785e-17 5.074626e-17 -6.918663e-02 18960 0
5810.8205 5816.0503 -3.524999e-16 1.189381e-16 -2.586436e-01 18960 0
5811.3754 5816.6056 -1.809915e-16 4.432274e-17 -1.328077e-01 18960 0
5811.9302 5817.1609 -1.762646e-16 4.624456e-17 -1.293457e-01 18960 0
5812.4850 5817.7162 -1.934345e-16 4.518605e-17 -1.419523e-01 18960 0
5813.0398 5818.2715 -1.597407e-16 4.598257e-17 -1.172319e-01 18960 0
5813.5946 5818.8269 -1.592370e-16 4.453985e-17 -1.168679e-01 18960 0
5814.1494 5819.3822 -1.691321e-16 4.460744e-17 -1.241361e-01 18960 0
5814.7042 5819.9375 -1.204697e-16 4.803956e-17 -8.842404e-02 18960 0
5815.2590 5820.4927 -1.737816e-16 4.552853e-17 -1.275607e-01 18960 0
5815.8138 5821.0480 2.646726e-16 6.838004e-17 1.940063e-01 2576 0
5816.3686 5821.6033 6.125400e-15 6.213582e-16 4.495494e+00 2576 0
5816.9233 5822.1586 -3.202577e-17 4.660327e-17 -2.352723e-02 2576 0
5817.4781 5822.7138 -2.107924e-16 4.563204e-17 -1.547557e-01 18960 0
5818.0329 5823.2691 -1.983971e-16 6.214813e-17 -1.456620e-01 18960 0
5818.5876 5823.8244 8.994702e-16 1.129536e-16 6.598901e-01 2576 0
5819.1424 5824.3796 2.591618e-14 2.608634e-15 1.902728e+01 2576 0
5819.6971 5824.9349 2.002527e-15 2.137522e-16 1.469685e+00 2576 0
5820.2519 5825.4901 -9.790337e-17 4.631820e-17 -7.189216e-02 18960 0
5820.8066 5826.0453 -1.911844e-16 4.469717e-17 -1.403958e-01 18960 0
5821.3613 5826.6005 -2.727499e-16 4.326002e-17 -2.003011e-01 18960 0
5821.9160 5827.1558 -1.631093e-16 4.537505e-17 -1.197884e-01 18960 0
5822.4707 5827.7110 -1.463320e-16 4.615204e-17 -1.074712e-01 18960 0
5823.0255 5828.2662 -1.854826e-16 4.630772e-17 -1.362298e-01 18960 0
5823.5802 5828.8214 -3.384027e-16 1.206477e-16 -2.485530e-01 18960 0
5824.1349 5829.3766 -1.152319e-16 4.789490e-17 -8.463962e-02 18960 0
5824.6895 5829.9318 -1.828866e-16 4.522928e-17 -1.343379e-01 18960 0
5825.2442 5830.4869 -1.448804e-16 4.537325e-17 -1.064245e-01 18960 0
5825.7989 5831.0421 -1.359441e-16 4.568605e-17 -9.986360e-02 18960 0
5826.3536 5831.5973 -2.164958e-16 6.032784e-17 -1.590417e-01 18960 0
5826.9082 5832.1525 -1.672665e-16 4.513484e-17 -1.228811e-01 18960 0
5827.4629 5832.7076 -1.719611e-16 6.090364e-17 -1.263340e-01 18960 0
5828.0175 5833.2628 -1.998496e-16 6.701903e-17 -1.468275e-01 18960 0
5828.5722 5833.8179 -2.000254e-16 4.330075e-17 -1.469611e-01 18960 0
5829.1268 5834.3730 -9.945816e-17 4.869743e-17 -7.307537e-02 18960 0
5829.6815 5834.9282 -4.012299e-17 4.959448e-17 -2.948892e-02 2576 0
5830.2361 5835.4833 3.276538e-15 3.287975e-16 2.406609e+00 2576 0
5830.7907 5836.0384 -7.483042e-17 4.443324e-17 -5.498528e-02 18960 0
5831.3453 5836.5935 -1.385854e-16 4.857592e-17 -1.018351e-01 18960 0
5831.8999 5837.1486 -1.815040e-16 4.942919e-17 -1.333761e-01 18960 0
5832.4545 5837.7037 -1.473295e-16 4.367263e-17 -1.082663e-01 18960 0
5833.0091 5838.2588 -2.306445e-16 4.376723e-17 -1.694952e-01 18960 0
5833.5637 5838.8139 -1.762866e-16 4.362300e-17 -1.295521e-01 18960 0
5834.1183 5839.3690 -2.116021e-16 4.477515e-17 -1.555089e-01 18960 0
5834.6729 5839.9241 -1.352354e-16 4.411636e-17 -9.938841e-02 18960 0
5835.2275 5840.4792 -1.738897e-16 4.913458e-17 -1.277995e-01 18960 0
5835.7820 5841.0342 8.753643e-16 7.631183e-17 6.428308e-01 2832 0
5836.3366 5841.5893 -1.893138e-16 4.816554e-17 -1.391413e-01 19216 0
5836.8911 5842.1443 -2.249509e-16 4.797139e-17 -1.653371e-01 18960 0
5837.4457 5842.6994 -2.772574e-16 6.228871e-17 -2.037860e-01 18960 0
5838.0002 5843.2544 -1.559262e-16 4.762986e-17 -1.146089e-01 18960 0
5838.5547 5843.8094 -1.953820e-16 4.570139e-17 -1.436123e-01 18960 0
5839.1093 5844.3645 -1.063222e-16 4.757041e-17 -7.815174e-02 18960 0
5839.6638 5844.9195 -2.220332e-16 5.846747e-17 -1.632074e-01 18960 0
5840.2183 5845.4745 -1.646501e-16 4.452450e-17 -1.210293e-01 18960 0
5840.7728 5846.0295 -2.633451e-16 9.198555e-17 -1.935800e-01 18960 0
5841.3273 5846.5845 -2.270077e-16 4.472340e-17 -1.668714e-01 18960 0
5841.8818 5847.1395 -1.908627e-16 4.584209e-17 -1.403034e-01 18960 0
5842.4363 5847.6945 -2.663801e-16 4.397974e-17 -1.958188e-01 18960 0
5842.9908 5848.2495 -1.733010e-16 4.512053e-17 -1.273969e-01 18960 0
5843.5452 5848.8044 -1.166211e-16 4.615034e-17 -8.573139e-02 18960 0
5844.0997 5849.3594 -1.156499e-16 6.406816e-17 -8.501832e-02 18960 0
5844.6542 5849.9144 3.407431e-16 5.631261e-17 2.501605e-01 2832 0
5845.2086 5850.4693 1.784542e-15 7.465279e-17 1.311171e+00 2832 0
5845.7631 5851.0243 2.097488e-15 2.373265e-16 1.541194e+00 2576 0
5846.3175 5851.5792 8.144369e-17 7.956650e-17 5.971474e-02 2576 0
5846.8719 5852.1341 -2.472384e-16 4.473135e-17 -1.817609e-01 18960 0
5847.4264 5852.6891 -1.674750e-16 4.951512e-17 -1.231223e-01 18960 0
5847.9808 5853.2440 -2.150369e-16 4.741572e-17 -1.580891e-01 18960 0
5848.5352 5853.7989 -1.252013e-16 4.599379e-17 -9.204483e-02 18960 0
5849.0896 5854.3538 -6.926466e-17 6.997650e-17 -5.092181e-02 19216 0
5849.6440 5854.9087 9.219754e-16 6.455276e-17 6.772665e-01 2576 0
5850.1984 5855.4636 2.037759e-14 1.976926e-16 1.497943e+01 2576 0
5850.7528 5856.0185 2.680589e-15 9.006646e-17 1.969847e+00 2576 0
5851.3072 5856.5734 1.573301e-16 4.936448e-17 1.154418e-01 2576 0
5851.8616 5857.1282 5.741790e-15 1.101907e-16 4.220087e+00 2832 0
5852.4159 5857.6831 -2.758501e-17 5.081916e-17 -2.031438e-02 2576 0
5852.9703 5858.2380 4.392995e-15 4.541234e-16 3.228573e+00 2576 0
5853.5246 5858.7928 9.509224e-15 5.236482e-16 6.989547e+00 2576 0
5854.0790 5859.3477 1.512528e-14 1.020903e-15 1.111804e+01 2576 0
5854.6333 5859.9025 5.842242e-15 3.480004e-16 4.293851e+00 2576 0
5855.1877 5860.4573 1.955665e-16 5.597609e-17 1.435202e-01 2576 0
5855.7420 5861.0122 7.726292e-17 5.338167e-17 5.664175e-02 2576 0
5856.2963 5861.5670 1.408887e-15 1.463916e-16 1.035076e+00 2576 0
5856.8506 5862.1218 3.713414e-15 3.823982e-16 2.728906e+00 2576 0
5857.4049 5862.6766 -9.996774e-17 4.408245e-17 -7.349016e-02 18960 0
5857.9592 5863.2314 -2.022682e-16 5.129297e-17 -1.486936e-01 18960 0
5858.5135 5863.7862 -2.190214e-16 4.409054e-17 -1.610076e-01 18960 0
5859.0678 5864.3410 -1.868213e-16 4.880424e-17 -1.373349e-01 18960 0
5859.6221 5864.8957 -2.340992e-16 6.479610e-17 -1.720874e-01 18960 0
5860.1764 5865.4505 -1.835116e-16 4.425520e-17 -1.348983e-01 18960 0
5860.7306 5866.0053 -2.082368e-16 5.481904e-17 -1.530715e-01 18960 0
5861.2849 5866.5600 -1.790037e-16 4.819091e-17 -1.315806e-01 18960 0
5861.8391 5867.1148 -2.160311e-16 4.745011e-17 -1.587958e-01 18960 0
5862.3934 5867.6695 -1.594274e-16 4.482994e-17 -1.171867e-01 18960 0
5862.9476 5868.2243 -1.851336e-16 4.411019e-17 -1.360795e-01 18960 0
5863.5018 5868.7790 -2.436885e-16 4.585559e-17 -1.791159e-01 18960 0
5864.0561 5869.3337 -1.284994e-16 4.708674e-17 -9.444772e-02 18960 0
5864.6103 5869.8884 1.282078e-15 7.268197e-17 9.416655e-01 2576 0
5865.1645 5870.4431 3.690560e-16 5.875234e-17 2.708890e-01 2576 0
5865.7187 5870.9978 -3.036493e-16 8.662971e-17 -2.231693e-01 18960 0
5866.2729 5871.5525 -1.571168e-16 4.637235e-17 -1.154714e-01 18960 0
5866.8271 5872.1072 -1.935020e-16 5.226201e-17 -1.422089e-01 18960 0
5867.3813 5872.6619 -2.500981e-16 4.597598e-17 -1.837979e-01 18960 0
5867.9354 5873.2166 -9.912572e-17 5.107758e-17 -7.284591e-02 18960 0
5868.4896 5873.7712 -2.725479e-16 4.586031e-17 -2.002856e-01 18960 0
5869.0438 5874.3259 -1.478319e-16 8.007910e-17 -1.086333e-01 18960 0
5869.5979 5874.8805 -1.980796e-16 5.779617e-17 -1.455531e-01 18960 0
5870.1521 5875.4352 -2.279793e-16 4.665504e-17 -1.675191e-01 18960 0
5870.7062 5875.9898 -2.213981e-16 4.708797e-17 -1.626782e-01 18960 0
5871.2603 5876.5445 -1.101784e-16 5.016642e-17 -8.095391e-02 18960 0
5871.8144 5877.0991 -1.845125e-16 4.513613e-17 -1.355667e-01 18960 0
5872.3686 5877.6537 -2.599434e-16 4.403934e-17 -1.909815e-01 18960 0
5872.9227 5878.2083 -2.081445e-16 4.447360e-17 -1.529193e-01 18960 0
5873.4768 5878.7629 -1.657940e-16 4.593924e-17 -1.218009e-01 18960 0
5874.0309 5879.3175 -2.472918e-16 6.215843e-17 -1.816669e-01 18960 0
5874.5850 5879.8721 -2.350098e-16 4.702961e-17 -1.726378e-01 18960 0
5875.1390 5880.4267 -3.589720e-16 8.358735e-17 -2.636901e-01 18960 0
5875.6931 5880.9812 -1.869044e-16 4.395495e-17 -1.372890e-01 18960 0
5876.2472 5881.5358 -1.306471e-16 4.356706e-17 -9.596187e-02 18960 0
5876.8012 5882.0904 -1.351796e-16 4.584689e-17 -9.928700e-02 18960 0
5877.3553 5882.6449 -9.875828e-17 4.684932e-17 -7.253319e-02 18960 0
5877.9093 5883.1994 -2.273533e-16 6.611220e-17 -1.669729e-01 18960 0
5878.4634 5883.7540 -1.371542e-16 4.950076e-17 -1.007245e-01 18960 0
5879.0174 5884.3085 -1.719024e-16 5.517495e-17 -1.262377e-01 18960 0
5879.5714 5884.8630 -9.371426e-17 5.145503e-17 -6.881662e-02 18960 0
5880.1254 5885.4175 1.062927e-15 1.265639e-16 7.798898e-01 2576 0
5880.6794 5885.9721 -1.404665e-16 4.874130e-17 -1.031385e-01 18960 0
5881.2334 5886.5266 -1.960269e-16 4.772128e-17 -1.439273e-01 18960 0
5881.7874 5887.0810 -1.921896e-16 4.468857e-17 -1.411032e-01 18960 0
5882.3414 5887.6355 -1.622387e-16 6.477367e-17 -1.191078e-01 18960 0
5882.8954 5888.1900 -5.722883e-17 4.833874e-17 -4.201258e-02 18960 0
5883.4494 5888.7445 4.233479e-15 1.042603e-16 3.106635e+00 2576 0
5884.0033 5889.2989 3.605018e-15 1.600448e-16 2.645225e+00 2576 0
5884.5573 5889.8534 5.566894e-14 2.123079e-15 4.085877e+01 2576 0
5885.1112 5890.4078 7.344808e-14 5.885486e-15 5.390575e+01 2832 0
5885.6652 5890.9623 8.954793e-15 8.356938e-16 6.570773e+00 2576 0
5886.2191 5891.5167 -6.279131e-17 7.720999e-17 -4.608190e-02 18960 0
5886.7730 5892.0711 -2.166485e-16 4.754928e-17 -1.589876e-01 18960 0
5887.3269 5892.6255 -1.272134e-16 4.662772e-17 -9.335058e-02 18960 0
5887.8809 5893.1800 -1.937776e-16 4.730123e-17 -1.421884e-01 18960 0
5888.4348 5893.7344 -2.456901e-16 4.886299e-17 -1.802703e-01 18960 0
5888.9887 5894.2887 -9.328179e-17 5.172273e-17 -6.843989e-02 18960 0
5889.5425 5894.8431 -1.271860e-16 4.706073e-17 -9.330976e-02 18960 0
5890.0964 5895.3975 -2.130862e-16 5.447819e-17 -1.563214e-01 18960 0
5890.6503 5895.9519 -1.307861e-16 4.584484e-17 -9.594008e-02 18960 0
5891.2042 5896.5062 -9.896851e-17 5.481282e-17 -7.259560e-02 18960 0
5891.7580 5897.0606 -2.637696e-16 6.448209e-17 -1.934695e-01 18960 0
5892.3119 5897.6149 -1.352452e-16 4.647679e-17 -9.919375e-02 18960 0
5892.8657 5898.1693 -1.350324e-16 4.969363e-17 -9.903175e-02 18960 0
5893.4195 5898.7236 -3.548404e-17 4.825171e-17 -2.605541e-02 2832 0
5893.9734 5899.2779 8.455500e-15 1.493665e-16 6.199068e+00 2832 0
5894.5272 5899.8323 1.018230e-16 5.134927e-17 7.446975e-02 2576 0
5895.0810 5900.3866 -7.271395e-17 4.711849e-17 -5.331501e-02 19216 0
5895.6348 5900.9409 -1.421574e-16 4.881317e-17 -1.042256e-01 18960 0
5896.1886 5901.4952 -1.982674e-16 4.917072e-17 -1.453549e-01 18960 0
5896.7424 5902.0495 -1.237267e-16 4.574156e-17 -9.070154e-02 18960 0
5897.2962 5902.6037 -5.511401e-17 4.655845e-17 -4.040324e-02 2832 0
5897.8499 5903.1580 5.133406e-16 7.885979e-17 3.758339e-01 2576 0
5898.4037 5903.7123 2.252409e-18 4.866182e-17 1.562726e-03 2576 0
5898.9575 5904.2665 -1.266186e-16 4.910286e-17 -9.279816e-02 18960 0
5899.5112 5904.8208 1.166298e-15 6.754198e-17 8.540732e-01 2832 0
5900.0649 5905.3750 3.941003e-16 5.818754e-17 2.884120e-01 2832 0
5900.6187 5905.9292 -1.362985e-16 5.568000e-17 -9.987329e-02 18960 0
5901.1724 5906.4835 -1.667978e-16 6.167690e-17 -1.222138e-01 18960 0
5901.7261 5907.0377 -1.983381e-16 1.159193e-16 -1.453142e-01 18960 0
5902.2798 5907.5919 -3.098673e-16 4.715660e-17 -2.270122e-01 18960 0
5902.8335 5908.1461 -1.791410e-16 4.662466e-17 -1.312321e-01 18960 0
5903.3872 5908.7003 -1.818275e-16 4.538600e-17 -1.331914e-01 18960 0
5903.9409 5909.2545 -2.110922e-16 4.629282e-17 -1.546180e-01 18960 0
5904.4946 5909.8086 -2.216419e-16 4.908741e-17 -1.623346e-01 18960 0
5905.0483 5910.3628 -1.271781e-16 4.730701e-17 -9.314135e-02 18960 0
5905.6019 5910.9170 -2.547594e-16 4.692774e-17 -1.865656e-01 18960 0
5906.1556 5911.4711 -2.418326e-16 4.648403e-17 -1.770873e-01 18960 0
5906.7092 5912.0253 -2.000474e-16 4.583391e-17 -1.464793e-01 18960 0
5907.2629 5912.5794 -2.670060e-16 4.476670e-17 -1.954948e-01 18960 0
5907.8165 5913.1335 -1.850609e-16 4.683968e-17 -1.354877e-01 18960 0
5908.3701 5913.6877 -1.349805e-16 4.861446e-17 -9.881593e-02 18960 0
5908.9237 5914.2418 -5.273299e-17 4.765739e-17 -3.861012e-02 2832 0
5909.4773 5914.7959 -1.965425e-16 4.588337e-17 -1.438646e-01 18960 0
5910.0309 5915.3500 -2.725816e-16 5.713049e-17 -1.995101e-01 18960 0
5910.5845 5915.9041 -1.676111e-16 4.595858e-17 -1.226710e-01 18960 0
5911.1381 5916.4581 -1.381474e-16 4.573427e-17 -1.011002e-01 18960 0
5911.6917 5917.0122 -2.177496e-16 4.801188e-17 -1.593446e-01 18960 0
5912.2452 5917.5663 -4.123122e-17 4.950197e-17 -3.019709e-02 2576 0
5912.7988 5918.1203 1.012195e-16 5.098032e-17 7.386321e-02 2576 0
5913.3524 5918.6744 4.633231e-16 5.642068e-17 3.385575e-01 2832 0
5913.9059 5919.2284 -1.323161e-16 4.665660e-17 -9.679995e-02 18960 0
5914.4594 5919.7824 -1.857959e-16 5.528399e-17 -1.359155e-01 18960 0
5915.0130 5920.3365 7.305587e-16 6.161178e-17 5.338606e-01 2832 0
5915.5665 5920.8905 4.549949e-16 5.573704e-17 3.323771e-01 2832 0
5916.1200 5921.4445 1.994891e-15 8.023573e-17 1.458202e+00 2832 0
5916.6735 5921.9985 3.610351e-15 9.254841e-17 2.639324e+00 2832 0
5917.2270 5922.5525 7.036246e-17 6.848574e-17 5.128634e-02 2832 0
5917.7805 5923.1065 -3.103650e-16 8.968543e-17 -2.269498e-01 18960 0
5918.3339 5923.6604 -2.342862e-16 6.060851e-17 -1.713068e-01 18960 0
5918.8874 5924.2144 -2.353763e-16 4.968542e-17 -1.720923e-01 18960 0
5919.4409 5924.7684 -1.850784e-16 4.610373e-17 -1.353086e-01 18960 0
5919.9943 5925.3223 -2.133448e-16 4.530363e-17 -1.559634e-01 18960 0
5920.5478 5925.8763 -2.319990e-16 4.481799e-17 -1.695890e-01 18960 0
5921.1012 5926.4302 -2.402246e-16 5.584754e-17 -1.755902e-01 19216 0
5921.6546 5926.9841 4.736839e-16 8.086505e-17 3.457801e-01 2832 0
5922.2080 5927.5380 3.132545e-16 5.602961e-17 2.285896e-01 2576 0
5922.7614 5928.0919 -1.218833e-16 5.105152e-17 -8.907192e-02 18960 0
5923.3148 5928.6458 -1.985958e-17 7.972867e-17 -1.457267e-02 2576 0
5923.8682 5929.1997 -2.100830e-16 4.591016e-17 -1.535079e-01 18960 0
5924.4216 5929.7536 -2.688345e-16 4.720301e-17 -1.964248e-01 18960 0
5924.9750 5930.3075 -8.210366e-17 4.649196e-17 -5.998541e-02 18960 0
5925.5284 5930.8613 -2.290146e-16 4.765838e-17 -1.673085e-01 18960 0
5926.0817 5931.4152 -1.252575e-16 4.552436e-17 -9.150204e-02 18960 0
5926.6351 5931.9691 -2.563794e-16 1.430206e-16 -1.872761e-01 18960 0
5927.1884 5932.5229 -1.176364e-16 5.650977e-17 -8.592375e-02 18960 0
5927.7418 5933.0767 -1.843478e-16 4.382114e-17 -1.346424e-01 18960 0
5928.2951 5933.6305 -1.311788e-16 4.798277e-17 -9.580317e-02 18960 0
5928.8484 5934.1844 -2.177999e-16 5.431298e-17 -1.590548e-01 18960 0
5929.4017 5934.7382 -9.704157e-17 5.112508e-17 -7.086303e-02 18960 0
5929.9550 5935.2920 -1.633089e-16 4.581596e-17 -1.192462e-01 18960 0
5930.5083 5935.8458 -1.545817e-16 4.629324e-17 -1.128668e-01 18960 0
5931.0616 5936.3995 -1.398704e-16 4.637990e-17 -1.021191e-01 18960 0
5931.6149 5936.9533 -9.491991e-17 5.134886e-17 -6.929664e-02 18960 0
5932.1681 5937.5071 -1.350390e-16 4.800622e-17 -9.857977e-02 18960 0
5932.7214 5938.0608 -1.707739e-16 5.009517e-17 -1.246591e-01 18960 0
5933.2746 5938.6146 -1.761217e-16 4.864739e-17 -1.285551e-01 18960 0
5933.8279 5939.1683 -1.297599e-16 5.518372e-17 -9.470901e-02 18960 0
5934.3811 5939.7220 -2.145723e-16 8.675763e-17 -1.566027e-01 18960 0
5934.9343 5940.2758 -1.033639e-16 4.673081e-17 -7.543428e-02 18960 0
5935.4875 5940.8295 -1.813673e-16 4.376665e-17 -1.323531e-01 18960 0
5936.0407 5941.3832 -2.117653e-16 5.328753e-17 -1.545272e-01 18960 0
5936.5939 5941.9369 -1.283716e-16 4.718113e-17 -9.366867e-02 18960 0
5937.1471 5942.4906 -8.472202e-17 4.665978e-17 -6.181549e-02 18960 0
5937.7003 5943.0442 -1.631811e-16 4.859970e-17 -1.190548e-01 18960 0
5938.2535 5943.5979 -9.154452e-17 4.548108e-17 -6.678595e-02 18960 0
5938.8066 5944.1516 -1.010250e-16 4.678094e-17 -7.369842e-02 18960 0
5939.3598 5944.7052 -8.219371e-17 4.830972e-17 -5.995759e-02 18960 0
5939.9129 5945.2589 -1.626739e-16 4.716288e-17 -1.186589e-01 18960 0
5940.4661 5945.8125 -1.671900e-16 4.894771e-17 -1.219466e-01 18960 0
5941.0192 5946.3661 -1.563767e-16 4.852918e-17 -1.140536e-01 18960 0
5941.5723 5946.9197 -1.015872e-16 4.769247e-17 -7.408895e-02 18960 0
5942.1254 5947.4734 -1.806001e-16 4.577154e-17 -1.317075e-01 18960 0
5942.6785 5948.0270 -8.672499e-17 4.735743e-17 -6.324334e-02 18960 0
5943.2316 5948.5805 -2.105318e-16 7.136343e-17 -1.535206e-01 18960 0
5943.7847 5949.1341 -8.304784e-17 5.909264e-17 -6.055584e-02 18960 0
5944.3378 5949.6877 -1.268028e-16 4.538828e-17 -9.245604e-02 18960 0
5944.8909 5950.2413 -3.043168e-17 5.126252e-17 -2.223137e-02 2576 0
5945.4439 5950.7948 -6.638266e-17 4.696111e-17 -4.839718e-02 18960 0
5945.9970 5951.3484 -1.170846e-16 4.353386e-17 -8.535818e-02 18960 0
5946.5500 5951.9019 -1.013047e-16 4.439834e-17 -7.385071e-02 18960 0
5947.1030 5952.4554 -2.430516e-16 4.514205e-17 -1.771757e-01 18960 0
5947.6561 5953.0090 -1.943648e-16 6.100486e-17 -1.416784e-01 18960 0
5948.2091 5953.5625 -2.215610e-16 5.137417e-17 -1.614955e-01 18960 0
5948.7621 5954.1160 -1.257175e-16 4.420833e-17 -9.163130e-02 18960 0
5949.3151 5954.6695 -1.789763e-16 5.712464e-17 -1.304443e-01 18960 0
5949.8681 5955.2229 -6.656035e-17 4.647861e-17 -4.850946e-02 18960 0
5950.4210 5955.7764 -9.465876e-17 4.857365e-17 -6.898484e-02 18960 0
5950.9740 5956.3299 -7.480573e-17 4.401918e-17 -5.451421e-02 18960 0
5951.5270 5956.8833 -1.420410e-16 4.406254e-17 -1.035073e-01 18960 0
5952.0799 5957.4368 -2.181837e-16 5.438895e-17 -1.589872e-01 18960 0
5952.6329 5957.9902 -1.591490e-16 4.359190e-17 -1.159649e-01 18960 0
5953.1858 5958.5437 -7.103156e-17 4.488159e-17 -5.175555e-02 18960 0
5953.7387 5959.0971 -1.780772e-16 4.587705e-17 -1.297470e-01 18960 0
5954.2916 5959.6505 -2.786114e-16 4.707195e-17 -2.029884e-01 18960 0
5954.8445 5960.2039 -7.667477e-17 5.257312e-17 -5.586098e-02 18960 0
5955.3974 5960.7573 -1.664743e-16 5.329556e-17 -1.212794e-01 18960 0
5955.9503 5961.3107 -1.723093e-16 4.344863e-17 -1.255258e-01 18960 0
5956.5032 5961.8640 -8.432333e-17 4.474201e-17 -6.142659e-02 18960 0
5957.0561 5962.4174 -1.249726e-16 5.451142e-17 -9.103491e-02 18960 0
5957.6089 5962.9708 -1.100683e-16 4.563053e-17 -8.017524e-02 18960 0
5958.1618 5963.5241 -9.341991e-17 4.403092e-17 -6.804599e-02 18960 0
5958.7146 5964.0775 -1.794302e-16 4.442482e-17 -1.306905e-01 18960 0
5959.2674 5964.6308 -9.501462e-17 4.406992e-17 -6.920290e-02 18960 0
5959.8203 5965.1841 -7.462814e-17 4.695409e-17 -5.435285e-02 18960 0
5960.3731 5965.7374 3.940194e-16 2.109356e-16 2.865511e-01 2576 0
5960.9259 5966.2907 -1.234595e-16 4.430358e-17 -8.991165e-02 18960 0
5961.4787 5966.8440 -9.240562e-17 4.603804e-17 -6.729399e-02 18960 0
5962.0315 5967.3973 -1.012101e-16 4.989314e-17 -7.370355e-02 18960 0
5962.5842 5967.9506 -1.284553e-16 4.979362e-17 -9.354126e-02 18960 0
5963.1370 5968.5038 -1.228925e-16 4.513607e-17 -8.948772e-02 18960 0
5963.6898 5969.0571 -9.857396e-17 4.551139e-17 -7.177734e-02 18960 0
5964.2425 5969.6103 -1.080300e-16 4.761565e-17 -7.866053e-02 18960 0
5964.7953 5970.1636 -2.964748e-17 4.839675e-17 -2.162771e-02 2576 0
5965.3480 5970.7168 -8.915735e-17 4.345662e-17 -6.491495e-02 18960 0
5965.9007 5971.2700 -8.980264e-17 4.557187e-17 -6.538296e-02 18960 0
5966.4534 5971.8232 -1.087623e-16 4.220241e-17 -7.918479e-02 18960 0
5967.0061 5972.3764 -1.368189e-16 4.538013e-17 -9.960881e-02 18960 0
5967.5588 5972.9296 -1.913641e-17 4.339272e-17 -1.398860e-02 2576 0
5968.1115 5973.4828 -1.160573e-16 4.534880e-17 -8.448920e-02 18960 0
5968.6642 5974.0360 -1.341586e-16 1.079504e-16 -9.766431e-02 18960 0
5969.2169 5974.5891 -1.021804e-16 4.490189e-17 -7.438307e-02 18960 0
5969.7695 5975.1423 2.581744e-18 4.340615e-17 1.789752e-03 2576 0
5970.3222 5975.6954 -1.474737e-16 5.468356e-17 -1.073493e-01 18960 0
5970.8748 5976.2486 -1.088457e-16 4.486702e-17 -7.922916e-02 18960 0
5971.4274 5976.8017 -7.747672e-17 4.294572e-17 -5.639423e-02 18960 0
5971.9800 5977.3548 -1.810168e-17 4.477815e-17 -1.323295e-02 2576 0
5972.5326 5977.9079 -1.070218e-16 5.460881e-17 -7.789604e-02 18960 0
5973.0852 5978.4610 -1.021356e-16 5.587193e-17 -7.433790e-02 18960 0
5973.6378 5979.0141 -1.036066e-16 4.208166e-17 -7.540683e-02 18960 0
5974.1904 5979.5672 5.751037e-16 5.458657e-17 4.180591e-01 2832 0
5974.7430 5980.1203 1.607187e-15 6.909221e-17 1.168882e+00 2832 0
5975.2956 5980.6733 -6.043325e-17 4.312817e-17 -4.398157e-02 18960 0
5975.8481 5981.2264 -5.554538e-17 4.393757e-17 -4.042345e-02 18960 0
5976.4006 5981.7794 -5.586518e-17 4.215883e-17 -4.065534e-02 18960 0
5976.9532 5982.3324 -7.368408e-17 4.155383e-17 -5.362176e-02 18960 0
5977.5057 5982.8855 -9.725131e-17 4.738820e-17 -7.077080e-02 18960 0
5978.0582 5983.4385 -1.125447e-16 5.075752e-17 -8.189832e-02 18960 0
5978.6107 5983.9915 -1.909895e-16 8.147630e-17 -1.389795e-01 18960 0
5979.1632 5984.5445 -1.527104e-16 4.084744e-17 -1.111224e-01 18960 0
5979.7157 5985.0974 -5.501951e-17 4.368564e-17 -4.003515e-02 18960 0
5980.2682 5985.6504 -5.269865e-17 4.447215e-17 -3.834564e-02 18960 0
5980.8206 5986.2034 -8.665649e-17 5.851474e-17 -6.305356e-02 18960 0
5981.3731 5986.7563 -1.349889e-16 4.391905e-17 -9.821968e-02 18960 0
5981.9255 5987.3093 -2.912517e-17 4.189556e-17 -2.122658e-02 2576 0
5982.4780 5987.8622 3.956148e-18 5.204765e-17 2.790548e-03 2576 0
5983.0304 5988.4151 -6.028400e-17 4.111596e-17 -4.386110e-02 18960 0
5983.5828 5988.9681 -6.013903e-17 4.203170e-17 -4.375488e-02 18960 0
5984.1352 5989.5210 -2.286152e-17 4.690831e-17 -1.667748e-02 2576 0
5984.6876 5990.0739 -1.330181e-16 5.676528e-17 -9.677568e-02 18960 0
5985.2400 5990.6267 -4.252751e-17 4.308619e-17 -3.094960e-02 2576 0
5985.7924 5991.1796 -4.601207e-17 4.334645e-17 -3.347744e-02 2576 0
5986.3448 5991.7325 -1.857042e-17 4.412067e-17 -1.356067e-02 2576 0
5986.8971 5992.2853 1.893402e-17 4.720247e-17 1.366675e-02 2576 0
5987.4495 5992.8382 3.999521e-17 5.594340e-17 2.896047e-02 2576 0
5988.0018 5993.3910 -7.425236e-17 4.381614e-17 -5.401623e-02 18960 0
5988.5542 5993.9438 -1.120516e-16 4.138371e-17 -8.151273e-02 18960 0
5989.1065 5994.4967 2.713771e-17 4.511631e-17 1.962324e-02 2576 0
5989.6588 5995.0495 -9.302406e-18 4.656275e-17 -6.831128e-03 2576 0
5990.2111 5995.6023 -6.843615e-17 4.743456e-17 -4.978218e-02 18960 0
5990.7634 5996.1551 -5.343288e-17 4.185666e-17 -3.886786e-02 18960 0
5991.3157 5996.7078 -9.361105e-17 4.937441e-17 -6.809310e-02 18960 0
5991.8679 5997.2606 1.109056e-17 4.443527e-17 7.972598e-03 2576 0
5992.4202 5997.8134 1.394277e-16 8.128922e-17 1.011757e-01 2576 0
5992.9724 5998.3661 -7.006402e-17 4.241615e-17 -5.096278e-02 18960 0
5993.5247 5998.9188 -3.730705e-17 4.113981e-17 -2.714958e-02 2576 0
5994.0769 5999.4716 7.098009e-18 5.007303e-17 5.075004e-03 2576 0
5994.6291 6000.0243 -4.414758e-17 5.455451e-17 -3.211076e-02 2576 0
5995.1813 6000.5770 -9.491213e-17 6.589133e-17 -6.903300e-02 18960 0
5995.7335 6001.1297 -3.841662e-17 5.013140e-17 -2.795152e-02 2576 0
5996.2857 6001.6824 5.484184e-17 5.030642e-17 3.973607e-02 2576 0
5996.8379 6002.2351 -3.061554e-17 4.859771e-17 -2.229042e-02 2576 0
5997.3901 6002.7877 1.697267e-14 1.347821e-15 1.234223e+01 2560 0
5997.9422 6003.3404 7.277661e-15 4.069096e-16 5.291483e+00 2560 0
5998.4944 6003.8930 2.120411e-15 1.625804e-16 1.541202e+00 2560 0
5999.0465 6004.4457 6.817248e-18 4.371657e-17 4.873142e-03 2560 0
5999.5987 6004.9983 2.857767e-17 5.369463e-17 2.066748e-02 2576 0
6000.1508 6005.5509 -5.056629e-17 4.369115e-17 -3.677458e-02 18944 0
6000.7029 6006.1035 -9.899391e-17 4.161466e-17 -7.199296e-02 18960 0
6001.2550 6006.6561 -2.281988e-16 8.887997e-17 -1.659548e-01 18960 0
6001.8071 6007.2087 -6.546487e-17 4.741946e-17 -4.760797e-02 18960 0
6002.3592 6007.7613 -4.792439e-17 4.380475e-17 -3.485162e-02 18960 0
6002.9113 6008.3139 -9.147417e-17 4.485252e-17 -6.652118e-02 18960 0
6003.4633 6008.8664 -1.077483e-16 4.429022e-17 -7.835501e-02 18960 0
6004.0154 6009.4190 2.797007e-16 8.400986e-17 2.030419e-01 2576 0
6004.5674 6009.9715 1.508019e-14 1.674553e-16 1.096421e+01 2816 0
6005.1194 6010.5240 9.223430e-15 2.382645e-16 6.705461e+00 2832 0
6005.6715 6011.0766 1.167806e-16 4.684180e-17 8.470077e-02 2576 0
6006.2235 6011.6291 1.735976e-15 1.454678e-16 1.261470e+00 2576 0
6006.7755 6012.1816 2.637799e-15 2.441802e-16 1.917063e+00 2560 0
6007.3275 6012.7340 7.817963e-16 9.185485e-17 5.678693e-01 2576 0
6007.8794 6013.2865 -2.340351e-17 4.416050e-17 -1.701831e-02 2576 0
6008.4314 6013.8390 -7.540619e-17 4.042709e-17 -5.483020e-02 18944 0
6008.9834 6014.3914 -9.722472e-17 4.738648e-17 -7.069435e-02 18960 0
6009.5353 6014.9439 -1.964435e-17 8.215710e-17 -1.431995e-02 2576 0
6010.0872 6015.4963 -8.034098e-18 4.178813e-17 -5.899498e-03 2560 0
6010.6392 6016.0487 -5.361296e-17 4.444340e-17 -3.898194e-02 27152 0
6011.1911 6016.6012 -2.938798e-17 4.688340e-17 -2.138782e-02 2576 0
