# obs_wvl flux error
5.291000000000000000e+03 2.034114047447417584e-14 3.833730411579271136e-16
5.295879399408941026e+03 2.008255635357407963e-14 2.610734347867603393e-16
5.300758798817882052e+03 1.975251017437285039e-14 3.372730347755954023e-16
5.305638198226823079e+03 1.940571457520285903e-14 3.058243373213213933e-16
5.310517597635764105e+03 1.940561430477863874e-14 2.992697100139637083e-16
5.315396997044705131e+03 1.887380562170471157e-14 2.982948658533896022e-16
5.320276396453646157e+03 1.830858149202841493e-14 2.966054789519199210e-16
5.325155795862587183e+03 1.898559549035891191e-14 2.326859798955071635e-16
5.330035195271528210e+03 1.987900776878170211e-14 3.460089620166618323e-16
5.334914594680469236e+03 1.765892092518900638e-14 3.028323561754249871e-16
5.339793994089410262e+03 1.712995373190512347e-14 2.992568596827857956e-16
5.344673393498351288e+03 1.725142240211671433e-14 3.077744061066246440e-16
5.349552792907292314e+03 1.749775163882592776e-14 3.145384273585453243e-16
5.354432192316233341e+03 1.745499175560882287e-14 3.201420627900398332e-16
5.359311591725174367e+03 1.751578757013268979e-14 3.174783231159859230e-16
5.364190991134115393e+03 1.734081788492275357e-14 3.198381127636016000e-16
5.369070390543056419e+03 1.717785788609527876e-14 3.238546805117901495e-16
5.373949789951997445e+03 1.712516865909809612e-14 3.206481452409475377e-16
5.378829189360938472e+03 1.755267067541898412e-14 3.237014297097914374e-16
5.383708588769879498e+03 1.779464809697520603e-14 3.257195150803350150e-16
5.388587988178820524e+03 1.693950608606268846e-14 3.170782296937946568e-16
5.393467387587761550e+03 1.736812788952712251e-14 3.180507015871612542e-16
5.398346786996702576e+03 1.746521161535010768e-14 3.167164762827121789e-16
5.403226186405643602e+03 1.746900379595665850e-14 3.169271506382358779e-16
5.408105585814584629e+03 1.713702546875627001e-14 3.134280526499470778e-16
5.412984985223525655e+03 1.779331480557101966e-14 3.420842283884471567e-16
5.417864384632466681e+03 1.785500771070953958e-14 3.061846122133305457e-16
5.422743784041407707e+03 1.790241062918560961e-14 3.011525028259620254e-16
5.427623183450348733e+03 1.785363891246827373e-14 2.964378161762588008e-16
5.432502582859289760e+03 1.752247030679151265e-14 2.929617087908151896e-16
5.437381982268230786e+03 1.773886316224784485e-14 2.878409130235298498e-16
5.442261381677171812e+03 1.762412719067406744e-14 2.844735530422963325e-16
5.447140781086112838e+03 1.778385091663940391e-14 2.839931468734235909e-16
5.452020180495053864e+03 1.727082814526325569e-14 2.077632785725286793e-16
5.456899579903994891e+03 1.664558654758049872e-14 2.856706229585609510e-16
5.461778979312935917e+03 1.678965084379689170e-14 2.654498925839762884e-16
5.466658378721876943e+03 1.705999876591878132e-14 2.660328141286902539e-16
5.471537778130817969e+03 1.654147915780441717e-14 2.702787573648763141e-16
5.476417177539758995e+03 1.599337921586077791e-14 2.536030295709193407e-16
5.481296576948700022e+03 1.612903247877528127e-14 2.530701255021574610e-16
5.486175976357641048e+03 1.545880980940567148e-14 2.469093203994006973e-16
5.491055375766582074e+03 1.519853152570535781e-14 2.461361399711876905e-16
5.495934775175523100e+03 1.411127736630867970e-14 2.366783089586456640e-16
5.500814174584464126e+03 1.393167360592190030e-14 2.351818023031100589e-16
5.505693573993405153e+03 1.466130704714834093e-14 2.401147192442551886e-16
5.510572973402346179e+03 1.369351718147189199e-14 2.349407072051747228e-16
5.515452372811287205e+03 1.335954184050969704e-14 2.366256358145189595e-16
5.520331772220228231e+03 1.357079438432186102e-14 2.343296499166506995e-16
5.525211171629169257e+03 1.263588274079254650e-14 2.249778703259430756e-16
5.530090571038110284e+03 1.295876861457132272e-14 2.282465769465066777e-16
5.534969970447051310e+03 1.285054406126796139e-14 2.276788819893372413e-16
5.539849369855992336e+03 1.315535259625913935e-14 2.295359069362697673e-16
5.544728769264933362e+03 1.365338933389221062e-14 2.336617448643963544e-16
5.549608168673874388e+03 1.411860279759388725e-14 2.340786186466233791e-16
5.554487568082815415e+03 1.443297802191106450e-14 2.360640830992400316e-16
5.559366967491756441e+03 1.493594797795608469e-14 2.405750169624099459e-16
5.564246366900697467e+03 1.531875070762946091e-14 2.406460574829434915e-16
5.569125766309638493e+03 1.525230431381500842e-14 2.389788807807620594e-16
5.574005165718579519e+03 1.595509454051414350e-14 2.529715140481371801e-16
5.578884565127520546e+03 1.594949011127949722e-14 2.470944221910768732e-16
5.583763964536461572e+03 1.612670906780982618e-14 2.450111712018420608e-16
5.588643363945402598e+03 1.649462783723898128e-14 2.459238910049163488e-16
5.593522763354343624e+03 1.747060668042656067e-14 2.891268538989035612e-16
5.598402162763284650e+03 1.657781807934496659e-14 2.477693859040010148e-16
5.603281562172225676e+03 1.679512620718235640e-14 2.443167382112604507e-16
5.608160961581166703e+03 1.633186221256978292e-14 2.426949453775782659e-16
5.613040360990107729e+03 1.707146021680272691e-14 2.479917696269879487e-16
5.617919760399048755e+03 1.654974307369902246e-14 2.403829482911677169e-16
5.622799159807989781e+03 1.641116777900890435e-14 2.421002297394965217e-16
5.627678559216930807e+03 1.651159590505119025e-14 1.771268232545427797e-16
5.632557958625871834e+03 1.663330118171352234e-14 2.478616397617503485e-16
5.637437358034812860e+03 1.654821872415678417e-14 2.368758314845835444e-16
5.642316757443753886e+03 1.671703281554161502e-14 2.380379476186640007e-16
5.647196156852694912e+03 1.609504092293821219e-14 2.474029170451651901e-16
5.652075556261635938e+03 1.545041099804551976e-14 2.310667092755057334e-16
5.656954955670576965e+03 1.583753301435243222e-14 2.312484576782101298e-16
5.661834355079517991e+03 1.625256951022179912e-14 2.374334712453814765e-16
5.666713754488459017e+03 1.554955107596435111e-14 2.290837057464042047e-16
5.671593153897400043e+03 1.570468479376473706e-14 2.295383313486935825e-16
5.676472553306341069e+03 1.593205580310428161e-14 2.293741454966478547e-16
5.681351952715282096e+03 1.479421796263236612e-14 2.239321356081095337e-16
5.686231352124223122e+03 1.483315698520785259e-14 2.226936569054563497e-16
5.691110751533164148e+03 1.458010025512988235e-14 2.317041815279046871e-16
5.695990150942105174e+03 1.504455703477813662e-14 2.248966976943932924e-16
5.700869550351046200e+03 1.488897166667391701e-14 2.212140207100258346e-16
5.705748949759987227e+03 1.403171064079836280e-14 2.179158831296234405e-16
5.710628349168928253e+03 1.445755815876201861e-14 2.193065843214028738e-16
5.715507748577869279e+03 1.429109375100582465e-14 2.183319451157029534e-16
5.720387147986810305e+03 1.471972111457312832e-14 2.198793174521030381e-16
5.725266547395751331e+03 1.413244561388532171e-14 2.175487720226393408e-16
5.730145946804692358e+03 1.436006506306480898e-14 2.280242474137262074e-16
5.735025346213633384e+03 1.353437427834279403e-14 2.118305626499259042e-16
5.739904745622574410e+03 1.379384804167993950e-14 2.143111032378764791e-16
5.744784145031515436e+03 1.363578943642919424e-14 2.152180842300332988e-16
5.749663544440456462e+03 1.355822899237244515e-14 2.113645625220663761e-16
5.754542943849397489e+03 1.334166498294696329e-14 2.100476260673184904e-16
5.759422343258338515e+03 1.269986848679239738e-14 2.055338216034438641e-16
5.764301742667279541e+03 1.268599872071703205e-14 2.072067591967656647e-16
5.769181142076220567e+03 1.251751017756189138e-14 2.029733119935162368e-16
5.774060541485161593e+03 1.176486805548351352e-14 2.033994849361846098e-16
5.778939940894102619e+03 1.129448250650064854e-14 1.949029771077761916e-16
5.783819340303043646e+03 1.097346247911755591e-14 1.923350840562465843e-16
5.788698739711984672e+03 1.116749921275441225e-14 1.935014854236799285e-16
5.793578139120925698e+03 1.067586811470136251e-14 2.067327392495078430e-16
5.798457538529866724e+03 1.075943710107566715e-14 1.933152839780692179e-16
5.803336937938807750e+03 1.076190254160261781e-14 1.898911233978372669e-16
5.808216337347748777e+03 1.098475163287762788e-14 1.911353018786945251e-16
5.813095736756689803e+03 1.098588530578139431e-14 1.948018845160932565e-16
5.817975136165630829e+03 1.163773257716616176e-14 2.022580412073696013e-16
5.822854535574571855e+03 1.117680343093228595e-14 1.915043038171617635e-16
5.827733934983512881e+03 1.174278596326366350e-14 1.956042171202089009e-16
5.832613334392453908e+03 1.177698620420922412e-14 1.935130799566324461e-16
5.837492733801394934e+03 1.227831590471582730e-14 2.001445672012789103e-16
5.842372133210335960e+03 1.242099132727594227e-14 2.010220090216584461e-16
5.847251532619276986e+03 1.337013463451462901e-14 2.024626624735196692e-16
5.852130932028218012e+03 1.319420513541162562e-14 2.012913929641309814e-16
5.857010331437159039e+03 1.363954313760928069e-14 2.085270272401759169e-16
5.861889730846100065e+03 1.422131390268189203e-14 2.059904532284023223e-16
5.866769130255041091e+03 1.470193014118614331e-14 2.132140804137031602e-16
5.871648529663982117e+03 1.494208308778568268e-14 2.212276553968684280e-16
5.876527929072923143e+03 1.486373125685260869e-14 2.089482860866814475e-16
5.881407328481864170e+03 1.542522396749368506e-14 2.130205860330526027e-16
5.886286727890805196e+03 1.541752482766141044e-14 2.130619585198492120e-16
5.891166127299746222e+03 1.483810742681837694e-14 2.101597652933229788e-16
5.896045526708687248e+03 1.565397463931840425e-14 2.181324891033846413e-16
5.900924926117628274e+03 1.556873126363968887e-14 2.351449665253480573e-16
5.905804325526569301e+03 1.560176423375220482e-14 2.402781812391327642e-16
5.910683724935510327e+03 1.550106691965320789e-14 2.135580333408221105e-16
5.915563124344451353e+03 1.580449209656176728e-14 2.166726322189584396e-16
5.920442523753392379e+03 1.562445874736639192e-14 1.595279861729903320e-16
5.925321923162333405e+03 1.539783247737555594e-14 2.240153329559368446e-16
5.930201322571274432e+03 1.534056034223318720e-14 1.578448712777925337e-16
5.935080721980215458e+03 1.527313398094667235e-14 2.203582020317173987e-16
5.939960121389156484e+03 1.516184496301930926e-14 2.113292109084744976e-16
5.944839520798097510e+03 1.530905228524731354e-14 2.129693946280752786e-16
5.949718920207038536e+03 1.499925343879464055e-14 1.563204871620047354e-16
5.954598319615979563e+03 1.462541466244488692e-14 2.180083870522461602e-16
5.959477719024920589e+03 1.448797622562980198e-14 2.069679356381601134e-16
5.964357118433861615e+03 1.400523662766482912e-14 2.041710492632247018e-16
5.969236517842802641e+03 1.395301140145667786e-14 2.040387018403480722e-16
5.974115917251743667e+03 1.385381635734051306e-14 2.039907210420457448e-16
5.978995316660684693e+03 1.372526755505098992e-14 2.057241643129081001e-16
5.983874716069625720e+03 1.379477458046208384e-14 2.031963768197883796e-16
5.988754115478566746e+03 1.390333363690063215e-14 2.038121519518254228e-16
5.993633514887507772e+03 1.380495920439152589e-14 2.026995890424131808e-16
5.998512914296448798e+03 1.354758599772666739e-14 2.039435702013646986e-16
6.003392313705389824e+03 1.336907457858736478e-14 1.994705968216910293e-16
6.008271713114330851e+03 1.358794273775025071e-14 2.016889280350157462e-16
6.013151112523271877e+03 1.356797030938726354e-14 2.010050418044512489e-16
6.018030511932212903e+03 1.380772601620934582e-14 2.026970133498011406e-16
6.022909911341153929e+03 1.366193489039690809e-14 1.494221606542316853e-16
6.027789310750094955e+03 1.347295095177310567e-14 2.080117703831998872e-16
6.032668710159035982e+03 1.366672576835706255e-14 1.990110366573970227e-16
6.037548109567977008e+03 1.315372386556062173e-14 1.951812715598312255e-16
6.042427508976918034e+03 1.273624812800195236e-14 1.932068727680702779e-16
6.047306908385859060e+03 1.270149530971313178e-14 1.930668528091306757e-16
6.052186307794800086e+03 1.236306033636674659e-14 1.921768165683856223e-16
6.057065707203741113e+03 1.269338936478704885e-14 2.038026507146964130e-16
6.061945106612682139e+03 1.236943115080218329e-14 1.530343812565579672e-16
6.066824506021623165e+03 1.195470707425786913e-14 2.177381041327332333e-16
6.071703905430564191e+03 1.218664644769906232e-14 1.885617333380667056e-16
6.076583304839505217e+03 1.236894063468686094e-14 1.883786262623076028e-16
6.081462704248446244e+03 1.248243679211909411e-14 1.874462320384745676e-16
6.086342103657387270e+03 1.244699455522841064e-14 1.398194561920344724e-16
6.091221503066328296e+03 1.239693958788755032e-14 1.963959311214688361e-16
6.096100902475269322e+03 1.196215602177950950e-14 1.829858004916554966e-16
6.100980301884210348e+03 1.184406021391741323e-14 1.907816506663170972e-16
6.105859701293151375e+03 1.089099823674435210e-14 1.755707347788423048e-16
6.110739100702092401e+03 1.043446848336656607e-14 1.726420368332489538e-16
6.115618500111033427e+03 9.753402741161525684e-15 1.682627532958444139e-16
6.120497899519974453e+03 9.166877859505295034e-15 1.652080321798012705e-16
6.125377298928915479e+03 8.422461265767955860e-15 1.598406159403048073e-16
6.130256698337856506e+03 7.877255909077269871e-15 1.561547784989510671e-16
6.135136097746797532e+03 7.354802089853491113e-15 1.591655178429394792e-16
6.140015497155738558e+03 6.761513867508504896e-15 1.521736495826231852e-16
6.144894896564679584e+03 6.356208358648652374e-15 1.451262679635771284e-16
6.149774295973620610e+03 5.966232896269961326e-15 1.461100159533826235e-16
6.154653695382561637e+03 5.750928094700120935e-15 1.451263711943142506e-16
6.159533094791502663e+03 5.651117993545378926e-15 1.427555823017371497e-16
6.164412494200443689e+03 5.481146750612236651e-15 1.396942179432850156e-16
6.169291893609384715e+03 5.235748080414452018e-15 1.381119173966793519e-16
6.174171293018325741e+03 5.364485000994055301e-15 1.445690072177683776e-16
6.179050692427266767e+03 5.359625997183515526e-15 1.373978633404135713e-16
6.183930091836207794e+03 5.178396593492580404e-15 1.358356828842739106e-16
6.188809491245148820e+03 5.306488441232144188e-15 1.477481387469319223e-16
6.193688890654089846e+03 5.326308579903095364e-15 1.386569885084235690e-16
6.198568290063030872e+03 5.595681203418885321e-15 1.059063581679921494e-16
6.203447689471971898e+03 5.937206716527922493e-15 1.514129891429981606e-16
6.208327088880912925e+03 6.103540107716319224e-15 1.438165015634253849e-16
6.213206488289853951e+03 6.032835839450943728e-15 1.615802212711562528e-16
6.218085887698794977e+03 6.378378267427315970e-15 1.458594155310932083e-16
6.222965287107736003e+03 6.169216878139654037e-15 1.429569450772250380e-16
6.227844686516677029e+03 6.928596390911810078e-15 1.466643758830708673e-16
6.232724085925618056e+03 6.890057321055933978e-15 1.469860964093257548e-16
6.237603485334559082e+03 7.357445362978125556e-15 1.527462607670132052e-16
6.242482884743500108e+03 7.645923732631021042e-15 1.528812276832755928e-16
6.247362284152441134e+03 8.079441996483552951e-15 1.538889735879163088e-16
6.252241683561382160e+03 7.971177240401647733e-15 1.550465725984274086e-16
6.257121082970323187e+03 8.658597173337870506e-15 1.569983600855290750e-16
6.262000482379264213e+03 8.710288106501081732e-15 1.566379446408246459e-16
6.266879881788205239e+03 8.939350942203740751e-15 1.580151695707021506e-16
6.271759281197146265e+03 9.270966601825904426e-15 1.601553350746818810e-16
6.276638680606087291e+03 9.495429516226598879e-15 1.625751235169635234e-16
6.281518080015028318e+03 1.022104880345598712e-14 1.675904326327709590e-16
6.286397479423969344e+03 1.024316126994950614e-14 1.649234784647663516e-16
6.291276878832910370e+03 1.082518484300985977e-14 1.682451204272592823e-16
6.296156278241851396e+03 1.084593874551131983e-14 1.675285291535883648e-16
6.301035677650792422e+03 1.134458434177077525e-14 1.709505310594821042e-16
6.305915077059733449e+03 1.189531992256838142e-14 1.743487265627283216e-16
6.310794476468674475e+03 1.187440786552539083e-14 1.727997915158998471e-16
6.315673875877615501e+03 1.181969897849993458e-14 1.762961624870345788e-16
6.320553275286556527e+03 1.226114060450853194e-14 1.744116803369152216e-16
6.325432674695497553e+03 1.232434121797815816e-14 1.751413814235509225e-16
6.330312074104438580e+03 1.266388118776663221e-14 1.761924292427478300e-16
6.335191473513379606e+03 1.274000491110216672e-14 1.760364171792435117e-16
6.340070872922320632e+03 1.288260486699545664e-14 1.788633377513869969e-16
6.344950272331261658e+03 1.310436677860747450e-14 1.787220122072031133e-16
6.349829671740202684e+03 1.341987677105038846e-14 1.786829849195399164e-16
6.354709071149143710e+03 1.326815524206081934e-14 1.769459151500356908e-16
6.359588470558084737e+03 1.318423920174900006e-14 1.761882507360133668e-16
6.364467869967025763e+03 1.335674953636055791e-14 1.763163802806505638e-16
6.369347269375966789e+03 1.371275657929176050e-14 1.781327671885155027e-16
6.374226668784907815e+03 1.353418003357422636e-14 1.773435449635953916e-16
6.379106068193848841e+03 1.373477632289397900e-14 1.785510807653829405e-16
6.383985467602789868e+03 1.367693642332685599e-14 1.763835449608620923e-16
6.388864867011730894e+03 1.416393764786897824e-14 1.803870331387540121e-16
6.393744266420671920e+03 1.415175594093468753e-14 1.804591999180809107e-16
6.398623665829612946e+03 1.370776197817558221e-14 1.778452681999091072e-16
6.403503065238553972e+03 1.387746213836077001e-14 1.763826270120470931e-16
6.408382464647494999e+03 1.408674859588535027e-14 1.781957254193710268e-16
6.413261864056436025e+03 1.415436321467041167e-14 1.778595747185034884e-16
6.418141263465377051e+03 1.392837739237131491e-14 1.767692551066394961e-16
6.423020662874318077e+03 1.394457250126265121e-14 1.780827219177373329e-16
6.427900062283259103e+03 1.406080210956947092e-14 1.776782517933225539e-16
6.432779461692200130e+03 1.404409115889685492e-14 1.765143612700284500e-16
6.437658861101141156e+03 1.397983942353902220e-14 1.772410641628879760e-16
6.442538260510082182e+03 1.416848547604023778e-14 1.772532191114845724e-16
6.447417659919023208e+03 1.405475316817674373e-14 1.758062509367403522e-16
6.452297059327964234e+03 1.398575739201790853e-14 1.751759248333275577e-16
6.457176458736905261e+03 1.381217917355424643e-14 1.740452827147809148e-16
6.462055858145846287e+03 1.348662109176897841e-14 1.755654970734942739e-16
6.466935257554787313e+03 1.334044454216332350e-14 1.754611076238406783e-16
6.471814656963728339e+03 1.387612045543045642e-14 1.753872342895216268e-16
6.476694056372669365e+03 1.356068993185700054e-14 1.726602985630949142e-16
6.481573455781610392e+03 1.345520883527582580e-14 1.722924342771047190e-16
6.486452855190551418e+03 1.328863650956861176e-14 1.713993738368847445e-16
6.491332254599492444e+03 1.355028145204827369e-14 1.769866694125162778e-16
6.496211654008433470e+03 1.305352697528946016e-14 1.691213974202010443e-16
6.501091053417374496e+03 1.304476861027685410e-14 1.701155589632908086e-16
6.505970452826315523e+03 1.317346263086297006e-14 1.699714043704959222e-16
6.510849852235256549e+03 1.298460915043485833e-14 1.689145927123656243e-16
6.515729251644197575e+03 1.325779260521957070e-14 1.717610025215773883e-16
6.520608651053138601e+03 1.310218154155487084e-14 1.842897535609726597e-16
6.525488050462079627e+03 1.279081868454226828e-14 1.679790276352341515e-16
6.530367449871020654e+03 1.267667898643268827e-14 1.732226959442662969e-16
6.535246849279961680e+03 1.237809200355307012e-14 1.663240716552531957e-16
6.540126248688902706e+03 1.226936721479434133e-14 1.654282633516234434e-16
6.545005648097843732e+03 1.230904604388584188e-14 1.669283561925896694e-16
6.549885047506784758e+03 1.226543419785798807e-14 1.660029580736474185e-16
6.554764446915725784e+03 1.241512862137532742e-14 1.665179701100670136e-16
6.559643846324666811e+03 1.196523057440684727e-14 1.644491631182710833e-16
6.564523245733607837e+03 1.226247735751179555e-14 1.676126248973305881e-16
6.569402645142548863e+03 1.174853278814324341e-14 1.614089714141720929e-16
6.574282044551489889e+03 1.153634067137178326e-14 1.613427169408628387e-16
6.579161443960430915e+03 1.152137708728272523e-14 1.291328877432213603e-16
6.584040843369371942e+03 1.152465828254149380e-14 1.790465787793326540e-16
6.588920242778312968e+03 1.152520869626007554e-14 1.607800541029033716e-16
6.593799642187253994e+03 1.141879828985315552e-14 1.672490035444487207e-16
6.598679041596195020e+03 1.119827367436499040e-14 1.594531624750297471e-16
6.603558441005136046e+03 1.128610511587991595e-14 1.633176304678037781e-16
6.608437840414077073e+03 1.100305786808278298e-14 1.578628570659478435e-16
6.613317239823018099e+03 1.083291594587917528e-14 1.576565045308075430e-16
6.618196639231959125e+03 1.081181156811387516e-14 1.580724990337371616e-16
6.623076038640900151e+03 1.048025726921031170e-14 1.552240363720252192e-16
6.627955438049841177e+03 1.061145361329375326e-14 1.554361316779388468e-16
6.632834837458782204e+03 1.024177480439236006e-14 1.542919266903920644e-16
6.637714236867723230e+03 1.036577666468092312e-14 1.586417669482623283e-16
6.642593636276664256e+03 1.027109515361475481e-14 1.567906428767810333e-16
6.647473035685605282e+03 9.881938883353366458e-15 1.515041611773583961e-16
6.652352435094546308e+03 9.712635997448715679e-15 1.500167326089004895e-16
6.657231834503487335e+03 9.678815692153998655e-15 1.551211596130022761e-16
6.662111233912428361e+03 9.591415886091007169e-15 1.500482842280746376e-16
6.666990633321369387e+03 9.381553841554906046e-15 1.480440362456699657e-16
6.671870032730310413e+03 9.329680371163059153e-15 1.476683184273592655e-16
6.676749432139251439e+03 9.365501790171191598e-15 1.579000136495634222e-16
6.681628831548192466e+03 9.213205220962602539e-15 1.486121268381808783e-16
6.686508230957133492e+03 8.981364848925672797e-15 1.226369611179888723e-16
6.691387630366074518e+03 8.639171091018044840e-15 1.738132915938403662e-16
6.696267029775015544e+03 8.830166844203573371e-15 1.456563086634786315e-16
6.701146429183956570e+03 8.870351247120835224e-15 1.431704024099411924e-16
6.706025828592897597e+03 8.793432776729504250e-15 1.424107671920400579e-16
6.710905228001838623e+03 8.166432453492127885e-15 1.385648093017258405e-16
6.715784627410779649e+03 8.459267288218856592e-15 1.405809388651683301e-16
6.720664026819720675e+03 8.248726863335419085e-15 1.438133444881214737e-16
6.725543426228661701e+03 8.313531943036465711e-15 1.401337294183730667e-16
6.730422825637602728e+03 8.310789713581349181e-15 1.424478976030774581e-16
6.735302225046543754e+03 8.338036132768132641e-15 1.419144763503940678e-16
6.740181624455484780e+03 8.174840848060177596e-15 1.402498966562252101e-16
6.745061023864425806e+03 8.198183695831464476e-15 1.389942483422876843e-16
6.749940423273366832e+03 7.838518605366700880e-15 1.359533794344440497e-16
6.754819822682307858e+03 7.881610535762206672e-15 1.367145863600002383e-16
6.759699222091248885e+03 7.757282075075952439e-15 1.347292655396369979e-16
6.764578621500189911e+03 7.934488192751553550e-15 1.383610914929929181e-16
6.769458020909130937e+03 7.995305274634700021e-15 1.407211692271347123e-16
6.774337420318071963e+03 7.806035355803473940e-15 1.355410647229373921e-16
6.779216819727012989e+03 7.776016338181040142e-15 1.350564516737970497e-16
6.784096219135954016e+03 8.064091419595755519e-15 1.380924452695207083e-16
6.788975618544895042e+03 7.515885224163432742e-15 1.322085062238770737e-16
6.793855017953836068e+03 7.661287382987634736e-15 1.358313347147673091e-16
6.798734417362777094e+03 7.468619384268847794e-15 1.322389098947841278e-16
6.803613816771718120e+03 7.404405135232209134e-15 1.340667654495475655e-16
6.808493216180659147e+03 7.426921983603057531e-15 1.321430022798790045e-16
6.813372615589600173e+03 7.159958802897210704e-15 1.300274351526965347e-16
6.818252014998541199e+03 7.287173187121295746e-15 1.314840733291729055e-16
6.823131414407482225e+03 7.003154675704979905e-15 1.360780852959341764e-16
6.828010813816423251e+03 7.153921669928668624e-15 1.411273973406648516e-16
6.832890213225364278e+03 6.989869286748791281e-15 1.302346496972587015e-16
6.837769612634305304e+03 6.813182150152686802e-15 1.343648511995433396e-16
6.842649012043246330e+03 6.808283349517737432e-15 1.288265020717519714e-16
6.847528411452187356e+03 6.872181377302845246e-15 1.287941423456753255e-16
6.852407810861128382e+03 6.706654119249744641e-15 1.275702093961116750e-16
6.857287210270069409e+03 6.932519012784056849e-15 1.285907033917942191e-16
6.862166609679010435e+03 6.749862796944096310e-15 1.290891545609246030e-16
6.867046009087951461e+03 7.015239339230511250e-15 1.304078443629436185e-16
6.871925408496892487e+03 6.882652222439876889e-15 1.275378811111653712e-16
6.876804807905833513e+03 7.062186590295639336e-15 1.290425845294131379e-16
6.881684207314774540e+03 7.184733640179010321e-15 1.300381659574238149e-16
6.886563606723715566e+03 6.933459764295628170e-15 1.279997445429877384e-16
6.891443006132656592e+03 7.179309702152483061e-15 1.368747415990005721e-16
6.896322405541597618e+03 6.693889697234122368e-15 1.264833814972970163e-16
6.901201804950538644e+03 6.897599043115289101e-15 1.274036642958833307e-16
6.906081204359479671e+03 6.745627429945587127e-15 1.260430636250792299e-16
6.910960603768420697e+03 6.583680672821833162e-15 1.253469527244727983e-16
6.915840003177361723e+03 6.617874105620667520e-15 1.257695626391522291e-16
6.920719402586302749e+03 6.557203622954960414e-15 1.300382799652556351e-16
6.925598801995243775e+03 6.587753082528113864e-15 1.290347282163011193e-16
6.930478201404184802e+03 6.609666211185755631e-15 1.274651500969659582e-16
6.935357600813125828e+03 6.347721531356872559e-15 1.233542918551421415e-16
6.940237000222066854e+03 6.588280780661282865e-15 1.247827491044494795e-16
6.945116399631007880e+03 6.476174997311998635e-15 1.242801327703930905e-16
6.949995799039948906e+03 6.332885943438970669e-15 1.228134455358550580e-16
6.954875198448889932e+03 6.085445897043475801e-15 1.236129663353347418e-16
6.959754597857830959e+03 6.405176275788283027e-15 1.230654180652866390e-16
6.964633997266771985e+03 6.219281935084185663e-15 1.211734503209365220e-16
6.969513396675713011e+03 6.036220122736806257e-15 1.237787506964976339e-16
6.974392796084654037e+03 6.186238134564286542e-15 1.224700852864089981e-16
6.979272195493595063e+03 6.237608413576906259e-15 1.230272835913469525e-16
6.984151594902536090e+03 6.213430874930137208e-15 1.211813090227320080e-16
6.989030994311477116e+03 6.134064812699911994e-15 1.052592481693149105e-16
6.993910393720418142e+03 5.988522937087903397e-15 1.402945038050931932e-16
6.998789793129359168e+03 6.089633200501364224e-15 1.237689032058472607e-16
7.003669192538300194e+03 6.370365139859202825e-15 1.304211427166874182e-16
7.008548591947241221e+03 6.296291039910727186e-15 1.221536465196788621e-16
7.013427991356182247e+03 6.014698647723382869e-15 1.199877674509491327e-16
7.018307390765123273e+03 5.897039038065555532e-15 1.245584138389644406e-16
7.023186790174064299e+03 5.972635961126745705e-15 1.275052708673392423e-16
7.028066189583005325e+03 6.008652033007297076e-15 1.190489801553820982e-16
7.032945588991946352e+03 6.085026030337939454e-15 1.197075975420853253e-16
7.037824988400887378e+03 6.025240599958471951e-15 1.196028207278564632e-16
7.042704387809828404e+03 6.027718108784247413e-15 1.183479808372771043e-16
7.047583787218769430e+03 6.252293135435707505e-15 1.198262060583380925e-16
7.052463186627710456e+03 5.830909318651414716e-15 1.168983317368517111e-16
7.057342586036651483e+03 5.780384364156984848e-15 1.183518272516583598e-16
7.062221985445592509e+03 5.714355511131951550e-15 1.178584683667582927e-16
7.067101384854533535e+03 5.796926317269797353e-15 1.174163961777487729e-16
7.071980784263474561e+03 5.635394085458284310e-15 1.172917123721545059e-16
7.076860183672415587e+03 5.682860693926889716e-15 1.164278578047347409e-16
7.081739583081356614e+03 5.575359634184773791e-15 1.152633722106776777e-16
7.086618982490297640e+03 5.931773123125633333e-15 1.179448008125890259e-16
7.091498381899238666e+03 5.787864386298443100e-15 1.179683014473733014e-16
7.096377781308179692e+03 5.755577229709632965e-15 1.160166858905740075e-16
7.101257180717120718e+03 5.656273825937286670e-15 1.210447849300014303e-16
7.106136580126061745e+03 5.801643188222132698e-15 1.164146529486740104e-16
7.111015979535002771e+03 5.940754441469876770e-15 1.169434065997308190e-16
7.115895378943943797e+03 6.060672517674059665e-15 1.181287905597228985e-16
7.120774778352884823e+03 5.810881847621832793e-15 1.164310654655444944e-16
7.125654177761825849e+03 5.681959964486344800e-15 1.152720606853163258e-16
7.130533577170766875e+03 5.687785157194641171e-15 1.159750260523717028e-16
7.135412976579707902e+03 5.605878624866739050e-15 1.148339784249628879e-16
7.140292375988648928e+03 5.778759668229668443e-15 1.162658533787200472e-16
7.145171775397589954e+03 5.807190897203777837e-15 1.184938767162805407e-16
7.150051174806530980e+03 5.755638625504070318e-15 1.165265960109904188e-16
7.154930574215472006e+03 5.722404376634226398e-15 1.166689200151322284e-16
7.159809973624413033e+03 5.915992260881489448e-15 1.176050735164388225e-16
7.164689373033354059e+03 5.795852059928738371e-15 1.171164267519516472e-16
7.169568772442295085e+03 5.775081006747799211e-15 1.181552922221503363e-16
7.174448171851236111e+03 5.618774196010856247e-15 1.187496884381702988e-16
7.179327571260177137e+03 5.832734495465863777e-15 1.171196033879018402e-16
7.184206970669118164e+03 5.772128536160821096e-15 1.160887924553256725e-16
7.189086370078059190e+03 5.502400210989419713e-15 1.193880208788171202e-16
7.193965769487000216e+03 1.921293230291901724e-15 1.231146291425636355e-16
7.198845168895941242e+03 4.826465454947611493e-15 1.181494992334385638e-16
7.203724568304882268e+03 5.825141739160836107e-15 1.188710730755693110e-16
7.208603967713823295e+03 5.634428424364260762e-15 1.161499748730667372e-16
7.213483367122764321e+03 5.665285770911541571e-15 1.171334811300242961e-16
7.218362766531705347e+03 5.461981923553383822e-15 1.160804303340707125e-16
7.223242165940646373e+03 5.687493233856669041e-15 1.173219841628649379e-16
7.228121565349587399e+03 5.718479102994236690e-15 1.228399342817706701e-16
7.233000964758528426e+03 5.782193353764189021e-15 1.181177819692875539e-16
7.237880364167469452e+03 5.743748995090766813e-15 1.084161523376703818e-16
7.242759763576410478e+03 5.613176803654631661e-15 1.422996160797013339e-16
7.247639162985351504e+03 5.748232702981670415e-15 1.181501163938465040e-16
7.252518562394292530e+03 5.925918132156548698e-15 1.203724291555204348e-16
7.257397961803233557e+03 5.856301198201243215e-15 1.193526601378706217e-16
7.262277361212174583e+03 5.928677031003755759e-15 1.196086103714161889e-16
7.267156760621115609e+03 5.687919365665476408e-15 1.317566625874893628e-16
7.272036160030056635e+03 5.634030303600548634e-15 1.193408867488184152e-16
7.276915559438997661e+03 5.631287434485351594e-15 1.182862491512275791e-16
7.281794958847938688e+03 5.862423885558917816e-15 1.209863321987874305e-16
7.286674358256879714e+03 6.023326599227408385e-15 1.210317057923136558e-16
7.291553757665820740e+03 6.044896903549543382e-15 1.211549324917308699e-16
7.296433157074761766e+03 5.941025771857060805e-15 1.226710216795034974e-16
7.301312556483702792e+03 5.918518861557646865e-15 1.216743562747452527e-16
7.306191955892643819e+03 5.901459792289489993e-15 1.268971983172654079e-16
7.311071355301584845e+03 6.005219409725116186e-15 1.228986483611121896e-16
7.315950754710525871e+03 5.879305311703593772e-15 1.205304209700445368e-16
7.320830154119466897e+03 5.892992500336951561e-15 1.246955292149612009e-16
7.325709553528407923e+03 5.688101941307525037e-15 1.225548517400170033e-16
7.330588952937348949e+03 5.643220329608660463e-15 1.201492318913361312e-16
7.335468352346289976e+03 5.851756825387806421e-15 1.288775049476386340e-16
7.340347751755231002e+03 5.813732363511621690e-15 1.214581372922783747e-16
7.345227151164172028e+03 5.876333428884956895e-15 1.311142343917267615e-16
7.350106550573113054e+03 5.768823250932720674e-15 1.224821261875816591e-16
7.354985949982054080e+03 5.633128724784795907e-15 1.218119456304939439e-16
7.359865349390995107e+03 5.724463637009228797e-15 1.215075701494473023e-16
7.364744748799936133e+03 5.587627457218377153e-15 1.203155807657861644e-16
7.369624148208877159e+03 5.535962287444190568e-15 1.224289602575384232e-16
7.374503547617818185e+03 5.590443748452095845e-15 1.214814332363142318e-16
7.379382947026759211e+03 5.417310684408592892e-15 1.192034125466476342e-16
7.384262346435700238e+03 5.447926630517247391e-15 1.205686414042863555e-16
7.389141745844641264e+03 5.561900008480641976e-15 1.256418306901359956e-16
7.394021145253582290e+03 5.419760705219089754e-15 1.201925999921023801e-16
7.398900544662523316e+03 5.006867806261117659e-15 1.166987953924378127e-16
7.403779944071464342e+03 4.756338802748561506e-15 1.164584490774113755e-16
7.408659343480405369e+03 4.886841215377659391e-15 1.165280184653818983e-16
7.413538742889346395e+03 4.880643605214326906e-15 1.167401071085081086e-16
7.418418142298287421e+03 4.660118475784992292e-15 1.160820414269327813e-16
7.423297541707228447e+03 4.959821602623189611e-15 1.225308308443545233e-16
7.428176941116169473e+03 4.823173543133630031e-15 1.195190127374192737e-16
7.433056340525110500e+03 4.633789931507468144e-15 1.159966832564061246e-16
7.437935739934051526e+03 4.504810046936279523e-15 1.157019309615426897e-16
7.442815139342992552e+03 4.622592611143233360e-15 1.155396804010196188e-16
7.447694538751933578e+03 4.712965705014922612e-15 1.159562604198418295e-16
7.452573938160874604e+03 4.504372039295682001e-15 1.151726640248030189e-16
7.457453337569815631e+03 4.502223919075113544e-15 1.148761380716795210e-16
7.462332736978756657e+03 4.407487905136407203e-15 1.144895321416765472e-16
7.467212136387697683e+03 4.350098366819271535e-15 1.133817274284182832e-16
7.472091535796638709e+03 4.388889370881064077e-15 1.138474106025223590e-16
7.476970935205579735e+03 4.437507881861779762e-15 1.144651062567876628e-16
7.481850334614520762e+03 4.266483072168565314e-15 1.136980663115404756e-16
7.486729734023461788e+03 4.164036171877015257e-15 1.122261751325040046e-16
7.491609133432402814e+03 3.909480959998210469e-15 1.157679774618292888e-16
7.496488532841343840e+03 3.949204141484174348e-15 1.117285184098743758e-16
7.501367932250284866e+03 3.696501247672590328e-15 1.118552666310336436e-16
7.506247331659225893e+03 3.379290842606597570e-15 1.184247515879823193e-16
7.511126731068166919e+03 3.465985282174862500e-15 1.179822225786268170e-16
7.516006130477107945e+03 3.204627876039860430e-15 1.155888481378429574e-16
7.520885529886048971e+03 2.998912859671390455e-15 1.138799934600413205e-16
7.525764929294989997e+03 3.035817828239507096e-15 1.088392467400708120e-16
7.530644328703931023e+03 3.173493210916566476e-15 1.061106996479384750e-16
7.535523728112872050e+03 3.026264896959114660e-15 1.057779876193204209e-16
7.540403127521813076e+03 2.995139204448365876e-15 1.043596310661508518e-16
7.545282526930754102e+03 2.953476218777817318e-15 1.048794080017196018e-16
7.550161926339695128e+03 3.108321069871995282e-15 1.055566847969475247e-16
7.555041325748636154e+03 3.152427297327685882e-15 1.073626647499650107e-16
7.559920725157577181e+03 2.995013499714048857e-15 1.064054442277903280e-16
7.564800124566518207e+03 3.181964548628745283e-15 1.125664952506721518e-16
7.569679523975459233e+03 3.354941400113445481e-15 1.138781538190504502e-16
7.574558923384400259e+03 3.336546951729717468e-15 1.096461233844547984e-16
7.579438322793341285e+03 3.643249359605590357e-15 1.107807483861899336e-16
7.584317722202282312e+03 3.891121351675831418e-15 1.126630671942726968e-16
7.589197121611223338e+03 3.806950736249244005e-15 1.134302208942581318e-16
7.594076521020164364e+03 3.823221840998601955e-15 1.139493207674740547e-16
7.598955920429105390e+03 3.895335128097198073e-15 1.121721991455113942e-16
7.603835319838046416e+03 3.899002760873770685e-15 1.122576429708391544e-16
7.608714719246987443e+03 3.891956787824994546e-15 1.133726222093356969e-16
7.613594118655928469e+03 3.869615734166701705e-15 1.126151616735096181e-16
7.618473518064869495e+03 3.758218485934102066e-15 1.121059196223565384e-16
7.623352917473810521e+03 3.751826990799225568e-15 1.123048171537122404e-16
7.628232316882751547e+03 4.037586321738460180e-15 1.132083444261479138e-16
7.633111716291692574e+03 4.152929575022650065e-15 1.139947328472861186e-16
7.637991115700633600e+03 4.138470821284754081e-15 1.156297513507712248e-16
7.642870515109574626e+03 4.268002956223142434e-15 1.157903470882254204e-16
7.647749914518515652e+03 4.099101695144537835e-15 1.139034497330147667e-16
7.652629313927456678e+03 4.205411482428842344e-15 1.294910307632599498e-16
7.657508713336397705e+03 3.901563743247020466e-15 1.139332166783361846e-16
7.662388112745338731e+03 4.179710919599552178e-15 1.185722157422381583e-16
7.667267512154279757e+03 4.278542607920710787e-15 1.161693918427899793e-16
7.672146911563220783e+03 4.427270023539875903e-15 1.173549550663166708e-16
7.677026310972161809e+03 4.674751148288834749e-15 1.188806688732547822e-16
7.681905710381102836e+03 4.743050365796476138e-15 1.191928196088572290e-16
7.686785109790043862e+03 4.826590153926875606e-15 1.280912899576481694e-16
7.691664509198984888e+03 4.617681635617848707e-15 1.203147134825318200e-16
7.696543908607925914e+03 4.318926436830152571e-15 1.176410695978355346e-16
7.701423308016866940e+03 4.446473231462983629e-15 1.197352317525300049e-16
7.706302707425807967e+03 4.335467281717081108e-15 1.200094094684962722e-16
7.711182106834748993e+03 4.346432847340262555e-15 1.202872880705560974e-16
7.716061506243690019e+03 4.500311444762928060e-15 1.201687361859934473e-16
7.720940905652631045e+03 4.750973415240175945e-15 1.269845904832274774e-16
7.725820305061572071e+03 4.519208566625046944e-15 1.220191757556790336e-16
7.730699704470513097e+03 4.896907512477663584e-15 1.469617338286264904e-16
7.735579103879454124e+03 4.467783647618141318e-15 1.232008033327191445e-16
7.740458503288395150e+03 4.361332463879140437e-15 1.212334176151303302e-16
7.745337902697336176e+03 4.382398821773975999e-15 1.216633995424457044e-16
7.750217302106277202e+03 4.197170024774432637e-15 1.210314112394202992e-16
7.755096701515218228e+03 4.162185583295281740e-15 1.218670105370003149e-16
7.759976100924159255e+03 4.280509209451287244e-15 1.219089854132471550e-16
7.764855500333100281e+03 4.582335550988597568e-15 1.248122001176127012e-16
7.769734899742041307e+03 4.614017155868772220e-15 1.254035871800453103e-16
7.774614299150982333e+03 4.610580568803999269e-15 1.246195664941954143e-16
7.779493698559923359e+03 4.980209606201270872e-15 1.317167132498826458e-16
7.784373097968864386e+03 4.719578686490620823e-15 1.305896533202077294e-16
7.789252497377805412e+03 4.790151206837922577e-15 1.331719735829969799e-16
7.794131896786746438e+03 4.475756353647149937e-15 1.256135813332647172e-16
7.799011296195687464e+03 4.339852464318437643e-15 1.251250049584809549e-16
7.803890695604628490e+03 4.443071399728584891e-15 1.263679877718174697e-16
7.808770095013569517e+03 4.605506608565659168e-15 1.356445949484582761e-16
7.813649494422510543e+03 4.647370740314788915e-15 1.291674949383684855e-16
7.818528893831451569e+03 5.006415340349374523e-15 1.371319203588813936e-16
7.823408293240392595e+03 5.010490876684556980e-15 1.321470561310932949e-16
7.828287692649333621e+03 5.115772324394697044e-15 1.324186183253532336e-16
7.833167092058274648e+03 5.048764306771389959e-15 1.355353201411978772e-16
7.838046491467215674e+03 5.129344281765368016e-15 1.332130652766776187e-16
7.842925890876156700e+03 4.611049069224933141e-15 1.293158478547523093e-16
7.847805290285097726e+03 4.641895519942435213e-15 1.306367928272784210e-16
7.852684689694038752e+03 4.870223133148671163e-15 1.349158002879873535e-16
7.857564089102979779e+03 4.891082414337898935e-15 1.330960256352290696e-16
7.862443488511920805e+03 4.766940244723465662e-15 1.339880543737870418e-16
7.867322887920861831e+03 4.605026249153805169e-15 1.320290861664505479e-16
7.872202287329802857e+03 4.700171122563287358e-15 1.456266323330620950e-16
7.877081686738743883e+03 4.872124624372139226e-15 1.374727352186457855e-16
7.881961086147684910e+03 5.232559922494797841e-15 1.402125118790038447e-16
7.886840485556625936e+03 5.228918411305361336e-15 1.372859464897135037e-16
7.891719884965566962e+03 5.327001386699018374e-15 1.390082964261990358e-16
7.896599284374507988e+03 5.218941912940603673e-15 1.395888470757190771e-16
7.901478683783449014e+03 5.330610637235788730e-15 1.411262190777161437e-16
7.906358083192390040e+03 5.219213270005520511e-15 1.398882424392634415e-16
7.911237482601331067e+03 4.880641109922510351e-15 1.405666376064736394e-16
7.916116882010272093e+03 5.046330479891560036e-15 1.410040260659151794e-16
7.920996281419213119e+03 5.074379557271223151e-15 1.418138700833693589e-16
7.925875680828154145e+03 5.076472135449585085e-15 1.395482997849070458e-16
7.930755080237095171e+03 5.382556093128584047e-15 1.421071066735062969e-16
7.935634479646036198e+03 5.517627041844322310e-15 1.431757486835080657e-16
7.940513879054977224e+03 5.589917989877199098e-15 1.442101714789715361e-16
7.945393278463918250e+03 5.469963081018273963e-15 1.451543101306124790e-16
7.950272677872859276e+03 5.305158200206293374e-15 1.430072384269914950e-16
7.955152077281800302e+03 5.117382127551011249e-15 1.421734188851770369e-16
7.960031476690741329e+03 4.786839437350079352e-15 1.428305303156152352e-16
7.964910876099682355e+03 4.892487555100483125e-15 1.493616365564495616e-16
7.969790275508623381e+03 4.900085578810180345e-15 1.482479783821611975e-16
7.974669674917564407e+03 4.811696365028204474e-15 1.432093779538354777e-16
7.979549074326505433e+03 4.745972160466162059e-15 1.423652472495696979e-16
7.984428473735446460e+03 5.181987901327918752e-15 1.463502240680447907e-16
7.989307873144387486e+03 5.049296469162908998e-15 1.438785131913197379e-16
7.994187272553328512e+03 5.159214719012989472e-15 1.450927649507079051e-16
7.999066671962269538e+03 4.909229193323992084e-15 1.446251656120698578e-16
8.003946071371210564e+03 4.592002081921711009e-15 1.498935249074935726e-16
8.008825470780151591e+03 4.451097105876757974e-15 1.505059872846689645e-16
8.013704870189092617e+03 4.639555283447064258e-15 1.444533047032804297e-16
8.018584269598033643e+03 4.529641909023408767e-15 1.429641507319571654e-16
8.023463669006974669e+03 4.733100726399499400e-15 1.455331325780230749e-16
8.028343068415915695e+03 4.638631130180438516e-15 1.460399475277903244e-16
8.033222467824856722e+03 4.631728437550452302e-15 1.696361789292666973e-16
8.038101867233797748e+03 4.459225956088103085e-15 1.504577166353040965e-16
8.042981266642738774e+03 4.420000225646140186e-15 1.448008634234723506e-16
8.047860666051679800e+03 4.696170270076955645e-15 1.477253860453486541e-16
8.052740065460620826e+03 4.692714816209974189e-15 1.480075806037610342e-16
8.057619464869561853e+03 4.640974492455624735e-15 1.477262292613259569e-16
8.062498864278502879e+03 4.379558997107151506e-15 1.489677325077454523e-16
8.067378263687443905e+03 4.281597500447057387e-15 1.464997417230755081e-16
8.072257663096384931e+03 4.161536291976535224e-15 1.450762471093582174e-16
8.077137062505325957e+03 4.192957935760925542e-15 1.483655452048244764e-16
8.082016461914266984e+03 4.084328980650699050e-15 1.456772028512092995e-16
8.086895861323208010e+03 3.969711752793545053e-15 1.459163977481446981e-16
8.091775260732149036e+03 3.894953276089884030e-15 1.460031473288290473e-16
8.096654660141090062e+03 3.819739998817665551e-15 1.467227962564079272e-16
8.101534059550031088e+03 4.086887703303718758e-15 1.483825922283926598e-16
8.106413458958972114e+03 4.116245895564483354e-15 1.489223748395571090e-16
8.111292858367913141e+03 4.014380849752179553e-15 1.506195039048755683e-16
8.116172257776854167e+03 4.003397402225025576e-15 1.513115517806402096e-16
8.121051657185795193e+03 3.772469180378909312e-15 1.488894750380544138e-16
8.125931056594736219e+03 3.863876333333709476e-15 1.487569021103948280e-16
8.130810456003677245e+03 4.044265317861764706e-15 1.504962720796820519e-16
8.135689855412618272e+03 3.950660230178245630e-15 1.501404023674787996e-16
8.140569254821559298e+03 3.729681670285928934e-15 1.517273508867263099e-16
8.145448654230500324e+03 3.576101292369153253e-15 1.563793410975026451e-16
8.150328053639441350e+03 3.466356589077101774e-15 1.503107052402083845e-16
8.155207453048382376e+03 3.494476974125599050e-15 1.475386037925908539e-16
8.160086852457323403e+03 3.301468493719039238e-15 1.468179685643877671e-16
8.164966251866264429e+03 3.263350226182722614e-15 1.469625425576614541e-16
8.169845651275205455e+03 3.104162172147294708e-15 1.466805744736073363e-16
8.174725050684146481e+03 3.286047266861105417e-15 1.540502385613377663e-16
8.179604450093087507e+03 3.123861295508006312e-15 1.517731850198889756e-16
8.184483849502028534e+03 2.853325899456054088e-15 1.489144070833327498e-16
8.189363248910969560e+03 3.087498790314222625e-15 1.485809933306236051e-16
8.194242648319910586e+03 2.625867649560654409e-15 1.441611813362075272e-16
8.199122047728851612e+03 2.373995144048994265e-15 1.429396354541812951e-16
8.204001447137792638e+03 2.624408679662064040e-15 1.511984589636846975e-16
8.208880846546733665e+03 2.481691138086200659e-15 1.456199912531161625e-16
8.213760245955674691e+03 2.117705209059189029e-15 1.452131563799697602e-16
8.218639645364615717e+03 1.999410311728371194e-15 1.415188307973445557e-16
8.223519044773556743e+03 1.900469047090815945e-15 1.406700284145586636e-16
8.228398444182497769e+03 1.689153785137170639e-15 1.419151831259587383e-16
8.233277843591438796e+03 1.781227605123616862e-15 1.413159679410906217e-16
8.238157243000379822e+03 1.672288513731977757e-15 1.403221584304701264e-16
8.243036642409320848e+03 1.720431672759136594e-15 1.411030204669888569e-16
8.247916041818261874e+03 1.831792204647108723e-15 1.417318303020438985e-16
8.252795441227202900e+03 1.477062020093476088e-15 1.384988518453602445e-16
8.257674840636143927e+03 1.365956741022046620e-15 1.387164461688740009e-16
8.262554240045084953e+03 1.207453714039145180e-15 1.379048448901191186e-16
8.267433639454025979e+03 1.660498506852956500e-15 1.419392495301762193e-16
8.272313038862967005e+03 1.680992675131774322e-15 1.457071603675780205e-16
8.277192438271908031e+03 1.527042009029858161e-15 1.473750711996876501e-16
8.282071837680849058e+03 1.304000275487767329e-15 1.427883669285947387e-16
8.286951237089790084e+03 1.235384179487241010e-15 1.437376080995544596e-16
8.291830636498731110e+03 1.628729903343431304e-15 1.432656324510948949e-16
8.296710035907672136e+03 1.622794006244462942e-15 1.419480045996218156e-16
8.301589435316613162e+03 1.579733265016833047e-15 1.424523305995477252e-16
8.306468834725554188e+03 1.813177820568080046e-15 1.449377778869469485e-16
8.311348234134495215e+03 1.704140468272263107e-15 1.438685357535593317e-16
8.316227633543436241e+03 2.011391239356306762e-15 1.515378392433682660e-16
8.321107032952377267e+03 2.160638145358477998e-15 1.496394210920225007e-16
8.325986432361318293e+03 1.802610862595653488e-15 1.522438162716644259e-16
8.330865831770259319e+03 1.988227601968452509e-15 1.526695216903601150e-16
8.335745231179200346e+03 1.920984485474381001e-15 1.521878407922649222e-16
8.340624630588141372e+03 2.013792004447588678e-15 1.548173798427813258e-16
8.345504029997082398e+03 1.929767482197555716e-15 1.498821994632093716e-16
8.350383429406023424e+03 1.956995629416615713e-15 1.506665345079701463e-16
8.355262828814964450e+03 1.963718769187748296e-15 1.552668642634196473e-16
8.360142228223905477e+03 1.891019054195354661e-15 1.976889666201219527e-16
8.365021627632846503e+03 1.635292764138609339e-15 1.460587777577233960e-16
8.369901027041787529e+03 1.668608105955987258e-15 1.471307019065433265e-16
8.374780426450728555e+03 1.778019105936843531e-15 1.524245706201159503e-16
8.379659825859669581e+03 1.876626890216444948e-15 1.481480681787413750e-16
8.384539225268610608e+03 1.842317430342700106e-15 1.481617801182303808e-16
8.389418624677551634e+03 2.264518144442298122e-15 1.546360188996797611e-16
8.394298024086492660e+03 2.191834219041284316e-15 1.513384453240970134e-16
8.399177423495433686e+03 2.277121106390712877e-15 1.735087012102462376e-16
8.404056822904374712e+03 2.088065724743100748e-15 1.532451421645954358e-16
8.408936222313315739e+03 1.928588166609219825e-15 1.544125303448073463e-16
8.413815621722256765e+03 1.959342647184730872e-15 1.582268051166378109e-16
8.418695021131197791e+03 2.052437852511758632e-15 1.525977521804196924e-16
8.423574420540138817e+03 2.435640183990761964e-15 1.537080582560989612e-16
8.428453819949079843e+03 2.348164385258208648e-15 1.563968203259462010e-16
8.433333219358020870e+03 2.344258439897109897e-15 1.543569383792286609e-16
8.438212618766961896e+03 2.457970167626105285e-15 1.638796769708914137e-16
8.443092018175902922e+03 2.701314496409629443e-15 1.728288619376479783e-16
8.447971417584843948e+03 2.650721253566444078e-15 1.703612993822364766e-16
8.452850816993784974e+03 2.520690243115683749e-15 1.582489022080354380e-16
8.457730216402726001e+03 2.684461486272376995e-15 1.572378068944568771e-16
8.462609615811667027e+03 2.972436596627041453e-15 1.793860570013675417e-16
8.467489015220608053e+03 2.735902270388376862e-15 1.614027759553746147e-16
8.472368414629549079e+03 2.859099660938505765e-15 1.590366472794142802e-16
8.477247814038490105e+03 2.799901409807221467e-15 1.604067539080324017e-16
8.482127213447431131e+03 2.861185079454523543e-15 1.952288528316212277e-16
8.487006612856372158e+03 3.089134029892445355e-15 1.662632655745786413e-16
8.491886012265313184e+03 3.070402611586235868e-15 1.609440196806897383e-16
8.496765411674254210e+03 3.443642264940283692e-15 1.636284755810822268e-16
8.501644811083195236e+03 3.748976721202931854e-15 1.660801189754373485e-16
8.506524210492136262e+03 3.833246075498258386e-15 1.662505904927401050e-16
8.511403609901077289e+03 4.157609343530866713e-15 1.703515734012256955e-16
8.516283009310018315e+03 4.618952623635602119e-15 1.720720090382582173e-16
8.521162408718959341e+03 4.347798082355446087e-15 1.708002217676926257e-16
8.526041808127900367e+03 4.645213341792849496e-15 1.734191396603507828e-16
8.530921207536841393e+03 5.132131194587315913e-15 1.798020230930741962e-16
8.535800606945782420e+03 5.362570978619700598e-15 1.790905756815932384e-16
8.540680006354723446e+03 5.397544003516521637e-15 1.845622271627663300e-16
8.545559405763664472e+03 5.582345678865127021e-15 1.810681750372090257e-16
8.550438805172605498e+03 5.415047073735556980e-15 1.798832120371205202e-16
8.555318204581546524e+03 5.126305792881111165e-15 1.778558843629824401e-16
8.560197603990487551e+03 5.132493029834430077e-15 1.771663236961038631e-16
8.565077003399428577e+03 5.034143301666427237e-15 1.758032427119416077e-16
8.569956402808369603e+03 5.274037016546873159e-15 1.774609335685171331e-16
8.574835802217310629e+03 4.851549430574349728e-15 1.835901987252921172e-16
8.579715201626251655e+03 5.329321457737637763e-15 1.810749336277296668e-16
8.584594601035192682e+03 5.528587264870298517e-15 1.794695402684459833e-16
8.589474000444133708e+03 5.653301811386764075e-15 1.800560011867250145e-16
8.594353399853074734e+03 6.018114140722028145e-15 1.841611240832672943e-16
8.599232799262015760e+03 6.013273673114338563e-15 1.909805147596026314e-16
8.604112198670956786e+03 5.911442203617825830e-15 1.833654901949908192e-16
8.608991598079897813e+03 5.784764696594413804e-15 1.812812709016398399e-16
8.613870997488838839e+03 6.082972113339815337e-15 1.845259420303251382e-16
8.618750396897779865e+03 6.420616287116993900e-15 1.871464087038165818e-16
8.623629796306720891e+03 6.534736682875456343e-15 1.872934880343363842e-16
8.628509195715661917e+03 6.516430311431836194e-15 1.946045086034675817e-16
8.633388595124602944e+03 6.454110241273256434e-15 1.894679392639799824e-16
8.638267994533543970e+03 6.344250897829003051e-15 1.870269797700192934e-16
8.643147393942484996e+03 6.222328520611423752e-15 1.858401432928962762e-16
8.648026793351426022e+03 6.099328868239528166e-15 1.858332615412511280e-16
8.652906192760367048e+03 6.024515919366604124e-15 1.957048321666237059e-16
8.657785592169308075e+03 6.021495200001188620e-15 1.861571653531215238e-16
8.662664991578249101e+03 6.100887462718217548e-15 1.862602973910413377e-16
8.667544390987190127e+03 6.204643828372306890e-15 1.887875762881104122e-16
8.672423790396131153e+03 6.198626355583647589e-15 1.874677747906037245e-16
8.677303189805072179e+03 6.942327457525474890e-15 1.945878034914765242e-16
8.682182589214013205e+03 6.980096101519616560e-15 1.946804957044656810e-16
8.687061988622954232e+03 6.948882007832968184e-15 1.931841148281985579e-16
8.691941388031895258e+03 6.888750002709646262e-15 2.066192377334350422e-16
8.696820787440836284e+03 6.617018012775525795e-15 1.954424011465575207e-16
8.701700186849777310e+03 6.372915558309983284e-15 1.901080680600166210e-16
8.706579586258718336e+03 6.916531082640759410e-15 2.052393689030567880e-16
8.711458985667659363e+03 6.662512530371631389e-15 1.950163018238468687e-16
8.716338385076600389e+03 6.311837919631462336e-15 1.906435849406999432e-16
8.721217784485541415e+03 6.521541380911103197e-15 1.917557687664423082e-16
8.726097183894482441e+03 6.642169198115348740e-15 1.989777876787173353e-16
8.730976583303423467e+03 6.645688057038472267e-15 1.945718596780214760e-16
8.735855982712364494e+03 7.272276242331829248e-15 1.983076335652647198e-16
8.740735382121305520e+03 7.454622205931774919e-15 2.018246437534376052e-16
8.745614781530246546e+03 7.245043323126341043e-15 2.035158265764877254e-16
8.750494180939187572e+03 7.310870455473699465e-15 2.013406325121655352e-16
8.755373580348128598e+03 6.796018835342404041e-15 2.054063600878405577e-16
8.760252979757069625e+03 5.965492679335228632e-15 2.025925430340799992e-16
8.765132379166010651e+03 6.057544533975263560e-15 1.932614262001575723e-16
8.770011778574951677e+03 6.326090401330152152e-15 1.946975601498470713e-16
8.774891177983892703e+03 6.176366547455365508e-15 1.924758606601399861e-16
8.779770577392833729e+03 6.340342735986500832e-15 1.945277774814027111e-16
8.784649976801774756e+03 5.822941017224458109e-15 1.887815455025494364e-16
8.789529376210715782e+03 6.373939420419309249e-15 2.161546938585703494e-16
8.794408775619656808e+03 6.385097602823995820e-15 2.010788220765826518e-16
8.799288175028597834e+03 6.538559554136913962e-15 1.959477039538888449e-16
8.804167574437538860e+03 6.041303327098514336e-15 1.991527974718446974e-16
8.809046973846479887e+03 6.459475061279383193e-15 2.043479070749906506e-16
8.813926373255420913e+03 6.246867939109503888e-15 1.942913363521247778e-16
8.818805772664361939e+03 6.087391326966662833e-15 2.015557844968607528e-16
8.823685172073302965e+03 6.002905839027214907e-15 1.938432963413317354e-16
8.828564571482243991e+03 6.089422307214871978e-15 1.993948844563054824e-16
8.833443970891185018e+03 5.597640545794937381e-15 1.998338504809459690e-16
8.838323370300126044e+03 5.915338685506641808e-15 1.933910221368351975e-16
8.843202769709067070e+03 6.354663222930660086e-15 2.331051195010587859e-16
8.848082169118008096e+03 5.784154319993175502e-15 2.057957997092034896e-16
8.852961568526949122e+03 5.637120953326627431e-15 1.920446098661016282e-16
8.857840967935890149e+03 5.464709874565753005e-15 1.902559177059504849e-16
8.862720367344831175e+03 5.616448085257653343e-15 1.912531556361121663e-16
8.867599766753772201e+03 6.224930775687776880e-15 2.178936544894373737e-16
8.872479166162713227e+03 5.842746187924942042e-15 1.947066148901550195e-16
8.877358565571654253e+03 5.736669905001093567e-15 1.794758525529960127e-16
8.882237964980595279e+03 5.779508663506958618e-15 2.551167416527794479e-16
8.887117364389536306e+03 5.541737729390189627e-15 2.356024208532947490e-16
8.891996763798477332e+03 5.133692991060028151e-15 1.912051729652944799e-16
8.896876163207418358e+03 4.979740712339983713e-15 1.995688302980426648e-16
8.901755562616359384e+03 4.713731249218275870e-15 1.892753603982661047e-16
8.906634962025300410e+03 4.565312477778107363e-15 2.082740784776061917e-16
8.911514361434241437e+03 4.222339225789978757e-15 2.062185054369668919e-16
8.916393760843182463e+03 4.053777696275094054e-15 1.833698654803033208e-16
8.921273160252123489e+03 4.554065933485227126e-15 2.028907161354496052e-16
8.926152559661064515e+03 4.029139183849834470e-15 1.829562327351754170e-16
8.931031959070005541e+03 3.848283193381507988e-15 1.852912701500969021e-16
8.935911358478946568e+03 3.290260686338918053e-15 1.984970737837687740e-16
8.940790757887887594e+03 3.495063199224502255e-15 1.817487952321242837e-16
8.945670157296828620e+03 3.306553157494509806e-15 1.781279279330684414e-16
8.950549556705769646e+03 3.377977636457823383e-15 1.783565986601231534e-16
8.955428956114710672e+03 3.405143317863641352e-15 1.825010470610655562e-16
8.960308355523651699e+03 3.639312847982494393e-15 2.393831537752895306e-16
8.965187754932592725e+03 3.516744012816217749e-15 1.839926574538641580e-16
8.970067154341533751e+03 3.148451099432033472e-15 1.832882718387155113e-16
8.974946553750474777e+03 3.180511866608827527e-15 1.800228697539522282e-16
8.979825953159415803e+03 3.575724043564274447e-15 1.897876329892844001e-16
8.984705352568356830e+03 3.649942011410941563e-15 1.852518130122719459e-16
8.989584751977297856e+03 3.843363857893886823e-15 1.905906973273007260e-16
8.994464151386238882e+03 3.651541884990169832e-15 1.942239837323618848e-16
8.999343550795179908e+03 3.366265931452772271e-15 1.894815524042070583e-16
9.004222950204120934e+03 3.624946726041611607e-15 1.878757231516915415e-16
9.009102349613061961e+03 3.175893356637248671e-15 1.807966698931634409e-16
9.013981749022002987e+03 3.522336171517459798e-15 1.892872428687292102e-16
9.018861148430944013e+03 3.873356181398233265e-15 1.950370738630939287e-16
9.023740547839885039e+03 3.836451075371610337e-15 1.936406560882596091e-16
9.028619947248826065e+03 4.661536706658177157e-15 2.591263615101904327e-16
9.033499346657767092e+03 3.805146428623433545e-15 1.925881753517997909e-16
9.038378746066708118e+03 3.842310594336094467e-15 1.878055573587105006e-16
9.043258145475649144e+03 4.239743857739199427e-15 1.947810209932791421e-16
9.048137544884590170e+03 4.148024200988190215e-15 1.925888534591652996e-16
9.053016944293531196e+03 3.947119076324452002e-15 1.949311107758755808e-16
9.057896343702472223e+03 4.192817231242336676e-15 1.967752477052519020e-16
9.062775743111413249e+03 3.958876626608689300e-15 1.927884761794941772e-16
9.067655142520354275e+03 3.433361065677134187e-15 1.879199438356417622e-16
9.072534541929295301e+03 3.354487852110497360e-15 2.158102571447824457e-16
9.077413941338236327e+03 3.230163132187022829e-15 1.876482992420182292e-16
9.082293340747177353e+03 3.210196424820437738e-15 2.150092286744758946e-16
9.087172740156118380e+03 3.434431480704175314e-15 1.900696153575884991e-16
9.092052139565059406e+03 3.546456122145032268e-15 1.928613885291967859e-16
9.096931538974000432e+03 3.605532207685977147e-15 2.054285779452839784e-16
9.101810938382941458e+03 3.372131162679830328e-15 2.028530969396750988e-16
9.106690337791882484e+03 3.214113482932910933e-15 1.990452718380833196e-16
9.111569737200823511e+03 4.042016251753568412e-15 2.189285833900250425e-16
9.116449136609764537e+03 3.938703295285637939e-15 2.010809538330363927e-16
9.121328536018705563e+03 4.014099499993012644e-15 1.967774601889145888e-16
9.126207935427646589e+03 4.056322522359787420e-15 2.011687388565099812e-16
9.131087334836587615e+03 3.852735505804950103e-15 2.007349332213792873e-16
9.135966734245528642e+03 3.855563692154794867e-15 1.966089272858836257e-16
9.140846133654469668e+03 4.392412330200475086e-15 2.030639193557721067e-16
9.145725533063410694e+03 3.823008436572000260e-15 2.031965763811149722e-16
9.150604932472351720e+03 3.440227657434901542e-15 2.065831359284877312e-16
9.155484331881292746e+03 3.116077995842568042e-15 1.917459348991384653e-16
9.160363731290233773e+03 2.972486521569515433e-15 2.012928100947105663e-16
9.165243130699174799e+03 2.907834346335839471e-15 1.925425997070547468e-16
9.170122530108115825e+03 3.163515001198441719e-15 1.937758219646639057e-16
9.175001929517056851e+03 3.619380058501777268e-15 1.986265449577851598e-16
9.179881328925997877e+03 3.662468376268971146e-15 2.084207325675563802e-16
9.184760728334938904e+03 3.810521451833883855e-15 1.993381536608777371e-16
9.189640127743879930e+03 3.915248966642411617e-15 2.021009559276756454e-16
9.194519527152820956e+03 4.029706734770971152e-15 2.035820780476482364e-16
9.199398926561761982e+03 3.611577024474816592e-15 1.993320604750544783e-16
9.204278325970703008e+03 3.310908997049572036e-15 2.203923372005140267e-16
9.209157725379644035e+03 2.957186093197968500e-15 1.953977101064130694e-16
9.214037124788585061e+03 3.192833516967680619e-15 1.966970068945338160e-16
9.218916524197526087e+03 2.860788320605989138e-15 1.952098191558839526e-16
9.223795923606467113e+03 3.042445564451540487e-15 2.490869390431412346e-16
9.228675323015408139e+03 2.633220379359687669e-15 1.959720740408940402e-16
9.233554722424349166e+03 3.346632378153718063e-15 2.020890495527426581e-16
9.238434121833290192e+03 3.410967881231388083e-15 2.024465125611618926e-16
9.243313521242231218e+03 3.285622657494465989e-15 2.106150888695165741e-16
9.248192920651172244e+03 3.336002986465763149e-15 2.042950431236673099e-16
9.253072320060113270e+03 3.883485981470088303e-15 2.123987829360621997e-16
9.257951719469054296e+03 3.617238415392455809e-15 2.057134155065332772e-16
9.262831118877995323e+03 3.371044870871458150e-15 2.057555908093413070e-16
9.267710518286936349e+03 3.534592843805690220e-15 2.147055074355384652e-16
9.272589917695877375e+03 3.781095630516004810e-15 2.111611737740214549e-16
9.277469317104818401e+03 3.020266621295518542e-15 2.198426436274710733e-16
9.282348716513759427e+03 3.076843662682959573e-15 2.081632493223223546e-16
9.287228115922700454e+03 2.848087150162539089e-15 2.047791349131102297e-16
9.292107515331641480e+03 2.823429166724472778e-15 2.051021538767347461e-16
9.296986914740582506e+03 2.987585749896545698e-15 2.127524044007720284e-16
9.301866314149523532e+03 2.860596833176158081e-15 2.059151502645005866e-16
9.306745713558464558e+03 3.151403038470982991e-15 2.124133240171282236e-16
9.311625112967405585e+03 2.894108186110541360e-15 2.102302460371280505e-16
9.316504512376346611e+03 3.136261823446560780e-15 2.251182300302891239e-16
9.321383911785287637e+03 3.085574254107464419e-15 2.110582147895968416e-16
9.326263311194228663e+03 2.804861989461819784e-15 2.121050878239479309e-16
9.331142710603169689e+03 2.984574641022582891e-15 2.156369390146766619e-16
9.336022110012110716e+03 3.259078110248665566e-15 2.217016227402524324e-16
9.340901509421051742e+03 3.972226894082130386e-15 2.328374457516444390e-16
9.345780908829992768e+03 3.383823419925718101e-15 2.198988194222107360e-16
9.350660308238933794e+03 4.219375358227084409e-15 2.375341402710330633e-16
9.355539707647874820e+03 3.791952944245986906e-15 2.288271317049347890e-16
9.360419107056815847e+03 3.315132938183665668e-15 2.255467651787298265e-16
9.365298506465756873e+03 3.950980338501324515e-15 2.451589867348552205e-16
9.370177905874697899e+03 3.424772548879504109e-15 2.277929844787680008e-16
9.375057305283638925e+03 2.908965048616317973e-15 2.222033909520156051e-16
9.379936704692579951e+03 2.798347640567393170e-15 2.269750876905179346e-16
9.384816104101520978e+03 2.383179959354225261e-15 2.184175312788211644e-16
9.389695503510462004e+03 2.983251512496885019e-15 2.264576480508419130e-16
9.394574902919403030e+03 2.769242431674510277e-15 2.288014631520541062e-16
9.399454302328344056e+03 3.119802472896242347e-15 2.283033561623953885e-16
9.404333701737285082e+03 3.006334595239772738e-15 2.285878406302941709e-16
9.409213101146226109e+03 3.663231004651710006e-15 2.360050809430694184e-16
9.414092500555167135e+03 3.710227294241085868e-15 1.707791427660425936e-16
9.418971899964108161e+03 3.752329274798711992e-15 2.450416288523243674e-16
9.423851299373049187e+03 3.588250321327811289e-15 2.432800092893985627e-16
9.428730698781990213e+03 2.926607928252808798e-15 2.335595597647317735e-16
9.433610098190931240e+03 2.813263542332283474e-15 2.331561037564056862e-16
9.438489497599872266e+03 2.725185330592919755e-15 2.374799168765710959e-16
9.443368897008813292e+03 2.605722784520447076e-15 2.458761921197032813e-16
9.448248296417754318e+03 2.316217398945740324e-15 2.290056098437596876e-16
9.453127695826695344e+03 2.484418176245654147e-15 2.318170385702532394e-16
9.458007095235636370e+03 2.440428673931820743e-15 2.295814913802473478e-16
9.462886494644577397e+03 3.295260430341462533e-15 2.796123588428518779e-16
9.467765894053518423e+03 2.396311398592022742e-15 2.337321902175318989e-16
9.472645293462459449e+03 2.738359430933685801e-15 2.342842388731152128e-16
9.477524692871400475e+03 2.422849314749487793e-15 2.343092136311007630e-16
9.482404092280341501e+03 2.736795480523731701e-15 2.347909932399473223e-16
9.487283491689282528e+03 2.954181866985474026e-15 2.474988497848608565e-16
9.492162891098223554e+03 2.595869812959870556e-15 2.340797875554286096e-16
9.497042290507164580e+03 2.678960475591455133e-15 2.354981092913268313e-16
9.501921689916105606e+03 2.892091407908221484e-15 2.379692849924841573e-16
9.506801089325046632e+03 3.110149828423855017e-15 2.586117785471609851e-16
9.511680488733987659e+03 3.730250212299066657e-15 2.656759580037126339e-16
9.516559888142928685e+03 3.084017444674850108e-15 2.409729340948845774e-16
9.521439287551869711e+03 2.797217318652740562e-15 2.429410512401214572e-16
9.526318686960810737e+03 3.022482390075786382e-15 2.422848529298538852e-16
9.531198086369751763e+03 2.477248187385663785e-15 2.334779003361310017e-16
9.536077485778692790e+03 2.608417481995446489e-15 2.367662881177529098e-16
9.540956885187633816e+03 2.419318448601394894e-15 2.360480992723376485e-16
9.545836284596574842e+03 3.165364607195927435e-15 3.189903023611616416e-16
9.550715684005515868e+03 2.175532934323412477e-15 2.336846065060275597e-16
9.555595083414456894e+03 1.821666824765551778e-15 2.340317888340084621e-16
9.560474482823397921e+03 1.992245085920717110e-15 2.371508269171777962e-16
9.565353882232338947e+03 1.719138599142920002e-15 2.478937740741868085e-16
9.570233281641279973e+03 1.860433400967275524e-15 1.797952268176566204e-16
9.575112681050220999e+03 1.963644783291608529e-15 2.343265112105564523e-16
9.579992080459162025e+03 1.964371676925349247e-15 2.419983199820722431e-16
9.584871479868103052e+03 2.148860145696024153e-15 2.371167971631690943e-16
9.589750879277044078e+03 2.224183825654158060e-15 2.420099458611056469e-16
9.594630278685985104e+03 2.242220562826904624e-15 2.508053425380752861e-16
9.599509678094926130e+03 1.823738050820153721e-15 2.349228830946495162e-16
9.604389077503867156e+03 2.619766145931533768e-15 2.421937975783599732e-16
9.609268476912808183e+03 2.669919091992849973e-15 2.442070573283742535e-16
9.614147876321749209e+03 2.504677382510093065e-15 2.519804006363787577e-16
9.619027275730690235e+03 2.538118172386898100e-15 2.468120162175369863e-16
9.623906675139631261e+03 2.791678007859842057e-15 2.827180755566811828e-16
9.628786074548572287e+03 2.445041589133039594e-15 2.513970506830559139e-16
9.633665473957513314e+03 2.315052496547158542e-15 2.436448235881842857e-16
9.638544873366454340e+03 2.304368614934910558e-15 2.447363366089071862e-16
9.643424272775395366e+03 2.117846704454494885e-15 2.441942622119838776e-16
9.648303672184336392e+03 2.093842222083327727e-15 2.470091495747973157e-16
9.653183071593277418e+03 2.116491680216469247e-15 2.563613942929646130e-16
9.658062471002218444e+03 2.016604702965937945e-15 2.458754217189699194e-16
9.662941870411159471e+03 1.865799724801727815e-15 2.469813652610870975e-16
9.667821269820100497e+03 1.764080395134728361e-15 2.481143136467323044e-16
9.672700669229041523e+03 1.945279198556868977e-15 2.528787484811865329e-16
9.677580068637982549e+03 1.618942156917116239e-15 2.779802968378743111e-16
9.682459468046923575e+03 1.863203734330740369e-15 2.560685766163377330e-16
9.687338867455864602e+03 1.801341959019428779e-15 2.519630262820440757e-16
9.692218266864805628e+03 1.562835243665425274e-15 2.491944116323370246e-16
9.697097666273746654e+03 2.287069129350364431e-15 2.594326434315158239e-16
9.701977065682687680e+03 1.876437456451730707e-15 2.777501826227018841e-16
9.706856465091628706e+03 2.663543666671784026e-15 2.841992989772172743e-16
9.711735864500569733e+03 2.132845731459500272e-15 2.608401319076373847e-16
9.716615263909510759e+03 2.250265433284596139e-15 2.642917751627834467e-16
9.721494663318451785e+03 1.813576351351174018e-15 2.602337316201689951e-16
9.726374062727392811e+03 1.651612203753119973e-15 2.616278416753612622e-16
9.731253462136333837e+03 1.711542192491704536e-15 2.638942123866835482e-16
9.736132861545274864e+03 1.799511132228564520e-15 2.643671546688837346e-16
9.741012260954215890e+03 1.771438445100417192e-15 2.719308182567987520e-16
9.745891660363156916e+03 1.442549229282372329e-15 2.718684625005814386e-16
9.750771059772097942e+03 1.248714772276015232e-15 2.729285634034220883e-16
9.755650459181038968e+03 1.869773027997615684e-15 2.695913988414096549e-16
9.760529858589979995e+03 1.452105260133554653e-15 2.676076993932555666e-16
9.765409257998921021e+03 1.388386773585823308e-15 2.702106060361318175e-16
9.770288657407862047e+03 1.595783914402043980e-15 2.720273604570826108e-16
9.775168056816803073e+03 1.751075640540951154e-15 2.759270547828964235e-16
9.780047456225744099e+03 1.577840574611410581e-15 2.753071901417319211e-16
9.784926855634685126e+03 2.114219680811221489e-15 2.862246618101669176e-16
9.789806255043626152e+03 1.979584011640731465e-15 2.806589054772629272e-16
9.794685654452567178e+03 2.177251745529761227e-15 2.862049465553288038e-16
9.799565053861508204e+03 1.942197026633863097e-15 2.874820235976470171e-16
9.804444453270449230e+03 1.695425952517836894e-15 2.859455438864738790e-16
9.809323852679390257e+03 2.062105514402597524e-15 2.919570459233172715e-16
9.814203252088331283e+03 1.457287940121230997e-15 2.866471653277659388e-16
9.819082651497272309e+03 1.171214043150911237e-15 2.850936392937759224e-16
9.823962050906213335e+03 1.381265071802102606e-15 2.943077632532497049e-16
9.828841450315154361e+03 1.154045388188786336e-15 2.905331476942815363e-16
9.833720849724095388e+03 1.439341602750652607e-15 2.987612526956422559e-16
9.838600249133036414e+03 1.663152274811328336e-15 3.024040343980775406e-16
9.843479648541977440e+03 1.612796047834865951e-15 3.758586677756993932e-16
9.848359047950918466e+03 1.078600081726195490e-15 2.971290494076878636e-16
9.853238447359859492e+03 1.050578004898319743e-15 2.969395057712748681e-16
9.858117846768800518e+03 1.641366353417237123e-15 3.043928607642946720e-16
9.862997246177741545e+03 1.994818613155904901e-15 3.074902321374600883e-16
9.867876645586682571e+03 1.706897271228726084e-15 3.109658786479384628e-16
9.872756044995623597e+03 1.621487474967091195e-15 3.135072411253978857e-16
9.877635444404564623e+03 1.750014812334351569e-15 3.334107490739134776e-16
9.882514843813505649e+03 1.770753381121140570e-15 3.418271404595070371e-16
9.887394243222446676e+03 2.257741508867379944e-15 4.447024959107346421e-16
9.892273642631387702e+03 2.181523092750319205e-15 3.306766158502491727e-16
9.897153042040328728e+03 1.912454926242574694e-15 3.236159340305811724e-16
9.902032441449269754e+03 1.502702628690386632e-15 3.295977662868728174e-16
9.906911840858210780e+03 1.283781732160890204e-15 3.207626951220451318e-16
9.911791240267151807e+03 1.207176017757900671e-15 3.251849108850246708e-16
9.916670639676092833e+03 1.299629830735932095e-15 3.352368560507950440e-16
9.921550039085033859e+03 1.275245962819891875e-15 3.442835977447432956e-16
9.926429438493974885e+03 1.597910284075919376e-15 3.435604366803060971e-16
9.931308837902915911e+03 1.488276066860214789e-15 3.400422515442626584e-16
9.936188237311856938e+03 1.672791331726432217e-15 3.420263539814214421e-16
9.941067636720797964e+03 2.116357374208337079e-15 3.543993238976254809e-16
9.945947036129738990e+03 1.374346960275111979e-15 3.482040618067825396e-16
9.950826435538680016e+03 1.476673210317500151e-15 3.665630495978026966e-16
9.955705834947621042e+03 2.024044190245928260e-15 3.651265083955705800e-16
9.960585234356562069e+03 1.759632478120506260e-15 4.009438697353344116e-16
9.965464633765503095e+03 8.271731480751799963e-16 4.743793198021132099e-16
9.970344033174444121e+03 1.474747881548197645e-15 4.644270325445654909e-16
9.975223432583385147e+03 1.358922685938207767e-15 3.949126589573373039e-16
9.980102831992326173e+03 9.864047340260324398e-16 3.638691650259712599e-16
9.984982231401267200e+03 9.912197403272082717e-16 3.685477222059471269e-16
9.989861630810208226e+03 8.478077731907614877e-16 3.714517120493379036e-16
9.994741030219149252e+03 1.040613143835916013e-15 3.766666122008287256e-16
9.999620429628090278e+03 1.308836758078261250e-15 3.880089523953795995e-16
1.000449982903703130e+04 1.820174268801612381e-15 3.901327446401774568e-16
1.000937922844597233e+04 1.882899919347441541e-15 4.212785815377687404e-16
1.001425862785491336e+04 1.988535944235094143e-15 4.547044494790834522e-16
1.001913802726385438e+04 2.359178881577800315e-15 4.327103568156417859e-16
1.002401742667279541e+04 2.341388979843319361e-15 4.146080891638657619e-16
1.002889682608173644e+04 1.384481814161130870e-15 4.150781998784271773e-16
1.003377622549067746e+04 1.422921170775198073e-15 4.203999348657447482e-16
1.003865562489961849e+04 2.027700566784181393e-15 4.222647726904610100e-16
1.004353502430855951e+04 1.741166186961760546e-15 4.262021435700701083e-16
1.004841442371750054e+04 1.130995386082345246e-15 4.340640736287900457e-16
1.005329382312644157e+04 1.747682406992725156e-15 4.540896682133511488e-16
1.005817322253538259e+04 1.960636835590599672e-15 4.423387714833338930e-16
1.006305262194432362e+04 1.475623440153746502e-15 4.463607307426787062e-16
1.006793202135326464e+04 1.206779682238853234e-15 4.866703008701323365e-16
1.007281142076220567e+04 1.626639941351577430e-15 5.232369400161403476e-16
1.007769082017114670e+04 1.440033421657493819e-15 4.619911501818874904e-16
1.008257021958008772e+04 1.338206011841618103e-15 4.707031787362349256e-16
1.008744961898902875e+04 2.397757038545183386e-15 5.759164208392361349e-16
1.009232901839796978e+04 3.137397707237111393e-15 6.307449353549273245e-16
1.009720841780691080e+04 2.656122629502430892e-15 5.112715266115317426e-16
1.010208781721585183e+04 1.915039174413288453e-15 5.228522218968463197e-16
1.010696721662479285e+04 1.300354072315213449e-15 5.087346824302997316e-16
1.011184661603373388e+04 1.513240191046619113e-15 5.280498054761331781e-16
1.011672601544267491e+04 2.189024310359878575e-15 6.224826929957979135e-16
1.012160541485161593e+04 1.991212284103563957e-15 6.438315067958242757e-16
1.012648481426055696e+04 1.798687713535870673e-15 5.448238084136330139e-16
1.013136421366949799e+04 1.821556012852212085e-15 5.543414652137850360e-16
1.013624361307843901e+04 1.273539956862584010e-15 5.652213485361732325e-16
1.014112301248738004e+04 1.115858874929328276e-15 5.901850537115730418e-16
1.014600241189632106e+04 1.063088680067539633e-15 6.031315746561326849e-16
1.015088181130526209e+04 9.765267127501021518e-16 6.010402790135639993e-16
1.015576121071420312e+04 1.325825916470229490e-15 6.102025289026266126e-16
1.016064061012314414e+04 1.354547449260771222e-15 6.230437632313365527e-16
1.016552000953208517e+04 1.506574143854426831e-15 6.376837863144259239e-16
1.017039940894102619e+04 -2.441178163661172778e-15 6.523663740526304629e-16
1.017527880834996722e+04 -3.416472203785411448e-15 6.580209229547750804e-16
1.018015820775890825e+04 8.050026972526630889e-16 6.724659572379983862e-16
1.018503760716784927e+04 1.540897046252414103e-15 6.935389509209679073e-16
1.018991700657679030e+04 1.762410082121806830e-15 7.125613778343832821e-16
1.019479640598573133e+04 2.806927727876074894e-15 7.355311131218541602e-16
1.019967580539467235e+04 1.220552884590172320e-15 7.462179032655879385e-16
1.020455520480361338e+04 1.339220247456593768e-15 7.877154801388679518e-16
1.020943460421255440e+04 2.918535230966973432e-15 8.238667787800356843e-16
1.021431400362149543e+04 2.392132231495487473e-15 8.358261441440714416e-16
1.021919340303043646e+04 2.431589961357410850e-15 8.436837865056496477e-16
1.022407280243937748e+04 8.494720976436761175e-16 8.630298724299052387e-16
