# SN2023IXF of4301010 G230LB CCD z=0.00087 a2center=893.6 extrsize=11 exptime=1158.0 mode=adaptive_clamphi flags=none
# rest_wvl obs_wvl flux error net dq mask
1661.0742 1662.5193 9.677376e-14 2.322883e-14 1.933867e-01 512 0
1662.4433 1663.8897 9.879404e-14 2.118067e-14 2.039602e-01 0 0
1663.8125 1665.2600 7.979031e-14 2.083003e-14 1.707848e-01 0 0
1665.1816 1666.6303 1.480634e-13 2.017324e-14 3.331530e-01 0 0
1666.5507 1668.0006 8.707537e-14 1.887414e-14 2.006662e-01 0 0
1667.9199 1669.3710 9.373021e-14 1.842136e-14 2.241206e-01 0 0
1669.2891 1670.7414 7.411704e-14 1.754327e-14 1.822959e-01 0 0
1670.6583 1672.1118 1.574860e-13 1.817077e-14 4.126976e-01 0 0
1672.0275 1673.4822 9.084657e-14 2.456608e-14 2.419857e-01 16 0
1673.3967 1674.8526 8.865548e-14 1.603107e-14 2.443786e-01 0 0
1674.7660 1676.2230 6.599053e-14 1.532704e-14 1.886062e-01 0 0
1676.1352 1677.5935 1.135143e-13 1.574296e-14 3.414380e-01 16 0
1677.5045 1678.9640 7.338141e-14 1.505482e-14 2.257332e-01 16 0
1678.8738 1680.3344 8.333637e-14 1.425781e-14 2.663313e-01 0 0
1680.2431 1681.7049 7.637077e-14 1.426323e-14 2.517770e-01 16 0
1681.6124 1683.0754 1.605431e-13 1.524535e-14 5.606973e-01 16 0
1682.9818 1684.4460 -2.273820e-14 2.038026e-14 -9.182654e-02 16400 0
1684.3511 1685.8165 1.534940e-12 5.686542e-14 6.147023e+00 16 0
1685.7205 1687.1870 2.171926e-14 2.810091e-14 7.880341e-02 16 0
1687.0898 1688.5576 1.353607e-13 1.307209e-14 5.298185e-01 16 0
1688.4592 1689.9282 1.228803e-13 1.219516e-14 4.925741e-01 0 0
1689.8286 1691.2988 1.086039e-13 1.219542e-14 4.448097e-01 0 0
1691.1981 1692.6694 8.672975e-14 1.208971e-14 3.614546e-01 16 0
1692.5675 1694.0400 1.624941e-13 1.199129e-14 7.100300e-01 0 0
1693.9369 1695.4107 1.997187e-13 1.238840e-14 9.007167e-01 0 0
1695.3064 1696.7813 1.075873e-13 1.107806e-14 4.847605e-01 16 0
1696.6759 1698.1520 8.718258e-14 1.247382e-14 3.985014e-01 16 0
1698.0454 1699.5227 1.021467e-13 1.010606e-14 4.797156e-01 0 0
1699.4149 1700.8934 1.104096e-13 1.005996e-14 5.309463e-01 0 0
1700.7844 1702.2641 1.124278e-13 1.000142e-14 5.520533e-01 0 0
1702.1539 1703.6348 1.085474e-13 9.706070e-15 5.428471e-01 0 0
1703.5235 1705.0055 1.085299e-13 9.694678e-15 5.532519e-01 0 0
1704.8930 1706.3763 9.860470e-14 9.288856e-15 5.102803e-01 0 0
1706.2626 1707.7470 1.127263e-13 9.270072e-15 5.971692e-01 0 0
1707.6322 1709.1178 1.328246e-13 1.011010e-14 7.208604e-01 16 0
1709.0018 1710.4886 1.255483e-13 9.727611e-15 6.918551e-01 0 0
1710.3714 1711.8594 7.053987e-14 1.039088e-14 3.868007e-01 16 0
1711.7410 1713.2302 1.122611e-13 9.035799e-15 6.370455e-01 0 0
1713.1107 1714.6011 1.282314e-13 9.092021e-15 7.434844e-01 0 0
1714.4803 1715.9719 8.998841e-14 8.685498e-15 5.229391e-01 16 0
1715.8500 1717.3428 1.152995e-13 8.540261e-15 6.871761e-01 0 0
1717.2197 1718.7137 1.172071e-13 8.571718e-15 7.098786e-01 0 0
1718.5894 1720.0846 1.214514e-13 8.999886e-15 7.478458e-01 16 0
1719.9591 1721.4555 1.042659e-13 1.563844e-14 6.477982e-01 16 0
1721.3288 1722.8264 1.295208e-13 8.389254e-15 8.235870e-01 0 0
1722.6986 1724.1973 1.260093e-13 8.304724e-15 8.120706e-01 0 0
1724.0683 1725.5683 1.295211e-13 8.191655e-15 8.476132e-01 0 0
1725.4381 1726.9392 6.508804e-14 1.257286e-14 4.205199e-01 16 0
1726.8079 1728.3102 1.302311e-13 8.135951e-15 8.766540e-01 0 0
1728.1777 1729.6812 1.780579e-13 1.748969e-14 1.229997e+00 16 0
1729.5475 1731.0522 1.364034e-13 7.864607e-15 9.454080e-01 0 0
1730.9173 1732.4232 7.812821e-14 8.693213e-15 5.368993e-01 16 0
1732.2871 1733.7942 1.129838e-13 7.346191e-15 7.984551e-01 0 0
1733.6570 1735.1653 1.218902e-13 7.546408e-15 8.754838e-01 0 0
1735.0268 1736.5363 1.201762e-13 7.496086e-15 8.740094e-01 0 0
1736.3967 1737.9074 1.027223e-13 8.354963e-15 7.520804e-01 16 0
1737.7666 1739.2785 1.116861e-13 1.033872e-14 8.310167e-01 16 0
1739.1365 1740.6496 1.216900e-13 7.443344e-15 9.201310e-01 0 0
1740.5064 1742.0207 1.189142e-13 8.075627e-15 9.096465e-01 16 0
1741.8763 1743.3918 1.253794e-13 7.101519e-15 9.731098e-01 0 0
1743.2463 1744.7629 1.094150e-13 7.911754e-15 8.551079e-01 16 0
1744.6162 1746.1341 1.382280e-13 7.077566e-15 1.103635e+00 0 0
1745.9862 1747.5052 1.157350e-13 8.878317e-15 9.288210e-01 16 0
1747.3562 1748.8764 1.248290e-13 6.793117e-15 1.016947e+00 0 0
1748.7262 1750.2476 1.557026e-13 7.108628e-15 1.294541e+00 0 0
1750.0962 1751.6188 1.352984e-13 6.795088e-15 1.131897e+00 0 0
1751.4662 1752.9900 1.260388e-13 6.646251e-15 1.063613e+00 0 0
1752.8362 1754.3612 1.307079e-13 6.603472e-15 1.117189e+00 0 0
1754.2063 1755.7324 1.331808e-13 6.667391e-15 1.152041e+00 0 0
1755.5763 1757.1037 1.395190e-13 7.261936e-15 1.222608e+00 16 0
1756.9464 1758.4750 1.503367e-13 7.251131e-15 1.335784e+00 16 0
1758.3165 1759.8462 5.342826e-13 2.538363e-14 4.993703e+00 16 0
1759.6866 1761.2175 1.680124e-13 6.793084e-15 1.532008e+00 0 0
1761.0567 1762.5888 1.621269e-13 7.213425e-15 1.492358e+00 16 0
1762.4268 1763.9601 1.451871e-13 6.444144e-15 1.345154e+00 0 0
1763.7970 1765.3315 1.555382e-13 6.903582e-15 1.460025e+00 16 0
1765.1671 1766.7028 1.263174e-13 7.240082e-15 1.188720e+00 16 0
1766.5373 1768.0741 1.656835e-13 6.466437e-15 1.591346e+00 0 0
1767.9074 1769.4455 1.502040e-13 7.390502e-15 1.452181e+00 16 0
1769.2776 1770.8169 1.515169e-13 6.555215e-15 1.480170e+00 0 0
1770.6478 1772.1883 1.456500e-13 1.075231e-14 1.434936e+00 16 0
1772.0180 1773.5597 8.533465e-14 9.402752e-15 8.315276e-01 16 0
1773.3882 1774.9311 1.291737e-13 5.908178e-15 1.291876e+00 0 0
1774.7585 1776.3025 1.378981e-13 6.463498e-15 1.395889e+00 16 0
1776.1287 1777.6740 1.481026e-13 6.011852e-15 1.517429e+00 0 0
1777.4990 1779.0454 1.309780e-13 6.368046e-15 1.348434e+00 16 0
1778.8693 1780.4169 1.414534e-13 6.917819e-15 1.474073e+00 16 0
1780.2395 1781.7883 1.446856e-13 6.029218e-15 1.522946e+00 0 0
1781.6098 1783.1598 1.243268e-13 6.137673e-15 1.313126e+00 16 0
1782.9801 1784.5313 1.436522e-13 5.722157e-15 1.539223e+00 0 0
1784.3505 1785.9029 1.308205e-13 5.630873e-15 1.409441e+00 0 0
1785.7208 1787.2744 1.354505e-13 5.690616e-15 1.474241e+00 0 0
1787.0911 1788.6459 1.257846e-13 6.116750e-15 1.377335e+00 16 0
1788.4615 1790.0175 1.317255e-13 6.461315e-15 1.457651e+00 16 0
1789.8319 1791.3890 1.841496e-13 1.069430e-14 2.080408e+00 16 0
1791.2023 1792.7606 1.281458e-13 5.655744e-15 1.441746e+00 16 0
1792.5726 1794.1322 1.388540e-13 5.441930e-15 1.580587e+00 0 0
1793.9430 1795.5038 1.335157e-13 5.613296e-15 1.530898e+00 16 0
1795.3135 1796.8754 1.333920e-13 5.345441e-15 1.542804e+00 0 0
1796.6839 1798.2470 1.300372e-13 6.182913e-15 1.515719e+00 16 0
1798.0543 1799.6186 2.309551e-13 1.274749e-14 2.768934e+00 16 0
1799.4248 1800.9903 1.210193e-13 5.166622e-15 1.431631e+00 0 0
1800.7953 1802.3619 1.035200e-13 6.153378e-15 1.228076e+00 16 0
1802.1657 1803.7336 1.182362e-13 5.098959e-15 1.422160e+00 16 0
1803.5362 1805.1053 1.045934e-13 5.009758e-15 1.263253e+00 16 0
1804.9067 1806.4770 1.175096e-13 4.991531e-15 1.438072e+00 0 0
1806.2772 1807.8487 1.050819e-13 5.225502e-15 1.291818e+00 16 0
1807.6478 1809.2204 8.818570e-14 4.928363e-15 1.086210e+00 16 0
1809.0183 1810.5921 9.563231e-14 4.595357e-15 1.192025e+00 0 0
1810.3888 1811.9639 1.145485e-13 5.585474e-15 1.450202e+00 16 0
1811.7594 1813.3356 4.857478e-14 1.165547e-14 5.992552e-01 16 0
1813.1300 1814.7074 9.336615e-14 4.452501e-15 1.193309e+00 0 0
1814.5005 1816.0792 1.019932e-13 4.678751e-15 1.319286e+00 16 0
1815.8711 1817.4509 1.005467e-13 4.499168e-15 1.310972e+00 0 0
1817.2417 1818.8227 9.090354e-14 4.604763e-15 1.190696e+00 16 0
1818.6124 1820.1946 9.727974e-14 4.394119e-15 1.288296e+00 0 0
1819.9830 1821.5664 9.824198e-14 4.424649e-15 1.312421e+00 0 0
1821.3536 1822.9382 1.078251e-13 4.718760e-15 1.457425e+00 16 0
1822.7243 1824.3100 8.281384e-14 6.579215e-15 1.117161e+00 16 0
1824.0949 1825.6819 9.977229e-14 4.413664e-15 1.366592e+00 16 0
1825.4656 1827.0538 1.059971e-13 4.912127e-15 1.466781e+00 16 0
1826.8363 1828.4256 1.084284e-13 4.396228e-15 1.513514e+00 0 0
1828.2070 1829.7975 1.037045e-13 4.325513e-15 1.456456e+00 0 0
1829.5777 1831.1694 1.090126e-13 4.787244e-15 1.545659e+00 16 0
1830.9484 1832.5413 1.099132e-13 4.324893e-15 1.570782e+00 0 0
1832.3191 1833.9133 1.014390e-13 4.210515e-15 1.456295e+00 0 0
1833.6899 1835.2852 9.385378e-14 5.518165e-15 1.353502e+00 16 0
1835.0606 1836.6571 1.111623e-13 4.389704e-15 1.625184e+00 0 0
1836.4314 1838.0291 1.061739e-13 4.902172e-15 1.561010e+00 16 0
1837.8022 1839.4010 1.190605e-13 4.384716e-15 1.770521e+00 16 0
1839.1729 1840.7730 1.068719e-13 4.116157e-15 1.594522e+00 0 0
1840.5437 1842.1450 1.020994e-13 4.394106e-15 1.531680e+00 16 0
1841.9145 1843.5170 1.138643e-13 4.260105e-15 1.727169e+00 0 0
1843.2854 1844.8890 9.722804e-14 4.007719e-15 1.476730e+00 0 0
1844.6562 1846.2610 1.169412e-13 4.289786e-15 1.800684e+00 16 0
1846.0270 1847.6331 1.099202e-13 4.167141e-15 1.700674e+00 0 0
1847.3979 1849.0051 1.103214e-13 4.064489e-15 1.719044e+00 0 0
1848.7687 1850.3772 9.478757e-14 3.940627e-15 1.478988e+00 0 0
1850.1396 1851.7492 8.602454e-14 4.561099e-15 1.346500e+00 16 0
1851.5105 1853.1213 1.088222e-13 3.973598e-15 1.729884e+00 0 0
1852.8814 1854.4934 9.685852e-14 4.099894e-15 1.543626e+00 16 0
1854.2523 1855.8655 1.024566e-13 3.955447e-15 1.647281e+00 0 0
1855.6232 1857.2376 1.009248e-13 3.845110e-15 1.632759e+00 0 0
1856.9941 1858.6097 1.145198e-13 4.015995e-15 1.873639e+00 0 0
1858.3650 1859.9818 1.049500e-13 3.946047e-15 1.723348e+00 0 0
1859.7360 1861.3539 1.187750e-13 3.989290e-15 1.972086e+00 0 0
1861.1069 1862.7261 1.148113e-13 3.924551e-15 1.916911e+00 0 0
1862.4779 1864.0983 1.066489e-13 3.810973e-15 1.788055e+00 0 0
1863.8489 1865.4704 1.087404e-13 3.913328e-15 1.836734e+00 0 0
1865.2199 1866.8426 1.210718e-13 3.898435e-15 2.066572e+00 0 0
1866.5908 1868.2148 1.100865e-13 4.519227e-15 1.885649e+00 16 0
1867.9619 1869.5870 1.163165e-13 3.849506e-15 2.009799e+00 0 0
1869.3329 1870.9592 1.169308e-13 3.855292e-15 2.034585e+00 0 0
1870.7039 1872.3314 1.048662e-13 3.835528e-15 1.830324e+00 16 0
1872.0749 1873.7036 1.130312e-13 3.752491e-15 1.991623e+00 0 0
1873.4460 1875.0759 1.215926e-13 3.835999e-15 2.162749e+00 0 0
1874.8170 1876.4481 9.187581e-14 3.702863e-15 1.629506e+00 16 0
1876.1881 1877.8204 1.111111e-13 3.763605e-15 1.997917e+00 0 0
1877.5592 1879.1927 1.005203e-13 3.618632e-15 1.813827e+00 0 0
1878.9303 1880.5649 1.067531e-13 3.816013e-15 1.944027e+00 16 0
1880.3014 1881.9372 1.165491e-13 3.738569e-15 2.143799e+00 0 0
1881.6725 1883.3095 1.086949e-13 3.584444e-15 2.008744e+00 0 0
1883.0436 1884.6818 1.278976e-13 3.737189e-15 2.393263e+00 0 0
1884.4147 1886.0542 1.066579e-13 3.528495e-15 1.997808e+00 0 0
1885.7858 1887.4265 1.065125e-13 3.496902e-15 2.009096e+00 0 0
1887.1570 1888.7988 1.128048e-13 3.543612e-15 2.146933e+00 0 0
1888.5281 1890.1712 1.113224e-13 3.547595e-15 2.132674e+00 0 0
1889.8993 1891.5435 1.224505e-13 3.851045e-15 2.369676e+00 16 0
1891.2705 1892.9159 6.023519e-13 1.150874e-14 1.218456e+01 16 0
1892.6417 1894.2883 1.195754e-13 3.548070e-15 2.344398e+00 0 0
1894.0129 1895.6607 1.188415e-13 4.163852e-15 2.345537e+00 16 0
1895.3841 1897.0331 1.238801e-13 3.762404e-15 2.464875e+00 16 0
1896.7553 1898.4055 1.239699e-13 3.694712e-15 2.483343e+00 16 0
1898.1265 1899.7779 1.240106e-13 3.713057e-15 2.500719e+00 16 0
1899.4977 1901.1503 1.176895e-13 3.455545e-15 2.384852e+00 0 0
1900.8690 1902.5227 1.252976e-13 3.487071e-15 2.560676e+00 0 0
1902.2402 1903.8952 1.340357e-13 3.583445e-15 2.762664e+00 0 0
1903.6115 1905.2676 1.244625e-13 3.457756e-15 2.575780e+00 0 0
1904.9828 1906.6401 1.144146e-13 3.665927e-15 2.376400e+00 16 0
1906.3541 1908.0126 1.246098e-13 3.472141e-15 2.611517e+00 0 0
1907.7253 1909.3851 1.280458e-13 3.470764e-15 2.702520e+00 16 0
1909.0966 1910.7576 1.283848e-13 3.478709e-15 2.726686e+00 0 0
1910.4679 1912.1301 1.255241e-13 3.502748e-15 2.680481e+00 16 0
1911.8393 1913.5026 1.298391e-13 4.447366e-15 2.792536e+00 16 0
1913.2106 1914.8751 1.339827e-13 4.211694e-15 2.902040e+00 16 0
1914.5819 1916.2476 1.408830e-13 3.515538e-15 3.074672e+00 0 0
1915.9533 1917.6202 1.465710e-13 3.792092e-15 3.222038e+00 16 0
1917.3246 1918.9927 1.397762e-13 3.553122e-15 3.087058e+00 16 0
1918.6960 1920.3653 1.382538e-13 3.985807e-15 3.071071e+00 16 0
1920.0674 1921.7378 1.323820e-13 3.554727e-15 2.954729e+00 16 0
1921.4387 1923.1104 1.468727e-13 3.510841e-15 3.308263e+00 0 0
1922.8101 1924.4830 1.435938e-13 4.378441e-15 3.252058e+00 16 0
1924.1815 1925.8556 1.487777e-13 3.481187e-15 3.393465e+00 0 0
1925.5529 1927.2282 1.410230e-13 3.590610e-15 3.231336e+00 16 0
1926.9244 1928.6008 1.454559e-13 3.945701e-15 3.356559e+00 16 0
1928.2958 1929.9734 1.444713e-13 3.437200e-15 3.353931e+00 16 0
1929.6672 1931.3460 1.524360e-13 3.575346e-15 3.566106e+00 16 0
1931.0387 1932.7187 1.452718e-13 3.412250e-15 3.414995e+00 0 0
1932.4101 1934.0913 1.379543e-13 3.526415e-15 3.258179e+00 16 0
1933.7816 1935.4640 1.494331e-13 3.406437e-15 3.559217e+00 0 0
1935.1530 1936.8366 1.469762e-13 3.735597e-15 3.520921e+00 16 0
1936.5245 1938.2093 1.369349e-13 3.274529e-15 3.294320e+00 0 0
1937.8960 1939.5820 1.324899e-13 3.230290e-15 3.203961e+00 0 0
1939.2675 1940.9547 1.268248e-13 3.182592e-15 3.082006e+00 16 0
1940.6390 1942.3274 1.314285e-13 3.723505e-15 3.216920e+00 16 0
1942.0105 1943.7001 1.317661e-13 3.464121e-15 3.245356e+00 16 0
1943.3820 1945.0728 1.329162e-13 3.128719e-15 3.294343e+00 0 0
1944.7536 1946.4455 1.300339e-13 3.109017e-15 3.240465e+00 0 0
1946.1251 1947.8182 1.225039e-13 3.043122e-15 3.066117e+00 0 0
1947.4967 1949.1910 1.253227e-13 3.026788e-15 3.157916e+00 0 0
1948.8682 1950.5637 1.258226e-13 3.072132e-15 3.190072e+00 16 0
1950.2398 1951.9365 1.266194e-13 3.030635e-15 3.230533e+00 0 0
1951.6114 1953.3093 1.184992e-13 2.995906e-15 3.035939e+00 0 0
1952.9829 1954.6820 1.275265e-13 3.009010e-15 3.294218e+00 0 0
1954.3545 1956.0548 1.284390e-13 2.998028e-15 3.338528e+00 0 0
1955.7261 1957.4276 1.292394e-13 2.995470e-15 3.380249e+00 0 0
1957.0977 1958.8004 1.252045e-13 2.993407e-15 3.291376e+00 0 0
1958.4693 1960.1732 1.237262e-13 3.092131e-15 3.270946e+00 0 0
1959.8410 1961.5460 1.306881e-13 3.218971e-15 3.481173e+00 16 0
1961.2126 1962.9188 1.277892e-13 4.011335e-15 3.422280e+00 16 0
1962.5842 1964.2917 1.308382e-13 2.998120e-15 3.527251e+00 16 0
1963.9559 1965.6645 1.316740e-13 2.955201e-15 3.571690e+00 0 0
1965.3275 1967.0374 1.295120e-13 3.020643e-15 3.532578e+00 16 0
1966.6992 1968.4102 1.379973e-13 3.100161e-15 3.793302e+00 16 0
1968.0709 1969.7831 1.278478e-13 2.905685e-15 3.528256e+00 0 0
1969.4425 1971.1559 1.405594e-13 2.996655e-15 3.912693e+00 0 0
1970.8142 1972.5288 1.417639e-13 2.972522e-15 3.971134e+00 0 0
1972.1859 1973.9017 1.382372e-13 2.933484e-15 3.893239e+00 0 0
1973.5576 1975.2746 1.366774e-13 2.913146e-15 3.871840e+00 0 0
1974.9293 1976.6475 1.474023e-13 3.262286e-15 4.209614e+00 16 0
1976.3010 1978.0204 1.408293e-13 2.917059e-15 4.042157e+00 0 0
1977.6728 1979.3933 1.407653e-13 3.166517e-15 4.065351e+00 16 0
1979.0445 1980.7663 1.409533e-13 2.931856e-15 4.096762e+00 0 0
1980.4162 1982.1392 1.440461e-13 2.925830e-15 4.215470e+00 0 0
1981.7880 1983.5121 1.369475e-13 2.869683e-15 4.027871e+00 16 0
1983.1597 1984.8851 1.409283e-13 2.856724e-15 4.174354e+00 0 0
1984.5315 1986.2580 1.541091e-13 3.144368e-15 4.604639e+00 16 0
1985.9033 1987.6310 1.388613e-13 2.864491e-15 4.164720e+00 0 0
1987.2750 1989.0040 1.426771e-13 2.849412e-15 4.309730e+00 0 0
1988.6468 1990.3770 1.461729e-13 2.844194e-15 4.446512e+00 0 0
1990.0186 1991.7499 1.400246e-13 3.008636e-15 4.282610e+00 16 0
1991.3904 1993.1229 1.355712e-13 2.879390e-15 4.170052e+00 0 0
1992.7622 1994.4959 1.465568e-13 2.810838e-15 4.546538e+00 0 0
1994.1340 1995.8689 1.431440e-13 2.862521e-15 4.467224e+00 16 0
1995.5059 1997.2420 1.425114e-13 3.217492e-15 4.476277e+00 16 0
1996.8777 1998.6150 1.373076e-13 2.816076e-15 4.337254e+00 16 0
1998.2495 1999.9880 1.397366e-13 2.726244e-15 4.445056e+00 0 0
1999.6214 2001.3610 1.431166e-13 3.042956e-15 4.585327e+00 16 0
2000.9932 2002.7341 1.431133e-13 2.705652e-15 4.615602e+00 0 0
2002.3651 2004.1071 1.365137e-13 2.651463e-15 4.426829e+00 0 0
2003.7369 2005.4802 1.358942e-13 2.772430e-15 4.435286e+00 16 0
2005.1088 2006.8533 1.279995e-13 3.247393e-15 4.198979e+00 16 0
2006.4807 2008.2263 1.341627e-13 2.685803e-15 4.435634e+00 16 0
2007.8526 2009.5994 1.327649e-13 2.596578e-15 4.417631e+00 0 0
2009.2245 2010.9725 1.357560e-13 2.628919e-15 4.549986e+00 0 0
2010.5964 2012.3456 1.319095e-13 2.561355e-15 4.447832e+00 0 0
2011.9683 2013.7187 1.316929e-13 2.572729e-15 4.470083e+00 0 0
2013.3402 2015.0918 1.353855e-13 4.248543e-15 4.629732e+00 16 0
2014.7121 2016.4649 1.291485e-13 2.562386e-15 4.441020e+00 16 0
2016.0840 2017.8380 1.206011e-13 2.454848e-15 4.168074e+00 0 0
2017.4560 2019.2112 1.305275e-13 2.516579e-15 4.550751e+00 0 0
2018.8279 2020.5843 1.283377e-13 2.479498e-15 4.503012e+00 0 0
2020.1999 2021.9574 1.397048e-13 2.553374e-15 4.945763e+00 0 0
2021.5718 2023.3306 1.295330e-13 2.511033e-15 4.608848e+00 16 0
2022.9438 2024.7037 1.247416e-13 2.815803e-15 4.464702e+00 16 0
2024.3157 2026.0769 1.240551e-13 2.468588e-15 4.470242e+00 16 0
2025.6877 2027.4501 1.249775e-13 2.427027e-15 4.535596e+00 0 0
2027.0597 2028.8232 1.215364e-13 2.372481e-15 4.438309e+00 0 0
2028.4317 2030.1964 1.352139e-13 2.548065e-15 4.985090e+00 16 0
2029.8037 2031.5696 1.308434e-13 2.409791e-15 4.853624e+00 0 0
2031.1757 2032.9428 1.310164e-13 2.404029e-15 4.894349e+00 0 0
2032.5477 2034.3160 1.319564e-13 2.719750e-15 4.964842e+00 16 0
2033.9197 2035.6892 1.329487e-13 2.447898e-15 5.037869e+00 16 0
2035.2917 2037.0624 1.278341e-13 2.348808e-15 4.873050e+00 1024 0
2036.6637 2038.4356 1.349853e-13 2.369576e-15 5.188185e+00 1024 0
2038.0358 2039.8089 1.319827e-13 2.450424e-15 5.105195e+00 1040 0
2039.4078 2041.1821 1.379163e-13 2.359734e-15 5.377229e+00 1024 0
2040.7799 2042.5553 1.360302e-13 2.371624e-15 5.338544e+00 1024 0
2042.1519 2043.9286 1.401111e-13 3.745058e-15 5.540327e+00 1040 0
2043.5240 2045.3018 1.378423e-13 2.805778e-15 5.485873e+00 1040 0
2044.8960 2046.6751 1.387291e-13 2.330224e-15 5.559673e+00 1024 0
2046.2681 2048.0484 1.368888e-13 2.324499e-15 5.521475e+00 1024 0
2047.6402 2049.4216 1.418036e-13 2.353009e-15 5.762938e+00 1024 0
2049.0123 2050.7949 1.361344e-13 2.334204e-15 5.566772e+00 1040 0
2050.3844 2052.1682 1.375400e-13 2.277113e-15 5.666558e+00 1024 0
2051.7564 2053.5415 1.426715e-13 2.317070e-15 5.925407e+00 1280 0
2053.1285 2054.9148 1.446167e-13 2.563681e-15 6.051366e+00 1040 0
2054.5006 2056.2881 1.423440e-13 3.054087e-15 5.996977e+00 1040 0
2055.8728 2057.6614 1.383889e-13 2.273757e-15 5.868404e+00 1024 0
2057.2449 2059.0347 1.371045e-13 3.002375e-15 5.854111e+00 1040 0
2058.6170 2060.4080 1.395921e-13 2.366030e-15 6.005054e+00 1040 0
2059.9891 2061.7813 1.399025e-13 2.279642e-15 6.061252e+00 1040 0
2061.3613 2063.1546 1.426674e-13 2.309039e-15 6.227237e+00 1040 0
2062.7334 2064.5280 1.398705e-13 2.233600e-15 6.145341e+00 1024 0
2064.1056 2065.9013 1.438364e-13 2.381921e-15 6.367641e+00 1040 0
2065.4777 2067.2747 1.533249e-13 2.585479e-15 6.844099e+00 1040 0
2066.8499 2068.6480 3.760820e-13 3.720214e-15 1.715324e+01 1040 0
2068.2220 2070.0214 1.469595e-13 2.256944e-15 6.645542e+00 1040 0
2069.5942 2071.3947 1.574962e-13 2.284004e-15 7.181468e+00 1024 0
2070.9664 2072.7681 1.627102e-13 2.297357e-15 7.475153e+00 1024 0
2072.3385 2074.1415 1.604772e-13 2.287522e-15 7.421299e+00 1040 0
2073.7107 2075.5149 1.590829e-13 2.263958e-15 7.405982e+00 1024 0
2075.0829 2076.8882 1.618029e-13 2.257408e-15 7.586786e+00 1024 0
2076.4551 2078.2616 1.658726e-13 2.292440e-15 7.834518e+00 1024 0
2077.8273 2079.6350 1.624147e-13 2.263496e-15 7.720500e+00 0 0
2079.1995 2081.0084 1.620858e-13 2.256962e-15 7.757111e+00 0 0
2080.5717 2082.3818 1.637633e-13 2.358981e-15 7.892354e+00 16 0
2081.9440 2083.7552 1.679624e-13 2.262400e-15 8.153713e+00 0 0
2083.3162 2085.1287 1.688458e-13 2.281493e-15 8.253229e+00 0 0
2084.6884 2086.5021 1.606674e-13 2.297486e-15 7.899532e+00 16 0
2086.0606 2087.8755 1.635728e-13 2.212448e-15 8.099966e+00 0 0
2087.4329 2089.2489 1.615153e-13 2.229690e-15 8.050657e+00 16 0
2088.8051 2090.6224 1.679095e-13 2.216648e-15 8.432572e+00 0 0
2090.1774 2091.9958 1.669941e-13 2.232449e-15 8.442944e+00 16 0
2091.5496 2093.3693 1.631556e-13 2.157586e-15 8.301702e+00 0 0
2092.9219 2094.7427 1.672082e-13 2.200961e-15 8.569952e+00 16 0
2094.2941 2096.1162 1.668062e-13 2.264626e-15 8.607545e+00 16 0
2095.6664 2097.4896 1.664630e-13 2.267258e-15 8.648349e+00 16 0
2097.0387 2098.8631 1.636717e-13 2.286029e-15 8.559168e+00 16 0
2098.4110 2100.2366 1.654075e-13 2.132352e-15 8.711054e+00 16 0
2099.7832 2101.6101 1.636835e-13 2.203827e-15 8.678161e+00 16 0
2101.1555 2102.9835 1.605587e-13 2.087302e-15 8.568139e+00 0 0
2102.5278 2104.3570 1.615115e-13 2.082171e-15 8.679451e+00 16 0
2103.9001 2105.7305 1.618450e-13 2.088067e-15 8.757543e+00 0 0
2105.2724 2107.1040 1.562010e-13 2.075574e-15 8.504874e+00 16 0
2106.6447 2108.4775 1.589225e-13 2.632371e-15 8.715169e+00 16 0
2108.0170 2109.8510 1.675131e-13 2.116026e-15 9.257816e+00 0 0
2109.3894 2111.2245 1.521572e-13 2.432598e-15 8.451810e+00 16 0
2110.7617 2112.5980 1.578665e-13 2.094355e-15 8.834274e+00 16 0
2112.1340 2113.9716 1.539578e-13 2.880805e-15 8.669709e+00 16 0
2113.5063 2115.3451 1.572881e-13 2.035472e-15 8.919800e+00 16 0
2114.8787 2116.7186 1.541868e-13 1.958218e-15 8.798841e+00 0 0
2116.2510 2118.0922 1.502452e-13 1.938387e-15 8.626119e+00 16 0
2117.6234 2119.4657 1.543269e-13 1.955497e-15 8.922560e+00 0 0
2118.9957 2120.8392 1.589430e-13 1.974444e-15 9.253372e+00 0 0
2120.3681 2122.2128 1.547249e-13 1.983166e-15 9.060964e+00 16 0
2121.7404 2123.5863 1.539384e-13 1.938647e-15 9.070621e+00 16 0
2123.1128 2124.9599 1.534311e-13 1.922255e-15 9.096296e+00 0 0
2124.4851 2126.3334 1.605318e-13 2.228244e-15 9.582914e+00 16 0
2125.8575 2127.7070 1.529202e-13 1.920460e-15 9.175756e+00 0 0
2127.2299 2129.0806 1.528172e-13 2.041416e-15 9.224015e+00 16 0
2128.6023 2130.4541 1.523096e-13 1.880212e-15 9.246807e+00 0 0
2129.9746 2131.8277 1.554677e-13 1.892379e-15 9.496718e+00 0 0
2131.3470 2133.2013 1.578930e-13 1.901745e-15 9.702715e+00 0 0
2132.7194 2134.5749 1.644484e-13 1.941909e-15 1.016990e+01 16 0
2134.0918 2135.9485 1.663259e-13 2.071804e-15 1.034571e+01 16 0
2135.4642 2137.3221 1.554512e-13 2.001222e-15 9.712144e+00 16 0
2136.8366 2138.6957 1.583774e-13 1.864198e-15 9.952780e+00 0 0
2138.2090 2140.0693 1.636940e-13 1.897544e-15 1.034903e+01 0 0
2139.5814 2141.4429 1.640080e-13 2.274704e-15 1.042577e+01 16 0
2140.9538 2142.8165 1.651798e-13 1.881545e-15 1.055848e+01 0 0
2142.3263 2144.1901 1.674313e-13 1.940344e-15 1.076275e+01 16 0
2143.6987 2145.5637 1.651528e-13 1.892163e-15 1.067108e+01 16 0
2145.0711 2146.9373 1.672008e-13 1.872130e-15 1.086385e+01 0 0
2146.4435 2148.3109 1.613267e-13 1.865730e-15 1.053231e+01 0 0
2147.8160 2149.6846 1.641961e-13 1.870349e-15 1.078055e+01 0 0
2149.1884 2151.0582 1.592066e-13 2.363296e-15 1.050339e+01 16 0
2150.5609 2152.4318 1.637593e-13 1.833080e-15 1.086647e+01 0 0
2151.9333 2153.8055 1.698966e-13 2.290345e-15 1.134049e+01 16 0
2153.3057 2155.1791 1.570219e-13 1.786343e-15 1.052381e+01 0 0
2154.6782 2156.5528 1.634997e-13 1.886164e-15 1.102363e+01 16 0
2156.0507 2157.9264 1.581496e-13 2.126990e-15 1.071404e+01 16 0
2157.4231 2159.3001 1.569898e-13 1.785217e-15 1.069081e+01 16 0
2158.7956 2160.6737 1.553706e-13 1.766725e-15 1.063500e+01 0 0
2160.1680 2162.0474 1.577715e-13 1.756824e-15 1.085936e+01 0 0
2161.5405 2163.4210 1.551837e-13 1.906758e-15 1.073488e+01 16 0
2162.9130 2164.7947 1.531872e-13 1.726676e-15 1.065036e+01 0 0
2164.2855 2166.1684 1.540249e-13 1.725385e-15 1.076574e+01 0 0
2165.6579 2167.5421 1.488938e-13 1.745210e-15 1.045567e+01 16 0
2167.0304 2168.9157 1.544445e-13 1.712671e-15 1.090832e+01 0 0
2168.4029 2170.2894 1.559985e-13 1.722218e-15 1.107670e+01 0 0
2169.7754 2171.6631 1.484949e-13 1.683685e-15 1.058965e+01 0 0
2171.1479 2173.0368 1.490066e-13 1.697817e-15 1.068081e+01 16 0
2172.5204 2174.4105 1.473496e-13 1.664070e-15 1.061364e+01 0 0
2173.8929 2175.7842 1.538478e-13 1.708617e-15 1.114483e+01 0 0
2175.2654 2177.1579 1.476167e-13 1.674845e-15 1.073960e+01 16 0
2176.6379 2178.5316 1.507218e-13 1.715112e-15 1.102312e+01 16 0
2178.0104 2179.9053 1.524033e-13 1.721245e-15 1.120269e+01 16 0
2179.3829 2181.2790 1.507275e-13 1.672443e-15 1.113116e+01 16 0
2180.7554 2182.6527 1.517672e-13 1.678249e-15 1.126318e+01 16 0
2182.1279 2184.0264 1.543816e-13 1.655720e-15 1.151491e+01 0 0
2183.5005 2185.4001 1.546152e-13 1.657990e-15 1.158734e+01 0 0
2184.8730 2186.7738 1.548503e-13 1.653437e-15 1.165987e+01 0 0
2186.2455 2188.1475 1.538762e-13 1.667645e-15 1.163965e+01 16 0
2187.6180 2189.5213 1.516291e-13 1.632962e-15 1.152033e+01 0 0
2188.9906 2190.8950 1.547070e-13 1.699244e-15 1.181217e+01 16 0
2190.3631 2192.2687 1.545207e-13 1.635174e-15 1.185196e+01 0 0
2191.7356 2193.6424 1.503498e-13 1.642108e-15 1.157989e+01 16 0
2193.1082 2195.0162 1.542699e-13 1.616104e-15 1.194065e+01 0 0
2194.4807 2196.3899 1.541335e-13 1.683761e-15 1.198395e+01 0 0
2195.8533 2197.7636 1.517550e-13 1.611248e-15 1.184940e+01 16 0
2197.2258 2199.1374 1.497617e-13 1.591510e-15 1.174387e+01 0 0
2198.5983 2200.5111 1.505002e-13 1.597092e-15 1.185553e+01 16 0
2199.9709 2201.8849 1.485236e-13 1.577950e-15 1.174965e+01 0 0
2201.3435 2203.2586 1.497134e-13 1.590275e-15 1.189794e+01 16 0
2202.7160 2204.6324 1.506591e-13 1.570525e-15 1.202735e+01 0 0
2204.0886 2206.0061 1.479237e-13 1.595943e-15 1.185785e+01 16 0
2205.4611 2207.3799 1.524064e-13 1.628651e-15 1.227664e+01 16 0
2206.8337 2208.7536 1.431215e-13 1.559031e-15 1.156840e+01 0 0
2208.2063 2210.1274 1.514023e-13 1.685523e-15 1.230211e+01 16 0
2209.5788 2211.5012 1.568510e-13 1.589487e-15 1.280745e+01 0 0
2210.9514 2212.8749 1.542191e-13 1.570025e-15 1.264458e+01 0 0
2212.3240 2214.2487 1.539252e-13 1.616524e-15 1.267530e+01 16 0
2213.6965 2215.6225 1.481755e-13 1.531564e-15 1.224822e+01 0 0
2215.0691 2216.9962 1.519606e-13 1.551360e-15 1.262075e+01 0 0
2216.4417 2218.3700 1.538006e-13 1.547078e-15 1.283170e+01 0 0
2217.8143 2219.7438 1.561189e-13 1.558176e-15 1.308489e+01 0 0
2219.1869 2221.1176 1.582666e-13 1.619064e-15 1.332551e+01 16 0
2220.5595 2222.4913 1.548950e-13 1.539794e-15 1.309457e+01 0 0
2221.9320 2223.8651 1.650370e-13 1.624852e-15 1.402565e+01 16 0
2223.3046 2225.2389 1.592706e-13 1.573470e-15 1.358812e+01 16 0
2224.6772 2226.6127 1.608407e-13 1.562913e-15 1.378414e+01 0 0
2226.0498 2227.9865 1.597022e-13 1.549716e-15 1.374524e+01 0 0
2227.4224 2229.3603 1.588030e-13 1.581840e-15 1.372672e+01 16 0
2228.7950 2230.7341 1.564739e-13 1.530321e-15 1.358212e+01 0 0
2230.1676 2232.1079 1.583708e-13 1.945032e-15 1.380960e+01 16 0
2231.5402 2233.4817 1.596568e-13 1.558542e-15 1.398464e+01 16 0
2232.9128 2234.8555 1.547698e-13 1.503157e-15 1.361025e+01 0 0
2234.2854 2236.2293 1.616711e-13 1.581272e-15 1.428862e+01 16 0
2235.6580 2237.6031 1.608072e-13 1.528159e-15 1.427380e+01 0 0
2237.0306 2238.9769 1.635617e-13 1.540727e-15 1.458568e+01 0 0
2238.4032 2240.3507 1.595203e-13 1.548958e-15 1.428294e+01 16 0
2239.7759 2241.7245 1.599286e-13 1.533595e-15 1.438309e+01 16 0
2241.1485 2243.0983 1.541820e-13 1.601518e-15 1.392014e+01 16 0
2242.5211 2244.4721 1.559371e-13 1.531223e-15 1.414270e+01 16 0
2243.8937 2245.8459 1.563467e-13 1.503156e-15 1.424254e+01 16 0
2245.2663 2247.2197 1.572529e-13 1.518227e-15 1.438901e+01 16 0
2246.6389 2248.5935 1.492607e-13 1.586041e-15 1.370746e+01 16 0
2248.0116 2249.9673 1.483231e-13 1.525089e-15 1.367952e+01 16 0
2249.3842 2251.3411 1.490232e-13 1.477768e-15 1.380362e+01 16 0
2250.7568 2252.7150 1.436985e-13 1.420530e-15 1.336015e+01 0 0
2252.1294 2254.0888 1.524154e-13 1.455048e-15 1.424253e+01 0 0
2253.5020 2255.4626 1.562015e-13 1.493630e-15 1.466323e+01 16 0
2254.8747 2256.8364 1.578909e-13 1.510678e-15 1.488682e+01 16 0
2256.2473 2258.2102 1.568506e-13 1.466312e-15 1.485006e+01 0 0
2257.6199 2259.5841 1.528446e-13 1.464203e-15 1.452694e+01 16 0
2258.9926 2260.9579 1.510774e-13 1.465077e-15 1.441757e+01 16 0
2260.3652 2262.3317 1.456197e-13 1.440179e-15 1.394863e+01 16 0
2261.7378 2263.7055 1.404185e-13 1.405833e-15 1.350057e+01 0 0
2263.1105 2265.0794 1.507071e-13 1.470329e-15 1.456579e+01 16 0
2264.4831 2266.4532 1.525216e-13 1.512729e-15 1.480628e+01 16 0
2265.8557 2267.8270 1.509570e-13 1.439982e-15 1.471504e+01 0 0
2267.2284 2269.2009 1.526499e-13 1.441879e-15 1.494596e+01 0 0
2268.6010 2270.5747 1.523793e-13 1.437283e-15 1.498348e+01 0 0
2269.9736 2271.9485 1.490537e-13 1.394324e-15 1.471512e+01 0 0
2271.3463 2273.3223 1.490246e-13 1.406010e-15 1.477620e+01 0 0
2272.7189 2274.6962 1.481170e-13 1.458811e-15 1.474862e+01 16 0
2274.0916 2276.0700 1.470761e-13 1.462222e-15 1.470799e+01 0 0
2275.4642 2277.4438 1.445084e-13 1.391451e-15 1.451100e+01 0 0
2276.8368 2278.8177 1.516251e-13 1.399522e-15 1.530303e+01 0 0
2278.2095 2280.1915 1.418325e-13 1.451019e-15 1.436488e+01 16 0
2279.5821 2281.5654 1.421205e-13 1.348891e-15 1.445863e+01 0 0
2280.9548 2282.9392 1.393929e-13 1.403382e-15 1.424045e+01 16 0
2282.3274 2284.3130 1.388075e-13 1.381343e-15 1.424332e+01 0 0
2283.7001 2285.6869 1.444766e-13 1.368658e-15 1.489945e+01 0 0
2285.0727 2287.0607 1.415659e-13 1.378945e-15 1.466075e+01 16 0
2286.4453 2288.4346 1.408169e-13 1.324642e-15 1.464742e+01 0 0
2287.8180 2289.8084 1.411469e-13 1.377749e-15 1.474807e+01 0 0
2289.1906 2291.1822 1.409275e-13 1.324235e-15 1.479090e+01 0 0
2290.5633 2292.5561 1.393502e-13 1.341098e-15 1.468871e+01 16 0
2291.9359 2293.9299 1.374427e-13 1.304951e-15 1.454983e+01 0 0
2293.3086 2295.3038 1.399421e-13 1.400854e-15 1.488431e+01 16 0
2294.6812 2296.6776 1.367833e-13 1.296540e-15 1.460887e+01 0 0
2296.0539 2298.0514 1.407183e-13 1.308391e-15 1.510189e+01 0 0
2297.4265 2299.4253 1.413687e-13 1.385905e-15 1.524010e+01 16 0
2298.7992 2300.7991 1.438227e-13 1.311392e-15 1.557690e+01 0 0
2300.1718 2302.1730 1.411674e-13 1.301487e-15 1.535315e+01 0 0
2301.5445 2303.5468 1.425181e-13 1.305182e-15 1.557034e+01 0 0
2302.9171 2304.9207 1.418499e-13 1.301494e-15 1.556456e+01 16 0
2304.2898 2306.2945 1.423583e-13 1.298811e-15 1.568959e+01 0 0
2305.6624 2307.6684 1.439644e-13 1.336170e-15 1.593819e+01 16 0
2307.0351 2309.0422 1.406908e-13 1.285422e-15 1.563892e+01 16 0
2308.4077 2310.4160 1.426439e-13 1.291007e-15 1.592758e+01 0 0
2309.7804 2311.7899 1.436462e-13 1.299197e-15 1.611028e+01 16 0
2311.1530 2313.1637 1.393936e-13 1.278205e-15 1.569436e+01 0 0
2312.5257 2314.5376 1.440188e-13 1.290989e-15 1.629144e+01 0 0
2313.8983 2315.9114 1.463341e-13 1.293571e-15 1.662719e+01 0 0
2315.2710 2317.2853 1.416673e-13 1.273177e-15 1.615858e+01 0 0
2316.6436 2318.6591 1.403576e-13 1.293742e-15 1.607489e+01 16 0
2318.0163 2320.0329 1.417088e-13 1.267274e-15 1.629984e+01 0 0
2319.3889 2321.4068 1.413091e-13 1.367976e-15 1.632102e+01 16 0
2320.7616 2322.7806 1.392296e-13 1.334963e-15 1.614438e+01 16 0
2322.1342 2324.1545 1.412681e-13 1.340085e-15 1.645133e+01 16 0
2323.5069 2325.5283 1.400645e-13 1.262784e-15 1.637607e+01 16 0
2324.8795 2326.9022 1.406567e-13 1.265820e-15 1.651286e+01 0 0
2326.2522 2328.2760 1.411548e-13 1.275400e-15 1.663857e+01 16 0
2327.6248 2329.6498 1.357121e-13 1.235333e-15 1.605271e+01 0 0
2328.9974 2331.0237 1.349142e-13 1.220587e-15 1.601979e+01 0 0
2330.3701 2332.3975 1.400354e-13 1.244268e-15 1.670062e+01 16 0
2331.7427 2333.7713 1.397282e-13 1.236202e-15 1.672721e+01 0 0
2333.1154 2335.1452 1.374093e-13 1.244044e-15 1.650847e+01 16 0
2334.4880 2336.5190 1.362014e-13 1.290226e-15 1.642203e+01 16 0
2335.8607 2337.8929 1.393311e-13 1.239500e-15 1.686599e+01 0 0
2337.2333 2339.2667 1.382112e-13 1.222353e-15 1.678832e+01 0 0
2338.6059 2340.6405 1.393496e-13 1.310549e-15 1.698782e+01 16 0
2339.9786 2342.0144 1.340586e-13 1.220228e-15 1.639003e+01 16 0
2341.3512 2343.3882 1.206089e-13 1.160288e-15 1.477516e+01 16 0
2342.7239 2344.7620 8.545410e-14 9.807549e-16 1.044880e+01 0 0
2344.0965 2346.1359 8.744697e-14 9.845114e-16 1.073095e+01 0 0
2345.4691 2347.5097 9.823944e-14 1.033045e-15 1.211409e+01 0 0
2346.8418 2348.8835 1.304716e-13 1.424653e-15 1.620120e+01 16 0
2348.2144 2350.2574 1.412026e-13 1.268452e-15 1.760128e+01 16 0
2349.5870 2351.6312 1.431460e-13 1.217362e-15 1.789571e+01 0 0
2350.9597 2353.0050 1.428342e-13 1.218856e-15 1.790305e+01 0 0
2352.3323 2354.3788 1.427900e-13 1.290141e-15 1.794266e+01 16 0
2353.7049 2355.7527 1.446666e-13 1.254405e-15 1.822538e+01 0 0
2355.0776 2357.1265 1.416881e-13 1.200811e-15 1.788715e+01 0 0
2356.4502 2358.5003 1.441659e-13 1.211521e-15 1.824480e+01 0 0
2357.8228 2359.8741 1.466095e-13 1.225362e-15 1.859858e+01 0 0
2359.1954 2361.2479 1.457090e-13 1.234070e-15 1.852283e+01 16 0
2360.5681 2362.6218 1.544326e-13 1.248549e-15 1.968645e+01 0 0
2361.9407 2363.9956 1.472452e-13 1.235755e-15 1.879868e+01 16 0
2363.3133 2365.3694 1.504967e-13 1.228049e-15 1.925590e+01 0 0
2364.6859 2366.7432 1.521791e-13 1.278071e-15 1.951109e+01 16 0
2366.0586 2368.1170 1.546667e-13 1.243727e-15 1.987124e+01 0 0
2367.4312 2369.4908 1.529338e-13 1.247478e-15 1.968302e+01 16 0
2368.8038 2370.8647 1.584370e-13 1.332994e-15 2.043578e+01 16 0
2370.1764 2372.2385 1.521393e-13 1.236539e-15 1.964951e+01 16 0
2371.5490 2373.6123 1.461940e-13 1.309028e-15 1.890781e+01 16 0
2372.9216 2374.9861 1.187456e-13 1.092275e-15 1.534641e+01 0 0
2374.2942 2376.3599 1.209558e-13 1.107559e-15 1.566370e+01 0 0
2375.6669 2377.7337 1.245621e-13 1.198849e-15 1.616557e+01 16 0
2377.0395 2379.1075 1.529509e-13 1.225258e-15 1.993496e+01 0 0
2378.4121 2380.4813 1.524302e-13 1.228472e-15 1.990216e+01 0 0
2379.7847 2381.8551 1.348515e-13 1.174054e-15 1.761358e+01 16 0
2381.1573 2383.2289 8.701118e-14 9.578542e-16 1.131699e+01 16 0
2382.5299 2384.6027 8.169730e-14 9.251867e-16 1.063462e+01 0 0
2383.9025 2385.9765 9.999406e-14 1.003248e-15 1.308010e+01 0 0
2385.2751 2387.3503 1.531311e-13 1.367650e-15 2.017589e+01 16 0
2386.6477 2388.7241 1.642373e-13 1.310585e-15 2.169419e+01 0 0
2388.0203 2390.0978 1.643857e-13 1.258033e-15 2.175209e+01 0 0
2389.3929 2391.4716 1.655777e-13 1.257909e-15 2.194966e+01 0 0
2390.7654 2392.8454 1.664898e-13 1.262085e-15 2.210987e+01 0 0
2392.1380 2394.2192 1.670789e-13 1.262028e-15 2.222666e+01 0 0
2393.5106 2395.5930 1.684142e-13 1.266882e-15 2.244391e+01 0 0
2394.8832 2396.9667 1.634919e-13 1.248560e-15 2.181700e+01 0 0
2396.2558 2398.3405 1.703047e-13 1.269338e-15 2.277352e+01 0 0
2397.6284 2399.7143 1.708054e-13 1.275216e-15 2.287785e+01 16 0
2399.0009 2401.0881 1.673992e-13 1.253754e-15 2.245186e+01 0 0
2400.3735 2402.4618 1.698370e-13 1.267969e-15 2.281660e+01 0 0
2401.7461 2403.8356 1.673571e-13 1.272891e-15 2.251426e+01 16 0
2403.1187 2405.2094 1.679304e-13 1.278582e-15 2.262526e+01 16 0
2404.4912 2406.5831 1.663245e-13 1.280066e-15 2.244003e+01 16 0
2405.8638 2407.9569 1.717388e-13 1.281599e-15 2.321143e+01 16 0
2407.2364 2409.3306 1.702189e-13 1.274578e-15 2.303752e+01 16 0
2408.6089 2410.7044 1.677512e-13 1.249800e-15 2.273197e+01 0 0
2409.9815 2412.0782 1.724525e-13 1.279555e-15 2.340943e+01 16 0
2411.3540 2413.4519 1.729218e-13 1.264576e-15 2.350642e+01 0 0
2412.7266 2414.8257 1.685496e-13 1.257203e-15 2.293857e+01 16 0
2414.0991 2416.1994 1.699265e-13 1.260853e-15 2.315997e+01 16 0
2415.4717 2417.5731 1.712991e-13 1.256207e-15 2.338198e+01 0 0
2416.8442 2418.9469 1.732410e-13 1.264669e-15 2.368258e+01 0 0
2418.2168 2420.3206 1.732930e-13 1.269884e-15 2.372310e+01 0 0
2419.5893 2421.6944 1.714865e-13 1.260110e-15 2.350587e+01 0 0
2420.9619 2423.0681 1.763424e-13 1.271764e-15 2.421230e+01 0 0
2422.3344 2424.4418 1.728676e-13 1.302587e-15 2.376344e+01 0 0
2423.7069 2425.8155 1.752742e-13 1.318260e-15 2.413149e+01 0 0
2425.0795 2427.1893 1.758902e-13 1.321356e-15 2.425097e+01 0 0
2426.4520 2428.5630 1.723176e-13 1.280012e-15 2.378666e+01 16 0
2427.8245 2429.9367 1.682222e-13 1.255417e-15 2.324794e+01 16 0
2429.1970 2431.3104 1.688911e-13 1.253153e-15 2.337390e+01 0 0
2430.5695 2432.6841 1.697923e-13 1.303769e-15 2.353259e+01 16 0
2431.9421 2434.0578 1.754380e-13 1.362920e-15 2.435670e+01 16 0
2433.3146 2435.4316 1.747274e-13 1.270294e-15 2.429046e+01 0 0
2434.6871 2436.8053 1.731776e-13 1.244937e-15 2.410598e+01 0 0
2436.0596 2438.1790 1.727374e-13 1.288078e-15 2.407704e+01 0 0
2437.4321 2439.5527 1.705276e-13 1.282332e-15 2.379746e+01 16 0
2438.8046 2440.9264 1.737373e-13 1.255233e-15 2.428214e+01 0 0
2440.1771 2442.3000 1.743180e-13 1.244673e-15 2.439626e+01 0 0
2441.5496 2443.6737 1.701565e-13 1.231005e-15 2.383931e+01 0 0
2442.9221 2445.0474 1.710100e-13 1.246210e-15 2.399028e+01 16 0
2444.2946 2446.4211 1.747959e-13 1.265160e-15 2.455756e+01 16 0
2445.6671 2447.7948 1.767960e-13 1.507597e-15 2.487131e+01 16 0
2447.0395 2449.1685 1.750905e-13 1.250130e-15 2.465864e+01 0 0
2448.4120 2450.5421 1.744261e-13 1.241137e-15 2.459477e+01 1024 0
2449.7845 2451.9158 1.737046e-13 1.242185e-15 2.452359e+01 1024 0
2451.1570 2453.2895 1.749636e-13 1.244243e-15 2.473381e+01 1040 0
2452.5294 2454.6631 1.728963e-13 1.229949e-15 2.446901e+01 1024 0
2453.9019 2456.0368 1.712368e-13 1.286847e-15 2.426196e+01 1040 0
2455.2744 2457.4104 1.768874e-13 1.288537e-15 2.510173e+01 1024 0
2456.6468 2458.7841 1.745248e-13 1.302730e-15 2.479157e+01 1024 0
2458.0193 2460.1577 1.722498e-13 1.376333e-15 2.449331e+01 1024 0
2459.3917 2461.5314 1.725561e-13 1.291280e-15 2.456560e+01 1024 0
2460.7642 2462.9050 1.690726e-13 1.318912e-15 2.409253e+01 1040 0
2462.1366 2464.2787 1.685519e-13 1.282248e-15 2.404428e+01 1040 0
2463.5090 2465.6523 1.693173e-13 1.275282e-15 2.418162e+01 1024 0
2464.8815 2467.0259 1.682916e-13 1.222766e-15 2.406066e+01 1024 0
2466.2539 2468.3996 1.666819e-13 1.245609e-15 2.385516e+01 1024 0
2467.6263 2469.7732 1.687641e-13 1.271863e-15 2.418249e+01 1040 0
2468.9988 2471.1468 1.702565e-13 1.245406e-15 2.442532e+01 1040 0
2470.3712 2472.5204 1.652330e-13 1.201841e-15 2.372244e+01 1040 0
2471.7436 2473.8940 1.617537e-13 1.264056e-15 2.324280e+01 1024 0
2473.1160 2475.2676 1.665939e-13 1.236874e-15 2.397124e+01 1024 0
2474.4884 2476.6412 1.680550e-13 1.316724e-15 2.421021e+01 1024 0
2475.8608 2478.0148 1.620599e-13 1.271527e-15 2.336462e+01 1040 0
2477.2332 2479.3884 1.620264e-13 1.242611e-15 2.338647e+01 1024 0
2478.6056 2480.7620 1.647891e-13 1.246042e-15 2.381534e+01 1024 0
2479.9780 2482.1356 1.629636e-13 1.228245e-15 2.357450e+01 0 0
2481.3504 2483.5092 1.619155e-13 1.248136e-15 2.344734e+01 16 0
2482.7228 2484.8828 1.651168e-13 1.206844e-15 2.394189e+01 0 0
2484.0952 2486.2564 1.634234e-13 1.183695e-15 2.371988e+01 0 0
2485.4676 2487.6299 1.662328e-13 1.258672e-15 2.415768e+01 16 0
2486.8399 2489.0035 1.672709e-13 1.209627e-15 2.433637e+01 16 0
2488.2123 2490.3771 1.656402e-13 1.272870e-15 2.412207e+01 16 0
2489.5847 2491.7506 1.675232e-13 1.243294e-15 2.442476e+01 0 0
2490.9570 2493.1242 1.685664e-13 1.352738e-15 2.460341e+01 0 0
2492.3294 2494.4977 1.701327e-13 1.242273e-15 2.485945e+01 0 0
2493.7017 2495.8713 1.685389e-13 1.259874e-15 2.464831e+01 16 0
2495.0741 2497.2448 1.674209e-13 1.232267e-15 2.450647e+01 0 0
2496.4464 2498.6183 1.674820e-13 1.231318e-15 2.453803e+01 0 0
2497.8188 2499.9919 1.690639e-13 1.236507e-15 2.479406e+01 0 0
2499.1911 2501.3654 1.697688e-13 1.256062e-15 2.491990e+01 0 0
2500.5634 2502.7389 1.664542e-13 1.262781e-15 2.444840e+01 16 0
2501.9358 2504.1124 1.675327e-13 1.234721e-15 2.462809e+01 0 0
2503.3081 2505.4860 1.673436e-13 1.245784e-15 2.461869e+01 16 0
2504.6804 2506.8595 1.708437e-13 1.356074e-15 2.515774e+01 16 0
2506.0527 2508.2330 1.667039e-13 1.316933e-15 2.455987e+01 16 0
2507.4250 2509.6065 1.699163e-13 1.288736e-15 2.505598e+01 0 0
2508.7973 2510.9800 1.646029e-13 1.248917e-15 2.428171e+01 16 0
2510.1696 2512.3535 1.687206e-13 1.389466e-15 2.491264e+01 16 0
2511.5419 2513.7269 1.711947e-13 1.314719e-15 2.529910e+01 16 0
2512.9142 2515.1004 1.683683e-13 1.264265e-15 2.489453e+01 16 0
2514.2865 2516.4739 1.698863e-13 1.232636e-15 2.513870e+01 0 0
2515.6587 2517.8474 1.691639e-13 1.230184e-15 2.504818e+01 0 0
2517.0310 2519.2208 1.701704e-13 1.238108e-15 2.521659e+01 16 0
2518.4033 2520.5943 1.712954e-13 1.185875e-15 2.540306e+01 0 0
2519.7755 2521.9678 1.687166e-13 1.391110e-15 2.503534e+01 16 0
2521.1478 2523.3412 1.689280e-13 1.226356e-15 2.508578e+01 0 0
2522.5201 2524.7146 1.650286e-13 1.167887e-15 2.451985e+01 0 0
2523.8923 2526.0881 1.688487e-13 1.240590e-15 2.511287e+01 16 0
2525.2645 2527.4615 1.681445e-13 1.249101e-15 2.502726e+01 16 0
2526.6368 2528.8350 1.601396e-13 1.259494e-15 2.384404e+01 16 0
2528.0090 2530.2084 1.700906e-13 1.205126e-15 2.536203e+01 16 0
2529.3812 2531.5818 1.633034e-13 1.298685e-15 2.436117e+01 16 0
2530.7535 2532.9552 1.669472e-13 1.238185e-15 2.493151e+01 0 0
2532.1257 2534.3286 1.664380e-13 1.221691e-15 2.487670e+01 0 0
2533.4979 2535.7020 1.666583e-13 1.171319e-15 2.493155e+01 8208 0
2534.8701 2537.0754 1.690671e-13 1.250110e-15 2.531805e+01 0 0
2536.2423 2538.4488 1.647227e-13 1.330594e-15 2.468256e+01 16 0
2537.6145 2539.8222 1.641190e-13 1.207811e-15 2.461312e+01 0 0
2538.9867 2541.1956 1.603351e-13 1.140762e-15 2.406090e+01 0 0
2540.3589 2542.5690 1.639617e-13 1.182088e-15 2.463255e+01 0 0
2541.7310 2543.9423 1.639217e-13 1.220757e-15 2.464779e+01 16 0
2543.1032 2545.3157 1.615876e-13 1.137778e-15 2.431470e+01 0 0
2544.4754 2546.6891 1.663333e-13 1.209668e-15 2.505737e+01 0 0
2545.8475 2548.0624 1.631828e-13 1.228018e-15 2.459933e+01 16 0
2547.2197 2549.4358 1.632680e-13 1.200608e-15 2.463307e+01 0 0
2548.5919 2550.8091 1.627218e-13 1.336537e-15 2.456889e+01 16 0
2549.9640 2552.1825 1.651195e-13 1.220354e-15 2.495267e+01 0 0
2551.3361 2553.5558 1.647063e-13 1.202576e-15 2.490760e+01 0 0
2552.7083 2554.9291 1.661603e-13 1.280468e-15 2.514741e+01 16 0
2554.0804 2556.3024 1.631631e-13 1.207415e-15 2.470665e+01 0 0
2555.4525 2557.6758 1.639024e-13 1.167685e-15 2.483696e+01 0 0
2556.8246 2559.0491 1.680856e-13 1.211421e-15 2.549458e+01 0 0
2558.1967 2560.4224 1.687623e-13 1.270996e-15 2.561545e+01 16 0
2559.5689 2561.7957 1.693917e-13 1.285571e-15 2.572894e+01 16 0
2560.9409 2563.1690 1.702182e-13 1.335047e-15 2.587271e+01 0 0
2562.3130 2564.5423 1.703560e-13 1.234460e-15 2.591056e+01 0 0
2563.6851 2565.9155 1.744698e-13 1.234848e-15 2.655913e+01 0 0
2565.0572 2567.2888 1.742295e-13 1.220625e-15 2.653876e+01 0 0
2566.4293 2568.6621 1.818167e-13 1.262004e-15 2.772245e+01 16 0
2567.8014 2570.0353 1.821647e-13 1.248940e-15 2.779280e+01 0 0
2569.1734 2571.4086 1.836423e-13 1.257346e-15 2.803674e+01 1024 0
2570.5455 2572.7818 1.838262e-13 1.259815e-15 2.808143e+01 1024 0
2571.9175 2574.1551 1.896512e-13 1.269391e-15 2.899581e+01 1024 0
2573.2896 2575.5283 1.875833e-13 1.267145e-15 2.869300e+01 1040 0
2574.6616 2576.9016 1.812218e-13 1.191891e-15 2.772593e+01 1024 0
2576.0336 2578.2748 1.758420e-13 1.240286e-15 2.690969e+01 1024 0
2577.4057 2579.6480 1.677906e-13 1.221584e-15 2.567976e+01 1040 0
2578.7777 2581.0212 1.834571e-13 1.251816e-15 2.811603e+01 1024 0
2580.1497 2582.3944 1.988152e-13 1.308697e-15 3.050816e+01 1040 0
2581.5217 2583.7676 1.987761e-13 1.328340e-15 3.051856e+01 1024 0
2582.8937 2585.1408 1.900447e-13 1.299182e-15 2.918247e+01 1040 0
2584.2657 2586.5140 1.468939e-13 1.141248e-15 2.251269e+01 1040 0
2585.6377 2587.8872 1.385896e-13 1.083296e-15 2.123948e+01 1040 0
2587.0096 2589.2603 1.309241e-13 1.043045e-15 2.006416e+01 1024 0
2588.3816 2590.6335 1.763512e-13 1.197720e-15 2.712529e+01 1024 0
2589.7536 2592.0067 2.042049e-13 1.359408e-15 3.147086e+01 1024 0
2591.1255 2593.3798 2.053155e-13 1.364227e-15 3.166491e+01 1040 0
2592.4975 2594.7530 1.984704e-13 1.285840e-15 3.062158e+01 1024 0
2593.8694 2596.1261 1.975958e-13 1.289636e-15 3.050788e+01 1024 0
2595.2414 2597.4992 1.812238e-13 1.237700e-15 2.797986e+01 0 0
2596.6133 2598.8724 1.772551e-13 1.226545e-15 2.738291e+01 16 0
2597.9852 2600.2455 1.236922e-13 1.141594e-15 1.905313e+01 0 0
2599.3572 2601.6186 1.152520e-13 9.852590e-16 1.775309e+01 16 0
2600.7291 2602.9917 1.111293e-13 9.411406e-16 1.712567e+01 0 0
2602.1010 2604.3648 1.763325e-13 1.217944e-15 2.733354e+01 0 0
2603.4729 2605.7379 1.995419e-13 1.269507e-15 3.099545e+01 16 0
2604.8448 2607.1110 2.037337e-13 1.412039e-15 3.168137e+01 16 0
2606.2167 2608.4841 2.018462e-13 1.375949e-15 3.141533e+01 0 0
2607.5885 2609.8571 1.909789e-13 1.307406e-15 2.973798e+01 0 0
2608.9604 2611.2302 2.054602e-13 1.328070e-15 3.204403e+01 0 0
2610.3323 2612.6033 2.139870e-13 1.327336e-15 3.341590e+01 0 0
2611.7041 2613.9763 2.142919e-13 1.444665e-15 3.349472e+01 0 0
2613.0760 2615.3494 2.112613e-13 1.343138e-15 3.304755e+01 16 0
2614.4478 2616.7224 2.135326e-13 1.291703e-15 3.343589e+01 0 0
2615.8197 2618.0954 2.130983e-13 1.347470e-15 3.339423e+01 0 0
2617.1915 2619.4684 2.076314e-13 1.349372e-15 3.255607e+01 0 0
2618.5633 2620.8414 2.123752e-13 1.376472e-15 3.333202e+01 16 0
2619.9351 2622.2145 2.125372e-13 1.387567e-15 3.338247e+01 16 0
2621.3069 2623.5875 2.119151e-13 1.364531e-15 3.330659e+01 0 0
2622.6787 2624.9604 2.109819e-13 1.334822e-15 3.318009e+01 0 0
2624.0505 2626.3334 2.092006e-13 1.329185e-15 3.291645e+01 16 0
2625.4223 2627.7064 2.099012e-13 1.321596e-15 3.304555e+01 0 0
2626.7941 2629.0794 2.126549e-13 1.329603e-15 3.349834e+01 16 0
2628.1658 2630.4523 2.125153e-13 1.369111e-15 3.349141e+01 16 0
2629.5376 2631.8253 2.138780e-13 1.319197e-15 3.372249e+01 0 0
2630.9093 2633.1982 2.133764e-13 1.337108e-15 3.365690e+01 0 0
2632.2811 2634.5712 2.128818e-13 1.272984e-15 3.359026e+01 0 0
2633.6528 2635.9441 2.116566e-13 1.268248e-15 3.340710e+01 0 0
2635.0246 2637.3170 2.070554e-13 1.254444e-15 3.268484e+01 0 0
2636.3963 2638.6899 2.096797e-13 1.315083e-15 3.311249e+01 16 0
2637.7680 2640.0629 2.091544e-13 1.303979e-15 3.303750e+01 0 0
2639.1397 2641.4358 2.098090e-13 1.316931e-15 3.315061e+01 0 0
2640.5114 2642.8087 2.066229e-13 1.239182e-15 3.265409e+01 0 0
2641.8831 2644.1815 2.122210e-13 1.257589e-15 3.355735e+01 16 0
2643.2548 2645.5544 2.084252e-13 1.308928e-15 3.296268e+01 0 0
2644.6265 2646.9273 2.064683e-13 1.334381e-15 3.266115e+01 0 0
2645.9981 2648.3001 2.038292e-13 1.321652e-15 3.225271e+01 16 0
2647.3698 2649.6730 2.043843e-13 1.304422e-15 3.235418e+01 16 0
2648.7414 2651.0458 2.002993e-13 1.322574e-15 3.171591e+01 16 0
2650.1131 2652.4187 1.966237e-13 1.286401e-15 3.114298e+01 0 0
2651.4847 2653.7915 1.989165e-13 1.305510e-15 3.152499e+01 0 0
2652.8563 2655.1643 2.014663e-13 1.312071e-15 3.194914e+01 16 0
2654.2280 2656.5371 2.000498e-13 1.279242e-15 3.174062e+01 16 0
2655.5996 2657.9099 2.000959e-13 1.239453e-15 3.176673e+01 0 0
2656.9712 2659.2827 2.012837e-13 1.305595e-15 3.197702e+01 16 0
2658.3428 2660.6555 1.984498e-13 1.294792e-15 3.154341e+01 16 0
2659.7144 2662.0283 1.963911e-13 1.242356e-15 3.123474e+01 0 0
2661.0859 2663.4011 1.928385e-13 1.256474e-15 3.068627e+01 0 0
2662.4575 2664.7738 1.881639e-13 1.234221e-15 2.995792e+01 0 0
2663.8291 2666.1466 1.871687e-13 1.180936e-15 2.981990e+01 0 0
2665.2006 2667.5193 1.890024e-13 1.177371e-15 3.013765e+01 0 0
2666.5722 2668.8921 1.869222e-13 1.218274e-15 2.982555e+01 16 0
2667.9437 2670.2648 1.927117e-13 1.244626e-15 3.078169e+01 16 0
2669.3152 2671.6375 1.917414e-13 1.222658e-15 3.064876e+01 16 0
2670.6868 2673.0103 1.896067e-13 1.254166e-15 3.032863e+01 16 0
2672.0583 2674.3830 1.864301e-13 1.172734e-15 2.983856e+01 0 0
2673.4298 2675.7557 1.896314e-13 1.190832e-15 3.037940e+01 0 0
2674.8013 2677.1283 1.868625e-13 1.210908e-15 2.995425e+01 0 0
2676.1727 2678.5010 1.819521e-13 1.150190e-15 2.918271e+01 0 0
2677.5442 2679.8737 1.829757e-13 1.214066e-15 2.937032e+01 0 0
2678.9157 2681.2464 1.845758e-13 1.241955e-15 2.965219e+01 0 0
2680.2872 2682.6190 1.820263e-13 1.173113e-15 2.926141e+01 16 0
2681.6586 2683.9916 1.847451e-13 1.172617e-15 2.972558e+01 16 0
2683.0300 2685.3643 1.817932e-13 1.148361e-15 2.926968e+01 0 0
2684.4015 2686.7369 1.823057e-13 1.205840e-15 2.937678e+01 16 0
2685.7729 2688.1095 1.842011e-13 1.290981e-15 2.970976e+01 16 0
2687.1443 2689.4821 1.794342e-13 1.327524e-15 2.895888e+01 0 0
2688.5157 2690.8547 1.787780e-13 1.278306e-15 2.887756e+01 16 0
2689.8871 2692.2273 1.785935e-13 1.449793e-15 2.887372e+01 16 0
2691.2585 2693.5999 1.871036e-13 1.261619e-15 3.029051e+01 0 0
2692.6299 2694.9725 1.883138e-13 1.214750e-15 3.051811e+01 16 0
2694.0013 2696.3450 1.855870e-13 1.258176e-15 3.010305e+01 16 0
2695.3726 2697.7176 1.881605e-13 1.218627e-15 3.055666e+01 0 0
2696.7440 2699.0901 1.870427e-13 1.253568e-15 3.040687e+01 16 0
2698.1153 2700.4627 1.839364e-13 1.360425e-15 2.993252e+01 16 0
2699.4867 2701.8352 1.869222e-13 1.197483e-15 3.045884e+01 16 0
2700.8580 2703.2077 1.922141e-13 1.230195e-15 3.136847e+01 16 0
2702.2293 2704.5802 1.891179e-13 1.155121e-15 3.089834e+01 0 0
2703.6006 2705.9527 1.930907e-13 1.252005e-15 3.159551e+01 0 0
2704.9719 2707.3252 1.923852e-13 1.219789e-15 3.152131e+01 0 0
2706.3432 2708.6977 1.962760e-13 1.235825e-15 3.220884e+01 16 0
2707.7145 2710.0702 1.933122e-13 1.190605e-15 3.176227e+01 0 0
2709.0857 2711.4426 1.928202e-13 1.178849e-15 3.172517e+01 16 0
2710.4570 2712.8151 1.911161e-13 1.171787e-15 3.148666e+01 16 0
2711.8282 2714.1875 1.948279e-13 1.235461e-15 3.214973e+01 16 0
2713.1995 2715.5600 1.943499e-13 1.189052e-15 3.211665e+01 16 0
2714.5707 2716.9324 1.932430e-13 1.231942e-15 3.197820e+01 16 0
2715.9419 2718.3048 1.880163e-13 1.192797e-15 3.115106e+01 0 0
2717.3131 2719.6772 1.949508e-13 1.189703e-15 3.235611e+01 0 0
2718.6844 2721.0496 1.908844e-13 1.150510e-15 3.172110e+01 0 0
2720.0555 2722.4220 1.906312e-13 1.192712e-15 3.172348e+01 0 0
2721.4267 2723.7944 1.906430e-13 1.191931e-15 3.177029e+01 0 0
2722.7979 2725.1667 1.910161e-13 1.190787e-15 3.187721e+01 0 0
2724.1691 2726.5391 1.908743e-13 1.190405e-15 3.189730e+01 0 0
2725.5402 2727.9114 1.907030e-13 1.167640e-15 3.191200e+01 16 0
2726.9114 2729.2838 1.849989e-13 1.158583e-15 3.099167e+01 0 0
2728.2825 2730.6561 1.885815e-13 1.147534e-15 3.163983e+01 16 0
2729.6536 2732.0284 1.835840e-13 1.165526e-15 3.083613e+01 16 0
2731.0247 2733.4007 1.846106e-13 1.146815e-15 3.105230e+01 0 0
2732.3958 2734.7730 1.824725e-13 1.154103e-15 3.073169e+01 16 0
2733.7669 2736.1453 1.825429e-13 1.136028e-15 3.078613e+01 16 0
2735.1380 2737.5176 1.852346e-13 1.124293e-15 3.128760e+01 0 0
2736.5091 2738.8899 1.775406e-13 1.121172e-15 3.001951e+01 16 0
2737.8802 2740.2621 1.813810e-13 1.151296e-15 3.071889e+01 0 0
2739.2512 2741.6344 1.922063e-13 1.183347e-15 3.261596e+01 0 0
2740.6223 2743.0066 1.862590e-13 1.123215e-15 3.164598e+01 0 0
2741.9933 2744.3788 1.871549e-13 1.120019e-15 3.184823e+01 0 0
2743.3643 2745.7510 1.910951e-13 1.130036e-15 3.257560e+01 0 0
2744.7353 2747.1232 1.928303e-13 1.282110e-15 3.292688e+01 16 0
2746.1063 2748.4954 1.956775e-13 1.197620e-15 3.347243e+01 16 0
2747.4773 2749.8676 1.988988e-13 1.156662e-15 3.408601e+01 0 0
2748.8483 2751.2398 1.962094e-13 1.269353e-15 3.367770e+01 16 0
2750.2193 2752.6120 2.023579e-13 1.274500e-15 3.480186e+01 16 0
2751.5902 2753.9841 2.054000e-13 1.216153e-15 3.539170e+01 16 0
2752.9612 2755.3563 2.079935e-13 1.169011e-15 3.590748e+01 0 0
2754.3321 2756.7284 2.083011e-13 1.180114e-15 3.602755e+01 0 0
2755.7031 2758.1005 2.049695e-13 1.211515e-15 3.551479e+01 16 0
2757.0740 2759.4726 2.110875e-13 1.223396e-15 3.665403e+01 16 0
2758.4449 2760.8447 2.081277e-13 1.230188e-15 3.620818e+01 16 0
2759.8158 2762.2168 2.097711e-13 1.247686e-15 3.656960e+01 16 0
2761.1867 2763.5889 2.082161e-13 1.239357e-15 3.637138e+01 0 0
2762.5576 2764.9610 2.083420e-13 1.194976e-15 3.646899e+01 0 0
2763.9284 2766.3330 2.017311e-13 1.198640e-15 3.537774e+01 0 0
2765.2993 2767.7051 2.086178e-13 1.214178e-15 3.667272e+01 0 0
2766.6701 2769.0771 2.101987e-13 1.203608e-15 3.703304e+01 0 0
2768.0410 2770.4492 2.126336e-13 1.255643e-15 3.754670e+01 16 0
2769.4118 2771.8212 2.080952e-13 1.197799e-15 3.682007e+01 16 0
2770.7826 2773.1932 2.136727e-13 1.243159e-15 3.789770e+01 16 0
2772.1534 2774.5652 2.120676e-13 1.299904e-15 3.769461e+01 0 0
2773.5242 2775.9372 2.089505e-13 1.209785e-15 3.721902e+01 16 0
2774.8950 2777.3091 2.101140e-13 1.286347e-15 3.751134e+01 16 0
2776.2658 2778.6811 2.121963e-13 1.207078e-15 3.797039e+01 0 0
2777.6365 2780.0531 2.100231e-13 1.264745e-15 3.766239e+01 1040 0
2779.0073 2781.4250 2.121931e-13 1.342982e-15 3.813930e+01 1024 0
2780.3780 2782.7969 2.102021e-13 1.246543e-15 3.786319e+01 1040 0
2781.7487 2784.1688 2.067048e-13 1.249298e-15 3.731150e+01 1024 0
2783.1194 2785.5407 2.078544e-13 1.248065e-15 3.760245e+01 1024 0
2784.4901 2786.9126 2.037389e-13 1.174506e-15 3.693267e+01 1024 0
2785.8608 2788.2845 2.076969e-13 1.185483e-15 3.773765e+01 1024 0
2787.2315 2789.6564 2.002581e-13 1.243201e-15 3.645502e+01 1040 0
2788.6022 2791.0283 2.010138e-13 1.331407e-15 3.667309e+01 1024 0
2789.9728 2792.4001 2.005511e-13 1.164983e-15 3.666709e+01 1040 0
2791.3435 2793.7720 1.991774e-13 1.113801e-15 3.649088e+01 1024 0
2792.7141 2795.1438 1.671227e-13 1.225139e-15 3.063893e+01 1040 0
2794.0848 2796.5156 8.864458e-14 8.874870e-16 1.617847e+01 1040 0
2795.4554 2797.8874 6.627029e-14 6.692094e-16 1.207266e+01 1024 0
2796.8260 2799.2592 6.843125e-14 7.194198e-16 1.249765e+01 1024 0
2798.1966 2800.6310 1.447251e-13 1.048918e-15 2.671524e+01 1040 0
2799.5671 2802.0028 1.817295e-13 1.253142e-15 3.367761e+01 1040 0
2800.9377 2803.3745 1.272329e-13 1.188122e-15 2.354861e+01 1040 0
2802.3083 2804.7463 8.697761e-14 7.744385e-16 1.606119e+01 1024 0
2803.6788 2806.1180 8.736366e-14 7.557932e-16 1.616435e+01 16 0
2805.0493 2807.4897 1.473569e-13 1.107773e-15 2.746786e+01 0 0
2806.4199 2808.8614 2.045091e-13 1.264681e-15 3.829514e+01 16 0
2807.7904 2810.2331 2.250668e-13 1.361473e-15 4.225169e+01 0 0
2809.1609 2811.6048 2.237850e-13 1.228224e-15 4.208612e+01 0 0
2810.5313 2812.9765 2.265148e-13 1.195353e-15 4.268082e+01 16 0
2811.9018 2814.3482 2.210672e-13 1.201112e-15 4.172255e+01 16 0
2813.2723 2815.7198 2.262911e-13 1.293967e-15 4.279066e+01 16 0
2814.6427 2817.0915 2.299957e-13 1.224514e-15 4.357198e+01 16 0
2816.0132 2818.4631 2.290670e-13 1.270524e-15 4.347024e+01 0 0
2817.3836 2819.8347 2.290448e-13 1.214316e-15 4.354129e+01 0 0
2818.7540 2821.2063 2.221564e-13 1.270238e-15 4.229759e+01 16 0
2820.1244 2822.5779 2.350391e-13 1.360518e-15 4.484640e+01 16 0
2821.4948 2823.9495 2.347999e-13 1.271202e-15 4.487666e+01 0 0
2822.8652 2825.3211 2.353325e-13 1.318461e-15 4.505556e+01 0 0
2824.2356 2826.6926 2.369735e-13 1.234115e-15 4.545063e+01 16 0
2825.6059 2828.0642 2.292512e-13 1.233526e-15 4.403562e+01 16 0
2826.9763 2829.4357 2.301814e-13 1.282397e-15 4.428979e+01 16 0
2828.3466 2830.8072 2.329453e-13 1.277102e-15 4.490070e+01 0 0
2829.7169 2832.1788 2.355422e-13 1.279400e-15 4.548343e+01 16 0
2831.0872 2833.5503 2.361591e-13 1.282537e-15 4.568248e+01 0 0
2832.4575 2834.9217 2.363326e-13 1.287441e-15 4.579647e+01 0 0
2833.8278 2836.2932 2.357349e-13 1.256579e-15 4.576016e+01 0 0
2835.1981 2837.6647 2.319056e-13 1.365179e-15 4.509447e+01 0 0
2836.5683 2839.0361 2.365537e-13 1.349404e-15 4.608873e+01 0 0
2837.9386 2840.4076 2.331282e-13 1.187236e-15 4.550199e+01 16 0
2839.3088 2841.7790 2.343686e-13 1.269899e-15 4.583147e+01 0 0
2840.6790 2843.1504 2.322050e-13 1.231745e-15 4.549290e+01 16 0
2842.0492 2844.5218 2.330063e-13 1.185925e-15 4.573912e+01 0 0
2843.4194 2845.8932 2.326880e-13 1.272458e-15 4.576681e+01 0 0
2844.7896 2847.2646 2.254488e-13 1.248677e-15 4.442214e+01 16 0
2846.1598 2848.6359 2.358276e-13 1.369869e-15 4.657649e+01 0 0
2847.5299 2850.0073 2.288757e-13 1.318751e-15 4.528852e+01 16 0
2848.9001 2851.3786 2.247242e-13 1.159519e-15 4.455782e+01 16 0
2850.2702 2852.7499 2.109099e-13 1.143887e-15 4.189256e+01 0 0
2851.6403 2854.1212 2.033706e-13 1.122505e-15 4.047523e+01 0 0
2853.0104 2855.4925 2.031609e-13 1.155767e-15 4.052570e+01 0 0
2854.3805 2856.8638 2.057253e-13 1.145165e-15 4.113613e+01 16 0
2855.7506 2858.2351 2.244046e-13 1.210638e-15 4.500464e+01 16 0
2857.1207 2859.6064 2.257544e-13 1.272724e-15 4.538562e+01 0 0
2858.4907 2860.9776 2.232221e-13 1.190570e-15 4.498288e+01 0 0
2859.8608 2862.3488 2.260865e-13 1.335383e-15 4.567406e+01 16 0
2861.2308 2863.7201 2.212402e-13 1.133800e-15 4.479932e+01 0 0
2862.6008 2865.0913 2.202275e-13 1.153995e-15 4.470377e+01 0 0
2863.9708 2866.4625 2.201097e-13 1.249102e-15 4.479351e+01 16 0
2865.3408 2867.8336 2.255520e-13 1.308718e-15 4.602338e+01 0 0
2866.7108 2869.2048 2.240036e-13 1.314494e-15 4.582315e+01 0 0
2868.0807 2870.5760 2.219984e-13 1.192954e-15 4.552718e+01 0 0
2869.4507 2871.9471 2.237645e-13 1.133121e-15 4.601279e+01 0 0
2870.8206 2873.3182 2.155990e-13 1.155177e-15 4.443768e+01 16 0
2872.1906 2874.6894 2.230720e-13 1.210830e-15 4.611048e+01 16 0
2873.5605 2876.0605 2.215876e-13 1.210983e-15 4.592353e+01 16 0
2874.9304 2877.4316 2.166449e-13 1.114795e-15 4.501411e+01 16 0
2876.3003 2878.8026 2.194642e-13 1.214427e-15 4.572815e+01 0 0
2877.6701 2880.1737 2.275084e-13 1.533717e-15 4.754654e+01 16 0
2879.0400 2881.5447 2.227944e-13 1.208548e-15 4.668256e+01 0 0
2880.4098 2882.9158 2.216451e-13 1.179516e-15 4.656892e+01 16 0
2881.7797 2884.2868 2.217475e-13 1.168619e-15 4.671881e+01 16 0
2883.1495 2885.6578 2.247591e-13 1.215611e-15 4.748940e+01 0 0
2884.5193 2887.0288 2.247294e-13 1.210598e-15 4.761901e+01 16 0
2885.8891 2888.3998 2.230433e-13 1.164222e-15 4.739553e+01 0 0
2887.2589 2889.7708 2.231384e-13 1.178497e-15 4.755207e+01 16 0
2888.6286 2891.1417 2.226169e-13 1.103260e-15 4.757718e+01 0 0
2889.9984 2892.5127 2.223225e-13 1.150209e-15 4.765305e+01 16 0
2891.3681 2893.8836 2.253265e-13 1.170047e-15 4.844321e+01 0 0
2892.7378 2895.2545 2.291004e-13 1.398920e-15 4.940932e+01 16 0
2894.1075 2896.6254 2.237181e-13 1.250250e-15 4.838779e+01 16 0
2895.4772 2897.9963 2.248824e-13 1.217319e-15 4.879160e+01 0 0
2896.8469 2899.3672 2.241453e-13 1.311120e-15 4.878073e+01 0 0
2898.2166 2900.7380 2.278683e-13 1.222792e-15 4.975146e+01 0 0
2899.5862 2902.1089 2.303569e-13 1.129441e-15 5.045563e+01 16 0
2900.9559 2903.4797 2.265990e-13 1.218247e-15 4.978680e+01 16 0
2902.3255 2904.8505 2.280540e-13 1.269147e-15 5.026933e+01 0 0
2903.6951 2906.2213 2.272143e-13 1.172579e-15 5.024622e+01 0 0
2905.0647 2907.5921 2.275227e-13 1.097023e-15 5.047876e+01 16 0
2906.4343 2908.9629 2.319538e-13 1.271234e-15 5.163718e+01 0 0
2907.8039 2910.3337 2.270247e-13 1.215554e-15 5.069921e+01 16 0
2909.1734 2911.7044 2.254714e-13 1.142131e-15 5.051692e+01 0 0
2910.5430 2913.0752 2.300729e-13 1.204480e-15 5.172478e+01 0 0
2911.9125 2914.4459 2.286906e-13 1.164925e-15 5.158277e+01 0 0
2913.2820 2915.8166 2.270661e-13 1.136021e-15 5.138330e+01 0 0
2914.6515 2917.1873 2.246394e-13 1.164414e-15 5.099886e+01 16 0
2916.0210 2918.5580 2.294747e-13 1.106141e-15 5.227422e+01 0 0
2917.3905 2919.9286 2.315282e-13 1.176100e-15 5.291796e+01 16 0
2918.7599 2921.2993 2.294970e-13 1.137925e-15 5.262074e+01 16 0
2920.1294 2922.6699 2.320390e-13 1.188544e-15 5.337910e+01 16 0
2921.4988 2924.0405 2.320873e-13 1.094055e-15 5.355933e+01 0 0
2922.8682 2925.4111 2.331975e-13 1.102928e-15 5.398773e+01 0 0
2924.2376 2926.7817 2.344817e-13 1.137237e-15 5.445461e+01 0 0
2925.6070 2928.1523 2.367781e-13 1.196575e-15 5.516194e+01 16 0
2926.9764 2929.5229 2.403568e-13 1.175248e-15 5.617012e+01 0 0
2928.3458 2930.8934 2.368626e-13 1.197769e-15 5.551603e+01 0 0
2929.7151 2932.2639 2.384585e-13 1.170648e-15 5.605698e+01 16 0
2931.0844 2933.6345 2.379329e-13 1.160152e-15 5.609736e+01 16 0
2932.4537 2935.0050 2.385011e-13 1.166190e-15 5.639511e+01 0 0
2933.8230 2936.3755 2.392883e-13 1.162115e-15 5.674858e+01 0 0
2935.1923 2937.7459 2.413985e-13 1.158445e-15 5.741836e+01 0 0
2936.5616 2939.1164 2.401052e-13 1.187097e-15 5.727201e+01 0 0
2937.9309 2940.4869 2.408917e-13 1.133870e-15 5.762418e+01 0 0
2939.3001 2941.8573 2.395347e-13 1.126724e-15 5.746302e+01 0 0
2940.6693 2943.2277 2.432176e-13 1.103461e-15 5.851969e+01 16 0
2942.0385 2944.5981 2.421307e-13 1.082163e-15 5.841929e+01 0 0
2943.4077 2945.9685 2.450235e-13 1.103962e-15 5.928722e+01 0 0
2944.7769 2947.3389 2.426294e-13 1.188564e-15 5.887271e+01 0 0
2946.1461 2948.7092 2.442930e-13 1.100782e-15 5.944928e+01 0 0
2947.5152 2950.0796 2.417082e-13 1.089574e-15 5.898435e+01 0 0
2948.8844 2951.4499 2.491416e-13 1.135095e-15 6.098084e+01 16 0
2950.2535 2952.8202 2.476861e-13 1.102467e-15 6.079338e+01 0 0
2951.6226 2954.1905 2.407786e-13 1.162595e-15 5.925543e+01 16 0
2952.9917 2955.5608 2.430095e-13 1.168887e-15 5.997758e+01 0 0
2954.3608 2956.9311 2.526772e-13 1.192005e-15 6.255407e+01 0 0
2955.7298 2958.3013 3.714442e-13 1.489578e-15 9.238560e+01 16 0
2957.0989 2959.6716 2.443335e-13 1.162896e-15 6.081598e+01 0 0
2958.4679 2961.0418 2.460271e-13 1.164893e-15 6.140754e+01 0 0
2959.8369 2962.4120 2.480038e-13 1.250636e-15 6.207249e+01 0 0
2961.2059 2963.7822 2.456712e-13 1.158910e-15 6.164861e+01 0 0
2962.5749 2965.1524 2.478162e-13 1.168799e-15 6.235429e+01 0 0
2963.9439 2966.5225 2.469008e-13 1.207285e-15 6.228121e+01 16 0
2965.3128 2967.8927 2.480128e-13 1.206422e-15 6.272243e+01 16 0
2966.6818 2969.2628 2.524956e-13 1.118419e-15 6.402093e+01 0 0
2968.0507 2970.6329 2.504664e-13 1.207521e-15 6.366051e+01 0 0
2969.4196 2972.0030 2.447029e-13 1.150537e-15 6.233691e+01 0 0
2970.7885 2973.3731 2.442584e-13 1.099811e-15 6.237037e+01 16 0
2972.1574 2974.7432 2.475459e-13 1.101237e-15 6.335649e+01 16 0
2973.5263 2976.1132 2.438273e-13 1.202136e-15 6.253756e+01 0 0
2974.8951 2977.4833 2.417954e-13 1.077752e-15 6.214643e+01 0 0
2976.2639 2978.8533 2.402369e-13 1.098413e-15 6.187256e+01 16 0
2977.6328 2980.2233 2.446192e-13 1.120576e-15 6.313290e+01 0 0
2979.0016 2981.5933 2.496904e-13 1.187943e-15 6.457415e+01 0 0
2980.3703 2982.9633 2.506350e-13 1.130872e-15 6.494635e+01 16 0
2981.7391 2984.3332 2.471860e-13 1.189022e-15 6.416953e+01 16 0
2983.1079 2985.7032 2.451364e-13 1.075895e-15 6.375395e+01 0 0
2984.4766 2987.0731 2.454321e-13 1.105761e-15 6.394768e+01 0 0
2985.8453 2988.4430 2.461359e-13 1.099008e-15 6.424803e+01 0 0
2987.2140 2989.8129 2.435461e-13 1.130258e-15 6.368021e+01 0 0
2988.5827 2991.1828 2.505736e-13 1.130847e-15 6.564222e+01 0 0
2989.9514 2992.5527 2.414080e-13 1.065370e-15 6.333679e+01 16 0
2991.3201 2993.9225 2.467186e-13 1.192603e-15 6.485112e+01 16 0
2992.6887 2995.2923 2.431958e-13 1.062919e-15 6.403042e+01 0 0
2994.0573 2996.6622 2.419873e-13 1.154815e-15 6.382316e+01 0 0
2995.4259 2998.0320 2.443090e-13 1.067311e-15 6.455116e+01 16 0
2996.7945 2999.4017 2.442460e-13 1.119380e-15 6.464667e+01 0 0
2998.1631 3000.7715 2.365705e-13 1.048111e-15 6.271291e+01 16 0
2999.5317 3002.1413 2.451479e-13 1.151474e-15 6.511438e+01 0 0
3000.9002 3003.5110 2.408252e-13 1.047966e-15 6.407341e+01 0 0
3002.2688 3004.8807 2.442867e-13 1.055317e-15 6.511412e+01 0 0
3003.6373 3006.2504 2.429977e-13 1.096517e-15 6.488297e+01 16 0
3005.0058 3007.6201 2.448062e-13 1.120845e-15 6.548625e+01 16 0
3006.3742 3008.9898 2.464474e-13 1.098602e-15 6.604633e+01 16 0
3007.7427 3010.3595 2.473844e-13 1.123615e-15 6.642083e+01 16 0
3009.1112 3011.7291 2.443741e-13 1.147677e-15 6.572895e+01 0 0
3010.4796 3013.0987 2.420824e-13 1.039410e-15 6.522860e+01 16 0
3011.8480 3014.4683 2.391511e-13 1.033265e-15 6.455244e+01 0 0
3013.2164 3015.8379 2.359720e-13 1.096772e-15 6.380584e+01 16 0
3014.5848 3017.2075 2.368112e-13 1.029029e-15 6.415079e+01 0 0
3015.9532 3018.5770 2.384091e-13 1.083567e-15 6.470625e+01 0 0
3017.3215 3019.9466 2.419271e-13 1.096043e-15 6.578824e+01 16 0
3018.6899 3021.3161 2.410984e-13 1.077056e-15 6.568320e+01 16 0
3020.0582 3022.6856 2.411842e-13 1.192932e-15 6.582832e+01 0 0
3021.4265 3024.0551 2.425213e-13 1.038598e-15 6.631712e+01 0 0
3022.7948 3025.4246 2.386065e-13 1.057834e-15 6.536117e+01 16 0
3024.1630 3026.7940 2.458173e-13 1.324801e-15 6.747029e+01 16 0
3025.5313 3028.1635 2.364992e-13 1.052895e-15 6.501823e+01 0 0
3026.8995 3029.5329 2.379977e-13 1.057105e-15 6.554816e+01 0 0
3028.2677 3030.9023 2.386228e-13 1.120256e-15 6.583733e+01 0 0
3029.6359 3032.2717 2.312412e-13 1.035878e-15 6.390209e+01 0 0
3031.0041 3033.6411 2.328726e-13 1.116922e-15 6.446805e+01 16 0
3032.3723 3035.0104 2.328825e-13 1.035968e-15 6.458269e+01 16 0
3033.7404 3036.3798 2.341341e-13 1.007140e-15 6.504392e+01 0 0
3035.1086 3037.7491 2.329017e-13 1.007386e-15 6.481052e+01 0 0
3036.4767 3039.1184 2.354385e-13 1.053695e-15 6.563142e+01 16 0
3037.8448 3040.4877 2.367598e-13 1.065740e-15 6.610983e+01 16 0
3039.2129 3041.8570 2.357444e-13 1.026630e-15 6.593172e+01 0 0
3040.5809 3043.2262 2.364843e-13 1.042445e-15 6.624293e+01 0 0
3041.9490 3044.5955 2.307890e-13 9.995383e-16 6.473881e+01 0 0
3043.3170 3045.9647 2.322098e-13 9.953078e-16 6.523576e+01 0 0
3044.6850 3047.3339 2.327276e-13 1.002314e-15 6.547736e+01 16 0
3046.0530 3048.7031 2.315500e-13 1.003707e-15 6.523840e+01 0 0
3047.4210 3050.0723 2.326243e-13 1.163047e-15 6.563528e+01 0 0
3048.7890 3051.4414 2.356035e-13 1.101208e-15 6.657043e+01 0 0
3050.1569 3052.8106 2.301733e-13 1.019764e-15 6.511452e+01 0 0
3051.5248 3054.1797 2.269838e-13 1.067984e-15 6.429226e+01 0 0
3052.8928 3055.5488 2.269215e-13 1.087722e-15 6.435892e+01 0 0
3054.2607 3056.9179 2.281722e-13 1.009887e-15 6.479565e+01 0 0
3055.6285 3058.2869 2.264275e-13 9.792152e-16 6.437489e+01 0 0
3056.9964 3059.6560 2.323820e-13 9.712036e-16 6.615628e+01 16 0
3058.3642 3061.0250 2.296814e-13 1.040275e-15 6.546150e+01 16 0
3059.7321 3062.3940 2.295640e-13 1.011007e-15 6.550523e+01 16 0
3061.0999 3063.7630 2.300312e-13 9.938606e-16 6.571358e+01 16 0
3062.4677 3065.1320 2.250659e-13 1.015354e-15 6.435184e+01 16 0
3063.8354 3066.5010 3.416106e-13 1.814808e-14 9.798096e+01 528 0
