# LMC-SN1987A-STIS-2 ob7i40020 G140L MAMA z=0.0009 a2center=399.2 extrsize=11 exptime=1112.0 mode=fixed flags=none
# rest_wvl obs_wvl flux error net dq mask
1119.5144 1120.5220 0.000000e+00 0.000000e+00 -7.004820e-05 2564 0
1120.0977 1121.1058 0.000000e+00 0.000000e+00 8.360996e-04 2564 0
1120.6810 1121.6896 0.000000e+00 0.000000e+00 -7.004819e-05 2564 0
1121.2643 1122.2735 0.000000e+00 0.000000e+00 -7.004819e-05 2564 0
1121.8476 1122.8573 0.000000e+00 0.000000e+00 3.459209e-07 2560 0
1122.4309 1123.4411 0.000000e+00 0.000000e+00 1.836823e-06 512 0
1123.0143 1124.0250 0.000000e+00 0.000000e+00 -2.073793e-07 512 0
1123.5976 1124.6088 0.000000e+00 0.000000e+00 1.302878e-05 512 0
1124.1809 1125.1926 0.000000e+00 0.000000e+00 3.043315e-07 512 0
1124.7642 1125.7764 0.000000e+00 0.000000e+00 9.105061e-07 512 0
1125.3475 1126.3603 0.000000e+00 0.000000e+00 -8.160433e-03 512 0
1125.9308 1126.9441 0.000000e+00 0.000000e+00 -8.159452e-03 512 0
1126.5141 1127.5279 0.000000e+00 0.000000e+00 -8.158965e-03 512 0
1127.0974 1128.1117 0.000000e+00 0.000000e+00 -8.158332e-03 512 0
1127.6806 1128.6956 0.000000e+00 0.000000e+00 -7.193376e-03 512 0
1128.2639 1129.2794 0.000000e+00 0.000000e+00 -7.212672e-03 512 0
1128.8472 1129.8632 0.000000e+00 0.000000e+00 -8.150404e-03 512 0
1129.4305 1130.4470 0.000000e+00 0.000000e+00 -7.246020e-03 512 0
1130.0138 1131.0308 0.000000e+00 0.000000e+00 -8.149013e-03 512 0
1130.5971 1131.6146 0.000000e+00 0.000000e+00 -8.147670e-03 1536 0
1131.1804 1132.1984 0.000000e+00 0.000000e+00 -8.142634e-03 512 0
1131.7637 1132.7823 0.000000e+00 0.000000e+00 -7.294134e-03 512 0
1132.3470 1133.3661 0.000000e+00 0.000000e+00 -8.137125e-03 512 0
1132.9302 1133.9499 0.000000e+00 0.000000e+00 -8.134280e-03 512 0
1133.5135 1134.5337 0.000000e+00 0.000000e+00 -8.131374e-03 512 0
1134.0968 1135.1175 0.000000e+00 0.000000e+00 -8.128687e-03 512 0
1134.6801 1135.7013 0.000000e+00 0.000000e+00 -8.124818e-03 512 0
1135.2633 1136.2851 0.000000e+00 0.000000e+00 -8.122846e-03 512 0
1135.8466 1136.8689 0.000000e+00 0.000000e+00 -8.119753e-03 512 0
1136.4299 1137.4527 0.000000e+00 0.000000e+00 -8.117448e-03 512 0
1137.0132 1138.0365 0.000000e+00 0.000000e+00 -8.113759e-03 512 0
1137.5964 1138.6203 -1.646461e-13 2.106153e-14 -7.190774e-03 0 0
1138.1797 1139.2041 -8.231150e-14 1.329016e-18 -8.105682e-03 0 0
1138.7630 1139.7879 -4.694360e-14 5.905453e-15 -7.199325e-03 0 0
1139.3462 1140.3716 -3.885005e-14 6.498158e-19 -8.100646e-03 0 0
1139.9295 1140.9554 -2.732856e-14 3.340193e-15 -7.213923e-03 0 0
1140.5128 1141.5392 -2.401441e-14 4.045259e-19 -8.093741e-03 0 0
1141.0960 1142.1230 -1.922078e-14 3.066913e-19 -8.086893e-03 0 0
1141.6793 1142.7068 -1.357627e-14 1.819549e-15 -7.131803e-03 0 0
1142.2625 1143.2906 -1.180038e-14 1.069345e-15 -7.587231e-03 0 0
1142.8458 1143.8744 -9.135526e-15 1.212463e-15 -7.131197e-03 0 0
1143.4291 1144.4581 -7.675286e-15 9.967489e-16 -7.147527e-03 0 0
1144.0123 1145.0419 -6.930744e-15 6.150342e-16 -7.583859e-03 0 0
1144.5956 1145.6257 -5.633264e-15 7.386630e-16 -7.129729e-03 0 0
1145.1788 1146.2095 -5.592845e-15 9.681466e-20 -8.062512e-03 0 0
1145.7621 1146.7932 -4.969573e-15 8.118637e-20 -8.054883e-03 0 0
1146.3453 1147.3770 -4.470046e-15 7.507998e-20 -8.051955e-03 0 0
1146.9286 1147.9608 -4.059105e-15 6.988107e-20 -8.048705e-03 0 0
1147.5118 1148.5446 -3.711595e-15 6.187454e-20 -8.042222e-03 0 0
1148.0950 1149.1283 -3.416461e-15 5.705433e-20 -8.037649e-03 0 0
1148.6783 1149.7121 -3.153437e-15 5.156310e-20 -8.031637e-03 0 0
1149.2615 1150.2959 -2.921165e-15 4.810240e-20 -8.027099e-03 0 0
1149.8448 1150.8796 -2.709554e-15 4.549763e-20 -8.023142e-03 0 0
1150.4280 1151.4634 -2.517532e-15 4.049419e-20 -8.015734e-03 0 0
1151.0112 1152.0471 -1.916804e-15 3.467775e-16 -6.546009e-03 0 0
1151.5945 1152.6309 -2.191763e-15 3.601335e-20 -8.006515e-03 0 0
1152.1777 1153.2147 -2.056049e-15 3.476890e-20 -8.002835e-03 0 0
1152.7609 1153.7984 -1.715636e-15 2.191278e-16 -7.090749e-03 0 0
1153.3442 1154.3822 -1.830843e-15 3.166126e-20 -7.993227e-03 0 0
1153.9274 1154.9659 -1.541020e-15 1.977212e-16 -7.076510e-03 0 0
1154.5106 1155.5497 -1.452134e-15 2.004825e-16 -6.974835e-03 0 0
1155.0938 1156.1334 -1.412078e-15 1.827567e-16 -7.061447e-03 0 0
1155.6771 1156.7172 -1.536978e-15 2.568001e-20 -7.968619e-03 0 0
1156.2603 1157.3009 -1.313397e-15 1.734049e-16 -7.034274e-03 0 0
1156.8435 1157.8847 -1.442325e-15 2.489790e-20 -7.958743e-03 0 0
1157.4267 1158.4684 -9.934682e-16 2.615516e-16 -5.634597e-03 0 0
1158.0100 1159.0522 -1.196892e-15 1.681039e-16 -6.969415e-03 0 0
1158.5932 1159.6359 -1.329576e-15 2.277543e-20 -7.940073e-03 0 0
1159.1764 1160.2196 -1.144248e-15 1.508393e-16 -7.008432e-03 0 0
1159.7596 1160.8034 -1.261732e-15 2.112717e-20 -7.926356e-03 0 0
1160.3428 1161.3871 -1.229305e-15 2.064267e-20 -7.920166e-03 0 0
1160.9260 1161.9709 -1.197588e-15 1.970903e-20 -7.912595e-03 0 0
1161.5092 1162.5546 -1.033180e-15 1.347342e-16 -6.996280e-03 0 0
1162.0924 1163.1383 -1.139110e-15 1.929232e-20 -7.901125e-03 0 0
1162.6757 1163.7221 -8.609370e-16 1.777378e-16 -6.110265e-03 0 0
1163.2589 1164.3058 -1.087729e-15 1.933822e-20 -7.890431e-03 0 0
1163.8421 1164.8895 -5.979919e-16 2.332995e-16 -4.427182e-03 0 0
1164.4253 1165.4732 -9.188919e-16 1.251303e-16 -6.932104e-03 0 0
1165.0085 1166.0570 -9.132713e-16 1.111242e-16 -7.012167e-03 0 0
1165.5917 1166.6407 -8.297081e-16 1.416253e-16 -6.475218e-03 0 0
1166.1749 1167.2244 -8.716201e-16 1.190872e-16 -6.910473e-03 0 0
1166.7581 1167.8081 -4.655303e-16 2.382200e-16 -3.747389e-03 0 0
1167.3413 1168.3919 -7.381705e-16 1.561453e-16 -6.033850e-03 0 0
1167.9245 1168.9756 -7.924002e-16 1.264288e-16 -6.578537e-03 0 0
1168.5076 1169.5593 -6.107052e-16 1.828229e-16 -5.153280e-03 0 0
1169.0908 1170.1430 -4.295287e-16 2.253905e-16 -3.687626e-03 0 0
1169.6740 1170.7267 -7.019261e-16 1.353180e-16 -6.136228e-03 0 0
1170.2572 1171.3104 -1.775308e-17 2.930047e-16 -1.582126e-04 0 0
1170.8404 1171.8942 -5.076495e-16 1.850549e-16 -4.613146e-03 0 0
1171.4236 1172.4779 3.410433e-16 3.412095e-16 3.161600e-03 0 0
1172.0068 1173.0616 1.388729e-16 3.023613e-16 1.312917e-03 0 0
1172.5900 1173.6453 7.912385e-16 3.859919e-16 7.626209e-03 0 0
1173.1731 1174.2290 1.139426e-15 4.156359e-16 1.118642e-02 0 0
1173.7563 1174.8127 1.497103e-15 4.573014e-16 1.495432e-02 0 0
1174.3395 1175.3964 2.294747e-15 5.210566e-16 2.331568e-02 0 0
1174.9227 1175.9801 2.033970e-15 4.854192e-16 2.099548e-02 0 0
1175.5058 1176.5638 3.031431e-15 5.610559e-16 3.176356e-02 0 0
1176.0890 1177.1475 2.632998e-15 5.320575e-16 2.796941e-02 0 0
1176.6722 1177.7312 4.074384e-15 6.375800e-16 4.385728e-02 0 0
1177.2554 1178.3149 4.794590e-15 6.669729e-16 5.225983e-02 0 0
1177.8385 1178.8986 4.013472e-15 6.215359e-16 4.429171e-02 0 0
1178.4217 1179.4823 4.024749e-15 6.041449e-16 4.496399e-02 0 0
1179.0049 1180.0660 4.232901e-15 6.349043e-16 4.788058e-02 0 0
1179.5880 1180.6497 4.880337e-15 6.511170e-16 5.591418e-02 0 0
1180.1712 1181.2333 4.795413e-15 6.516691e-16 5.565554e-02 0 0
1180.7544 1181.8170 5.693011e-15 6.934101e-16 6.695438e-02 0 0
1181.3375 1182.4007 5.283941e-15 6.847974e-16 6.297286e-02 0 0
1181.9207 1182.9844 5.246470e-15 6.527088e-16 6.336781e-02 0 0
1182.5038 1183.5681 6.427160e-15 7.325732e-16 7.866447e-02 0 0
1183.0870 1184.1518 6.576774e-15 7.205604e-16 8.156019e-02 0 0
1183.6701 1184.7354 5.360589e-15 6.473518e-16 6.734270e-02 0 0
1184.2533 1185.3191 7.703567e-15 7.697754e-16 9.800155e-02 0 0
1184.8364 1185.9028 4.268321e-15 5.827384e-16 5.497617e-02 0 0
1185.4196 1186.4865 7.220445e-15 7.175110e-16 9.412658e-02 0 0
1186.0027 1187.0701 6.263698e-15 6.973584e-16 8.263484e-02 0 0
1186.5859 1187.6538 5.770003e-15 6.455521e-16 7.702443e-02 0 0
1187.1690 1188.2375 5.063161e-15 6.205757e-16 6.838886e-02 0 0
1187.7522 1188.8212 4.459271e-15 5.706906e-16 6.094821e-02 0 0
1188.3353 1189.4048 4.816291e-15 5.970081e-16 6.661446e-02 16 0
1188.9185 1189.9885 3.125041e-15 4.822846e-16 4.375020e-02 16 0
1189.5016 1190.5722 3.009557e-15 4.703427e-16 4.265006e-02 0 0
1190.0847 1191.1558 2.649886e-15 4.403821e-16 3.802371e-02 0 0
1190.6679 1191.7395 2.799039e-15 4.568142e-16 4.066522e-02 0 0
1191.2510 1192.3231 1.701894e-15 3.621918e-16 2.503426e-02 0 0
1191.8342 1192.9068 1.869963e-15 3.777416e-16 2.784535e-02 0 0
1192.4173 1193.4905 2.975971e-15 4.503709e-16 4.484722e-02 0 0
1193.0004 1194.0741 3.475596e-15 4.856644e-16 5.299208e-02 0 0
1193.5835 1194.6578 3.819293e-15 4.969354e-16 5.888079e-02 0 0
1194.1667 1195.2414 3.568195e-15 4.872370e-16 5.560527e-02 0 0
1194.7498 1195.8251 3.877197e-15 4.945237e-16 6.102530e-02 0 0
1195.3329 1196.4087 5.283103e-15 5.768627e-16 8.396723e-02 0 0
1195.9161 1196.9924 3.786978e-15 4.792912e-16 6.074022e-02 0 0
1196.4992 1197.5760 5.430212e-15 5.799496e-16 8.788391e-02 0 0
1197.0823 1198.1597 5.829216e-15 5.779226e-16 9.516275e-02 0 0
1197.6654 1198.7433 5.048240e-15 5.538625e-16 8.312776e-02 0 0
1198.2485 1199.3270 4.096021e-15 4.986477e-16 6.802995e-02 0 0
1198.8317 1199.9106 4.176687e-15 4.876449e-16 6.997095e-02 0 0
1199.4148 1200.4942 3.034654e-15 4.250049e-16 5.128970e-02 0 0
1199.9979 1201.0779 2.679610e-15 4.007552e-16 4.569179e-02 0 0
1200.5810 1201.6615 2.503703e-15 3.902122e-16 4.308181e-02 0 0
1201.1641 1202.2452 1.919732e-15 3.446498e-16 3.333458e-02 0 0
1201.7472 1202.8288 2.020966e-15 3.606429e-16 3.541664e-02 0 0
1202.3303 1203.4124 2.480958e-15 3.755229e-16 4.387810e-02 0 0
1202.9134 1203.9961 2.618106e-15 4.007015e-16 4.672998e-02 0 0
1203.4965 1204.5797 3.314645e-15 4.241573e-16 5.970370e-02 0 0
1204.0796 1205.1633 2.312107e-15 3.671141e-16 4.202236e-02 0 0
1204.6627 1205.7469 1.997412e-15 3.440742e-16 3.662874e-02 0 0
1205.2458 1206.3306 1.356354e-15 2.833145e-16 2.509252e-02 0 0
1205.8289 1206.9142 8.379393e-16 2.479165e-16 1.563787e-02 0 0
1206.4120 1207.4978 9.670604e-16 2.514321e-16 1.820369e-02 0 0
1206.9951 1208.0814 4.549477e-16 1.989740e-16 8.637513e-03 0 0
1207.5782 1208.6651 2.772085e-16 1.886048e-16 5.307825e-03 0 0
1208.1613 1209.2487 1.019991e-16 1.590980e-16 1.969574e-03 0 0
1208.7444 1209.8323 1.964433e-16 1.513060e-16 3.825191e-03 0 0
1209.3275 1210.4159 -8.161045e-17 1.286393e-16 -1.602457e-03 0 0
1209.9106 1210.9995 4.104072e-16 1.854071e-16 8.125736e-03 0 0
1210.4937 1211.5831 1.758872e-17 1.438098e-16 3.511347e-04 0 0
1211.0768 1212.1667 -5.287493e-17 1.873252e-16 -1.064289e-03 0 0
1211.6599 1212.7504 3.691171e-18 2.259191e-16 7.490814e-05 0 0
1212.2429 1213.3340 7.237954e-16 4.324028e-16 1.480850e-02 0 0
1212.8260 1213.9176 -7.684051e-16 6.036130e-16 -1.584893e-02 0 0
1213.4091 1214.5012 1.144027e-16 6.644952e-16 2.378643e-03 0 0
1213.9922 1215.0848 9.812298e-16 6.588291e-16 2.056514e-02 0 0
1214.5753 1215.6684 -7.726032e-18 6.643139e-16 -1.632124e-04 0 0
1215.1583 1216.2520 -1.066043e-15 6.195447e-16 -2.269828e-02 0 0
1215.7414 1216.8356 1.345197e-16 6.263102e-16 2.886698e-03 16 0
1216.3245 1217.4192 -3.051031e-16 6.343271e-16 -6.598517e-03 0 0
1216.9076 1218.0028 5.011605e-16 5.314763e-16 1.092313e-02 0 0
1217.4906 1218.5864 -4.561197e-16 2.546110e-16 -1.001862e-02 0 0
1218.0737 1219.1700 2.199771e-16 2.144854e-16 4.869271e-03 0 0
1218.6568 1219.7536 -2.483990e-17 1.612728e-16 -5.540922e-04 0 0
1219.2398 1220.3371 -1.289027e-16 1.025422e-16 -2.897654e-03 0 0
1219.8229 1220.9207 9.617201e-17 1.069505e-16 2.178576e-03 0 0
1220.4060 1221.5043 -9.593699e-17 6.837315e-17 -2.189960e-03 0 0
1220.9890 1222.0879 2.447834e-17 8.400082e-17 5.630464e-04 0 0
1221.5721 1222.6715 1.368068e-17 6.670440e-17 3.170539e-04 0 0
1222.1551 1223.2551 4.480359e-17 8.923851e-17 1.046134e-03 0 0
1222.7382 1223.8387 -1.091930e-17 7.663613e-17 -2.568234e-04 16 0
1223.3213 1224.4222 1.422386e-17 1.068150e-16 3.369837e-04 0 0
1223.9043 1225.0058 5.474880e-17 1.112188e-16 1.306159e-03 0 0
1224.4874 1225.5894 -4.921050e-17 9.621639e-17 -1.180874e-03 0 0
1225.0704 1226.1730 -1.109437e-16 7.674449e-17 -2.677318e-03 0 0
1225.6535 1226.7565 -7.681838e-17 8.732112e-17 -1.864257e-03 0 0
1226.2365 1227.3401 -7.317494e-17 8.864503e-17 -1.786072e-03 16 0
1226.8196 1227.9237 1.515915e-17 1.030153e-16 3.721332e-04 0 0
1227.4026 1228.5073 -7.009144e-17 8.637630e-17 -1.731248e-03 0 0
1227.9856 1229.0908 -1.768993e-17 9.609893e-17 -4.396238e-04 0 0
1228.5687 1229.6744 1.091492e-17 9.675853e-17 2.731173e-04 0 0
1229.1517 1230.2580 -1.094530e-16 7.496664e-17 -2.757528e-03 0 0
1229.7348 1230.8415 -4.124047e-17 8.812598e-17 -1.046979e-03 0 0
1230.3178 1231.4251 1.432422e-16 1.200183e-16 3.664355e-03 0 0
1230.9008 1232.0087 4.306677e-17 1.007871e-16 1.110741e-03 0 0
1231.4839 1232.5922 -7.302945e-17 7.917734e-17 -1.898888e-03 0 0
1232.0669 1233.1758 -4.502781e-17 8.258921e-17 -1.180597e-03 0 0
1232.6499 1233.7593 -6.575007e-17 8.000959e-17 -1.738275e-03 0 0
1233.2330 1234.3429 8.589267e-17 1.027945e-16 2.289412e-03 0 0
1233.8160 1234.9264 2.243206e-18 9.154041e-17 6.027799e-05 0 0
1234.3990 1235.5100 -1.271508e-16 6.013688e-17 -3.443102e-03 0 0
1234.9821 1236.0935 1.524632e-17 9.075396e-17 4.160139e-04 0 0
1235.5651 1236.6771 -4.754333e-17 7.826086e-17 -1.306531e-03 0 0
1236.1481 1237.2606 8.703187e-17 1.025634e-16 2.408599e-03 0 0
1236.7311 1237.8442 4.331073e-16 1.446206e-16 1.206395e-02 0 0
1237.3142 1238.4277 4.020740e-16 1.408228e-16 1.127135e-02 0 0
1237.8972 1239.0113 4.090976e-16 1.445563e-16 1.153464e-02 0 0
1238.4802 1239.5948 4.919351e-16 1.452002e-16 1.394949e-02 0 0
1239.0632 1240.1784 3.324435e-16 1.332644e-16 9.474501e-03 0 0
1239.6462 1240.7619 6.918439e-16 1.676332e-16 1.981523e-02 0 0
1240.2292 1241.3454 4.765192e-16 1.473619e-16 1.370837e-02 0 0
1240.8122 1241.9290 4.884178e-16 1.484740e-16 1.411171e-02 0 0
1241.3953 1242.5125 1.558969e-16 1.076663e-16 4.522180e-03 0 0
1241.9783 1243.0960 2.991544e-16 1.260624e-16 8.711728e-03 0 0
1242.5613 1243.6796 3.698857e-16 1.341334e-16 1.081171e-02 0 0
1243.1443 1244.2631 3.000709e-16 1.245191e-16 8.803491e-03 0 0
1243.7273 1244.8466 2.239797e-16 1.137858e-16 6.595391e-03 0 0
1244.3103 1245.4302 5.082482e-16 1.468190e-16 1.502122e-02 0 0
1244.8933 1246.0137 3.999400e-16 1.327085e-16 1.186454e-02 0 0
1245.4763 1246.5972 6.695060e-18 8.295782e-17 1.993603e-04 0 0
1246.0593 1247.1807 1.216605e-17 8.212929e-17 3.636437e-04 0 0
1246.6423 1247.7643 1.851511e-17 8.086639e-17 5.555134e-04 0 0
1247.2253 1248.3478 -3.615573e-17 7.234943e-17 -1.088886e-03 16 0
1247.8083 1248.9313 2.562632e-17 8.109720e-17 7.746844e-04 0 0
1248.3913 1249.5148 5.793280e-17 8.814653e-17 1.757811e-03 0 0
1248.9743 1250.0983 -9.423315e-17 5.735638e-17 -2.869810e-03 0 0
1249.5573 1250.6819 1.289821e-16 9.920425e-17 3.942175e-03 16 0
1250.1402 1251.2654 -5.739003e-17 6.334028e-17 -1.760304e-03 0 0
1250.7232 1251.8489 1.045165e-16 9.336945e-17 3.216678e-03 0 0
1251.3062 1252.4324 4.161396e-17 8.292253e-17 1.285034e-03 0 0
1251.8892 1253.0159 2.652434e-17 7.988696e-17 8.216165e-04 0 0
1252.4722 1253.5994 -3.486630e-17 6.799165e-17 -1.083310e-03 0 0
1253.0552 1254.1829 6.319627e-18 7.701174e-17 1.968918e-04 0 0
1253.6381 1254.7664 1.376111e-16 9.734707e-17 4.298769e-03 0 0
1254.2211 1255.3499 7.065726e-17 8.871209e-17 2.212347e-03 0 0
1254.8041 1255.9334 7.446541e-17 8.755142e-17 2.336771e-03 0 0
1255.3871 1256.5169 1.792639e-16 1.034389e-16 5.636727e-03 0 0
1255.9701 1257.1004 1.181099e-17 7.616776e-17 3.721057e-04 0 0
1256.5530 1257.6839 1.107341e-16 9.240550e-17 3.495374e-03 16 0
1257.1360 1258.2674 9.077059e-17 9.004106e-17 2.870685e-03 0 0
1257.7190 1258.8509 1.700696e-16 9.928036e-17 5.389611e-03 0 0
1258.3019 1259.4344 3.258846e-17 7.750345e-17 1.034913e-03 0 0
1258.8849 1260.0179 7.765320e-17 8.787609e-17 2.471950e-03 0 0
1259.4679 1260.6014 1.018164e-16 9.146619e-17 3.249232e-03 0 0
1260.0508 1261.1849 -6.164583e-17 5.662318e-17 -1.972693e-03 0 0
1260.6338 1261.7684 4.133341e-17 8.098499e-17 1.326438e-03 0 0
1261.2168 1262.3519 5.548220e-17 7.984530e-17 1.785660e-03 0 0
1261.7997 1262.9353 2.563478e-16 1.110017e-16 8.274533e-03 0 0
1262.3827 1263.5188 1.108561e-16 8.839009e-17 3.588357e-03 0 0
1262.9656 1264.1023 3.014124e-18 7.035750e-17 9.783637e-05 0 0
1263.5486 1264.6858 1.687554e-16 9.576369e-17 5.491305e-03 0 0
1264.1315 1265.2693 2.343529e-16 1.048109e-16 7.643930e-03 0 0
1264.7145 1265.8527 7.625379e-17 8.166197e-17 2.492231e-03 0 0
1265.2974 1266.4362 1.623518e-16 9.771064e-17 5.316216e-03 0 0
1265.8804 1267.0197 3.176470e-16 1.138507e-16 1.041845e-02 0 0
1266.4633 1267.6032 2.488977e-16 1.071206e-16 8.176091e-03 0 0
1267.0463 1268.1866 1.212578e-16 8.904130e-17 3.988799e-03 0 0
1267.6292 1268.7701 -4.260471e-17 5.841368e-17 -1.403366e-03 0 0
1268.2122 1269.3536 2.065467e-16 1.009809e-16 6.812378e-03 0 0
1268.7951 1269.9370 2.128595e-16 1.025363e-16 7.029659e-03 0 0
1269.3781 1270.5205 2.224724e-16 1.013720e-16 7.356935e-03 0 0
1269.9610 1271.1040 3.524627e-16 1.203474e-16 1.167140e-02 0 0
1270.5439 1271.6874 -4.214777e-17 5.763657e-17 -1.397626e-03 0 0
1271.1269 1272.2709 3.463593e-16 1.182381e-16 1.150160e-02 16 0
1271.7098 1272.8544 2.251319e-16 1.014740e-16 7.486749e-03 0 0
1272.2927 1273.4378 2.172734e-16 1.038031e-16 7.235899e-03 0 0
1272.8757 1274.0213 3.538263e-16 1.172000e-16 1.180070e-02 0 0
1273.4586 1274.6047 9.555123e-17 8.325575e-17 3.191442e-03 0 0
1274.0415 1275.1882 3.179846e-16 1.135113e-16 1.063574e-02 0 0
1274.6245 1275.7716 3.870958e-16 1.207860e-16 1.296442e-02 0 0
1275.2074 1276.3551 1.723777e-16 9.368246e-17 5.780644e-03 0 0
1275.7903 1276.9385 1.765154e-16 9.438617e-17 5.926944e-03 0 0
1276.3732 1277.5220 3.625353e-16 1.175403e-16 1.218799e-02 0 0
1276.9562 1278.1054 1.817521e-16 9.574817e-17 6.117621e-03 0 0
1277.5391 1278.6889 5.490497e-16 1.396231e-16 1.850165e-02 0 0
1278.1220 1279.2723 3.131707e-16 1.092132e-16 1.056475e-02 0 0
1278.7049 1279.8558 1.745357e-16 9.336379e-17 5.893982e-03 0 0
1279.2878 1280.4392 1.201731e-16 8.481699e-17 4.062153e-03 0 0
1279.8708 1281.0226 4.270451e-16 1.226883e-16 1.444816e-02 0 0
1280.4537 1281.6061 2.558098e-17 6.995159e-17 8.662064e-04 0 0
1281.0366 1282.1895 2.632441e-16 1.056740e-16 8.920589e-03 0 0
1281.6195 1282.7729 3.266162e-16 1.113454e-16 1.107586e-02 0 0
1282.2024 1283.3564 1.905280e-16 9.672514e-17 6.465000e-03 0 0
1282.7853 1283.9398 1.089690e-16 8.128038e-17 3.699607e-03 16 0
1283.3682 1284.5232 2.130702e-16 9.890564e-17 7.237417e-03 0 0
1283.9511 1285.1067 2.288117e-17 6.757039e-17 7.775347e-04 0 0
1284.5340 1285.6901 1.469905e-16 8.731423e-17 4.996634e-03 0 0
1285.1169 1286.2735 4.768576e-18 6.520155e-17 1.621419e-04 0 0
1285.6998 1286.8569 1.669225e-16 9.282755e-17 5.676825e-03 0 0
1286.2827 1287.4404 -2.655555e-17 5.691332e-17 -9.032344e-04 0 0
1286.8656 1288.0238 1.412000e-17 6.903416e-17 4.802863e-04 0 0
1287.4485 1288.6072 -2.633521e-17 5.688857e-17 -8.957614e-04 0 0
1288.0314 1289.1906 8.390597e-17 7.904248e-17 2.853672e-03 0 0
1288.6143 1289.7741 6.550805e-18 6.470425e-17 2.227561e-04 0 0
1289.1972 1290.3575 -4.837209e-17 5.154276e-17 -1.644454e-03 0 0
1289.7801 1290.9409 5.196492e-17 7.207540e-17 1.766033e-03 0 0
1290.3630 1291.5243 -4.533407e-17 5.260546e-17 -1.540102e-03 0 0
1290.9459 1292.1077 8.278056e-17 7.773020e-17 2.811021e-03 0 0
1291.5287 1292.6911 1.248839e-16 5.778627e-17 4.238736e-03 0 0
1292.1116 1293.2745 5.579549e-17 5.260249e-17 1.892802e-03 0 0
1292.6945 1293.8579 9.169347e-17 6.531951e-17 3.108927e-03 0 0
1293.2774 1294.4413 1.164988e-16 6.580254e-17 3.947739e-03 0 0
1293.8603 1295.0247 3.755725e-17 5.340891e-17 1.271958e-03 0 0
1294.4431 1295.6081 1.738064e-17 6.032500e-17 5.882932e-04 0 0
1295.0260 1296.1915 4.637536e-17 4.489313e-17 1.568805e-03 0 0
1295.6089 1296.7749 5.311406e-17 5.207925e-17 1.795767e-03 0 0
1296.1918 1297.3583 1.383805e-16 7.797633e-17 4.676116e-03 0 0
1296.7746 1297.9417 4.305183e-17 5.269594e-17 1.454071e-03 0 0
1297.3575 1298.5251 9.538927e-17 5.642484e-17 3.220285e-03 16 0
1297.9404 1299.1085 5.033499e-17 5.348460e-17 1.698587e-03 0 0
1298.5233 1299.6919 8.374598e-17 5.545523e-17 2.825066e-03 16 0
1299.1061 1300.2753 1.131665e-16 7.107093e-17 3.816416e-03 0 0
1299.6890 1300.8587 1.031371e-16 6.577311e-17 3.477315e-03 0 0
1300.2719 1301.4421 -6.496862e-18 4.566254e-17 -2.190061e-04 0 0
1300.8547 1302.0255 6.842644e-17 6.469481e-17 2.306300e-03 0 0
1301.4376 1302.6089 3.171382e-17 6.705987e-17 1.068814e-03 0 0
1302.0204 1303.1923 7.145829e-17 7.078285e-17 2.408117e-03 0 0
1302.6033 1303.7756 5.975975e-17 7.751923e-17 2.013811e-03 0 0
1303.1861 1304.3590 -1.751821e-17 7.037781e-17 -5.903221e-04 0 0
1303.7690 1304.9424 -2.691142e-17 5.248814e-17 -9.068414e-04 0 0
1304.3519 1305.5258 1.315862e-16 6.827961e-17 4.434016e-03 0 0
1304.9347 1306.1092 5.174283e-17 5.866134e-17 1.743511e-03 0 0
1305.5176 1306.6925 4.216600e-17 6.092110e-17 1.420747e-03 0 0
1306.1004 1307.2759 -5.275824e-17 4.682056e-17 -1.777508e-03 0 0
1306.6833 1307.8593 3.891519e-17 5.118236e-17 1.310974e-03 0 0
1307.2661 1308.4426 -3.221034e-17 5.248627e-17 -1.084927e-03 0 0
1307.8489 1309.0260 7.805782e-18 6.141291e-17 2.628658e-04 16 0
1308.4318 1309.6094 1.939915e-17 6.351684e-17 6.531007e-04 0 0
1309.0146 1310.1927 -3.430915e-17 5.248137e-17 -1.154690e-03 16 0
1309.5975 1310.7761 -2.835270e-17 5.344983e-17 -9.538212e-04 0 0
1310.1803 1311.3595 -3.053630e-17 5.215074e-17 -1.026801e-03 0 0
1310.7632 1311.9428 -8.068698e-17 3.790817e-17 -2.711637e-03 0 0
1311.3460 1312.5262 -3.018867e-17 5.192287e-17 -1.013942e-03 0 0
1311.9288 1313.1096 7.928541e-17 7.531241e-17 2.661149e-03 0 0
1312.5117 1313.6929 -2.760796e-17 5.270955e-17 -9.259824e-04 0 0
1313.0945 1314.2763 -5.694478e-17 4.366176e-17 -1.908471e-03 0 0
1313.6773 1314.8596 2.927974e-18 6.188186e-17 9.805057e-05 16 0
1314.2601 1315.4430 -2.605262e-17 5.293883e-17 -8.716872e-04 0 0
1314.8430 1316.0263 -2.580761e-17 5.278645e-17 -8.627281e-04 0 0
1315.4258 1316.6097 -7.822217e-17 3.728056e-17 -2.612476e-03 0 0
1316.0086 1317.1930 -2.776481e-17 5.142396e-17 -9.264175e-04 0 0
1316.5915 1317.7764 5.995461e-17 7.189520e-17 1.998523e-03 0 0
1317.1743 1318.3597 -1.050057e-17 5.948799e-17 -3.496790e-04 16 0
1317.7571 1318.9431 -6.821369e-17 4.031446e-17 -2.269278e-03 0 0
1318.3399 1319.5264 7.385042e-18 5.872087e-17 2.454291e-04 0 0
1318.9227 1320.1098 -5.067422e-17 4.496281e-17 -1.682336e-03 0 0
1319.5055 1320.6931 8.763091e-17 7.486634e-17 2.906252e-03 0 0
1320.0884 1321.2764 1.191718e-16 8.095665e-17 3.948177e-03 0 0
1320.6712 1321.8598 -6.099595e-17 4.356316e-17 -2.018685e-03 0 0
1321.2540 1322.4431 -7.737830e-17 3.499378e-17 -2.558150e-03 0 0
1321.8368 1323.0264 1.255823e-16 8.414890e-17 4.147361e-03 0 0
1322.4196 1323.6098 -1.360015e-16 1.192781e-18 -4.486593e-03 16 0
1323.0024 1324.1931 -5.153861e-17 4.652851e-17 -1.698365e-03 16 0
1323.5852 1324.7764 -8.079825e-17 3.732985e-17 -2.659595e-03 16 0
1324.1680 1325.3598 -2.132754e-17 5.180660e-17 -7.012188e-04 0 0
1324.7508 1325.9431 -6.834456e-17 3.977808e-17 -2.244387e-03 0 0
1325.3336 1326.5264 -6.981329e-17 3.848141e-17 -2.289852e-03 0 0
1325.9164 1327.1097 3.293399e-17 6.400352e-17 1.078882e-03 0 0
1326.4992 1327.6931 -6.778345e-17 3.934997e-17 -2.217726e-03 0 0
1327.0820 1328.2764 -6.970211e-17 3.769273e-17 -2.277552e-03 0 0
1327.6648 1328.8597 7.422269e-18 5.820485e-17 2.422095e-04 0 0
1328.2476 1329.4430 2.956771e-18 5.834004e-17 9.635743e-05 0 0
1328.8304 1330.0263 -1.315015e-17 5.442040e-17 -4.279618e-04 0 0
1329.4132 1330.6097 -1.107983e-16 1.695446e-17 -3.600747e-03 0 0
1329.9960 1331.1930 1.838784e-17 6.121802e-17 5.967193e-04 0 0
1330.5788 1331.7763 7.279606e-18 5.975940e-17 2.358886e-04 0 0
1331.1616 1332.3596 -2.307469e-17 5.135809e-17 -7.466038e-04 0 0
1331.7443 1332.9429 -4.823967e-18 5.766117e-17 -1.558468e-04 0 0
1332.3271 1333.5262 -7.878623e-17 3.432343e-17 -2.541435e-03 0 0
1332.9099 1334.1095 -9.170021e-17 2.755066e-17 -2.953387e-03 0 0
1333.4927 1334.6928 -3.540149e-17 4.829009e-17 -1.138385e-03 0 0
1334.0755 1335.2761 -7.605945e-18 5.557232e-17 -2.441900e-04 0 0
1334.6582 1335.8594 1.474679e-17 6.018184e-17 4.726897e-04 0 0
1335.2410 1336.4427 -3.033970e-18 5.745326e-17 -9.709294e-05 0 0
1335.8238 1337.0260 -3.710511e-17 4.644414e-17 -1.185510e-03 0 0
1336.4066 1337.6093 -1.630348e-17 5.430121e-17 -5.200473e-04 0 0
1336.9893 1338.1926 4.269653e-17 6.510929e-17 1.359704e-03 0 0
1337.5721 1338.7759 -3.103845e-18 5.673006e-17 -9.868247e-05 0 0
1338.1549 1339.3592 -5.029415e-17 4.179290e-17 -1.596408e-03 0 0
1338.7377 1339.9425 -5.275166e-19 5.758624e-17 -1.671677e-05 0 0
1339.3204 1340.5258 -2.012286e-17 5.099009e-17 -6.366407e-04 0 0
1339.9032 1341.1091 -5.542536e-19 5.890943e-17 -1.750677e-05 16 0
1340.4860 1341.6924 -3.311987e-17 4.706072e-17 -1.044426e-03 0 0
1341.0687 1342.2757 -5.691840e-17 4.049412e-17 -1.792015e-03 0 0
1341.6515 1342.8590 -4.054112e-17 4.634438e-17 -1.274333e-03 0 0
1342.2342 1343.4422 -2.720620e-17 4.979109e-17 -8.538112e-04 0 0
1342.8170 1344.0255 -7.046437e-17 3.480885e-17 -2.207846e-03 0 0
1343.3997 1344.6088 -5.556245e-17 4.038221e-17 -1.738181e-03 0 0
1343.9825 1345.1921 -7.145376e-17 3.345595e-17 -2.231783e-03 0 0
1344.5653 1345.7754 -2.066547e-17 5.270952e-17 -6.444620e-04 0 0
1345.1480 1346.3586 -2.842415e-17 4.800005e-17 -8.850407e-04 0 0
1345.7308 1346.9419 -5.555913e-17 3.926932e-17 -1.727298e-03 0 0
1346.3135 1347.5252 -2.550705e-17 4.920395e-17 -7.917834e-04 0 0
1346.8963 1348.1085 -7.087508e-17 3.260495e-17 -2.196794e-03 0 0
1347.4790 1348.6917 -2.004828e-17 5.189239e-17 -6.204699e-04 0 0
1348.0617 1349.2750 7.280814e-18 5.845034e-17 2.250024e-04 0 0
1348.6445 1349.8583 3.282727e-17 6.344790e-17 1.012987e-03 0 0
1349.2272 1350.4415 -5.535796e-17 4.063993e-17 -1.705800e-03 16 0
1349.8100 1351.0248 -7.868042e-17 2.952805e-17 -2.420984e-03 0 0
1350.3927 1351.6081 -2.450941e-17 4.804893e-17 -7.530916e-04 0 0
1350.9754 1352.1913 -6.145951e-17 3.857539e-17 -1.885784e-03 0 0
1351.5582 1352.7746 1.881350e-18 5.756725e-17 5.764584e-05 0 0
1352.1409 1353.3578 3.148259e-17 6.447407e-17 9.633030e-04 0 0
1352.7237 1353.9411 6.444800e-17 7.222760e-17 1.969223e-03 0 0
1353.3064 1354.5244 9.271373e-18 5.745195e-17 2.828923e-04 0 0
1353.8891 1355.1076 -2.157827e-17 5.004734e-17 -6.574763e-04 0 0
1354.4718 1355.6909 -4.352297e-17 4.326242e-17 -1.324239e-03 0 0
1355.0546 1356.2741 -4.299316e-17 4.428496e-17 -1.306236e-03 16 0
1355.6373 1356.8574 -3.595609e-17 4.398257e-17 -1.090854e-03 0 0
1356.2200 1357.4406 -1.114082e-17 5.341829e-17 -3.374941e-04 0 0
1356.8027 1358.0239 6.988507e-17 7.064206e-17 2.113905e-03 0 0
1357.3855 1358.6071 -3.425411e-17 4.444237e-17 -1.034532e-03 0 0
1357.9682 1359.1904 -7.381799e-17 2.832594e-17 -2.225977e-03 0 0
1358.5509 1359.7736 -1.323184e-17 5.115265e-17 -3.983632e-04 0 0
1359.1336 1360.3568 -1.608411e-17 4.920389e-17 -4.834509e-04 0 0
1359.7163 1360.9401 -7.262279e-17 2.825791e-17 -2.179189e-03 0 0
1360.2991 1361.5233 -3.746825e-17 4.460312e-17 -1.122400e-03 0 0
1360.8818 1362.1066 -9.654085e-18 5.223167e-17 -2.886902e-04 0 0
1361.4645 1362.6898 -6.862873e-17 3.106748e-17 -2.048609e-03 0 0
1362.0472 1363.2730 -7.896419e-17 2.458310e-17 -2.352842e-03 0 0
1362.6299 1363.8563 -9.886321e-17 4.585496e-21 -2.940372e-03 0 0
1363.2126 1364.4395 -8.623898e-18 5.197276e-17 -2.560094e-04 0 0
1363.7953 1365.0227 2.687402e-18 5.625380e-17 7.962785e-05 16 0
1364.3780 1365.6060 -4.058914e-17 4.307175e-17 -1.200346e-03 16 0
1364.9607 1366.1892 -3.689156e-17 4.265485e-17 -1.088890e-03 0 0
1365.5434 1366.7724 -6.760118e-17 2.915347e-17 -1.991397e-03 0 0
1366.1261 1367.3556 -3.564858e-17 4.299338e-17 -1.048066e-03 0 0
1366.7088 1367.9388 4.621428e-17 6.510486e-17 1.355985e-03 16 0
1367.2915 1368.5221 -3.779853e-17 4.086338e-17 -1.106833e-03 0 0
1367.8742 1369.1053 -7.548952e-18 5.319971e-17 -2.206049e-04 0 0
1368.4569 1369.6885 -3.415202e-17 4.287203e-17 -9.960080e-04 0 0
1369.0396 1370.2717 -3.262339e-17 4.373738e-17 -9.494867e-04 0 0
1369.6223 1370.8549 -3.475331e-17 4.185455e-17 -1.009406e-03 0 0
1370.2050 1371.4382 -6.557784e-17 2.791405e-17 -1.900788e-03 0 0
1370.7877 1372.0214 -9.324967e-17 4.936692e-21 -2.697291e-03 0 0
1371.3703 1372.6046 4.065769e-18 5.589332e-17 1.173613e-04 0 0
1371.9530 1373.1878 2.746214e-17 6.183157e-17 7.910714e-04 0 0
1372.5357 1373.7710 -6.039284e-17 3.155077e-17 -1.736060e-03 0 0
1373.1184 1374.3542 7.772022e-17 7.192110e-17 2.229507e-03 0 0
1373.7011 1374.9374 -2.309760e-17 4.813783e-17 -6.612056e-04 0 0
1374.2838 1375.5206 -2.544548e-17 4.612353e-17 -7.267451e-04 0 0
1374.8664 1376.1038 -5.809096e-17 3.231547e-17 -1.655279e-03 0 0
1375.4491 1376.6870 -5.971142e-17 3.012827e-17 -1.697498e-03 0 0
1376.0318 1377.2702 -8.330386e-17 1.374437e-17 -2.362694e-03 0 0
1376.6145 1377.8534 -2.758685e-17 4.345990e-17 -7.806077e-04 0 0
1377.1971 1378.4366 -4.739915e-17 3.513022e-17 -1.338109e-03 0 0
1377.7798 1379.0198 -2.821638e-17 4.241088e-17 -7.947134e-04 0 0
1378.3625 1379.6030 -8.790363e-17 4.967492e-21 -2.470060e-03 0 0
1378.9451 1380.1862 6.092009e-17 6.629417e-17 1.707858e-03 0 0
1379.5278 1380.7694 -5.464468e-17 3.244060e-17 -1.528386e-03 0 0
1380.1105 1381.3526 -8.656028e-17 4.747203e-21 -2.415444e-03 0 0
1380.6931 1381.9358 -1.785232e-17 4.839096e-17 -4.970165e-04 0 0
1381.2758 1382.5189 1.192189e-17 5.642057e-17 3.311450e-04 0 0
1381.8585 1383.1021 1.248492e-17 5.811637e-17 3.459884e-04 0 0
1382.4411 1383.6853 -5.340253e-17 3.146888e-17 -1.476524e-03 0 0
1383.0238 1384.2685 1.594489e-17 5.672443e-17 4.398546e-04 0 0
1383.6064 1384.8517 -5.408200e-17 2.987624e-17 -1.488504e-03 0 0
1384.1891 1385.4349 1.795378e-17 5.750519e-17 4.930275e-04 0 0
1384.7717 1386.0180 -5.285041e-17 3.032071e-17 -1.448049e-03 0 0
1385.3544 1386.6012 -5.179019e-17 3.096568e-17 -1.415826e-03 0 0
1385.9370 1387.1844 -8.232645e-17 5.024728e-21 -2.245593e-03 0 0
1386.5197 1387.7676 -1.842790e-17 4.483872e-17 -5.015413e-04 0 0
1387.1023 1388.3507 1.724912e-17 5.700663e-17 4.684248e-04 0 0
1387.6850 1388.9339 -5.060174e-17 3.196781e-17 -1.371166e-03 0 0
1388.2676 1389.5171 2.846180e-17 6.328053e-17 7.695595e-04 0 0
1388.8503 1390.1002 2.327657e-17 5.806679e-17 6.280071e-04 0 0
1389.4329 1390.6834 1.823686e-17 5.649041e-17 4.909814e-04 0 0
1390.0156 1391.2666 -1.507664e-17 4.531523e-17 -4.050398e-04 0 0
1390.5982 1391.8497 4.818059e-17 6.339689e-17 1.291655e-03 0 0
1391.1808 1392.4329 -1.087905e-17 4.762931e-17 -2.910396e-04 0 0
1391.7635 1393.0161 2.439018e-16 1.017668e-16 6.511251e-03 0 0
1392.3461 1393.5992 8.814863e-17 7.445958e-17 2.348315e-03 0 0
1392.9287 1394.1824 8.360973e-17 7.178325e-17 2.222744e-03 0 0
1393.5114 1394.7655 2.202444e-17 5.679368e-17 5.842892e-04 0 0
1394.0940 1395.3487 2.937016e-16 1.116818e-16 7.775311e-03 0 0
1394.6766 1395.9318 5.697547e-17 6.624136e-17 1.505168e-03 0 0
1395.2593 1396.5150 9.013608e-17 7.380326e-17 2.376174e-03 0 0
1395.8419 1397.0981 9.312939e-17 7.514762e-17 2.449864e-03 0 0
1396.4245 1397.6813 -5.223900e-18 4.894150e-17 -1.371261e-04 0 0
1397.0071 1398.2644 -7.216042e-18 4.678946e-17 -1.890102e-04 0 0
1397.5897 1398.8476 -5.738709e-18 4.761644e-17 -1.499872e-04 0 0
1398.1724 1399.4307 6.671587e-17 6.966812e-17 1.739848e-03 0 0
1398.7550 1400.0139 -1.703847e-18 4.969628e-17 -4.433491e-05 0 0
1399.3376 1400.5970 2.422807e-16 1.046559e-16 6.289926e-03 0 0
1399.9202 1401.1801 -9.501855e-19 4.969583e-17 -2.461148e-05 0 0
1400.5028 1401.7633 6.599584e-17 6.834935e-17 1.705450e-03 0 0
1401.0854 1402.3464 1.817010e-16 9.527109e-17 4.684520e-03 0 0
1401.6681 1402.9296 -3.617095e-17 3.340245e-17 -9.303526e-04 0 0
1402.2507 1403.5127 7.255427e-17 7.087959e-17 1.861767e-03 0 0
1402.8333 1404.0958 2.420517e-16 1.036239e-16 6.196461e-03 0 0
1403.4159 1404.6790 1.686248e-16 8.951944e-17 4.306537e-03 0 0
1403.9985 1405.2621 1.425063e-16 8.743676e-17 3.630892e-03 16 0
1404.5811 1405.8452 -3.187070e-17 3.546795e-17 -8.101098e-04 0 0
1405.1637 1406.4283 7.257562e-17 6.966712e-17 1.840439e-03 0 0
1405.7463 1407.0115 4.048273e-17 6.169939e-17 1.024196e-03 0 0
1406.3289 1407.5946 5.995856e-17 6.811183e-17 1.513404e-03 16 0
1406.9115 1408.1777 7.302920e-17 6.915113e-17 1.839068e-03 0 0
1407.4941 1408.7608 3.869052e-17 5.973777e-17 9.721071e-04 0 0
1408.0767 1409.3439 -6.443110e-17 5.791924e-21 -1.615191e-03 0 0
1408.6593 1409.9271 2.539103e-16 1.065126e-16 6.350982e-03 0 0
1409.2419 1410.5102 -2.843154e-17 3.478238e-17 -7.095899e-04 0 0
1409.8245 1411.0933 8.449548e-17 7.277626e-17 2.104246e-03 0 0
1410.4070 1411.6764 -2.680170e-17 3.542089e-17 -6.660270e-04 0 0
1410.9896 1412.2595 -6.178469e-17 5.636998e-21 -1.532073e-03 0 0
1411.5722 1412.8426 4.715849e-17 6.257625e-17 1.166892e-03 0 0
1412.1548 1413.4257 1.914035e-17 5.654810e-17 4.725949e-04 0 0
1412.7374 1414.0089 1.155408e-16 7.867043e-17 2.846682e-03 0 0
1413.3200 1414.5920 5.652521e-17 6.582529e-17 1.389633e-03 0 0
1413.9026 1415.1751 -2.152117e-17 3.754913e-17 -5.279189e-04 0 0
1414.4851 1415.7582 2.316475e-17 5.795651e-17 5.669645e-04 0 0
1415.0677 1416.3413 2.076385e-17 5.574150e-17 5.070406e-04 0 0
1415.6503 1416.9244 -2.556173e-17 3.467395e-17 -6.227442e-04 0 0
1416.2329 1417.5075 5.035704e-17 6.208499e-17 1.223872e-03 0 0
1416.8154 1418.0906 -1.420151e-17 4.240883e-17 -3.443019e-04 0 0
1417.3980 1418.6737 1.296552e-17 5.091277e-17 3.135361e-04 0 0
1417.9806 1419.2568 9.678903e-17 7.626510e-17 2.334444e-03 0 0
1418.5631 1419.8399 -5.497361e-17 5.454464e-21 -1.322284e-03 0 0
1419.1457 1420.4229 -6.467032e-17 1.503178e-18 -1.551157e-03 16 0
1419.7283 1421.0060 -1.785156e-17 3.614583e-17 -4.269315e-04 0 0
1420.3108 1421.5891 -1.543277e-17 3.826406e-17 -3.679870e-04 0 0
1420.8934 1422.1722 -4.617720e-17 1.579630e-17 -1.097704e-03 0 0
1421.4760 1422.7553 5.935933e-17 6.469685e-17 1.406698e-03 0 0
1422.0585 1423.3384 9.582140e-17 7.401974e-17 2.263630e-03 0 0
1422.6411 1423.9215 6.356765e-17 6.656959e-17 1.496937e-03 0 0
1423.2236 1424.5045 6.890688e-17 6.716192e-17 1.617510e-03 0 0
1423.8062 1425.0876 6.599793e-17 6.733823e-17 1.544309e-03 0 0
1424.3888 1425.6707 -1.243801e-17 3.769590e-17 -2.901262e-04 0 0
1424.9713 1426.2538 1.646796e-17 5.288187e-17 3.829290e-04 16 0
1425.5539 1426.8369 7.143133e-17 6.966440e-17 1.655897e-03 0 0
1426.1364 1427.4199 2.520942e-17 5.213501e-17 5.826277e-04 0 0
1426.7190 1428.0030 -4.809271e-17 5.975048e-21 -1.108234e-03 0 0
1427.3015 1428.5861 -1.001809e-17 3.760484e-17 -2.301896e-04 0 0
1427.8841 1429.1692 -9.545120e-18 3.737539e-17 -2.187201e-04 0 0
1428.4666 1429.7522 3.213381e-17 5.565183e-17 7.343563e-04 0 0
1429.0491 1430.3353 2.808411e-17 5.230581e-17 6.402006e-04 0 0
1429.6317 1430.9184 1.186157e-16 8.211843e-17 2.697352e-03 0 0
1430.2142 1431.5014 -5.912118e-18 3.884444e-17 -1.341373e-04 0 0
1430.7968 1432.0845 -2.976797e-18 4.133647e-17 -6.738899e-05 0 0
1431.3793 1432.6675 -7.092356e-18 3.651817e-17 -1.602217e-04 0 0
1431.9618 1433.2506 3.093399e-17 5.603537e-17 6.973864e-04 16 0
1432.5444 1433.8337 1.172673e-16 7.990073e-17 2.638546e-03 0 0
1433.1269 1434.4167 3.796068e-17 5.657573e-17 8.524735e-04 0 0
1433.7094 1434.9998 3.732469e-17 5.577153e-17 8.366227e-04 0 0
1434.2920 1435.5828 7.537940e-17 6.715222e-17 1.686459e-03 0 0
1434.8745 1436.1659 4.028580e-19 4.061387e-17 8.996576e-06 0 0
1435.4570 1436.7489 4.247939e-17 5.820863e-17 9.468976e-04 0 0
1436.0395 1437.3320 4.057590e-17 5.644854e-17 9.027941e-04 0 0
1436.6221 1437.9150 3.757428e-17 5.369616e-17 8.344481e-04 0 0
1437.2046 1438.4981 -1.920906e-19 3.770754e-17 -4.257774e-06 0 0
1437.7871 1439.0811 4.184732e-17 5.598323e-17 9.257623e-04 0 0
1438.3696 1439.6642 -3.668785e-17 6.155710e-21 -8.099775e-04 0 0
1438.9522 1440.2472 5.368261e-18 4.159662e-17 1.182737e-04 0 0
1439.5347 1440.8303 6.396134e-18 4.199978e-17 1.406134e-04 0 0
1440.1172 1441.4133 -2.248323e-17 2.212342e-17 -4.931837e-04 0 0
1440.6997 1441.9963 9.364334e-17 7.410088e-17 2.049375e-03 0 0
1441.2822 1442.5794 8.847875e-17 7.065748e-17 1.931817e-03 0 0
1441.8647 1443.1624 9.462092e-18 4.286263e-17 2.060895e-04 0 0
1442.4472 1443.7454 -3.265709e-17 6.248936e-21 -7.095413e-04 0 0
1443.0297 1444.3285 1.028864e-17 4.233878e-17 2.229748e-04 0 0
1443.6122 1444.9115 1.375616e-16 8.467240e-17 2.973610e-03 0 0
1444.1948 1445.4945 5.295847e-17 6.260088e-17 1.141781e-03 16 0
1444.7773 1446.0776 1.151296e-17 4.181637e-17 2.475641e-04 0 0
1445.3598 1446.6606 -3.001297e-17 6.897186e-21 -6.436361e-04 0 0
1445.9423 1447.2436 1.749105e-16 9.130426e-17 3.740865e-03 0 0
1446.5248 1447.8266 5.811460e-17 6.137726e-17 1.239515e-03 0 0
1447.1073 1448.4097 1.370562e-16 8.260223e-17 2.915213e-03 0 0
1447.6898 1448.9927 5.537238e-17 5.871149e-17 1.174517e-03 0 0
1448.2722 1449.5757 1.710223e-17 4.407682e-17 3.617508e-04 0 0
1448.8547 1450.1587 1.156999e-16 7.740718e-17 2.440498e-03 0 0
1449.4372 1450.7417 6.134941e-17 6.169724e-17 1.290451e-03 0 0
1450.0197 1451.3247 1.508704e-17 4.023940e-17 3.164631e-04 0 0
1450.6022 1451.9078 1.015387e-16 7.286508e-17 2.123911e-03 0 0
1451.1847 1452.4908 6.039215e-17 5.972268e-17 1.259736e-03 0 0
1451.7672 1453.0738 2.075940e-17 4.429950e-17 4.318232e-04 0 0
1452.3497 1453.6568 -2.284866e-17 6.537600e-21 -4.739755e-04 0 0
1452.9322 1454.2398 2.298471e-17 4.532023e-17 4.754843e-04 0 0
1453.5146 1454.8228 6.442637e-17 6.087908e-17 1.329172e-03 0 0
1454.0971 1455.4058 8.359878e-17 6.774478e-17 1.720030e-03 0 0
1454.6796 1455.9888 6.519753e-17 6.068183e-17 1.337853e-03 0 0
1455.2621 1456.5718 -2.894182e-18 2.708106e-17 -5.923011e-05 0 0
1455.8446 1457.1548 -1.928217e-17 6.612345e-21 -3.935863e-04 0 0
1456.4270 1457.7378 1.757945e-16 9.280791e-17 3.578948e-03 0 0
1457.0095 1458.3208 2.836555e-17 4.644210e-17 5.760245e-04 0 0
1457.5920 1458.9038 1.034638e-16 7.524560e-17 2.095735e-03 0 0
1458.1744 1459.4868 1.106559e-16 7.373352e-17 2.235936e-03 0 0
1458.7569 1460.0698 7.371792e-17 6.379657e-17 1.485911e-03 0 0
1459.3394 1460.6528 1.114711e-16 7.344134e-17 2.241594e-03 0 0
1459.9218 1461.2358 3.315630e-17 4.838301e-17 6.651707e-04 0 0
1460.5043 1461.8188 7.244372e-17 6.151832e-17 1.450018e-03 0 0
1461.0868 1462.4018 2.793500e-17 4.179233e-17 5.578585e-04 0 0
1461.6692 1462.9847 2.852928e-17 4.180171e-17 5.684469e-04 0 0
1462.2517 1463.5677 1.750945e-16 9.403271e-17 3.480909e-03 0 0
1462.8342 1464.1507 7.347352e-18 2.962305e-17 1.457408e-04 0 0
1463.4166 1464.7337 3.279011e-17 4.427806e-17 6.489641e-04 0 0
1463.9991 1465.3167 3.378263e-17 4.468086e-17 6.671087e-04 0 0
1464.5815 1465.8996 1.269136e-16 7.936400e-17 2.500539e-03 0 0
1465.1640 1466.4826 3.386699e-17 4.352163e-17 6.657506e-04 0 0
1465.7464 1467.0656 5.705994e-17 5.507781e-17 1.119110e-03 0 0
1466.3289 1467.6486 3.705805e-17 4.545698e-17 7.251127e-04 0 0
1466.9113 1468.2315 1.088908e-16 7.309448e-17 2.125651e-03 0 0
1467.4938 1468.8145 4.057450e-17 4.771967e-17 7.901274e-04 0 0
1468.0762 1469.3975 1.428053e-16 8.637239e-17 2.774130e-03 0 0
1468.6587 1469.9805 8.559398e-17 6.484757e-17 1.658510e-03 0 0
1469.2411 1470.5634 8.756404e-17 6.587883e-17 1.692338e-03 0 0
1469.8235 1471.1464 6.105410e-17 5.461670e-17 1.176845e-03 0 0
1470.4060 1471.7294 4.158883e-17 4.579573e-17 7.994981e-04 0 0
1470.9884 1472.3123 4.642044e-17 5.001043e-17 8.899300e-04 0 0
1471.5709 1472.8953 8.662276e-17 6.338276e-17 1.656068e-03 0 0
1472.1533 1473.4782 -2.400835e-18 7.509365e-21 -4.577083e-05 0 0
1472.7357 1474.0612 4.295849e-17 4.466383e-17 8.166769e-04 0 0
1473.3182 1474.6442 2.269874e-16 1.020215e-16 4.302986e-03 0 0
1473.9006 1475.2271 5.059983e-17 5.108438e-17 9.565029e-04 0 0
1474.4830 1475.8101 1.326490e-19 7.379474e-21 2.500499e-06 0 0
1475.0655 1476.3930 9.898930e-17 6.957259e-17 1.860773e-03 0 0
1475.6479 1476.9760 1.356597e-18 7.443942e-21 2.543044e-05 0 0
1476.2303 1477.5589 2.719294e-17 3.461773e-17 5.083416e-04 0 0
1476.8127 1478.1419 5.079783e-17 4.812265e-17 9.470421e-04 0 0
1477.3952 1478.7248 3.233520e-18 7.435814e-21 6.012085e-05 0 0
1477.9776 1479.3078 9.611217e-17 6.519249e-17 1.782337e-03 0 0
1478.5600 1479.8907 2.004043e-16 9.796337e-17 3.706664e-03 0 0
1479.1424 1480.4736 1.049397e-16 7.069817e-17 1.936086e-03 0 0
1479.7248 1481.0566 5.192563e-17 4.619711e-17 9.556083e-04 0 0
1480.3072 1481.6395 5.302035e-17 4.678967e-17 9.733865e-04 0 0
1480.8897 1482.2225 5.280326e-17 4.577891e-17 9.670557e-04 0 0
1481.4721 1482.8054 5.607534e-17 4.848147e-17 1.024527e-03 0 0
1482.0545 1483.3883 5.951756e-17 5.126403e-17 1.084819e-03 0 0
1482.6369 1483.9713 3.062372e-16 1.214453e-16 5.568359e-03 0 0
1483.2193 1484.5542 6.240075e-17 5.318944e-17 1.131913e-03 0 0
1483.8017 1485.1371 2.317005e-16 1.044311e-16 4.192606e-03 0 0
1484.3841 1485.7201 2.019936e-16 9.566777e-17 3.646037e-03 0 0
1484.9665 1486.3030 1.560815e-16 8.361919e-17 2.810126e-03 0 0
1485.5489 1486.8859 2.609629e-16 1.114317e-16 4.686325e-03 0 0
1486.1313 1487.4688 1.991121e-16 9.325620e-17 3.565981e-03 0 0
1486.7137 1488.0518 2.182248e-16 1.026506e-16 3.897586e-03 0 0
1487.2961 1488.6347 2.093089e-16 9.779291e-17 3.727556e-03 0 0
1487.8785 1489.2176 1.653419e-16 8.720697e-17 2.935902e-03 0 0
1488.4609 1489.8005 2.148871e-16 9.998330e-17 3.803743e-03 0 0
1489.0433 1490.3834 9.021832e-17 6.106327e-17 1.591873e-03 0 0
1489.6257 1490.9664 6.589720e-17 4.962011e-17 1.158823e-03 0 0
1490.2081 1491.5493 6.948874e-17 5.261696e-17 1.217787e-03 0 0
1490.7905 1492.1322 1.748821e-17 7.975830e-21 3.053886e-04 0 0
1491.3729 1492.7151 1.780888e-16 9.237698e-17 3.098632e-03 0 0
1491.9553 1493.2980 1.700160e-16 8.735733e-17 2.947225e-03 0 0
1492.5376 1493.8809 1.730328e-16 8.876481e-17 2.988300e-03 0 0
1493.1200 1494.4638 1.285973e-16 7.683191e-17 2.212506e-03 0 0
1493.7024 1495.0467 7.165017e-17 5.110201e-17 1.228050e-03 0 0
1494.2848 1495.6296 7.693116e-17 5.557759e-17 1.313565e-03 0 0
1494.8672 1496.2125 2.186209e-17 8.503029e-21 3.718684e-04 0 0
1495.4495 1496.7954 2.273673e-17 7.931906e-21 3.852972e-04 0 0
1496.0319 1497.3783 8.064534e-17 5.742560e-17 1.361519e-03 0 0
1496.6143 1497.9612 1.730321e-16 8.610350e-17 2.910635e-03 0 0
1497.1967 1498.5441 7.393988e-17 4.943525e-17 1.239288e-03 0 0
1497.7790 1499.1270 7.699258e-17 5.172132e-17 1.285975e-03 0 0
1498.3614 1499.7099 7.792706e-17 5.219233e-17 1.297143e-03 0 0
1498.9438 1500.2928 1.348091e-16 7.673108e-17 2.236662e-03 0 0
1499.5261 1500.8757 5.377829e-17 3.797503e-17 8.894055e-04 0 0
1500.1085 1501.4586 2.762746e-17 8.775597e-21 4.555167e-04 0 0
1500.6909 1502.0415 2.843322e-17 8.329412e-21 4.674022e-04 0 0
1501.2732 1502.6244 1.967374e-16 9.702468e-17 3.224732e-03 0 0
1501.8556 1503.2073 1.507957e-16 8.580246e-17 2.464675e-03 0 0
1502.4380 1503.7902 1.332182e-16 7.274695e-17 2.171314e-03 0 0
1503.0203 1504.3730 1.425930e-16 7.912738e-17 2.317711e-03 0 0
1503.6027 1504.9559 8.372463e-17 5.214490e-17 1.357140e-03 0 0
1504.1850 1505.5388 3.189486e-17 9.168156e-21 5.155929e-04 0 0
1504.7674 1506.1217 3.268862e-17 8.733969e-21 5.269756e-04 0 0
1505.3497 1506.7046 1.368522e-16 7.320521e-17 2.200124e-03 0 0
1505.9321 1507.2874 3.396836e-17 8.641904e-21 5.445647e-04 0 0
1506.5144 1507.8703 9.400298e-17 5.950237e-17 1.502723e-03 0 0
1507.0968 1508.4532 1.972453e-16 9.364534e-17 3.143917e-03 0 0
1507.6791 1509.0360 1.769670e-16 8.966168e-17 2.812263e-03 0 0
1508.2615 1509.6189 1.488817e-16 7.951371e-17 2.358600e-03 0 0
1508.8438 1510.2018 9.440390e-17 5.729355e-17 1.490775e-03 0 0
1509.4262 1510.7847 3.767477e-17 8.880235e-21 5.929623e-04 0 0
1510.0085 1511.3675 2.152498e-16 1.025023e-16 3.376201e-03 0 0
1510.5908 1511.9504 9.635478e-17 5.729122e-17 1.505982e-03 0 0
1511.1732 1512.5332 3.958105e-17 8.991085e-21 6.163865e-04 0 0
1511.7555 1513.1161 1.591118e-16 8.409549e-17 2.468570e-03 0 0
1512.3379 1513.6990 9.941153e-17 5.856800e-17 1.536452e-03 0 0
1512.9202 1514.2818 4.153558e-17 9.071758e-21 6.394491e-04 0 0
1513.5025 1514.8647 4.210883e-17 9.323918e-21 6.456967e-04 0 0
1514.0849 1515.4475 1.256350e-16 6.785343e-17 1.918696e-03 0 0
1514.6672 1516.0304 7.418702e-17 4.420271e-17 1.128325e-03 0 0
1515.2495 1516.6132 1.013859e-16 5.739056e-17 1.535576e-03 0 0
1515.8318 1517.1961 9.972188e-17 5.471303e-17 1.504001e-03 0 0
1516.4142 1517.7789 2.857006e-16 1.203085e-16 4.290556e-03 0 0
1516.9965 1518.3618 1.064437e-16 6.033166e-17 1.591649e-03 0 0
1517.5788 1518.9446 1.611185e-16 8.070507e-17 2.398751e-03 0 0
1518.1611 1519.5275 1.388881e-16 7.525474e-17 2.058751e-03 0 0
1518.7435 1520.1103 1.687924e-16 8.532624e-17 2.491049e-03 0 0
1519.3258 1520.6932 1.065493e-16 5.754651e-17 1.565531e-03 0 0
1519.9081 1521.2760 1.734079e-16 8.775677e-17 2.536630e-03 0 0
1520.4904 1521.8588 2.692711e-16 1.173945e-16 3.921487e-03 0 0
1521.0727 1522.4417 1.713091e-16 8.513187e-17 2.483772e-03 0 0
1521.6550 1523.0245 5.157474e-17 9.673482e-21 7.444535e-04 0 0
1522.2373 1523.6074 1.689420e-16 8.234212e-17 2.427772e-03 0 0
1522.8197 1524.1902 5.261763e-17 1.058316e-20 7.527919e-04 0 0
1523.4020 1524.7730 8.407408e-17 4.397641e-17 1.197518e-03 0 0
1523.9843 1525.3559 8.650266e-17 4.665953e-17 1.226888e-03 0 0
1524.5666 1525.9387 5.489615e-17 9.965978e-21 7.753966e-04 0 0
1525.1489 1526.5215 5.565900e-17 9.737766e-21 7.829536e-04 0 0
1525.7312 1527.1043 1.215618e-16 6.541025e-17 1.703034e-03 0 0
1526.3135 1527.6872 3.542459e-16 1.399411e-16 4.942787e-03 0 0
1526.8958 1528.2700 5.745580e-17 1.026016e-20 7.984567e-04 0 0
1527.4781 1528.8528 1.175156e-16 5.928196e-17 1.626613e-03 0 0
1528.0604 1529.4356 1.908564e-16 9.342981e-17 2.631347e-03 0 0
1528.6427 1530.0184 1.553441e-16 7.763733e-17 2.133409e-03 0 0
1529.2250 1530.6013 2.526224e-16 1.112901e-16 3.455963e-03 0 0
1529.8073 1531.1841 8.136087e-17 9.006300e-17 1.108805e-03 16 0
1530.3895 1531.7669 6.121590e-17 1.066346e-20 8.310981e-04 0 0
1530.9718 1532.3497 1.918734e-16 9.191238e-17 2.595187e-03 0 0
1531.5541 1532.9325 6.260058e-17 1.038276e-20 8.435275e-04 0 0
1532.1364 1533.5153 1.950734e-16 9.336203e-17 2.618758e-03 0 0
1532.7187 1534.0981 1.960949e-16 9.358344e-17 2.622624e-03 0 0
1533.3010 1534.6810 2.028524e-16 9.807814e-17 2.702847e-03 0 0
1533.8833 1535.2638 1.331900e-16 6.817062e-17 1.767980e-03 0 0
1534.4655 1535.8466 6.561900e-17 1.072539e-20 8.677456e-04 0 0
1535.0478 1536.4294 1.300795e-16 6.377186e-17 1.713630e-03 0 0
1535.6301 1537.0122 1.396210e-16 7.282008e-17 1.832258e-03 0 0
1536.2124 1537.5950 2.004800e-16 9.408229e-17 2.620712e-03 0 0
1536.7947 1538.1778 2.012426e-16 9.428495e-17 2.620314e-03 0 0
1537.3769 1538.7606 6.880554e-17 1.059911e-20 8.923247e-04 0 0
1537.9592 1539.3434 2.466546e-16 1.113211e-16 3.185804e-03 0 0
1538.5415 1539.9262 6.987379e-17 1.115825e-20 8.987786e-04 0 0
1539.1237 1540.5089 7.042548e-17 1.137274e-20 9.020539e-04 0 0
1539.7060 1541.0917 7.117288e-17 1.109288e-20 9.077420e-04 0 0
1540.2883 1541.6745 7.175937e-17 1.126707e-20 9.112437e-04 0 0
1540.8705 1542.2573 2.839272e-16 1.220534e-16 3.589684e-03 0 0
1541.4528 1542.8401 1.442348e-16 7.133856e-17 1.815465e-03 0 0
1542.0351 1543.4229 1.114491e-16 5.061905e-17 1.396537e-03 0 0
1542.6173 1544.0057 1.470393e-16 7.287813e-17 1.834237e-03 0 0
1543.1996 1544.5885 1.134586e-16 5.163180e-17 1.408962e-03 0 0
1543.7818 1545.1712 2.157508e-16 9.919838e-17 2.667205e-03 0 0
1544.3641 1545.7540 2.170556e-16 9.963682e-17 2.671244e-03 0 0
1544.9463 1546.3368 1.479030e-16 7.104930e-17 1.812069e-03 0 0
1545.5286 1546.9196 2.174561e-16 9.897127e-17 2.652313e-03 0 0
1546.1109 1547.5023 4.159098e-16 1.606977e-16 5.050553e-03 0 0
1546.6931 1548.0851 2.185704e-16 9.895992e-17 2.642532e-03 0 0
1547.2753 1548.6679 4.123338e-16 1.586230e-16 4.963779e-03 0 0
1547.8576 1549.2507 4.492961e-16 1.653097e-16 5.385619e-03 0 0
1548.4398 1549.8334 5.335068e-16 1.857640e-16 6.368570e-03 0 0
1549.0221 1550.4162 6.110342e-16 2.006166e-16 7.263933e-03 0 0
1549.6043 1550.9990 3.967253e-16 1.578567e-16 4.697497e-03 0 0
1550.1866 1551.5817 3.634943e-16 1.490692e-16 4.286929e-03 0 0
1550.7688 1552.1645 3.915792e-16 1.546422e-16 4.600337e-03 0 0
1551.3510 1552.7473 2.319766e-16 1.051851e-16 2.714777e-03 0 0
1551.9333 1553.3300 3.830266e-16 1.497570e-16 4.465513e-03 0 0
1552.5155 1553.9128 8.433395e-17 1.178125e-20 9.794738e-04 0 0
1553.0978 1554.4955 1.632927e-16 7.863489e-17 1.889376e-03 0 0
1553.6800 1555.0783 1.167871e-16 4.934130e-17 1.346173e-03 0 0
1554.2622 1555.6611 2.380832e-16 1.078125e-16 2.733920e-03 0 0
1554.8445 1556.2438 2.443333e-16 1.119204e-16 2.794996e-03 0 0
1555.4267 1556.8266 3.170382e-16 1.329643e-16 3.612674e-03 0 0
1556.0089 1557.4093 2.400541e-16 1.079620e-16 2.724792e-03 0 0
1556.5911 1557.9921 8.783394e-17 1.212620e-20 9.930097e-04 0 0
1557.1734 1558.5748 2.835959e-16 1.262854e-16 3.193337e-03 0 0
1557.7556 1559.1576 1.733315e-16 8.489091e-17 1.943632e-03 0 0
1558.3378 1559.7403 1.679476e-16 7.866618e-17 1.875376e-03 0 0
1558.9200 1560.3230 8.971819e-17 1.267419e-20 9.974593e-04 0 0
1559.5022 1560.9058 9.012955e-17 1.300499e-20 9.976267e-04 0 0
1560.0845 1561.4885 2.451702e-16 1.091833e-16 2.701346e-03 0 0
1560.6667 1562.0713 2.471223e-16 1.102283e-16 2.710333e-03 0 0
1561.2489 1562.6540 1.824528e-16 9.074969e-17 1.991583e-03 0 0
1561.8311 1563.2367 9.250118e-17 1.246666e-20 1.004892e-03 0 0
1562.4133 1563.8195 2.617114e-16 1.195593e-16 2.829260e-03 0 0
1562.9955 1564.4022 1.798772e-16 8.666309e-17 1.935047e-03 0 0
1563.5777 1564.9849 9.387420e-17 1.319638e-20 1.004836e-03 0 0
1564.1599 1565.5677 9.432493e-17 1.347804e-20 1.004606e-03 0 0
1564.7421 1566.1504 9.497758e-17 1.317623e-20 1.006454e-03 0 0
1565.3243 1566.7331 1.830574e-16 8.763797e-17 1.929971e-03 0 0
1565.9065 1567.3159 1.864230e-16 9.046617e-17 1.955473e-03 0 0
1566.4887 1567.8986 1.853554e-16 8.904923e-17 1.934340e-03 0 0
1567.0709 1568.4813 9.700460e-17 1.347747e-20 1.007182e-03 0 0
1567.6531 1569.0640 1.835051e-16 8.617112e-17 1.895566e-03 0 0
1568.2353 1569.6468 9.776445e-17 1.423713e-20 1.004786e-03 0 0
1568.8175 1570.2295 9.832591e-17 1.408475e-20 1.005426e-03 0 0
1569.3997 1570.8122 2.761637e-16 1.255194e-16 2.809792e-03 0 0
1569.9819 1571.3949 9.930199e-17 1.406513e-20 1.005263e-03 0 0
1570.5641 1571.9776 1.900616e-16 9.016426e-17 1.914539e-03 0 0
1571.1463 1572.5603 1.837360e-16 8.356656e-17 1.841628e-03 0 0
1571.7285 1573.1430 1.914860e-16 9.086801e-17 1.909917e-03 0 0
1572.3107 1573.7258 1.011220e-16 1.411161e-20 1.003651e-03 0 0
1572.8929 1574.3085 1.014406e-16 1.442949e-20 1.001928e-03 0 0
1573.4750 1574.8912 1.017583e-16 1.472563e-20 1.000168e-03 0 0
1574.0572 1575.4739 1.782290e-16 8.655123e-17 1.743315e-03 16 0
1574.6394 1576.0566 2.816866e-16 1.266937e-16 2.741874e-03 0 0
1575.2216 1576.6393 1.030523e-16 1.451377e-20 9.982649e-04 0 0
1575.8038 1577.2220 1.032863e-16 1.492167e-20 9.957020e-04 0 0
1576.3859 1577.8047 1.947059e-16 9.117177e-17 1.868033e-03 0 0
1576.9681 1578.3874 1.893685e-16 8.504978e-17 1.808109e-03 0 0
1577.5503 1578.9701 2.658032e-16 1.243199e-16 2.525841e-03 0 0
1578.1325 1579.5528 1.048607e-16 1.459092e-20 9.916991e-04 0 0
1578.7146 1580.1355 1.046435e-16 1.609515e-20 9.849529e-04 0 0
1579.2968 1580.7182 2.998553e-16 1.375023e-16 2.808949e-03 0 0
1579.8790 1581.3009 1.056243e-16 1.521119e-20 9.847750e-04 0 0
1580.4611 1581.8835 3.923067e-16 1.655241e-16 3.640259e-03 0 0
1581.0433 1582.4662 1.059519e-16 1.591414e-20 9.784874e-04 0 0
1581.6255 1583.0489 1.959229e-16 8.936517e-17 1.800790e-03 0 0
1582.2076 1583.6316 1.065773e-16 1.572698e-20 9.749372e-04 0 0
1582.7898 1584.2143 1.069808e-16 1.536841e-20 9.739636e-04 0 0
1583.3719 1584.7970 1.071338e-16 1.563081e-20 9.707042e-04 0 0
1583.9541 1585.3797 3.075862e-16 1.419715e-16 2.773582e-03 0 0
1584.5363 1585.9623 4.049840e-16 1.716892e-16 3.634288e-03 0 0
1585.1184 1586.5450 1.887371e-16 8.081614e-17 1.685525e-03 0 0
1585.7006 1587.1277 3.144560e-16 1.459737e-16 2.794631e-03 0 0
1586.2827 1587.7104 1.079295e-16 1.664446e-20 9.545081e-04 0 0
1586.8649 1588.2930 3.234624e-16 1.523195e-16 2.846582e-03 0 0
1587.4470 1588.8757 1.084839e-16 1.616178e-20 9.499759e-04 0 0
1588.0292 1589.4584 2.088587e-16 1.003774e-16 1.819828e-03 0 0
1588.6113 1590.0411 1.089198e-16 1.596656e-20 9.442806e-04 0 0
1589.1935 1590.6237 1.088002e-16 1.674795e-20 9.384706e-04 0 0
1589.7756 1591.2064 2.838580e-16 1.326159e-16 2.435981e-03 0 0
1590.3577 1591.7891 2.184788e-16 1.092900e-16 1.865307e-03 0 0
1590.9399 1592.3717 1.093092e-16 1.661994e-20 9.284365e-04 0 0
1591.5220 1592.9544 4.212873e-16 1.802402e-16 3.559763e-03 0 0
1592.1042 1593.5370 3.294207e-16 1.553847e-16 2.769041e-03 0 0
1592.6863 1594.1197 5.150089e-16 2.097760e-16 4.306530e-03 0 0
1593.2684 1594.7024 3.547543e-16 1.630286e-16 2.950974e-03 0 0
1593.8506 1595.2850 1.096443e-16 1.714504e-20 9.073044e-04 0 0
1594.4327 1595.8677 2.216837e-16 1.125337e-16 1.824833e-03 0 0
1595.0148 1596.4503 3.111432e-16 1.423552e-16 2.547891e-03 0 0
1595.5969 1597.0330 1.096859e-16 1.744641e-20 8.935080e-04 0 0
1596.1791 1597.6156 1.096117e-16 1.770374e-20 8.882726e-04 0 0
1596.7612 1598.1983 1.096539e-16 1.757367e-20 8.840045e-04 0 0
1597.3433 1598.7809 1.093009e-16 1.851372e-20 8.766266e-04 0 0
1597.9254 1599.3636 2.517303e-16 1.271239e-16 2.008581e-03 0 0
1598.5076 1599.9462 4.222967e-16 1.891134e-16 3.352418e-03 0 0
1599.0897 1600.5289 1.091538e-16 1.841141e-20 8.621280e-04 0 0
1599.6718 1601.1115 2.203270e-16 1.110520e-16 1.731490e-03 0 0
1600.2539 1601.6941 1.087950e-16 1.880332e-20 8.507263e-04 0 0
1600.8360 1602.2768 2.218786e-16 1.131070e-16 1.726450e-03 0 0
1601.4182 1602.8594 1.089241e-16 1.757409e-20 8.433957e-04 0 0
1602.0003 1603.4421 2.324578e-16 1.243904e-16 1.791233e-03 0 0
1602.5824 1604.0247 2.309051e-16 1.230149e-16 1.770746e-03 0 0
1603.1645 1604.6073 1.079982e-16 1.826892e-20 8.243060e-04 0 0
1603.7466 1605.1900 3.474776e-16 1.699721e-16 2.639767e-03 0 0
1604.3287 1605.7726 1.072697e-16 1.869608e-20 8.111823e-04 0 0
1604.9108 1606.3552 1.068553e-16 1.896149e-20 8.043793e-04 0 0
1605.4929 1606.9379 2.475356e-16 1.263241e-16 1.855082e-03 0 0
1606.0750 1607.5205 1.060339e-16 1.917906e-20 7.911409e-04 0 0
1606.6571 1608.1031 1.056900e-16 1.901018e-20 7.851755e-04 0 0
1607.2392 1608.6857 1.051693e-16 1.924852e-20 7.779871e-04 0 0
1607.8213 1609.2683 1.047296e-16 1.914841e-20 7.715168e-04 0 0
1608.4034 1609.8510 1.040290e-16 1.971788e-20 7.632255e-04 0 0
1608.9855 1610.4336 3.451274e-16 1.709429e-16 2.521979e-03 0 0
1609.5676 1611.0162 1.029526e-16 1.971709e-20 7.493681e-04 0 0
1610.1497 1611.5988 1.026255e-16 1.899418e-20 7.441227e-04 0 0
1610.7318 1612.1814 1.015623e-16 2.021253e-20 7.336402e-04 0 0
1611.3139 1612.7641 2.175737e-16 1.163841e-16 1.565841e-03 0 0
1611.8960 1613.3467 2.248342e-16 1.295776e-16 1.612204e-03 16 0
1612.4780 1613.9293 9.968393e-17 1.981721e-20 7.122352e-04 0 0
1613.0601 1614.5119 2.616861e-16 1.452419e-16 1.863126e-03 0 0
1613.6422 1615.0945 1.317931e-16 6.605521e-17 9.350516e-04 0 0
1614.2243 1615.6771 2.601387e-16 1.448083e-16 1.839277e-03 0 0
1614.8064 1616.2597 3.519578e-16 1.808485e-16 2.479961e-03 0 0
1615.3885 1616.8423 1.840001e-16 1.026864e-16 1.292105e-03 0 0
1615.9705 1617.4249 9.442809e-17 2.118955e-20 6.608675e-04 0 0
1616.5526 1618.0075 9.435560e-17 1.899600e-20 6.581476e-04 0 0
1617.1347 1618.5901 9.250547e-17 2.154488e-20 6.430850e-04 0 0
1617.7168 1619.1727 9.221768e-17 1.980611e-20 6.389468e-04 0 0
1618.2988 1619.7553 2.225468e-16 1.318033e-16 1.536809e-03 0 0
1618.8809 1620.3379 9.010535e-17 2.029101e-20 6.201497e-04 0 0
1619.4630 1620.9205 8.894856e-17 2.072406e-20 6.101400e-04 0 0
1620.0450 1621.5031 2.241360e-16 1.359552e-16 1.532303e-03 0 0
1620.6271 1622.0857 8.680459e-17 2.093682e-20 5.914484e-04 0 0
1621.2092 1622.6683 8.583987e-17 2.063511e-20 5.829132e-04 0 0
1621.7912 1623.2508 1.795348e-16 1.117423e-16 1.215077e-03 0 0
1622.3733 1623.8334 8.359481e-17 2.070392e-20 5.638674e-04 0 0
1622.9554 1624.4160 8.242769e-17 2.076620e-20 5.541327e-04 0 0
1623.5374 1624.9986 8.089947e-17 2.171695e-20 5.420422e-04 0 0
1624.1195 1625.5812 3.345067e-16 1.799659e-16 2.234806e-03 0 0
1624.7015 1626.1638 3.425716e-16 1.868916e-16 2.282135e-03 0 0
1625.2836 1626.7463 2.099509e-16 1.326894e-16 1.394650e-03 0 0
1625.8656 1627.3289 7.609561e-17 2.084039e-20 5.040473e-04 0 0
1626.4477 1627.9115 7.435194e-17 2.191071e-20 4.911026e-04 0 0
1627.0297 1628.4941 2.081511e-16 1.349971e-16 1.371001e-03 0 0
1627.6118 1629.0766 1.502653e-16 1.350008e-16 9.869643e-04 16 0
1628.1938 1629.6592 7.018211e-17 2.180271e-20 4.596912e-04 0 0
1628.7759 1630.2418 2.022698e-16 1.334961e-16 1.321212e-03 0 0
1629.3579 1630.8243 2.004338e-16 1.329067e-16 1.305652e-03 0 0
1629.9400 1631.4069 6.549938e-17 2.244340e-20 4.255122e-04 0 0
1630.5220 1631.9895 6.443038e-17 2.115889e-20 4.174425e-04 0 0
1631.1040 1632.5720 1.962829e-16 1.335262e-16 1.268297e-03 0 0
1631.6861 1633.1546 6.079703e-17 2.241124e-20 3.917981e-04 0 0
1632.2681 1633.7372 2.028729e-16 1.439786e-16 1.303902e-03 0 0
1632.8502 1634.3197 3.271622e-16 1.904318e-16 2.097153e-03 0 0
1633.4322 1634.9023 5.555948e-17 2.315531e-20 3.551967e-04 0 0
1634.0142 1635.4848 1.906139e-16 1.366099e-16 1.215377e-03 0 0
1634.5963 1636.0674 5.252671e-17 2.200692e-20 3.340246e-04 0 0
1635.1783 1636.6499 5.087242e-17 2.170947e-20 3.226422e-04 0 0
1635.7603 1637.2325 1.925453e-16 1.440374e-16 1.217886e-03 0 0
1636.3423 1637.8151 4.730035e-17 2.159785e-20 2.983788e-04 0 0
1636.9244 1638.3976 4.496879e-17 2.287800e-20 2.829032e-04 0 0
1637.5064 1638.9802 7.765667e-16 3.193562e-16 4.872135e-03 0 0
1638.0884 1639.5627 1.518845e-15 4.680165e-16 9.502980e-03 0 0
1638.6704 1640.1452 1.174845e-15 4.017574e-16 7.330277e-03 0 0
1639.2525 1640.7278 8.525689e-16 3.328127e-16 5.304643e-03 0 0
1639.8345 1641.3103 1.291026e-15 4.187354e-16 8.010131e-03 0 0
1640.4165 1641.8929 2.114026e-15 5.374673e-16 1.307945e-02 0 0
1640.9985 1642.4754 3.540970e-15 7.025420e-16 2.184639e-02 0 0
1641.5805 1643.0579 1.924545e-15 5.260069e-16 1.184031e-02 0 0
1642.1625 1643.6405 1.333935e-15 4.361750e-16 8.183922e-03 0 0
1642.7445 1644.2230 8.636631e-16 3.427121e-16 5.284030e-03 0 0
1643.3266 1644.8056 3.073010e-16 2.014896e-16 1.875025e-03 0 0
1643.9086 1645.3881 1.673579e-16 1.470963e-16 1.018395e-03 0 0
1644.4906 1645.9706 1.584953e-16 1.403661e-16 9.619542e-04 0 0
1645.0726 1646.5531 1.576105e-17 2.311480e-20 9.541087e-05 0 0
1645.6546 1647.1357 1.550159e-16 1.417433e-16 9.360897e-04 0 0
1646.2366 1647.7182 1.107479e-17 2.311283e-20 6.671353e-05 0 0
1646.8186 1648.3007 8.592847e-18 2.335032e-20 5.164399e-05 0 0
1647.4006 1648.8832 1.461870e-16 1.398864e-16 8.766089e-04 0 0
1647.9826 1649.4658 3.476219e-18 2.397145e-20 2.080169e-05 0 0
1648.5646 1650.0483 1.394234e-18 2.287415e-20 8.325915e-06 0 0
1649.1466 1650.6308 -1.862313e-18 2.485855e-20 -1.110053e-05 0 0
1649.7286 1651.2133 -3.769930e-18 2.309051e-20 -2.242981e-05 0 0
1650.3106 1651.7958 1.353439e-16 1.420466e-16 8.038937e-04 0 0
1650.8926 1652.3784 -9.393096e-18 2.421277e-20 -5.569786e-05 0 0
1651.4745 1652.9609 -1.183711e-17 2.366765e-20 -7.007852e-05 0 0
1652.0565 1653.5434 -1.463700e-17 2.400780e-20 -8.651661e-05 0 0
1652.6385 1654.1259 -1.718002e-17 2.354687e-20 -1.013885e-04 0 0
1653.2205 1654.7084 -2.014005e-17 2.417020e-20 -1.186693e-04 0 0
1653.8025 1655.2909 -2.269759e-17 2.359603e-20 -1.335208e-04 0 0
1654.3845 1655.8734 -2.570340e-17 2.415791e-20 -1.509538e-04 0 0
1654.9665 1656.4559 -2.845770e-17 2.394583e-20 -1.668349e-04 0 0
1655.5484 1657.0384 4.090355e-16 2.543870e-16 2.393722e-03 0 0
1656.1304 1657.6209 1.143164e-16 1.483198e-16 6.676705e-04 0 0
1656.7124 1658.2034 1.179276e-16 1.554750e-16 6.873865e-04 0 0
1657.2944 1658.7859 -4.010520e-17 2.390388e-20 -2.332395e-04 0 0
1657.8763 1659.3684 2.554000e-16 2.112493e-16 1.481935e-03 0 0
1658.4583 1659.9509 -4.665238e-17 2.521928e-20 -2.699860e-04 0 0
1659.0403 1660.5334 1.065332e-16 1.558525e-16 6.148984e-04 0 0
1659.6222 1661.1159 1.180435e-16 1.593100e-16 6.793023e-04 0 0
1660.2042 1661.6984 6.886729e-17 1.343555e-16 3.951204e-04 0 0
1660.7862 1662.2809 -5.912725e-17 2.462449e-20 -3.381374e-04 0 0
1661.3681 1662.8634 1.019476e-16 1.645705e-16 5.811179e-04 0 0
1661.9501 1663.4459 8.891765e-17 1.547184e-16 5.051172e-04 0 0
1662.5321 1664.0284 8.737350e-17 1.567507e-16 4.946437e-04 0 0
1663.1140 1664.6108 -7.281860e-17 2.524392e-20 -4.108113e-04 0 0
1663.6960 1665.1933 8.248165e-17 1.585311e-16 4.636989e-04 0 0
1664.2780 1665.7758 -6.667509e-17 4.492635e-17 -3.735455e-04 0 0
1664.8599 1666.3583 -7.139940e-17 4.301611e-17 -3.986285e-04 0 0
1665.4419 1666.9408 2.283547e-16 2.230889e-16 1.270685e-03 0 0
1666.0238 1667.5232 6.977949e-17 1.561618e-16 3.869948e-04 0 0
1666.6058 1668.1057 -9.444938e-17 2.543898e-20 -5.221878e-04 0 0
1667.1877 1668.6882 6.937236e-17 1.677677e-16 3.823524e-04 0 0
1667.7697 1669.2707 -1.018865e-16 2.528734e-20 -5.599923e-04 0 0
1668.3516 1669.8531 -1.058004e-16 2.557006e-20 -5.798895e-04 0 0
1668.9336 1670.4356 -1.099575e-16 2.659550e-20 -6.012298e-04 0 0
1669.5155 1671.0181 -1.139734e-16 2.704881e-20 -6.217090e-04 0 0
1670.0974 1671.6005 -1.173696e-16 2.575387e-20 -6.389257e-04 0 0
1670.6794 1672.1830 4.533911e-17 1.667803e-16 2.463147e-04 0 0
1671.2613 1672.7655 2.125686e-17 1.463113e-16 1.152783e-04 0 0
1671.8433 1673.3479 -1.297719e-16 2.765585e-20 -7.025388e-04 0 0
1672.4252 1673.9304 -1.329155e-16 2.543272e-20 -7.184198e-04 0 0
1673.0071 1674.5128 1.514834e-17 1.577105e-16 8.175010e-05 0 0
1673.5891 1675.0953 -1.416478e-16 2.744696e-20 -7.632500e-04 0 0
1674.1710 1675.6778 -1.452247e-16 2.601559e-20 -7.811032e-04 0 0
1674.7529 1676.2602 9.682731e-18 1.592388e-16 5.198561e-05 0 0
1675.3349 1676.8427 -1.539699e-16 2.719798e-20 -8.251592e-04 0 0
1675.9168 1677.4251 -1.575555e-16 2.548756e-20 -8.428021e-04 0 0
1676.4987 1678.0076 -1.629180e-16 2.849080e-20 -8.698498e-04 0 0
1677.0807 1678.5900 -1.667234e-16 2.702604e-20 -8.883799e-04 0 0
1677.6626 1679.1725 -1.708018e-16 2.623278e-20 -9.082543e-04 0 0
1678.2445 1679.7549 -1.759778e-16 2.824259e-20 -9.336847e-04 0 0
1678.8264 1680.3374 -1.796231e-16 2.584446e-20 -9.508449e-04 0 0
1679.4083 1680.9198 1.425567e-16 2.314700e-16 7.527382e-04 0 0
1679.9903 1681.5023 -2.489979e-17 1.641933e-16 -1.311395e-04 0 0
1680.5722 1682.0847 -1.935345e-16 2.570907e-20 -1.016465e-03 0 0
1681.1541 1682.6671 -1.992035e-16 2.809530e-20 -1.043280e-03 0 0
1681.7360 1683.2496 -2.037364e-16 2.713508e-20 -1.063823e-03 0 0
1682.3179 1683.8320 -2.082977e-16 2.608401e-20 -1.084319e-03 0 0
1682.8998 1684.4144 -2.139830e-16 2.791694e-20 -1.110357e-03 0 0
1683.4817 1684.9969 -2.185509e-16 2.643740e-20 -1.130379e-03 0 0
1684.0637 1685.5793 2.709179e-16 2.858276e-16 1.396523e-03 0 0
1684.6456 1686.1617 2.882525e-16 2.994353e-16 1.480817e-03 0 0
1685.2275 1686.7442 -2.350932e-16 2.864416e-20 -1.203506e-03 0 0
1685.8094 1687.3266 -7.581165e-17 1.639433e-16 -3.867284e-04 0 0
1686.3913 1687.9090 -7.748514e-17 1.685469e-16 -3.938430e-04 0 0
1686.9732 1688.4915 -9.331900e-17 1.577974e-16 -4.726009e-04 0 0
1687.5551 1689.0739 -2.573362e-16 2.917704e-20 -1.298457e-03 0 0
1688.1370 1689.6563 -8.953530e-17 1.731007e-16 -4.501028e-04 0 0
1688.7189 1690.2387 7.199493e-17 2.410423e-16 3.605804e-04 0 0
1689.3008 1690.8211 -2.743742e-16 2.841745e-20 -1.369047e-03 0 0
1689.8827 1691.4036 -2.802576e-16 2.830323e-20 -1.393166e-03 0 0
1690.4646 1691.9860 -2.865445e-16 2.914762e-20 -1.419063e-03 0 0
1691.0464 1692.5684 -2.924217e-16 2.863447e-20 -1.442708e-03 0 0
1691.6283 1693.1508 -2.986411e-16 2.887487e-20 -1.467814e-03 0 0
1692.2102 1693.7332 -3.048620e-16 2.888942e-20 -1.492706e-03 0 0
1692.7921 1694.3156 -1.352654e-16 1.760035e-16 -6.597833e-04 0 0
1693.3740 1694.8980 -3.174621e-16 2.877750e-20 -1.542577e-03 0 0
1693.9559 1695.4804 -3.239729e-16 2.898118e-20 -1.568189e-03 0 0
1694.5378 1696.0628 -1.526208e-16 1.779054e-16 -7.359285e-04 0 0
1695.1196 1696.6453 -2.369953e-16 1.333423e-16 -1.138384e-03 0 0
1695.7015 1697.2277 -3.438669e-16 2.938187e-20 -1.645372e-03 0 0
1696.2834 1697.8101 -1.430847e-16 2.084594e-16 -6.820043e-04 0 0
1696.8653 1698.3925 3.527955e-17 2.780885e-16 1.675080e-04 0 0
1697.4472 1698.9749 -3.646877e-16 3.034627e-20 -1.724839e-03 0 0
1698.0290 1699.5573 -3.720447e-16 3.134997e-20 -1.752823e-03 0 0
1698.6109 1700.1396 -1.728419e-17 2.557694e-16 -8.111470e-05 0 0
1699.1928 1700.7220 -3.860171e-16 3.055098e-20 -1.804471e-03 0 0
1699.7746 1701.3044 -3.936681e-16 3.161448e-20 -1.833015e-03 0 0
1700.3565 1701.8868 -4.003776e-16 2.985317e-20 -1.856938e-03 0 0
1700.9384 1702.4692 -4.086270e-16 3.219056e-20 -1.887747e-03 0 0
1701.5202 1703.0516 -2.346598e-16 1.809471e-16 -1.079803e-03 0 0
1702.1021 1703.6340 -4.232913e-16 3.094719e-20 -1.940140e-03 0 0
1702.6840 1704.2164 -2.377462e-16 1.936985e-16 -1.085414e-03 0 0
1703.2658 1704.7988 -4.388676e-16 3.134576e-20 -1.995734e-03 0 0
1703.8477 1705.3811 -4.101943e-16 8.155228e-17 -1.858003e-03 0 0
1704.4295 1705.9635 -4.550464e-16 3.249158e-20 -2.053049e-03 0 0
1705.0114 1706.5459 -4.626169e-16 3.120444e-20 -2.078993e-03 0 0
1705.5933 1707.1283 -4.711703e-16 3.241128e-20 -2.109102e-03 0 0
1706.1751 1707.7107 -2.855439e-16 1.940683e-16 -1.273156e-03 0 0
1706.7570 1708.2930 -4.877826e-16 3.277639e-20 -2.166332e-03 0 0
1707.3388 1708.8754 -4.958949e-16 3.203025e-20 -2.193712e-03 0 0
1707.9207 1709.4578 -5.045308e-16 3.257654e-20 -2.223160e-03 0 0
1708.5025 1710.0402 -5.130515e-16 3.238712e-20 -2.251845e-03 0 0
1709.0844 1710.6225 -5.225976e-16 3.482540e-20 -2.284767e-03 0 0
1709.6662 1711.2049 -5.309159e-16 3.352719e-20 -2.312058e-03 0 0
1710.2480 1711.7873 -1.306684e-16 2.895888e-16 -5.668199e-04 0 0
1710.8299 1712.3696 -7.912386e-20 3.278188e-20 -3.418900e-07 0 0
1711.4117 1712.9520 -1.037124e-19 3.527226e-20 -4.463946e-07 0 0
1711.9936 1713.5344 2.913802e-16 2.788445e-16 1.249277e-03 0 0
1712.5754 1714.1167 -5.171217e-18 3.657946e-20 -2.208543e-05 0 0
1713.1572 1714.6991 2.839851e-19 2.450800e-20 1.208162e-06 2560 0
1713.7391 1715.2814 1.881711e-16 2.039284e-16 7.974513e-04 2564 0
1714.3209 1715.8638 -1.581834e-17 2.091911e-20 -6.677848e-05 2564 0
1714.9027 1716.4462 -1.587928e-17 2.099971e-20 -6.677871e-05 2564 0
1715.4846 1717.0285 -1.594034e-17 2.108046e-20 -6.677894e-05 2564 0
