# PSN07 ock412020 G430L CCD z=0.0049 a2center=893.8 extrsize=15 exptime=200.0 mode=adaptive_es13@0.98 flags=none
# rest_wvl obs_wvl flux error net dq mask
2872.9089 2886.9862 7.136221e-15 3.103626e-14 1.428588e-02 528 0
2875.6404 2889.7310 -1.930706e-14 2.313260e-14 -1.493315e-01 16896 0
2878.3718 2892.4759 -2.006986e-14 1.890457e-14 -1.903093e-01 16896 0
2881.1033 2895.2207 1.847677e-14 1.608185e-14 1.622023e-01 512 0
2883.8348 2897.9656 -3.065507e-15 1.378434e-14 -4.808120e-02 512 0
2886.5663 2900.7105 -6.690449e-17 1.228073e-14 -1.084019e-02 528 0
2889.2979 2903.4554 2.120948e-14 1.101925e-14 2.945868e-01 512 0
2892.0294 2906.2004 -5.161441e-15 9.749525e-15 -9.471519e-02 16896 0
2894.7610 2908.9454 -4.095564e-15 1.003883e-14 -8.402346e-02 16912 0
2897.4926 2911.6903 -9.809342e-15 8.048771e-15 -2.231960e-01 16896 0
2900.2243 2914.4354 -8.003789e-16 7.104016e-15 -2.038934e-02 16896 0
2902.9559 2917.1804 1.618976e-14 6.597640e-15 3.937258e-01 528 0
2905.6876 2919.9255 5.483492e-16 5.745609e-15 1.349288e-02 528 0
2908.4193 2922.6705 2.800439e-15 5.118114e-15 8.114516e-02 512 0
2911.1510 2925.4157 -5.405071e-15 4.532106e-15 -2.163788e-01 16912 0
2913.8828 2928.1608 1.364029e-14 4.609342e-15 5.318874e-01 528 0
2916.6145 2930.9059 1.841663e-14 4.108580e-15 8.389719e-01 528 0
2919.3463 2933.6511 3.485669e-13 9.522892e-15 1.976695e+01 528 0
2922.0781 2936.3963 -1.302945e-14 4.331830e-15 -8.666435e-01 16912 0
2924.8099 2939.1415 8.573486e-15 2.872253e-15 5.632647e-01 528 0
2927.5418 2941.8867 7.462209e-15 2.197530e-15 5.539412e-01 512 0
2930.2737 2944.6320 4.894721e-15 1.966430e-15 4.011549e-01 512 0
2933.0055 2947.3773 3.627885e-15 1.938794e-15 3.289625e-01 528 0
2935.7375 2950.1226 4.105063e-15 1.720096e-15 4.154634e-01 528 0
2938.4694 2952.8679 9.142898e-15 1.495608e-15 1.061737e+00 512 0
2941.2013 2955.6132 1.043543e-14 1.421182e-15 1.341540e+00 528 0
2943.9333 2958.3586 6.996127e-15 1.353847e-15 9.637669e-01 528 0
2946.6653 2961.1040 7.643393e-15 1.186869e-15 1.145059e+00 512 0
2949.3973 2963.8494 9.971829e-15 1.141016e-15 1.619049e+00 512 0
2952.1294 2966.5948 8.761528e-15 1.099309e-15 1.503116e+00 528 0
2954.8614 2969.3403 7.632606e-15 1.001164e-15 1.371250e+00 0 0
2957.5935 2972.0857 7.070772e-15 9.626341e-16 1.323913e+00 0 0
2960.3256 2974.8312 8.527848e-15 9.433401e-16 1.673329e+00 0 0
2963.0577 2977.5767 8.481357e-15 1.008214e-15 1.718377e+00 16 0
2965.7899 2980.3222 9.256585e-15 9.486887e-16 1.935508e+00 16 0
2968.5220 2983.0678 8.398345e-15 1.033627e-15 1.788660e+00 16 0
2971.2542 2985.8134 7.625150e-15 9.244162e-16 1.650721e+00 16 0
2973.9864 2988.5590 8.507338e-15 8.557381e-16 1.880505e+00 0 0
2976.7186 2991.3046 6.686142e-15 8.449113e-16 1.485024e+00 0 0
2979.4509 2994.0502 6.997062e-15 8.285268e-16 1.576705e+00 16 0
2982.1832 2996.7959 7.365186e-15 8.960007e-16 1.683360e+00 0 0
2984.9154 2999.5415 7.502732e-15 8.672418e-16 1.735979e+00 0 0
2987.6477 3002.2872 6.233972e-15 8.291291e-16 1.447600e+00 16 0
2990.3801 3005.0329 8.866747e-15 1.307760e-15 2.116111e+00 16 0
2993.1124 3007.7787 4.634811e-15 7.677964e-16 1.089656e+00 16 0
2995.8448 3010.5244 5.743962e-15 7.511115e-16 1.383106e+00 0 0
2998.5772 3013.2702 5.202955e-15 7.354644e-16 1.266193e+00 0 0
3001.3096 3016.0160 6.054311e-15 1.013016e-15 1.507688e+00 16 0
3004.0420 3018.7618 5.269194e-15 7.108387e-16 1.326653e+00 0 0
3006.7744 3021.5076 5.785850e-15 7.086528e-16 1.489782e+00 0 0
3009.5069 3024.2535 6.325503e-15 7.019062e-16 1.665997e+00 0 0
3012.2394 3026.9993 5.526439e-15 7.116850e-16 1.475998e+00 16 0
3014.9719 3029.7452 4.259268e-15 6.567011e-16 1.146842e+00 0 0
3017.7044 3032.4911 5.598488e-15 6.581099e-16 1.557347e+00 0 0
3020.4369 3035.2371 6.379883e-15 6.740558e-16 1.820155e+00 16 0
3023.1695 3037.9830 5.250089e-15 6.529716e-16 1.515332e+00 16 0
3025.9021 3040.7290 5.741958e-15 7.199849e-16 1.695430e+00 16 0
3028.6347 3043.4750 7.076712e-15 6.393789e-16 2.147538e+00 0 0
3031.3673 3046.2210 5.962351e-15 6.105007e-16 1.828775e+00 0 0
3034.0999 3048.9670 5.608646e-15 6.017909e-16 1.745830e+00 0 0
3036.8326 3051.7130 5.162725e-15 5.914743e-16 1.627934e+00 0 0
3039.5652 3054.4591 4.185562e-15 5.843620e-16 1.328678e+00 0 0
3042.2979 3057.2052 5.560605e-15 6.173011e-16 1.814977e+00 16 0
3045.0306 3059.9513 4.879936e-15 5.586490e-16 1.607664e+00 0 0
3047.7634 3062.6974 6.964256e-15 5.907370e-16 2.362695e+00 16 0
3050.4961 3065.4435 5.551282e-15 5.565355e-16 1.892610e+00 0 0
3053.2289 3068.1897 6.171825e-15 5.566067e-16 2.143002e+00 0 0
3055.9617 3070.9359 6.160134e-15 5.471615e-16 2.167373e+00 0 0
3058.6945 3073.6821 5.107191e-15 5.433175e-16 1.806009e+00 0 0
3061.4273 3076.4283 5.104312e-15 5.276396e-16 1.826993e+00 0 0
3064.1601 3079.1745 5.036041e-15 5.890354e-16 1.821500e+00 16 0
3066.8930 3081.9208 6.531383e-15 8.932287e-16 2.412606e+00 16 0
3069.6259 3084.6670 7.127843e-15 6.882375e-16 2.665843e+00 16 0
3072.3587 3087.4133 5.742926e-15 5.540819e-16 2.148671e+00 16 0
3075.0917 3090.1596 5.182510e-15 5.080466e-16 1.944901e+00 0 0
3077.8246 3092.9059 4.963456e-15 5.184230e-16 1.872447e+00 16 0
3080.5575 3095.6523 6.185267e-15 5.222851e-16 2.367440e+00 16 0
3083.2905 3098.3986 5.719724e-15 5.032909e-16 2.194468e+00 16 0
3086.0235 3101.1450 5.921770e-15 5.068629e-16 2.285578e+00 0 0
3088.7565 3103.8914 6.175971e-15 5.104677e-16 2.398447e+00 0 0
3091.4895 3106.6378 6.205269e-15 5.149219e-16 2.420205e+00 16 0
3094.2225 3109.3842 5.854067e-15 5.036896e-16 2.287370e+00 0 0
3096.9556 3112.1307 5.878734e-15 5.381749e-16 2.306924e+00 0 0
3099.6887 3114.8771 6.717069e-15 6.893466e-16 2.660438e+00 16 0
3102.4217 3117.6236 6.309923e-15 5.005016e-16 2.504480e+00 0 0
3105.1548 3120.3701 5.436104e-15 4.875921e-16 2.154762e+00 0 0
3107.8880 3123.1166 7.086289e-15 5.652788e-16 2.851793e+00 16 0
3110.6211 3125.8632 6.683484e-15 5.032055e-16 2.697316e+00 16 0
3113.3543 3128.6097 6.122578e-15 5.073633e-16 2.476076e+00 16 0
3116.0874 3131.3563 7.216247e-15 5.016399e-16 2.952442e+00 0 0
3118.8206 3134.1028 7.045364e-15 5.143281e-16 2.896513e+00 16 0
3121.5538 3136.8494 7.152939e-15 4.945280e-16 2.959433e+00 0 0
3124.2871 3139.5961 8.000722e-15 6.597031e-16 3.343381e+00 16 0
3127.0203 3142.3427 7.739900e-15 5.320495e-16 3.250326e+00 16 0
3129.7536 3145.0893 8.223747e-15 5.015113e-16 3.482342e+00 0 0
3132.4868 3147.8360 7.797781e-15 5.196768e-16 3.316867e+00 16 0
3135.2201 3150.5827 8.163396e-15 5.091517e-16 3.500859e+00 0 0
3137.9534 3153.3294 8.498104e-15 5.016360e-16 3.674003e+00 16 0
3140.6868 3156.0761 8.245081e-15 4.994521e-16 3.585830e+00 16 0
3143.4201 3158.8228 8.028737e-15 5.163246e-16 3.513503e+00 16 0
3146.1534 3161.5696 7.476098e-15 6.098985e-16 3.287344e+00 16 0
3148.8868 3164.3164 8.184526e-15 4.816676e-16 3.636831e+00 0 0
3151.6202 3167.0631 8.717974e-15 4.868170e-16 3.910601e+00 0 0
3154.3536 3169.8099 9.513278e-15 4.986193e-16 4.311470e+00 16 0
3157.0870 3172.5568 8.985702e-15 4.916483e-16 4.094805e+00 16 0
3159.8205 3175.3036 1.005373e-14 4.950558e-16 4.631907e+00 16 0
3162.5539 3178.0504 9.582092e-15 4.918933e-16 4.439838e+00 16 0
3165.2874 3180.7973 7.884452e-15 5.479578e-16 3.656992e+00 16 0
3168.0209 3183.5442 9.138003e-15 4.726758e-16 4.289023e+00 0 0
3170.7544 3186.2911 1.011492e-14 5.016854e-16 4.796428e+00 16 0
3173.4879 3189.0380 9.749064e-15 4.731965e-16 4.650731e+00 0 0
3176.2214 3191.7849 1.092742e-14 4.813849e-16 5.267545e+00 0 0
3178.9550 3194.5319 1.016145e-14 4.755683e-16 4.923600e+00 16 0
3181.6885 3197.2788 9.146430e-15 4.637287e-16 4.449539e+00 0 0
3184.4221 3200.0258 1.053964e-14 4.792779e-16 5.187794e+00 16 0
3187.1557 3202.7728 9.185040e-15 4.647052e-16 4.535846e+00 0 0
3189.8893 3205.5198 1.055404e-14 5.015820e-16 5.273525e+00 0 0
3192.6229 3208.2668 1.026467e-14 4.751350e-16 5.163137e+00 16 0
3195.3566 3211.0138 9.271036e-15 5.620848e-16 4.684573e+00 16 0
3198.0902 3213.7609 9.865647e-15 4.835484e-16 5.031042e+00 16 0
3200.8239 3216.5079 9.700288e-15 4.813303e-16 4.979827e+00 16 0
3203.5576 3219.2550 1.016041e-14 4.529649e-16 5.259440e+00 0 0
3206.2913 3222.0021 9.336058e-15 4.401054e-16 4.852404e+00 0 0
3209.0250 3224.7492 9.929079e-15 4.902328e-16 5.202586e+00 16 0
3211.7587 3227.4963 9.657414e-15 4.483058e-16 5.085588e+00 0 0
3214.4925 3230.2435 9.850306e-15 4.384851e-16 5.219116e+00 0 0
3217.2262 3232.9906 8.485103e-15 4.693727e-16 4.500391e+00 16 0
3219.9600 3235.7378 7.787818e-15 4.220116e-16 4.141337e+00 0 0
3222.6938 3238.4850 8.978786e-15 4.723640e-16 4.819529e+00 16 0
3225.4276 3241.2322 8.976713e-15 4.271757e-16 4.841535e+00 0 0
3228.1614 3243.9794 8.458401e-15 4.151640e-16 4.574477e+00 0 0
3230.8952 3246.7266 7.623009e-15 4.131631e-16 4.127324e+00 16 0
3233.6291 3249.4739 7.675198e-15 4.105545e-16 4.173969e+00 0 0
3236.3629 3252.2211 7.331581e-15 4.017380e-16 3.997505e+00 0 0
3239.0968 3254.9684 8.468049e-15 4.305725e-16 4.656802e+00 16 0
3241.8307 3257.7157 8.401107e-15 4.089669e-16 4.637253e+00 0 0
3244.5646 3260.4630 6.800157e-15 4.000286e-16 3.743856e+00 0 0
3247.2985 3263.2103 6.609282e-15 3.941791e-16 3.650110e+00 16 0
3250.0325 3265.9576 7.381364e-15 4.162859e-16 4.108661e+00 16 0
3252.7664 3268.7050 7.946906e-15 4.037880e-16 4.452495e+00 16 0
3255.5004 3271.4523 6.179854e-15 3.988650e-16 3.449681e+00 16 0
3258.2343 3274.1997 7.695240e-15 3.962163e-16 4.345741e+00 0 0
3260.9683 3276.9471 6.696870e-15 4.127777e-16 3.782575e+00 0 0
3263.7023 3279.6944 7.658810e-15 3.942584e-16 4.364591e+00 16 0
3266.4363 3282.4419 7.519189e-15 3.919499e-16 4.302622e+00 16 0
3269.1703 3285.1893 8.658306e-15 4.116039e-16 4.998849e+00 16 0
3271.9044 3287.9367 7.806518e-15 3.888522e-16 4.513945e+00 0 0
3274.6384 3290.6842 6.361386e-15 3.701025e-16 3.671285e+00 0 0
3277.3725 3293.4316 6.557274e-15 3.735876e-16 3.805142e+00 16 0
3280.1066 3296.1791 7.945616e-15 3.870194e-16 4.659394e+00 16 0
3282.8407 3298.9266 7.665269e-15 3.830279e-16 4.509403e+00 0 0
3285.5748 3301.6741 7.599332e-15 3.882050e-16 4.488537e+00 0 0
3288.3089 3304.4216 7.601256e-15 3.792123e-16 4.508224e+00 0 0
3291.0430 3307.1691 7.888841e-15 3.824257e-16 4.703274e+00 16 0
3293.7772 3309.9167 7.812126e-15 3.888116e-16 4.674800e+00 0 0
3296.5113 3312.6642 8.092514e-15 3.808170e-16 4.867032e+00 0 0
3299.2455 3315.4118 7.236070e-15 3.761704e-16 4.354437e+00 16 0
3301.9797 3318.1594 8.507915e-15 3.800988e-16 5.164998e+00 0 0
3304.7139 3320.9070 8.406769e-15 3.794287e-16 5.122344e+00 0 0
3307.4481 3323.6546 8.388434e-15 3.880024e-16 5.131482e+00 16 0
3310.1823 3326.4022 9.669908e-15 4.743572e-16 5.963479e+00 16 0
3312.9165 3329.1498 8.659048e-15 3.806268e-16 5.346040e+00 0 0
3315.6508 3331.8975 8.246997e-15 3.859932e-16 5.106451e+00 0 0
3318.3850 3334.6451 8.715199e-15 3.752263e-16 5.428250e+00 0 0
3321.1193 3337.3928 8.480936e-15 3.710937e-16 5.301686e+00 0 0
3323.8536 3340.1405 9.126033e-15 3.784923e-16 5.742082e+00 16 0
3326.5879 3342.8881 8.621627e-15 3.731667e-16 5.440518e+00 0 0
3329.3222 3345.6358 1.027293e-14 3.930397e-16 6.542437e+00 16 0
3332.0565 3348.3836 2.606680e-14 7.432836e-16 1.699326e+01 16 0
3334.7908 3351.1313 1.039252e-14 3.853449e-16 6.679703e+00 0 0
3337.5252 3353.8790 1.031673e-14 3.847404e-16 6.658666e+00 0 0
3340.2595 3356.6268 1.096264e-14 3.907889e-16 7.117154e+00 16 0
3342.9939 3359.3745 1.116783e-14 3.953451e-16 7.284281e+00 16 0
3345.7282 3362.1223 1.119134e-14 3.990020e-16 7.330690e+00 16 0
3348.4626 3364.8701 1.133124e-14 3.881540e-16 7.455033e+00 0 0
3351.1970 3367.6179 1.149411e-14 3.876154e-16 7.595700e+00 0 0
3353.9314 3370.3657 1.192773e-14 3.912744e-16 7.921022e+00 0 0
3356.6659 3373.1135 1.055373e-14 3.770592e-16 7.016096e+00 0 0
3359.4003 3375.8614 1.086709e-14 3.794915e-16 7.259048e+00 0 0
3362.1347 3378.6092 1.026850e-14 3.719854e-16 6.877415e+00 0 0
3364.8692 3381.3571 1.049637e-14 3.735691e-16 7.063190e+00 16 0
3367.6037 3384.1049 1.090584e-14 3.777486e-16 7.376144e+00 0 0
3370.3381 3386.8528 1.061040e-14 3.726668e-16 7.202495e+00 0 0
3373.0726 3389.6007 1.042346e-14 4.167006e-16 7.102958e+00 16 0
3375.8071 3392.3486 1.021192e-14 4.041133e-16 6.986349e+00 16 0
3378.5416 3395.0965 9.856680e-15 3.637371e-16 6.767344e+00 16 0
3381.2762 3397.8444 1.025403e-14 3.819838e-16 7.079260e+00 16 0
3384.0107 3400.5924 1.007413e-14 3.901183e-16 6.983621e+00 16 0
3386.7452 3403.3403 1.078681e-14 3.805696e-16 7.524678e+00 16 0
3389.4798 3406.0883 1.189872e-14 3.749495e-16 8.357342e+00 0 0
3392.2144 3408.8362 1.104270e-14 3.674024e-16 7.777750e+00 16 0
3394.9489 3411.5842 1.183035e-14 4.164761e-16 8.383094e+00 16 0
3397.6835 3414.3322 1.152249e-14 3.693381e-16 8.195589e+00 16 0
3400.4181 3417.0802 1.091100e-14 3.680742e-16 7.784079e+00 16 0
3403.1527 3419.8282 1.149701e-14 4.381771e-16 8.246117e+00 16 0
3405.8873 3422.5762 1.193129e-14 3.677429e-16 8.599557e+00 16 0
3408.6220 3425.3242 1.272559e-14 3.742961e-16 9.221133e+00 0 0
3411.3566 3428.0723 1.283701e-14 3.806509e-16 9.339397e+00 0 0
3414.0913 3430.8203 1.297201e-14 3.932267e-16 9.475296e+00 16 0
3416.8259 3433.5684 1.287437e-14 4.243213e-16 9.437170e+00 16 0
3419.5606 3436.3164 1.333190e-14 3.958520e-16 9.815669e+00 16 0
3422.2953 3439.0645 1.243721e-14 3.724445e-16 9.176413e+00 16 0
3425.0299 3441.8126 1.256672e-14 3.670159e-16 9.307910e+00 0 0
3427.7646 3444.5607 1.272318e-14 3.720744e-16 9.460153e+00 16 0
3430.4993 3447.3088 1.217483e-14 4.064700e-16 9.077101e+00 16 0
3433.2341 3450.0569 1.309498e-14 3.863535e-16 9.813745e+00 16 0
3435.9688 3452.8050 1.347867e-14 3.815600e-16 1.014452e+01 0 0
3438.7035 3455.5532 1.287251e-14 3.724421e-16 9.714376e+00 0 0
3441.4383 3458.3013 1.365718e-14 3.723004e-16 1.035716e+01 0 0
3444.1730 3461.0495 1.313611e-14 3.648012e-16 9.990588e+00 0 0
3446.9078 3463.7976 1.327088e-14 3.651085e-16 1.013170e+01 0 0
3449.6426 3466.5458 1.266378e-14 3.662617e-16 9.693605e+00 0 0
3452.3773 3469.2940 1.352159e-14 3.773673e-16 1.040059e+01 0 0
3455.1121 3472.0422 1.376002e-14 3.884225e-16 1.062475e+01 16 0
3457.8469 3474.7904 1.326181e-14 3.626938e-16 1.026708e+01 0 0
3460.5817 3477.5386 1.374835e-14 3.662965e-16 1.068746e+01 16 0
3463.3165 3480.2868 1.335829e-14 3.618955e-16 1.041044e+01 16 0
3466.0514 3483.0350 1.297670e-14 3.579796e-16 1.013823e+01 0 0
3468.7862 3485.7833 1.235066e-14 3.642115e-16 9.667560e+00 16 0
3471.5211 3488.5315 1.322375e-14 3.584235e-16 1.039585e+01 0 0
3474.2559 3491.2798 1.284912e-14 3.577558e-16 1.012331e+01 16 0
3476.9908 3494.0280 1.231145e-14 3.552664e-16 9.717730e+00 0 0
3479.7256 3496.7763 1.277686e-14 3.653028e-16 1.011919e+01 16 0
3482.4605 3499.5246 1.343602e-14 3.709516e-16 1.067976e+01 0 0
3485.1954 3502.2729 1.335930e-14 3.570361e-16 1.064489e+01 0 0
3487.9303 3505.0212 1.287667e-14 3.553182e-16 1.027920e+01 16 0
3490.6652 3507.7695 1.366895e-14 3.602583e-16 1.095188e+01 16 0
3493.4001 3510.5178 1.357976e-14 3.617692e-16 1.090613e+01 16 0
3496.1350 3513.2661 1.449340e-14 3.647035e-16 1.168338e+01 0 0
3498.8700 3516.0144 1.430680e-14 3.635684e-16 1.155875e+01 0 0
3501.6049 3518.7628 1.457578e-14 3.655429e-16 1.180846e+01 0 0
3504.3398 3521.5111 1.575633e-14 3.753710e-16 1.281378e+01 16 0
3507.0748 3524.2594 1.569648e-14 3.751407e-16 1.279409e+01 0 0
3509.8097 3527.0078 1.464150e-14 3.656186e-16 1.194672e+01 0 0
3512.5447 3529.7562 1.509864e-14 3.650349e-16 1.235411e+01 0 0
3515.2797 3532.5046 1.586617e-14 3.813011e-16 1.302224e+01 16 0
3518.0147 3535.2529 1.539686e-14 3.848275e-16 1.265693e+01 16 0
3520.7497 3538.0013 1.505383e-14 3.657837e-16 1.239553e+01 0 0
3523.4847 3540.7497 1.527749e-14 3.639502e-16 1.260878e+01 0 0
3526.2197 3543.4981 1.598362e-14 3.790302e-16 1.322849e+01 16 0
3528.9547 3546.2465 1.593646e-14 3.739723e-16 1.321571e+01 16 0
3531.6897 3548.9950 1.392923e-14 3.729972e-16 1.154534e+01 16 0
3534.4247 3551.7434 1.569198e-14 3.673059e-16 1.306144e+01 0 0
3537.1597 3554.4918 1.547412e-14 3.696853e-16 1.290186e+01 16 0
3539.8948 3557.2403 1.542831e-14 3.633912e-16 1.288968e+01 0 0
3542.6298 3559.9887 1.558476e-14 3.741680e-16 1.304897e+01 16 0
3545.3649 3562.7372 1.600216e-14 3.715706e-16 1.343342e+01 16 0
3548.1000 3565.4856 1.571043e-14 3.663370e-16 1.321194e+01 0 0
3550.8350 3568.2341 1.651166e-14 3.697896e-16 1.392826e+01 0 0
3553.5701 3570.9826 1.590038e-14 3.666217e-16 1.343298e+01 0 0
3556.3052 3573.7311 1.610504e-14 3.828030e-16 1.363874e+01 16 0
3559.0403 3576.4796 1.556513e-14 3.927020e-16 1.320267e+01 16 0
3561.7754 3579.2281 1.606669e-14 3.736339e-16 1.366484e+01 16 0
3564.5105 3581.9766 1.691196e-14 3.712660e-16 1.442764e+01 0 0
3567.2456 3584.7251 1.637568e-14 3.689122e-16 1.399104e+01 0 0
3569.9807 3587.4736 1.639601e-14 3.717233e-16 1.403819e+01 0 0
3572.7158 3590.2221 1.644968e-14 3.644750e-16 1.411235e+01 0 0
3575.4509 3592.9706 1.629926e-14 3.646611e-16 1.400941e+01 0 0
3578.1861 3595.7192 1.642590e-14 3.643703e-16 1.414712e+01 0 0
3580.9212 3598.4677 1.662330e-14 3.665103e-16 1.434885e+01 0 0
3583.6564 3601.2163 1.652813e-14 3.670426e-16 1.429308e+01 0 0
3586.3915 3603.9648 1.581800e-14 3.864244e-16 1.369598e+01 16 0
3589.1267 3606.7134 1.623967e-14 4.109174e-16 1.409705e+01 16 0
3591.8618 3609.4620 1.603752e-14 3.628652e-16 1.394937e+01 16 0
3594.5970 3612.2105 1.562318e-14 4.014765e-16 1.361594e+01 16 0
3597.3322 3614.9591 1.509519e-14 3.555445e-16 1.318123e+01 16 0
3600.0674 3617.7077 1.441472e-14 3.461005e-16 1.261261e+01 0 0
3602.8025 3620.4563 1.500113e-14 3.501695e-16 1.317395e+01 0 0
3605.5377 3623.2049 1.433954e-14 3.509272e-16 1.262450e+01 16 0
3608.2729 3625.9535 1.480558e-14 3.473786e-16 1.308665e+01 0 0
3611.0081 3628.7021 1.450392e-14 3.508221e-16 1.286281e+01 0 0
3613.7433 3631.4507 1.438413e-14 3.701075e-16 1.280285e+01 16 0
3616.4786 3634.1993 1.367850e-14 3.806172e-16 1.221212e+01 0 0
3619.2138 3636.9479 1.401829e-14 3.400069e-16 1.257160e+01 1040 0
3621.9490 3639.6966 1.387285e-14 3.490250e-16 1.248942e+01 1040 0
3624.6842 3642.4452 1.436035e-14 3.388450e-16 1.298930e+01 1024 0
3627.4195 3645.1938 1.478055e-14 3.400396e-16 1.342926e+01 1024 0
3630.1547 3647.9425 1.451208e-14 3.606073e-16 1.323337e+01 1040 0
3632.8900 3650.6911 1.371967e-14 3.353737e-16 1.254488e+01 1040 0
3635.6252 3653.4398 1.367365e-14 3.436975e-16 1.254852e+01 1040 0
3638.3605 3656.1884 1.329192e-14 3.252664e-16 1.223367e+01 1024 0
3641.0957 3658.9371 1.376816e-14 3.330857e-16 1.272321e+01 1040 0
3643.8310 3661.6858 1.362498e-14 3.339978e-16 1.262834e+01 1040 0
3646.5663 3664.4344 1.313818e-14 3.297646e-16 1.220716e+01 1040 0
3649.3015 3667.1831 1.279457e-14 3.208837e-16 1.191807e+01 1024 0
3652.0368 3669.9318 1.246571e-14 3.243832e-16 1.164091e+01 1024 0
3654.7721 3672.6805 1.325308e-14 3.973147e-16 1.242859e+01 1040 0
3657.5074 3675.4292 1.288721e-14 3.439797e-16 1.211647e+01 1040 0
3660.2427 3678.1778 1.263327e-14 3.169623e-16 1.191324e+01 1024 0
3662.9780 3680.9265 1.208794e-14 3.118091e-16 1.142792e+01 1040 0
3665.7133 3683.6752 1.242013e-14 3.315425e-16 1.179263e+01 1040 0
3668.4486 3686.4240 1.144749e-14 3.090020e-16 1.089375e+01 1040 0
3671.1839 3689.1727 1.134174e-14 3.023140e-16 1.083799e+01 1040 0
3673.9192 3691.9214 1.140042e-14 3.018224e-16 1.094301e+01 1024 0
3676.6545 3694.6701 1.098353e-14 3.272255e-16 1.058664e+01 1040 0
3679.3898 3697.4188 1.116729e-14 3.112788e-16 1.082063e+01 1040 0
3682.1251 3700.1675 2.465588e-14 4.050897e-16 2.432094e+01 1040 0
3684.8605 3702.9163 9.533203e-15 2.915166e-16 9.306807e+00 1040 0
3687.5958 3705.6650 1.010373e-14 3.004546e-16 9.931654e+00 1040 0
3690.3311 3708.4137 9.193974e-15 2.748601e-16 9.071095e+00 1024 0
3693.0665 3711.1625 9.791997e-15 2.787834e-16 9.729988e+00 1024 0
3695.8018 3713.9112 8.737149e-15 2.689254e-16 8.711347e+00 1024 0
3698.5371 3716.6600 8.895787e-15 2.695039e-16 8.924184e+00 1024 0
3701.2725 3719.4087 8.872451e-15 2.701494e-16 8.952133e+00 1024 0
3704.0078 3722.1575 8.147283e-15 2.622350e-16 8.251347e+00 0 0
3706.7432 3724.9062 8.308556e-15 2.669747e-16 8.466561e+00 16 0
3709.4786 3727.6550 7.611350e-15 2.735574e-16 7.783487e+00 16 0
3712.2139 3730.4038 7.791119e-15 2.560698e-16 8.016389e+00 0 0
3714.9493 3733.1525 7.657801e-15 2.557280e-16 7.919188e+00 16 0
3717.6846 3735.9013 7.005557e-15 2.455478e-16 7.269739e+00 0 0
3720.4200 3738.6501 7.052929e-15 2.462111e-16 7.360511e+00 0 0
3723.1554 3741.3988 7.090604e-15 2.448157e-16 7.442492e+00 0 0
3725.8908 3744.1476 7.070776e-15 2.452951e-16 7.463387e+00 16 0
3728.6261 3746.8964 6.839948e-15 2.519412e-16 7.256018e+00 0 0
3731.3615 3749.6452 7.086078e-15 2.451817e-16 7.568039e+00 0 0
3734.0969 3752.3940 6.825898e-15 2.400656e-16 7.327929e+00 16 0
3736.8323 3755.1428 7.654798e-15 2.545945e-16 8.290778e+00 16 0
3739.5677 3757.8916 7.664434e-15 2.424296e-16 8.354060e+00 0 0
3742.3031 3760.6403 7.979251e-15 2.577073e-16 8.760852e+00 16 0
3745.0385 3763.3891 7.777910e-15 2.429157e-16 8.590793e+00 0 0
3747.7738 3766.1379 7.849475e-15 2.484279e-16 8.728312e+00 16 0
3750.5092 3768.8867 8.097609e-15 2.423991e-16 9.069990e+00 0 0
3753.2446 3771.6355 8.118723e-15 2.413750e-16 9.153584e+00 0 0
3755.9800 3774.3843 8.381467e-15 2.469408e-16 9.518368e+00 0 0
3758.7154 3777.1332 8.042951e-15 2.898125e-16 9.184576e+00 16 0
3761.4509 3779.8820 8.617741e-15 2.944105e-16 9.918489e+00 16 0
3764.1863 3782.6308 8.745127e-15 2.538580e-16 1.013080e+01 0 0
3766.9217 3785.3796 9.173095e-15 2.923518e-16 1.070257e+01 16 0
3769.6571 3788.1284 8.643045e-15 2.696811e-16 1.013259e+01 16 0
3772.3925 3790.8772 8.733020e-15 2.429536e-16 1.030110e+01 16 0
3775.1279 3793.6260 8.638569e-15 2.416141e-16 1.024670e+01 16 0
3777.8633 3796.3748 8.444503e-15 2.355259e-16 1.006940e+01 0 0
3780.5987 3799.1237 8.359498e-15 2.376260e-16 1.002272e+01 16 0
3783.3342 3801.8725 8.442990e-15 2.444327e-16 1.018222e+01 16 0
3786.0696 3804.6213 8.625807e-15 2.348633e-16 1.046660e+01 0 0
3788.8050 3807.3701 9.003006e-15 2.386532e-16 1.099519e+01 16 0
3791.5404 3810.1190 8.732326e-15 2.484597e-16 1.071939e+01 16 0
3794.2758 3812.8678 8.893469e-15 2.350929e-16 1.098326e+01 0 0
3797.0113 3815.6166 9.345146e-15 2.596148e-16 1.161929e+01 16 0
3799.7467 3818.3654 9.356683e-15 2.398237e-16 1.170119e+01 16 0
3802.4821 3821.1143 8.647905e-15 2.323217e-16 1.086213e+01 0 0
3805.2175 3823.8631 9.021113e-15 2.319138e-16 1.140663e+01 0 0
3807.9530 3826.6119 8.497508e-15 2.270630e-16 1.079575e+01 0 0
3810.6884 3829.3608 9.335371e-15 2.359321e-16 1.195159e+01 16 0
3813.4238 3832.1096 9.866044e-15 2.400657e-16 1.271813e+01 16 0
3816.1592 3834.8584 1.024590e-14 2.381716e-16 1.329401e+01 0 0
3818.8947 3837.6073 9.966910e-15 2.381628e-16 1.300044e+01 16 0
3821.6301 3840.3561 1.056665e-14 2.384893e-16 1.387607e+01 0 0
3824.3655 3843.1049 1.067372e-14 2.398182e-16 1.409826e+01 0 0
3827.1010 3845.8538 1.100484e-14 2.431449e-16 1.462477e+01 16 0
3829.8364 3848.6026 1.131676e-14 2.427681e-16 1.512920e+01 16 0
3832.5718 3851.3514 1.177019e-14 2.500669e-16 1.583174e+01 16 0
3835.3073 3854.1003 1.247146e-14 2.475524e-16 1.688116e+01 0 0
3838.0427 3856.8491 1.247047e-14 2.476370e-16 1.697089e+01 0 0
3840.7781 3859.5979 1.298321e-14 2.543336e-16 1.777451e+01 16 0
3843.5136 3862.3468 1.370699e-14 2.578989e-16 1.888092e+01 0 0
3846.2490 3865.0956 1.304767e-14 2.504297e-16 1.805661e+01 16 0
3848.9844 3867.8445 1.374742e-14 2.534779e-16 1.914173e+01 0 0
3851.7199 3870.5933 1.507904e-14 2.893996e-16 2.113668e+01 16 0
3854.4553 3873.3421 1.454843e-14 2.574628e-16 2.049309e+01 0 0
3857.1907 3876.0910 1.603729e-14 2.717425e-16 2.274211e+01 16 0
3859.9262 3878.8398 1.634940e-14 2.955973e-16 2.331553e+01 16 0
3862.6616 3881.5886 1.612314e-14 2.657619e-16 2.311294e+01 0 0
3865.3970 3884.3375 1.606403e-14 2.679165e-16 2.315106e+01 16 0
3868.1324 3887.0863 1.681512e-14 2.702828e-16 2.437599e+01 0 0
3870.8679 3889.8351 1.774460e-14 2.985925e-16 2.587595e+01 16 0
3873.6033 3892.5840 1.713056e-14 2.682141e-16 2.509599e+01 0 0
3876.3387 3895.3328 1.779189e-14 2.737427e-16 2.620734e+01 272 0
3879.0742 3898.0816 1.771582e-14 2.739510e-16 2.621889e+01 16 0
3881.8096 3900.8305 1.806426e-14 2.713324e-16 2.686757e+01 0 0
3884.5450 3903.5793 1.823147e-14 2.732285e-16 2.724186e+01 0 0
3887.2804 3906.3281 1.869804e-14 2.756900e-16 2.807226e+01 0 0
3890.0159 3909.0769 1.867682e-14 2.793776e-16 2.815947e+01 16 0
3892.7513 3911.8258 1.864065e-14 2.770009e-16 2.822272e+01 16 0
3895.4867 3914.5746 1.903584e-14 2.779614e-16 2.894675e+01 16 0
3898.2221 3917.3234 1.871110e-14 2.741221e-16 2.856357e+01 16 0
3900.9575 3920.0722 1.895926e-14 2.733402e-16 2.906494e+01 0 0
3903.6930 3922.8210 1.891166e-14 2.721217e-16 2.910853e+01 0 0
3906.4284 3925.5699 1.909210e-14 2.738980e-16 2.951251e+01 16 0
3909.1638 3928.3187 1.958334e-14 2.790880e-16 3.040630e+01 16 0
3911.8992 3931.0675 1.979086e-14 2.759835e-16 3.086701e+01 0 0
3914.6346 3933.8163 1.970881e-14 2.748973e-16 3.087190e+01 0 0
3917.3700 3936.5651 1.932738e-14 2.727316e-16 3.040878e+01 0 0
3920.1054 3939.3139 2.022258e-14 2.761338e-16 3.197984e+01 0 0
3922.8408 3942.0627 1.991347e-14 2.747389e-16 3.163949e+01 0 0
3925.5762 3944.8115 2.072265e-14 2.784302e-16 3.309848e+01 16 0
3928.3116 3947.5603 2.099331e-14 2.790492e-16 3.370327e+01 0 0
3931.0470 3950.3092 1.960172e-14 3.210690e-16 3.160284e+01 16 0
3933.7824 3953.0580 2.059745e-14 2.926800e-16 3.339162e+01 0 0
3936.5178 3955.8067 2.091194e-14 2.753568e-16 3.407407e+01 0 0
3939.2532 3958.5555 2.078552e-14 2.766472e-16 3.402959e+01 16 0
3941.9886 3961.3043 2.037700e-14 2.711010e-16 3.351262e+01 0 0
3944.7240 3964.0531 2.052499e-14 2.743484e-16 3.391230e+01 16 0
3947.4594 3966.8019 2.066116e-14 2.719509e-16 3.429224e+01 0 0
3950.1947 3969.5507 2.009735e-14 2.723403e-16 3.348475e+01 16 0
3952.9301 3972.2995 1.984595e-14 2.648713e-16 3.319510e+01 16 0
3955.6655 3975.0483 1.989504e-14 2.694080e-16 3.340091e+01 16 0
3958.4009 3977.7970 1.920649e-14 2.600676e-16 3.234924e+01 16 0
3961.1363 3980.5458 1.839089e-14 2.584353e-16 3.106340e+01 0 0
3963.8716 3983.2946 1.834722e-14 2.659795e-16 3.108844e+01 16 0
3966.6070 3986.0434 1.845137e-14 2.547379e-16 3.135907e+01 16 0
3969.3423 3988.7921 1.688876e-14 2.458911e-16 2.875800e+01 0 0
3972.0777 3991.5409 1.655934e-14 2.469033e-16 2.826954e+01 16 0
3974.8131 3994.2896 1.562556e-14 2.367854e-16 2.673053e+01 0 0
3977.5484 3997.0384 1.542916e-14 2.361352e-16 2.646181e+01 16 0
3980.2838 3999.7872 1.585535e-14 2.374084e-16 2.727335e+01 0 0
3983.0191 4002.5359 1.538867e-14 2.353062e-16 2.653283e+01 16 0
3985.7545 4005.2847 1.551647e-14 2.401010e-16 2.682699e+01 16 0
3988.4898 4008.0334 1.520222e-14 2.346074e-16 2.635144e+01 16 0
3991.2251 4010.7821 1.550550e-14 2.365891e-16 2.695843e+01 16 0
3993.9605 4013.5309 1.506787e-14 2.327164e-16 2.626687e+01 16 0
3996.6958 4016.2796 1.495015e-14 2.299896e-16 2.613647e+01 0 0
3999.4311 4019.0283 1.465010e-14 2.300614e-16 2.568593e+01 16 0
4002.1665 4021.7771 1.442344e-14 2.278667e-16 2.536256e+01 16 0
4004.9018 4024.5258 1.461890e-14 2.296272e-16 2.579374e+01 0 0
4007.6371 4027.2745 1.535512e-14 2.623501e-16 2.719586e+01 16 0
4010.3724 4030.0232 1.486260e-14 2.274997e-16 2.639933e+01 0 0
4013.1077 4032.7719 1.448282e-14 2.236368e-16 2.580038e+01 0 0
4015.8430 4035.5206 1.472825e-14 2.284964e-16 2.632812e+01 16 0
4018.5783 4038.2693 1.495126e-14 2.265912e-16 2.681810e+01 16 0
4021.3136 4041.0180 1.499131e-14 2.260512e-16 2.697348e+01 0 0
4024.0489 4043.7667 1.463339e-14 2.287667e-16 2.640261e+01 16 0
4026.7842 4046.5154 1.520388e-14 2.282659e-16 2.752325e+01 16 0
4029.5195 4049.2641 1.586816e-14 2.518635e-16 2.882231e+01 16 0
4032.2547 4052.0128 1.584098e-14 2.361456e-16 2.884562e+01 16 0
4034.9900 4054.7615 1.612083e-14 2.362182e-16 2.943508e+01 16 0
4037.7253 4057.5101 1.667613e-14 2.344943e-16 3.052917e+01 16 0
4040.4605 4060.2588 1.624844e-14 2.394790e-16 2.980435e+01 16 0
4043.1958 4063.0075 1.690394e-14 2.358286e-16 3.107908e+01 0 0
4045.9311 4065.7561 1.680105e-14 2.408109e-16 3.094559e+01 16 0
4048.6663 4068.5048 1.691843e-14 2.350466e-16 3.121380e+01 16 0
4051.4015 4071.2534 1.703226e-14 2.531651e-16 3.147499e+01 16 0
4054.1368 4074.0021 1.688477e-14 2.340528e-16 3.123879e+01 0 0
4056.8720 4076.7507 1.775864e-14 2.403888e-16 3.291291e+01 16 0
4059.6072 4079.4993 1.748999e-14 2.371982e-16 3.244154e+01 0 0
4062.3425 4082.2480 1.778319e-14 2.388127e-16 3.302198e+01 16 0
4065.0777 4084.9966 1.828626e-14 2.462244e-16 3.399315e+01 16 0
4067.8129 4087.7452 1.819917e-14 2.405531e-16 3.385579e+01 16 0
4070.5481 4090.4938 1.853802e-14 2.423203e-16 3.451894e+01 16 0
4073.2833 4093.2424 1.924020e-14 2.471621e-16 3.586637e+01 16 0
4076.0185 4095.9910 1.848699e-14 2.520873e-16 3.447630e+01 16 0
4078.7537 4098.7396 1.841966e-14 2.418839e-16 3.437673e+01 0 0
4081.4889 4101.4882 1.874819e-14 2.444455e-16 3.502928e+01 0 0
4084.2241 4104.2368 1.853834e-14 2.430576e-16 3.466636e+01 16 0
4086.9592 4106.9853 1.939954e-14 2.452465e-16 3.633609e+01 0 0
4089.6944 4109.7339 1.948798e-14 2.476104e-16 3.654728e+01 8208 0
4092.4296 4112.4825 1.883781e-14 2.456141e-16 3.536762e+01 16 0
4095.1647 4115.2310 1.959139e-14 2.472906e-16 3.685122e+01 0 0
4097.8999 4117.9796 1.955369e-14 2.468295e-16 3.684348e+01 16 0
4100.6350 4120.7281 1.890806e-14 2.443803e-16 3.567867e+01 0 0
4103.3702 4123.4767 1.901856e-14 2.479678e-16 3.596026e+01 16 0
4106.1053 4126.2252 1.851115e-14 2.400062e-16 3.506245e+01 0 0
4108.8404 4128.9738 1.845583e-14 2.397048e-16 3.503156e+01 0 0
4111.5756 4131.7223 1.812979e-14 2.389619e-16 3.448232e+01 16 0
4114.3107 4134.4708 1.823851e-14 2.374525e-16 3.476889e+01 0 0
4117.0458 4137.2193 1.856241e-14 2.452196e-16 3.547425e+01 16 0
4119.7809 4139.9678 1.793438e-14 2.375752e-16 3.434000e+01 16 0
4122.5160 4142.7163 1.786444e-14 2.339434e-16 3.428512e+01 0 0
4125.2511 4145.4648 1.713305e-14 2.313777e-16 3.294125e+01 0 0
4127.9861 4148.2133 1.632691e-14 2.510996e-16 3.144887e+01 16 0
4130.7212 4150.9618 1.663158e-14 2.268567e-16 3.211248e+01 0 0
4133.4563 4153.7102 1.736510e-14 2.377842e-16 3.362033e+01 16 0
4136.1914 4156.4587 1.715350e-14 2.294513e-16 3.327942e+01 0 0
4138.9264 4159.2071 1.691191e-14 2.264980e-16 3.288000e+01 0 0
4141.6615 4161.9556 1.678397e-14 2.266212e-16 3.270113e+01 16 0
4144.3965 4164.7040 1.675473e-14 2.287918e-16 3.271725e+01 16 0
4147.1315 4167.4525 1.643857e-14 2.236226e-16 3.216472e+01 0 0
4149.8666 4170.2009 1.647739e-14 2.226315e-16 3.231337e+01 0 0
4152.6016 4172.9493 1.648701e-14 2.241854e-16 3.240617e+01 16 0
4155.3366 4175.6977 1.679282e-14 2.251094e-16 3.308874e+01 0 0
4158.0716 4178.4461 1.669450e-14 2.337463e-16 3.296774e+01 16 0
4160.8066 4181.1945 1.663857e-14 2.517859e-16 3.293002e+01 0 0
4163.5416 4183.9429 1.641252e-14 2.831803e-16 3.255210e+01 16 0
4166.2766 4186.6913 1.648555e-14 2.902045e-16 3.277185e+01 0 0
4169.0115 4189.4397 1.598770e-14 2.207332e-16 3.184232e+01 16 0
4171.7465 4192.1881 1.640113e-14 2.213389e-16 3.274515e+01 0 0
4174.4815 4194.9364 1.633247e-14 2.200684e-16 3.267404e+01 0 0
4177.2164 4197.6848 1.616814e-14 2.191852e-16 3.240679e+01 16 0
4179.9513 4200.4331 1.561419e-14 2.177556e-16 3.134424e+01 0 0
4182.6863 4203.1814 1.581566e-14 2.167055e-16 3.181235e+01 0 0
4185.4212 4205.9298 1.562597e-14 2.156055e-16 3.147856e+01 16 0
4188.1561 4208.6781 1.600725e-14 2.212223e-16 3.230642e+01 16 0
4190.8910 4211.4264 1.592502e-14 2.242124e-16 3.218332e+01 16 0
4193.6259 4214.1747 1.502539e-14 2.124808e-16 3.038755e+01 16 0
4196.3608 4216.9230 1.536001e-14 2.149936e-16 3.110905e+01 0 0
4199.0957 4219.6713 1.500459e-14 2.139831e-16 3.041756e+01 16 0
4201.8306 4222.4196 1.462170e-14 2.085195e-16 2.966416e+01 16 0
4204.5655 4225.1678 1.481052e-14 2.124675e-16 3.008270e+01 16 0
4207.3003 4227.9161 1.442584e-14 2.078544e-16 2.932278e+01 0 0
4210.0352 4230.6643 1.425264e-14 2.059851e-16 2.899640e+01 0 0
4212.7700 4233.4126 1.416294e-14 2.051404e-16 2.884285e+01 0 0
4215.5049 4236.1608 1.404356e-14 2.079970e-16 2.862787e+01 16 0
4218.2397 4238.9091 1.411518e-14 2.051001e-16 2.880888e+01 0 0
4220.9745 4241.6573 1.369550e-14 2.042238e-16 2.797529e+01 16 0
4223.7093 4244.4055 1.420890e-14 2.300597e-16 2.907570e+01 16 0
4226.4441 4247.1537 1.371332e-14 2.011087e-16 2.808913e+01 0 0
4229.1789 4249.9019 1.356992e-14 2.033511e-16 2.783401e+01 16 0
4231.9137 4252.6500 1.351378e-14 2.010359e-16 2.775968e+01 0 0
4234.6484 4255.3982 1.322859e-14 1.983880e-16 2.721335e+01 0 0
4237.3832 4258.1464 1.344039e-14 1.988562e-16 2.770173e+01 0 0
4240.1180 4260.8945 1.310275e-14 1.974892e-16 2.704866e+01 16 0
4242.8527 4263.6427 1.345272e-14 2.068986e-16 2.783247e+01 16 0
4245.5874 4266.3908 1.296472e-14 1.954854e-16 2.686390e+01 0 0
4248.3222 4269.1389 1.289645e-14 1.966763e-16 2.677359e+01 16 0
4251.0569 4271.8871 1.305316e-14 1.969041e-16 2.715729e+01 16 0
4253.7916 4274.6352 1.230989e-14 1.921198e-16 2.564523e+01 0 0
4256.5263 4277.3833 1.252208e-14 1.931648e-16 2.614740e+01 0 0
4259.2610 4280.1313 1.224319e-14 1.989074e-16 2.561241e+01 0 0
4261.9956 4282.8794 1.254219e-14 2.426446e-16 2.630145e+01 0 0
4264.7303 4285.6275 1.227258e-14 2.452129e-16 2.578472e+01 16 0
4267.4650 4288.3755 1.246860e-14 2.029511e-16 2.625912e+01 16 0
4270.1996 4291.1236 1.145809e-14 1.859879e-16 2.415961e+01 0 0
4272.9342 4293.8716 1.153252e-14 1.842106e-16 2.437220e+01 0 0
4275.6689 4296.6196 1.095778e-14 2.005324e-16 2.319384e+01 16 0
4278.4035 4299.3677 1.116663e-14 1.813199e-16 2.369467e+01 0 0
4281.1381 4302.1157 1.130572e-14 1.861639e-16 2.404732e+01 16 0
4283.8727 4304.8637 1.072909e-14 1.798622e-16 2.285566e+01 0 0
4286.6073 4307.6116 1.109103e-14 1.803994e-16 2.368789e+01 16 0
4289.3418 4310.3596 1.109943e-14 1.805401e-16 2.375733e+01 16 0
4292.0764 4313.1076 1.030250e-14 1.744526e-16 2.207794e+01 0 0
4294.8110 4315.8555 1.046515e-14 1.842561e-16 2.247712e+01 16 0
4297.5455 4318.6035 1.018471e-14 1.828335e-16 2.191148e+01 16 0
4300.2800 4321.3514 1.005585e-14 1.725730e-16 2.167348e+01 0 0
4303.0146 4324.0993 9.646159e-15 1.701643e-16 2.081979e+01 16 0
4305.7491 4326.8472 9.682551e-15 1.744879e-16 2.093849e+01 16 0
4308.4836 4329.5951 9.530099e-15 1.754988e-16 2.064251e+01 16 0
4311.2181 4332.3430 9.524991e-15 1.858162e-16 2.066749e+01 16 0
4313.9525 4335.0909 9.154398e-15 1.667350e-16 1.988706e+01 0 0
4316.6870 4337.8388 9.175650e-15 1.724144e-16 1.996848e+01 16 0
4319.4215 4340.5866 9.702480e-15 1.707425e-16 2.116752e+01 0 0
4322.1559 4343.3345 9.248686e-15 1.660324e-16 2.019913e+01 16 0
4324.8903 4346.0823 9.495735e-15 1.682403e-16 2.078170e+01 16 0
4327.6248 4348.8301 9.714282e-15 1.679893e-16 2.130586e+01 0 0
4330.3592 4351.5779 9.677812e-15 1.679120e-16 2.126425e+01 0 0
4333.0936 4354.3257 9.889613e-15 1.691591e-16 2.177821e+01 0 0
4335.8279 4357.0735 1.013470e-14 1.704619e-16 2.236867e+01 0 0
4338.5623 4359.8213 1.029911e-14 1.716140e-16 2.278275e+01 0 0
4341.2967 4362.5690 1.082935e-14 1.749631e-16 2.401996e+01 16 0
4344.0310 4365.3168 1.081567e-14 1.738295e-16 2.404048e+01 0 0
4346.7654 4368.0645 1.104211e-14 1.776229e-16 2.460271e+01 0 0
4349.4997 4370.8123 1.073675e-14 1.785491e-16 2.396531e+01 16 0
4352.2340 4373.5600 1.114458e-14 1.781746e-16 2.494030e+01 16 0
4354.9683 4376.3077 1.113593e-14 1.779862e-16 2.497166e+01 0 0
4357.7026 4379.0554 1.132315e-14 1.855835e-16 2.544837e+01 16 0
4360.4369 4381.8030 1.154563e-14 1.801680e-16 2.600125e+01 16 0
4363.1712 4384.5507 1.132822e-14 1.760381e-16 2.555140e+01 0 0
4365.9054 4387.2984 1.164754e-14 1.794963e-16 2.632115e+01 16 0
4368.6397 4390.0460 1.169367e-14 1.799270e-16 2.646716e+01 16 0
4371.3739 4392.7936 1.121086e-14 1.776562e-16 2.539358e+01 16 0
4374.1081 4395.5412 1.166418e-14 1.788187e-16 2.646547e+01 16 0
4376.8423 4398.2888 1.179392e-14 1.778244e-16 2.679143e+01 0 0
4379.5765 4401.0364 1.193962e-14 1.801728e-16 2.715361e+01 16 0
4382.3107 4403.7840 1.220577e-14 1.810805e-16 2.778878e+01 16 0
4385.0449 4406.5316 1.146998e-14 1.759094e-16 2.611583e+01 16 0
4387.7790 4409.2791 1.207513e-14 1.801247e-16 2.753387e+01 0 0
4390.5132 4412.0267 1.163454e-14 1.770345e-16 2.654066e+01 0 0
4393.2473 4414.7742 1.183860e-14 1.775528e-16 2.703839e+01 0 0
4395.9814 4417.5217 1.153045e-14 1.767352e-16 2.635277e+01 16 0
4398.7155 4420.2692 1.175539e-14 1.854173e-16 2.690658e+01 16 0
4401.4496 4423.0167 1.117554e-14 1.768266e-16 2.559664e+01 16 0
4404.1837 4425.7642 1.117756e-14 1.734027e-16 2.564145e+01 16 0
4406.9177 4428.5116 1.126945e-14 1.744080e-16 2.589602e+01 16 0
4409.6518 4431.2591 1.155530e-14 1.785848e-16 2.661061e+01 16 0
4412.3858 4434.0065 1.137991e-14 1.779359e-16 2.625188e+01 16 0
4415.1199 4436.7539 1.083431e-14 1.768141e-16 2.503136e+01 0 0
4417.8539 4439.5013 1.091854e-14 1.914095e-16 2.528203e+01 0 0
4420.5879 4442.2487 1.178074e-14 1.781815e-16 2.736310e+01 16 0
4423.3218 4444.9961 1.181322e-14 1.771389e-16 2.749980e+01 16 0
4426.0558 4447.7435 1.192091e-14 1.757794e-16 2.781229e+01 0 0
4428.7898 4450.4908 1.154177e-14 1.736496e-16 2.697425e+01 16 0
4431.5237 4453.2382 1.256912e-14 1.796997e-16 2.946010e+01 0 0
4434.2576 4455.9855 1.258491e-14 1.816584e-16 2.955293e+01 16 0
4436.9916 4458.7328 1.306309e-14 2.110972e-16 3.073664e+01 1040 0
4439.7255 4461.4801 1.279003e-14 1.811865e-16 3.013303e+01 1040 0
4442.4593 4464.2274 1.305470e-14 1.819895e-16 3.079994e+01 1024 0
4445.1932 4466.9747 1.327641e-14 1.847031e-16 3.136406e+01 1024 0
4447.9271 4469.7219 1.326809e-14 1.832835e-16 3.137258e+01 1040 0
4450.6609 4472.4692 1.351145e-14 1.847046e-16 3.198152e+01 1024 0
4453.3947 4475.2164 1.396471e-14 1.903256e-16 3.308541e+01 1040 0
4456.1286 4477.9636 1.407035e-14 1.868927e-16 3.335650e+01 1024 0
4458.8624 4480.7108 1.399787e-14 1.873356e-16 3.319735e+01 1024 0
4461.5962 4483.4580 1.422132e-14 1.880632e-16 3.374632e+01 1024 0
4464.3299 4486.2051 1.412580e-14 2.003027e-16 3.353210e+01 1024 0
4467.0637 4488.9523 1.459042e-14 2.018412e-16 3.466112e+01 1040 0
4469.7974 4491.6994 1.427365e-14 1.886339e-16 3.391705e+01 1024 0
4472.5312 4494.4466 1.432133e-14 1.889824e-16 3.404746e+01 1040 0
4475.2649 4497.1937 1.471456e-14 1.899002e-16 3.501148e+01 1024 0
4477.9986 4499.9408 1.488369e-14 1.912942e-16 3.543818e+01 1040 0
4480.7322 4502.6878 1.458724e-14 1.918179e-16 3.475021e+01 1040 0
4483.4659 4505.4349 1.465287e-14 1.936038e-16 3.493375e+01 1040 0
4486.1996 4508.1819 1.456213e-14 1.904004e-16 3.474238e+01 1040 0
4488.9332 4510.9290 1.459566e-14 1.894678e-16 3.485044e+01 1024 0
4491.6668 4513.6760 1.476045e-14 1.902520e-16 3.527375e+01 1024 0
4494.4004 4516.4230 1.465136e-14 1.912787e-16 3.503580e+01 1040 0
4497.1340 4519.1700 1.474177e-14 1.935231e-16 3.527959e+01 1040 0
4499.8676 4521.9170 1.501833e-14 1.996025e-16 3.597323e+01 1040 0
4502.6012 4524.6639 1.453284e-14 1.888699e-16 3.481837e+01 1040 0
4505.3347 4527.4109 1.499064e-14 1.911339e-16 3.594468e+01 1024 0
4508.0682 4530.1578 1.497544e-14 1.916381e-16 3.592377e+01 1040 0
4510.8018 4532.9047 1.494071e-14 1.911635e-16 3.585393e+01 0 0
4513.5353 4535.6516 1.534788e-14 1.934370e-16 3.685343e+01 16 0
4516.2687 4538.3985 1.562870e-14 1.972758e-16 3.754545e+01 16 0
4519.0022 4541.1453 1.563669e-14 1.960445e-16 3.757595e+01 16 0
4521.7357 4543.8922 1.547147e-14 1.951285e-16 3.718438e+01 16 0
4524.4691 4546.6390 1.549434e-14 1.947793e-16 3.725166e+01 16 0
4527.2025 4549.3858 1.505523e-14 1.917777e-16 3.619577e+01 16 0
4529.9359 4552.1326 1.544689e-14 1.932153e-16 3.716075e+01 0 0
4532.6693 4554.8794 1.555726e-14 1.990582e-16 3.744164e+01 16 0
4535.4027 4557.6262 1.529409e-14 1.925537e-16 3.681938e+01 0 0
4538.1360 4560.3729 1.526368e-14 1.919972e-16 3.676142e+01 0 0
4540.8694 4563.1196 1.510588e-14 1.914020e-16 3.639691e+01 16 0
4543.6027 4565.8663 1.527715e-14 1.919053e-16 3.683214e+01 0 0
4546.3360 4568.6130 1.474337e-14 1.910162e-16 3.555146e+01 16 0
4549.0693 4571.3597 1.484203e-14 1.902972e-16 3.580957e+01 0 0
4551.8026 4574.1064 1.468873e-14 1.882549e-16 3.545120e+01 0 0
4554.5358 4576.8530 1.525030e-14 1.923365e-16 3.683477e+01 16 0
4557.2691 4579.5997 1.487377e-14 1.894809e-16 3.592514e+01 16 0
4560.0023 4582.3463 1.515461e-14 1.914328e-16 3.661779e+01 0 0
4562.7355 4585.0929 1.465805e-14 1.890902e-16 3.540576e+01 16 0
4565.4687 4587.8395 1.473670e-14 1.898644e-16 3.559585e+01 0 0
4568.2018 4590.5860 1.446714e-14 1.879431e-16 3.492770e+01 0 0
4570.9350 4593.3326 1.469294e-14 1.916910e-16 3.546644e+01 16 0
4573.6681 4596.0791 1.446905e-14 1.878003e-16 3.490165e+01 16 0
4576.4013 4598.8256 1.441301e-14 1.871617e-16 3.474542e+01 0 0
4579.1344 4601.5721 1.445642e-14 1.902816e-16 3.482670e+01 16 0
4581.8675 4604.3186 1.472040e-14 1.887226e-16 3.544361e+01 0 0
4584.6005 4607.0651 1.476734e-14 1.891444e-16 3.553192e+01 0 0
4587.3336 4609.8115 1.485743e-14 1.900002e-16 3.572489e+01 0 0
4590.0666 4612.5579 1.468918e-14 1.895666e-16 3.529523e+01 0 0
4592.7996 4615.3043 1.424525e-14 2.117167e-16 3.419799e+01 0 0
4595.5326 4618.0507 1.496352e-14 1.962596e-16 3.592724e+01 16 0
4598.2656 4620.7971 1.497381e-14 1.915595e-16 3.594025e+01 16 0
4600.9986 4623.5435 1.462599e-14 1.939992e-16 3.509586e+01 16 0
4603.7315 4626.2898 1.520487e-14 1.966437e-16 3.649825e+01 16 0
4606.4644 4629.0361 1.497896e-14 1.910554e-16 3.596056e+01 0 0
4609.1973 4631.7824 1.516614e-14 1.924811e-16 3.642518e+01 16 0
4611.9302 4634.5287 1.489654e-14 1.910040e-16 3.578948e+01 16 0
4614.6631 4637.2750 1.501295e-14 1.920893e-16 3.609071e+01 0 0
4617.3960 4640.0212 1.601158e-14 2.396291e-16 3.853848e+01 16 0
4620.1288 4642.7674 1.425266e-14 1.869236e-16 3.428712e+01 0 0
4622.8616 4645.5136 1.418871e-14 1.881917e-16 3.415064e+01 0 0
4625.5944 4648.2598 1.406426e-14 1.863319e-16 3.386676e+01 0 0
4628.3272 4651.0060 1.357464e-14 1.835553e-16 3.268739e+01 0 0
4631.0600 4653.7522 1.345854e-14 1.814389e-16 3.241600e+01 0 0
4633.7927 4656.4983 1.311077e-14 1.803070e-16 3.157114e+01 0 0
4636.5254 4659.2444 1.282377e-14 1.797486e-16 3.087358e+01 16 0
4639.2582 4661.9905 1.275459e-14 1.786776e-16 3.069601e+01 0 0
4641.9908 4664.7366 1.275135e-14 1.956475e-16 3.067819e+01 16 0
4644.7235 4667.4827 1.199604e-14 1.736560e-16 2.882386e+01 0 0
4647.4562 4670.2287 1.200247e-14 1.742203e-16 2.882097e+01 0 0
4650.1888 4672.9747 1.184323e-14 1.727469e-16 2.841107e+01 0 0
4652.9214 4675.7207 1.187650e-14 1.724441e-16 2.846795e+01 0 0
4655.6540 4678.4667 1.187580e-14 1.728547e-16 2.844140e+01 0 0
4658.3866 4681.2127 1.153447e-14 1.715579e-16 2.759031e+01 16 0
4661.1191 4683.9586 1.176837e-14 1.738709e-16 2.813444e+01 16 0
4663.8517 4686.7046 1.203346e-14 1.770853e-16 2.875299e+01 16 0
4666.5842 4689.4505 1.133783e-14 1.708183e-16 2.705768e+01 16 0
4669.3167 4692.1963 1.144854e-14 1.747671e-16 2.730999e+01 0 0
4672.0492 4694.9422 1.151750e-14 1.756311e-16 2.746922e+01 0 0
4674.7816 4697.6881 1.095191e-14 1.953664e-16 2.609795e+01 1024 0
4677.5141 4700.4339 1.185224e-14 1.858007e-16 2.826962e+01 1040 0
4680.2465 4703.1797 1.148421e-14 1.711365e-16 2.738201e+01 1024 0
4682.9789 4705.9255 1.168924e-14 1.733264e-16 2.788204e+01 1040 0
4685.7113 4708.6713 1.129471e-14 1.700588e-16 2.693551e+01 1024 0
4688.4436 4711.4170 1.150353e-14 1.709426e-16 2.744646e+01 1024 0
4691.1760 4714.1627 1.158219e-14 1.726323e-16 2.764346e+01 1040 0
4693.9083 4716.9085 1.203520e-14 1.752739e-16 2.874252e+01 1040 0
4696.6406 4719.6541 1.185586e-14 1.734034e-16 2.831471e+01 1024 0
4699.3729 4722.3998 1.176461e-14 1.742887e-16 2.809417e+01 1024 0
4702.1052 4725.1455 1.146564e-14 1.715270e-16 2.737204e+01 1024 0
4704.8374 4727.8911 1.126888e-14 1.703061e-16 2.689010e+01 1024 0
4707.5696 4730.6367 1.126083e-14 1.699310e-16 2.686402e+01 1024 0
4710.3018 4733.3823 1.140201e-14 1.713343e-16 2.719156e+01 1040 0
4713.0340 4736.1279 1.102231e-14 1.724405e-16 2.626321e+01 1024 0
4715.7662 4738.8734 1.071553e-14 1.786673e-16 2.550761e+01 1040 0
4718.4983 4741.6189 1.109734e-14 1.798050e-16 2.641157e+01 1024 0
4721.2304 4744.3645 1.083833e-14 1.767248e-16 2.577198e+01 1024 0
4723.9625 4747.1099 1.043371e-14 1.677453e-16 2.478414e+01 1024 0
4726.6946 4749.8554 1.062957e-14 1.669638e-16 2.524396e+01 1040 0
4729.4267 4752.6009 1.024386e-14 1.644861e-16 2.430744e+01 1040 0
4732.1587 4755.3463 1.057554e-14 1.660381e-16 2.510159e+01 1040 0
4734.8907 4758.0917 9.879283e-15 1.622024e-16 2.342799e+01 1024 0
4737.6227 4760.8371 9.882642e-15 1.613300e-16 2.344345e+01 1024 0
4740.3547 4763.5824 9.692406e-15 1.604840e-16 2.299503e+01 1040 0
4743.0866 4766.3278 9.777456e-15 1.619907e-16 2.321677e+01 16 0
4745.8186 4769.0731 9.781653e-15 1.607824e-16 2.324543e+01 0 0
4748.5505 4771.8184 9.530997e-15 1.591680e-16 2.266759e+01 0 0
4751.2824 4774.5637 9.399622e-15 1.587994e-16 2.237700e+01 16 0
4754.0142 4777.3089 9.569678e-15 1.674276e-16 2.281822e+01 16 0
4756.7461 4780.0541 9.754950e-15 1.602171e-16 2.329797e+01 0 0
4759.4779 4782.7994 9.459413e-15 1.576122e-16 2.261572e+01 0 0
4762.2097 4785.5445 9.595797e-15 1.588986e-16 2.297914e+01 0 0
4764.9415 4788.2897 9.813119e-15 1.668048e-16 2.353859e+01 0 0
4767.6733 4791.0349 9.468066e-15 1.584804e-16 2.273156e+01 0 0
4770.4050 4793.7800 9.770971e-15 1.602376e-16 2.349582e+01 16 0
4773.1367 4796.5251 1.017158e-14 1.632419e-16 2.449965e+01 16 0
4775.8684 4799.2702 1.031793e-14 1.628974e-16 2.487841e+01 0 0
4778.6001 4802.0152 1.011599e-14 1.614026e-16 2.440643e+01 0 0
4781.3317 4804.7603 1.027149e-14 1.628257e-16 2.480278e+01 16 0
4784.0634 4807.5053 1.041051e-14 1.705566e-16 2.515897e+01 16 0
4786.7950 4810.2503 1.044230e-14 1.632369e-16 2.524946e+01 0 0
4789.5266 4812.9952 1.049494e-14 1.642077e-16 2.539087e+01 16 0
4792.2581 4815.7402 1.041853e-14 1.643216e-16 2.521356e+01 16 0
4794.9897 4818.4851 1.038764e-14 1.623555e-16 2.514752e+01 0 0
4797.7212 4821.2300 1.072654e-14 1.659370e-16 2.598867e+01 16 0
4800.4527 4823.9749 1.020320e-14 1.635796e-16 2.471610e+01 16 0
4803.1842 4826.7198 1.033802e-14 1.628323e-16 2.505889e+01 0 0
4805.9156 4829.4646 1.015827e-14 1.613081e-16 2.463019e+01 0 0
4808.6470 4832.2094 9.796481e-15 1.611124e-16 2.375751e+01 16 0
4811.3785 4834.9542 9.785597e-15 1.586551e-16 2.374651e+01 0 0
4814.1098 4837.6990 9.276430e-15 1.573330e-16 2.251233e+01 16 0
4816.8412 4840.4437 9.518689e-15 1.592860e-16 2.312551e+01 16 0
4819.5725 4843.1884 9.010851e-15 1.544722e-16 2.189389e+01 16 0
4822.3039 4845.9331 9.060174e-15 1.539583e-16 2.203337e+01 0 0
4825.0351 4848.6778 9.080011e-15 1.582785e-16 2.210006e+01 16 0
4827.7664 4851.4225 8.639473e-15 1.676204e-16 2.103102e+01 0 0
4830.4977 4854.1671 8.591105e-15 1.504036e-16 2.092750e+01 0 0
4833.2289 4856.9117 8.470155e-15 1.521499e-16 2.064447e+01 16 0
4835.9601 4859.6563 8.075085e-15 1.509225e-16 1.968184e+01 16 0
4838.6913 4862.4008 8.223424e-15 1.497530e-16 2.006189e+01 16 0
4841.4224 4865.1454 8.104233e-15 1.473215e-16 1.977920e+01 0 0
4844.1535 4867.8899 7.540076e-15 1.425020e-16 1.839453e+01 0 0
4846.8847 4870.6344 7.653808e-15 1.439839e-16 1.868733e+01 16 0
4849.6157 4873.3789 7.400418e-15 1.418945e-16 1.807057e+01 16 0
4852.3468 4876.1233 7.194507e-15 1.415222e-16 1.757193e+01 16 0
4855.0778 4878.8677 7.414389e-15 1.414643e-16 1.812889e+01 0 0
4857.8088 4881.6121 7.152414e-15 1.408594e-16 1.749277e+01 0 0
4860.5398 4884.3565 7.534405e-15 1.421484e-16 1.845560e+01 0 0
4863.2708 4887.1008 7.144609e-15 1.394087e-16 1.750360e+01 0 0
4866.0017 4889.8451 7.240798e-15 1.411897e-16 1.775946e+01 16 0
4868.7327 4892.5894 7.152567e-15 1.407079e-16 1.755934e+01 16 0
4871.4636 4895.3337 7.189821e-15 1.453936e-16 1.767163e+01 16 0
4874.1944 4898.0780 7.294976e-15 1.402477e-16 1.795586e+01 0 0
4876.9253 4900.8222 7.234489e-15 1.469050e-16 1.782625e+01 16 0
4879.6561 4903.5664 7.368079e-15 1.407146e-16 1.818307e+01 16 0
4882.3869 4906.3106 7.966694e-15 1.472271e-16 1.970667e+01 16 0
4885.1177 4909.0547 7.774536e-15 1.527906e-16 1.924795e+01 16 0
4887.8484 4911.7989 7.827311e-15 1.428970e-16 1.940355e+01 0 0
4890.5791 4914.5430 8.191867e-15 1.550275e-16 2.034242e+01 16 0
4893.3098 4917.2870 7.689176e-15 1.428200e-16 1.909776e+01 16 0
4896.0405 4920.0311 7.748110e-15 1.426834e-16 1.926482e+01 0 0
4898.7711 4922.7751 8.209732e-15 1.457866e-16 2.044850e+01 0 0
4901.5018 4925.5191 8.023022e-15 1.440280e-16 1.999317e+01 0 0
4904.2324 4928.2631 7.847935e-15 1.454458e-16 1.956631e+01 16 0
4906.9629 4931.0071 8.130015e-15 1.456817e-16 2.029562e+01 16 0
4909.6935 4933.7510 8.062895e-15 1.447898e-16 2.014175e+01 0 0
4912.4240 4936.4949 8.673094e-15 1.636067e-16 2.170376e+01 16 0
4915.1545 4939.2388 8.399329e-15 1.674877e-16 2.102540e+01 16 0
4917.8850 4941.9826 8.206446e-15 1.448690e-16 2.055446e+01 0 0
4920.6154 4944.7265 8.302642e-15 1.540034e-16 2.081770e+01 16 0
4923.3459 4947.4703 8.143584e-15 1.441656e-16 2.043427e+01 0 0
4926.0763 4950.2140 8.229582e-15 1.640599e-16 2.067434e+01 16 0
4928.8066 4952.9578 8.637875e-15 1.665707e-16 2.174000e+01 16 0
4931.5370 4955.7015 8.290258e-15 1.450255e-16 2.087874e+01 0 0
4934.2673 4958.4452 8.565514e-15 1.471842e-16 2.160880e+01 0 0
4936.9976 4961.1889 8.537959e-15 1.472588e-16 2.156580e+01 16 0
4939.7279 4963.9326 8.288300e-15 1.465520e-16 2.095382e+01 16 0
4942.4581 4966.6762 7.965398e-15 1.569776e-16 2.015249e+01 16 0
4945.1884 4969.4198 8.304756e-15 1.458961e-16 2.104745e+01 16 0
4947.9186 4972.1634 7.827208e-15 1.412960e-16 1.984378e+01 0 0
4950.6487 4974.9069 8.299081e-15 1.443293e-16 2.107750e+01 0 0
4953.3789 4977.6504 8.114578e-15 1.432759e-16 2.062233e+01 0 0
4956.1090 4980.3939 8.343831e-15 1.451494e-16 2.122645e+01 16 0
4958.8391 4983.1374 8.256353e-15 1.443094e-16 2.101370e+01 0 0
4961.5691 4985.8808 8.224693e-15 1.487795e-16 2.093996e+01 16 0
4964.2992 4988.6242 7.968382e-15 1.423881e-16 2.028590e+01 16 0
4967.0292 4991.3676 8.133614e-15 1.477933e-16 2.071494e+01 16 0
4969.7592 4994.1110 8.368659e-15 1.457698e-16 2.132396e+01 16 0
4972.4891 4996.8543 8.531415e-15 1.507257e-16 2.174517e+01 16 0
4975.2191 4999.5976 8.127660e-15 1.435587e-16 2.070328e+01 16 0
4977.9490 5002.3409 8.702046e-15 1.479017e-16 2.218804e+01 16 0
4980.6789 5005.0842 8.651822e-15 1.468380e-16 2.205968e+01 0 0
4983.4087 5007.8274 8.657735e-15 1.468865e-16 2.207988e+01 0 0
4986.1385 5010.5706 8.664077e-15 1.468245e-16 2.210141e+01 0 0
4988.8683 5013.3138 9.074123e-15 1.493331e-16 2.317259e+01 0 0
4991.5981 5016.0570 9.357354e-15 1.522491e-16 2.391726e+01 16 0
4994.3279 5018.8001 9.150959e-15 1.517461e-16 2.340158e+01 16 0
4997.0576 5021.5432 8.948879e-15 1.482750e-16 2.289673e+01 16 0
4999.7873 5024.2862 8.893743e-15 1.474852e-16 2.277808e+01 0 0
5002.5169 5027.0293 9.189145e-15 1.491653e-16 2.356991e+01 0 0
5005.2466 5029.7723 9.200533e-15 1.501196e-16 2.362923e+01 0 0
5007.9762 5032.5153 9.351489e-15 1.524920e-16 2.405221e+01 16 0
5010.7058 5035.2582 9.119534e-15 1.510694e-16 2.347968e+01 16 0
5013.4353 5038.0012 9.125598e-15 1.490006e-16 2.352699e+01 0 0
5016.1649 5040.7441 8.721936e-15 1.464114e-16 2.250258e+01 0 0
5018.8944 5043.4870 8.947561e-15 1.469873e-16 2.312207e+01 0 0
5021.6239 5046.2298 9.337368e-15 1.504674e-16 2.417150e+01 16 0
5024.3533 5048.9726 8.995765e-15 1.483250e-16 2.330381e+01 16 0
5027.0827 5051.7154 9.140150e-15 1.484947e-16 2.370728e+01 0 0
5029.8121 5054.4582 9.287286e-15 1.498642e-16 2.411818e+01 16 0
5032.5415 5057.2009 9.560139e-15 1.615640e-16 2.485847e+01 16 0
5035.2708 5059.9436 8.956364e-15 1.501935e-16 2.329037e+01 0 0
5038.0001 5062.6863 9.513107e-15 1.502789e-16 2.477672e+01 0 0
5040.7294 5065.4290 9.676179e-15 1.566883e-16 2.522657e+01 16 0
5043.4587 5068.1716 9.477486e-15 1.537380e-16 2.472178e+01 16 0
5046.1879 5070.9142 9.488511e-15 1.506956e-16 2.477033e+01 16 0
5048.9171 5073.6568 9.581146e-15 1.538519e-16 2.503475e+01 16 0
5051.6462 5076.3993 9.352026e-15 1.520992e-16 2.444810e+01 16 0
5054.3754 5079.1418 9.277448e-15 1.498407e-16 2.427215e+01 0 0
5057.1045 5081.8843 9.900313e-15 1.526405e-16 2.594556e+01 16 0
5059.8336 5084.6268 9.665833e-15 1.534143e-16 2.534528e+01 16 0
5062.5626 5087.3692 1.006116e-14 1.604918e-16 2.641722e+01 16 0
5065.2917 5090.1116 1.008832e-14 1.532505e-16 2.651339e+01 0 0
5068.0207 5092.8540 1.054251e-14 1.612796e-16 2.774696e+01 16 0
5070.7496 5095.5963 9.848080e-15 1.561436e-16 2.591905e+01 16 0
5073.4786 5098.3386 1.028560e-14 1.556741e-16 2.710608e+01 0 0
5076.2075 5101.0809 1.041963e-14 1.554414e-16 2.748305e+01 16 0
5078.9364 5103.8232 1.051115e-14 1.610872e-16 2.774710e+01 16 0
5081.6652 5106.5654 1.023820e-14 1.534672e-16 2.703285e+01 0 0
5084.3941 5109.3076 1.058676e-14 1.561552e-16 2.797868e+01 16 0
5087.1229 5112.0498 1.070825e-14 1.574605e-16 2.831172e+01 16 0
5089.8516 5114.7919 1.049677e-14 1.553624e-16 2.775359e+01 1024 0
5092.5804 5117.5340 1.100085e-14 1.712461e-16 2.910660e+01 1040 0
5095.3091 5120.2761 1.076606e-14 1.579921e-16 2.848240e+01 1024 0
5098.0378 5123.0181 1.052846e-14 1.548655e-16 2.784786e+01 1024 0
5100.7664 5125.7602 1.097045e-14 1.585960e-16 2.903100e+01 1040 0
5103.4950 5128.5022 1.136936e-14 1.764094e-16 3.009967e+01 1040 0
5106.2236 5131.2441 1.070565e-14 1.568894e-16 2.832409e+01 1024 0
5108.9522 5133.9860 1.109980e-14 1.597795e-16 2.938244e+01 1040 0
5111.6807 5136.7279 1.102220e-14 1.579994e-16 2.917820e+01 1024 0
5114.4092 5139.4698 1.117764e-14 1.635600e-16 2.960254e+01 1040 0
5117.1377 5142.2117 1.081637e-14 1.571764e-16 2.864339e+01 1040 0
5119.8661 5144.9535 1.066923e-14 1.572467e-16 2.826247e+01 1040 0
5122.5946 5147.6953 1.081352e-14 1.567909e-16 2.866289e+01 1024 0
5125.3229 5150.4370 1.057476e-14 1.556206e-16 2.804086e+01 1040 0
5128.0513 5153.1787 1.081995e-14 1.603540e-16 2.871755e+01 1040 0
5130.7796 5155.9204 1.042763e-14 1.548815e-16 2.768540e+01 1040 0
5133.5079 5158.6621 1.048649e-14 1.548815e-16 2.786479e+01 1040 0
5136.2362 5161.4037 1.067289e-14 1.578469e-16 2.838731e+01 1040 0
5138.9644 5164.1453 1.068326e-14 1.646186e-16 2.843665e+01 1040 0
5141.6926 5166.8869 1.029566e-14 1.715414e-16 2.741303e+01 1040 0
5144.4208 5169.6284 1.070576e-14 1.597022e-16 2.853789e+01 1040 0
5147.1489 5172.3700 1.033284e-14 1.537313e-16 2.754637e+01 1024 0
5149.8770 5175.1114 1.026760e-14 1.542146e-16 2.738325e+01 1040 0
5152.6051 5177.8529 1.061818e-14 1.560274e-16 2.833574e+01 1040 0
5155.3332 5180.5943 1.056062e-14 1.611704e-16 2.818587e+01 1040 0
5158.0612 5183.3357 1.063458e-14 1.549001e-16 2.838342e+01 0 0
5160.7892 5186.0771 1.053824e-14 1.561144e-16 2.812018e+01 16 0
5163.5172 5188.8184 1.050043e-14 1.567651e-16 2.800777e+01 16 0
5166.2451 5191.5597 1.005650e-14 1.513437e-16 2.679930e+01 0 0
5168.9730 5194.3009 1.058688e-14 1.576361e-16 2.821247e+01 16 0
5171.7008 5197.0422 1.037292e-14 1.539936e-16 2.761831e+01 16 0
5174.4287 5199.7834 1.091885e-14 1.571812e-16 2.906631e+01 0 0
5177.1565 5202.5246 1.109301e-14 1.593885e-16 2.951193e+01 16 0
5179.8843 5205.2657 1.114622e-14 1.594170e-16 2.963304e+01 16 0
5182.6120 5208.0068 1.131437e-14 1.679905e-16 3.006277e+01 16 0
5185.3397 5210.7479 1.101734e-14 1.615737e-16 2.924447e+01 0 0
5188.0674 5213.4889 1.133024e-14 1.630384e-16 3.006345e+01 16 0
5190.7950 5216.2299 1.141020e-14 1.631030e-16 3.026106e+01 16 0
5193.5227 5218.9709 1.065740e-14 1.562358e-16 2.822744e+01 0 0
5196.2503 5221.7119 1.108192e-14 1.588462e-16 2.935549e+01 0 0
5198.9778 5224.4528 1.120230e-14 1.599457e-16 2.966912e+01 0 0
5201.7053 5227.1937 1.118069e-14 1.632857e-16 2.960654e+01 16 0
5204.4328 5229.9345 1.114962e-14 1.596765e-16 2.951904e+01 16 0
5207.1603 5232.6754 1.114538e-14 1.591283e-16 2.950612e+01 0 0
5209.8877 5235.4162 1.107589e-14 1.586816e-16 2.931876e+01 0 0
5212.6151 5238.1569 1.095054e-14 1.581067e-16 2.898183e+01 16 0
5215.3425 5240.8977 1.108184e-14 1.582475e-16 2.933202e+01 16 0
5218.0698 5243.6383 1.084238e-14 1.568038e-16 2.868852e+01 0 0
5220.7971 5246.3790 1.036079e-14 1.539526e-16 2.739743e+01 0 0
5223.5244 5249.1196 1.046178e-14 1.574309e-16 2.765863e+01 16 0
5226.2516 5251.8602 1.015282e-14 1.540135e-16 2.682326e+01 16 0
5228.9788 5254.6008 9.613352e-15 1.623780e-16 2.536680e+01 0 0
5231.7060 5257.3413 9.676651e-15 1.505214e-16 2.552071e+01 16 0
5234.4331 5260.0818 9.632090e-15 1.501482e-16 2.538191e+01 0 0
5237.1602 5262.8223 9.788464e-15 1.716613e-16 2.577827e+01 16 0
5239.8873 5265.5628 9.377863e-15 1.497841e-16 2.465828e+01 16 0
5242.6143 5268.3032 9.220985e-15 1.493743e-16 2.421469e+01 16 0
5245.3414 5271.0435 8.845253e-15 1.461525e-16 2.318957e+01 0 0
5248.0683 5273.7839 9.159248e-15 1.481378e-16 2.399593e+01 0 0
5250.7953 5276.5242 8.840191e-15 1.515047e-16 2.312290e+01 16 0
5253.5222 5279.2644 8.633587e-15 1.446426e-16 2.254913e+01 0 0
5256.2491 5282.0047 8.165682e-15 1.636460e-16 2.128951e+01 16 0
5258.9759 5284.7449 8.536662e-15 1.439490e-16 2.224713e+01 0 0
5261.7027 5287.4851 8.465689e-15 1.457774e-16 2.204203e+01 16 0
5264.4295 5290.2252 8.424838e-15 1.504504e-16 2.191664e+01 16 0
5267.1562 5292.9653 8.242423e-15 1.444312e-16 2.142374e+01 16 0
5269.8830 5295.7054 8.160116e-15 1.430737e-16 2.119505e+01 16 0
5272.6096 5298.4454 8.421986e-15 1.438976e-16 2.187688e+01 16 0
5275.3363 5301.1854 8.229031e-15 1.434749e-16 2.136164e+01 0 0
5278.0629 5303.9254 8.160053e-15 1.417353e-16 2.117520e+01 0 0
5280.7895 5306.6653 8.065718e-15 1.414928e-16 2.092220e+01 16 0
5283.5160 5309.4053 8.935584e-15 1.842548e-16 2.320485e+01 16 0
5286.2425 5312.1451 8.210148e-15 1.415765e-16 2.129216e+01 0 0
5288.9690 5314.8850 8.234683e-15 1.437260e-16 2.134852e+01 16 0
5291.6955 5317.6248 8.165575e-15 1.425023e-16 2.115862e+01 0 0
5294.4219 5320.3645 8.096616e-15 1.422322e-16 2.096372e+01 16 0
5297.1483 5323.1043 2.443096e-14 2.935179e-16 6.391468e+01 16 0
5299.8746 5325.8440 8.142619e-15 1.419865e-16 2.105139e+01 0 0
5302.6009 5328.5836 8.041408e-15 1.414135e-16 2.076728e+01 0 0
5305.3272 5331.3233 8.096979e-15 1.417440e-16 2.088667e+01 0 0
5308.0534 5334.0629 8.409717e-15 1.464478e-16 2.167682e+01 16 0
5310.7796 5336.8025 8.378142e-15 1.507063e-16 2.156359e+01 16 0
5313.5058 5339.5420 8.191798e-15 1.425002e-16 2.104724e+01 0 0
5316.2319 5342.2815 8.486858e-15 1.451650e-16 2.178293e+01 0 0
5318.9580 5345.0209 7.960817e-15 1.421930e-16 2.038404e+01 16 0
5321.6841 5347.7604 8.112524e-15 1.481935e-16 2.074737e+01 16 0
5324.4102 5350.4998 8.162417e-15 1.497384e-16 2.084615e+01 16 0
5327.1362 5353.2391 8.469029e-15 1.611753e-16 2.161203e+01 16 0
5329.8621 5355.9785 8.162485e-15 1.433823e-16 2.079273e+01 0 0
5332.5881 5358.7177 8.304207e-15 1.439981e-16 2.113641e+01 0 0
5335.3140 5361.4570 8.541392e-15 1.463301e-16 2.172593e+01 0 0
5338.0398 5364.1962 8.779288e-15 1.479331e-16 2.232157e+01 0 0
5340.7656 5366.9354 8.488731e-15 1.464186e-16 2.155661e+01 0 0
5343.4914 5369.6746 8.699045e-15 1.510623e-16 2.208521e+01 16 0
5346.2172 5372.4137 8.737697e-15 1.472793e-16 2.217220e+01 0 0
5348.9429 5375.1527 8.659456e-15 1.471825e-16 2.196131e+01 0 0
5351.6686 5377.8918 8.636694e-15 1.482920e-16 2.189330e+01 16 0
5354.3943 5380.6308 8.670361e-15 1.480137e-16 2.197053e+01 16 0
5357.1199 5383.3698 8.548210e-15 1.588893e-16 2.164766e+01 16 0
5359.8455 5386.1087 8.479744e-15 1.479101e-16 2.146145e+01 16 0
5362.5710 5388.8476 8.855594e-15 1.486598e-16 2.241440e+01 0 0
5365.2965 5391.5865 8.334707e-15 1.449408e-16 2.106578e+01 0 0
5368.0220 5394.3253 8.649239e-15 1.479466e-16 2.185761e+01 0 0
5370.7475 5397.0641 8.180925e-15 1.537162e-16 2.064250e+01 16 0
5373.4729 5399.8029 8.557805e-15 1.556671e-16 2.158931e+01 16 0
5376.1982 5402.5416 8.480784e-15 1.472404e-16 2.137170e+01 16 0
5378.9236 5405.2803 8.706383e-15 1.487108e-16 2.192600e+01 16 0
5381.6489 5408.0189 8.281921e-15 1.462701e-16 2.082099e+01 0 0
5384.3741 5410.7576 8.082421e-15 1.439837e-16 2.029098e+01 0 0
5387.0994 5413.4961 8.348284e-15 1.459895e-16 2.094607e+01 0 0
5389.8245 5416.2347 8.056521e-15 1.448176e-16 2.018328e+01 16 0
5392.5497 5418.9732 8.269003e-15 1.582099e-16 2.070195e+01 16 0
5395.2748 5421.7117 8.212585e-15 1.784703e-16 2.053822e+01 0 0
5397.9999 5424.4501 8.156441e-15 1.771383e-16 2.037627e+01 0 0
5400.7250 5427.1885 7.896021e-15 1.434266e-16 1.969835e+01 0 0
5403.4500 5429.9269 7.708706e-15 1.429547e-16 1.920791e+01 0 0
5406.1749 5432.6652 7.797915e-15 1.428233e-16 1.941764e+01 0 0
5408.8999 5435.4035 7.708999e-15 1.427678e-16 1.917683e+01 0 0
5411.6248 5438.1417 7.536299e-15 1.409232e-16 1.872598e+01 0 0
5414.3497 5440.8800 7.425723e-15 1.405856e-16 1.843278e+01 0 0
5417.0745 5443.6181 7.410669e-15 1.401652e-16 1.838142e+01 0 0
5419.7993 5446.3563 7.350380e-15 1.394632e-16 1.821527e+01 0 0
5422.5240 5449.0944 7.428142e-15 1.399532e-16 1.839713e+01 0 0
5425.2488 5451.8325 7.079746e-15 1.394244e-16 1.750850e+01 256 0
5427.9734 5454.5705 7.200439e-15 1.391822e-16 1.779894e+01 0 0
5430.6981 5457.3085 6.846535e-15 1.369525e-16 1.689910e+01 0 0
5433.4227 5460.0465 6.980886e-15 1.376112e-16 1.722418e+01 0 0
5436.1473 5462.7844 6.654795e-15 1.350067e-16 1.639687e+01 0 0
5438.8718 5465.5223 6.766598e-15 1.359418e-16 1.666638e+01 16 0
5441.5963 5468.2601 6.952501e-15 1.375875e-16 1.712194e+01 0 0
5444.3208 5470.9979 6.631987e-15 1.381477e-16 1.631167e+01 0 0
5447.0452 5473.7357 6.537393e-15 1.345749e-16 1.606777e+01 0 0
5449.7696 5476.4734 7.004186e-15 1.381513e-16 1.722576e+01 0 0
5452.4939 5479.2111 1.412212e-14 2.196632e-16 3.502594e+01 16 0
5455.2182 5481.9488 6.658556e-15 1.354104e-16 1.634965e+01 0 0
5457.9425 5484.6864 6.718624e-15 1.358404e-16 1.649313e+01 0 0
5460.6667 5487.4240 7.102309e-15 1.384481e-16 1.744333e+01 0 0
5463.3909 5490.1616 6.768733e-15 1.366919e-16 1.660470e+01 16 0
5466.1151 5492.8991 7.119238e-15 1.393385e-16 1.747083e+01 0 0
5468.8392 5495.6365 7.077961e-15 1.399342e-16 1.735913e+01 16 0
5471.5633 5498.3740 7.289741e-15 1.403170e-16 1.787730e+01 16 0
5474.2874 5501.1114 7.114839e-15 1.445188e-16 1.743084e+01 16 0
5477.0114 5503.8487 7.689727e-15 1.467011e-16 1.884901e+01 16 0
5479.7353 5506.5860 7.666708e-15 1.435177e-16 1.877788e+01 0 0
5482.4593 5509.3233 7.390224e-15 1.457992e-16 1.807727e+01 16 0
5485.1832 5512.0606 8.108929e-15 1.461730e-16 1.984683e+01 0 0
5487.9070 5514.7978 7.926279e-15 1.449820e-16 1.937833e+01 0 0
5490.6309 5517.5349 8.094114e-15 1.466034e-16 1.978016e+01 0 0
5493.3546 5520.2721 7.532371e-15 1.665664e-16 1.837473e+01 16 0
5496.0784 5523.0092 8.186260e-15 1.473902e-16 1.998236e+01 16 0
5498.8021 5525.7462 8.179604e-15 1.475787e-16 1.995451e+01 16 0
5501.5258 5528.4832 8.136571e-15 1.484128e-16 1.984065e+01 16 0
5504.2494 5531.2202 8.752131e-15 1.566100e-16 2.135587e+01 16 0
5506.9730 5533.9571 8.763045e-15 1.507362e-16 2.138009e+01 0 0
5509.6965 5536.6940 8.443999e-15 1.590693e-16 2.058906e+01 0 0
5512.4200 5539.4309 8.904944e-15 1.525146e-16 2.173040e+01 16 0
5515.1435 5542.1677 8.922707e-15 1.547234e-16 2.177660e+01 0 0
5517.8669 5544.9045 9.157373e-15 1.539429e-16 2.236144e+01 0 0
5520.5903 5547.6412 9.222727e-15 1.882423e-16 2.252828e+01 16 0
5523.3137 5550.3779 9.483923e-15 1.691489e-16 2.317928e+01 16 0
5526.0370 5553.1146 9.115792e-15 1.532189e-16 2.227295e+01 0 0
5528.7603 5555.8512 9.117697e-15 1.537178e-16 2.227941e+01 0 0
5531.4835 5558.5878 9.289166e-15 1.563567e-16 2.270615e+01 16 0
5534.2067 5561.3244 9.035191e-15 1.535586e-16 2.207407e+01 0 0
5536.9299 5564.0609 9.216554e-15 1.579795e-16 2.251996e+01 16 0
5539.6530 5566.7973 9.319003e-15 1.543639e-16 2.276472e+01 0 0
5542.3761 5569.5338 9.288602e-15 1.539896e-16 2.268024e+01 0 0
5545.0992 5572.2701 9.406029e-15 1.551744e-16 2.295696e+01 16 0
5547.8222 5575.0065 9.341892e-15 1.581950e-16 2.278412e+01 16 0
5550.5451 5577.7428 9.201595e-15 1.547049e-16 2.242149e+01 16 0
5553.2681 5580.4791 9.093782e-15 1.572893e-16 2.213873e+01 16 0
5555.9909 5583.2153 9.298341e-15 1.554522e-16 2.262791e+01 16 0
5558.7138 5585.9515 9.368790e-15 1.557927e-16 2.278526e+01 0 0
5561.4366 5588.6876 9.121726e-15 1.538241e-16 2.216459e+01 16 0
5564.1594 5591.4237 9.547914e-15 1.558948e-16 2.320090e+01 0 0
5566.8821 5594.1598 9.289466e-15 1.595269e-16 2.255768e+01 16 0
5569.6048 5596.8958 9.810347e-15 1.578969e-16 2.383121e+01 16 0
5572.3274 5599.6318 9.601204e-15 1.586112e-16 2.331419e+01 16 0
5575.0500 5602.3678 9.333199e-15 1.564838e-16 2.265177e+01 16 0
5577.7726 5605.1037 9.825908e-15 1.795555e-16 2.386407e+01 16 0
5580.4951 5607.8395 9.345227e-15 1.548537e-16 2.268179e+01 0 0
5583.2176 5610.5754 9.771110e-15 1.579665e-16 2.372961e+01 0 0
5585.9400 5613.3112 9.608309e-15 1.578859e-16 2.332920e+01 16 0
5588.6625 5616.0469 1.018802e-14 2.056302e-16 2.475179e+01 16 0
5591.3848 5618.7826 1.000628e-14 1.597903e-16 2.430100e+01 0 0
5594.1071 5621.5183 9.884797e-15 1.640585e-16 2.399260e+01 16 0
5596.8294 5624.2539 9.802701e-15 1.590832e-16 2.378101e+01 16 0
5599.5517 5626.9895 9.730058e-15 1.592985e-16 2.358545e+01 16 0
5602.2739 5629.7250 9.946315e-15 1.635332e-16 2.409883e+01 16 0
5604.9960 5632.4605 9.667406e-15 1.662152e-16 2.338916e+01 16 0
5607.7182 5635.1960 9.564162e-15 1.570719e-16 2.311091e+01 0 0
5610.4402 5637.9314 9.493581e-15 1.576130e-16 2.290950e+01 0 0
5613.1623 5640.6668 9.447889e-15 1.567493e-16 2.276937e+01 0 0
5615.8843 5643.4021 9.499467e-15 1.584000e-16 2.286704e+01 16 0
5618.6062 5646.1374 9.728855e-15 1.600036e-16 2.339786e+01 0 0
5621.3281 5648.8727 9.899881e-15 1.620104e-16 2.379126e+01 0 0
5624.0500 5651.6079 9.646411e-15 1.587919e-16 2.315206e+01 0 0
5626.7719 5654.3430 9.850772e-15 1.597296e-16 2.363684e+01 0 0
5629.4936 5657.0782 9.802015e-15 1.598358e-16 2.350678e+01 0 0
5632.2154 5659.8132 9.424182e-15 1.578120e-16 2.259039e+01 16 0
5634.9371 5662.5483 9.675029e-15 1.604593e-16 2.320197e+01 16 0
5637.6588 5665.2833 9.709591e-15 1.588251e-16 2.330109e+01 0 0
5640.3804 5668.0183 9.233106e-15 1.553126e-16 2.215829e+01 0 0
5643.1020 5670.7532 9.364535e-15 1.562394e-16 2.250369e+01 0 0
5645.8235 5673.4881 9.205008e-15 1.560817e-16 2.214676e+01 0 0
5648.5450 5676.2229 9.287571e-15 1.564307e-16 2.238103e+01 0 0
5651.2665 5678.9577 9.252638e-15 1.560860e-16 2.232711e+01 0 0
5653.9879 5681.6924 9.309438e-15 1.564676e-16 2.250165e+01 16 0
5656.7093 5684.4272 9.673734e-15 1.603126e-16 2.343240e+01 16 0
5659.4306 5687.1618 9.447791e-15 1.594375e-16 2.290998e+01 16 0
5662.1519 5689.8964 9.328442e-15 1.564320e-16 2.265367e+01 0 0
5664.8732 5692.6310 8.995935e-15 1.690584e-16 2.186866e+01 16 0
5667.5944 5695.3656 1.370080e-14 6.783841e-16 3.351347e+01 528 0
