# obs_wvl flux error
1.668000000000000000e+03 8.146428123948253237e-15 3.608334466335749760e-15
1.669373472544272317e+03 -2.203591065332857674e-15 3.340778169478218365e-15
1.670746945088544635e+03 -1.005022107041218736e-15 2.617037378700528857e-15
1.672120417632816952e+03 -2.415733685075127600e-15 2.837959789289377638e-15
1.673493890177089270e+03 1.264730853358303727e-15 2.712421109010522500e-15
1.674867362721361587e+03 4.406280094825364601e-15 3.613948844957322324e-15
1.676240835265633905e+03 -8.068797276340353152e-16 5.371757755053276465e-15
1.677614307809906222e+03 -9.451349684772578594e-15 2.735865908208223907e-15
1.678987780354178540e+03 -2.144204677472242154e-14 2.868182221344823635e-15
1.680361252898450857e+03 -3.426502349422242548e-15 2.344263335050777937e-15
1.681734725442723175e+03 2.865524015990264722e-15 2.187270453128514335e-15
1.683108197986995492e+03 5.046727471769244940e-15 2.175906863083608432e-15
1.684481670531267810e+03 -1.026433441897226617e-15 1.757850370070498024e-15
1.685855143075540127e+03 6.669370296619010482e-15 1.918281936257463738e-15
1.687228615619812444e+03 -1.192370162020466500e-15 1.701806421566928213e-15
1.688602088164084762e+03 2.285368284726286576e-16 1.755476478824644310e-15
1.689975560708357079e+03 1.830715223490367898e-15 2.360239153761639864e-15
1.691349033252629397e+03 4.745218858539558566e-15 1.877020181210547139e-15
1.692722505796901714e+03 5.608587214779250289e-16 1.880252335864209455e-15
1.694095978341174032e+03 5.336332317276632906e-15 2.245758155972072241e-15
1.695469450885446349e+03 -2.176251058823240651e-17 1.620070419347107001e-15
1.696842923429718667e+03 1.182115142783337395e-15 1.874827380510165237e-15
1.698216395973990984e+03 5.997999284627704364e-15 1.775512937394852923e-15
1.699589868518263302e+03 9.957649774533977700e-15 4.058927769258583039e-15
1.700963341062535619e+03 -4.569362821640956947e-15 4.531491244006036415e-15
1.702336813606807937e+03 -6.200519357502120796e-16 1.669053869797980874e-15
1.703710286151080254e+03 1.573848482334439003e-15 1.684001118987110630e-15
1.705083758695352572e+03 1.487148343113080074e-14 1.984776489884083319e-15
1.706457231239624889e+03 -6.243993266824999652e-16 1.437971141737393338e-15
1.707830703783897206e+03 -7.358684324268873364e-15 2.028808469753515880e-15
1.709204176328169524e+03 2.239988612627836282e-15 1.528675497273648635e-15
1.710577648872441841e+03 -3.214620164016608097e-16 1.491379699231536319e-15
1.711951121416714159e+03 -1.409041973803676813e-15 1.591400364542462369e-15
1.713324593960986476e+03 1.036444208953931910e-14 2.130755194471144113e-15
1.714698066505258794e+03 2.216765399654097872e-15 2.637941750880873746e-15
1.716071539049531111e+03 1.287324686834928850e-15 1.286366042009488615e-15
1.717445011593803429e+03 3.498758310772426160e-15 1.296737624721132225e-15
1.718818484138075746e+03 5.429190118700472947e-17 1.064618927570422133e-15
1.720191956682348064e+03 -7.476164364796936736e-16 1.328871211143883432e-15
1.721565429226620381e+03 7.423657306843175585e-16 1.314343051771009119e-15
1.722938901770892699e+03 -3.365765586521652898e-16 1.185619211513146712e-15
1.724312374315165016e+03 9.309480686100602796e-15 1.183626672455127496e-15
1.725685846859437333e+03 -8.630438054661668237e-16 1.129413787531960555e-15
1.727059319403709651e+03 -1.438465413577777386e-15 1.243757727495073894e-15
1.728432791947981968e+03 -1.182191550287529450e-15 1.015197962564754023e-15
1.729806264492254286e+03 5.405269079812361090e-16 1.103213999482591164e-15
1.731179737036526603e+03 8.869741063469281721e-16 1.030305031752768546e-15
1.732553209580798921e+03 1.402246689754485840e-15 1.079322383132816841e-15
1.733926682125071238e+03 -3.945861001144831731e-16 1.504868395492354941e-15
1.735300154669343556e+03 5.926359357158480855e-15 1.249089291824768669e-15
1.736673627213615873e+03 3.974607189664312690e-15 1.001988646192830052e-15
1.738047099757888191e+03 2.183510133097068143e-15 9.665817886923183856e-16
1.739420572302160508e+03 -1.055856315110390667e-15 1.182056673646939593e-15
1.740794044846432826e+03 9.924571596834583965e-16 1.008515378079246078e-15
1.742167517390705143e+03 2.587010333958707297e-15 9.454291039898476611e-16
1.743540989934977461e+03 4.267305769548680337e-15 1.090709564431618822e-15
1.744914462479249778e+03 -5.232658054254309968e-15 1.121688985343099545e-15
1.746287935023522095e+03 1.892339380719392643e-15 1.026844451366130111e-15
1.747661407567794413e+03 -2.021013103618049713e-15 9.800655596919837169e-16
1.749034880112066730e+03 -1.199862449959921023e-15 1.133349535126429802e-15
1.750408352656339048e+03 1.157584097181755662e-14 2.395881770388462592e-15
1.751781825200611365e+03 -5.610717520647110330e-16 8.266649816798914235e-16
1.753155297744883683e+03 -1.595911087803229685e-16 1.034904201543139674e-15
1.754528770289156000e+03 1.537801360755689810e-16 9.050033156147093173e-16
1.755902242833428318e+03 3.013659602440065029e-16 8.568100479625637818e-16
1.757275715377700635e+03 1.742114709441748738e-15 9.385718674405637125e-16
1.758649187921972953e+03 -1.846603716994964534e-16 8.069989303623882970e-16
1.760022660466245270e+03 -2.215613931485802759e-15 9.038933407214917611e-16
1.761396133010517588e+03 -3.850904337440718608e-15 2.445957718247126246e-15
1.762769605554789905e+03 -5.128042043439221370e-16 9.788490223223008954e-16
1.764143078099062222e+03 -1.596055751338939650e-15 8.558096896315414648e-16
1.765516550643334540e+03 -4.420113161224347994e-16 8.569449709390363261e-16
1.766890023187606857e+03 1.324198933961626232e-15 8.150642268487140734e-16
1.768263495731879175e+03 1.292464925946808769e-14 9.043804953635073267e-16
1.769636968276151492e+03 1.147330065871203820e-15 7.985424091514042938e-16
1.771010440820423810e+03 -9.379908392985241800e-17 8.438101186350599855e-16
1.772383913364696127e+03 3.177924085224997557e-16 8.161380798244782864e-16
1.773757385908968445e+03 7.365252010401926163e-16 9.360897631183374138e-16
1.775130858453240762e+03 -4.595228946835715139e-16 8.697005691880193640e-16
1.776504330997513080e+03 1.150980908362747642e-15 7.273417203445633872e-16
1.777877803541785397e+03 -1.435075803240040283e-15 8.231466151922366192e-16
1.779251276086057715e+03 -1.211822221832833345e-15 9.214678321696469028e-16
1.780624748630330032e+03 -2.380753391749429676e-15 1.890378880538203082e-15
1.781998221174602349e+03 2.919715789303046626e-16 8.550445746524430221e-16
1.783371693718874667e+03 -6.214076632761451586e-16 9.794837226860392495e-16
1.784745166263146984e+03 -1.540432648023789425e-15 7.312680950378177909e-16
1.786118638807419302e+03 -1.252573084261545093e-14 2.068606179077746857e-15
1.787492111351691619e+03 1.852704955193369338e-15 7.622148634053294401e-16
1.788865583895963937e+03 5.047834266584286805e-17 7.021177691635117806e-16
1.790239056440236254e+03 -2.596275863221379585e-16 8.362898663138221520e-16
1.791612528984508572e+03 1.260050088839102449e-15 7.452541629687614343e-16
1.792986001528780889e+03 3.739696631515012418e-16 6.491281010190910508e-16
1.794359474073053207e+03 5.453280293452579995e-15 7.964966601626107927e-16
1.795732946617325524e+03 9.836425476806695394e-16 7.047940431639104871e-16
1.797106419161597842e+03 -1.347365275122722207e-15 7.128050713005203683e-16
1.798479891705870159e+03 -1.157975902183475559e-15 9.218168708683948773e-16
1.799853364250142477e+03 3.030611496771731976e-16 6.400178529951533833e-16
1.801226836794414794e+03 6.838451762857477603e-19 7.256046097751100100e-16
1.802600309338687111e+03 2.748634094439928586e-16 5.990476861586768902e-16
1.803973781882959429e+03 1.324663901392661748e-15 6.164383220531076550e-16
1.805347254427231746e+03 5.363067665500935571e-16 9.206828889666989826e-16
1.806720726971504064e+03 4.105358342120405869e-16 6.932270709208533688e-16
1.808094199515776381e+03 -1.153122493098192076e-15 9.446323275095530103e-16
1.809467672060048699e+03 1.687540033975326086e-15 6.705833536018792659e-16
1.810841144604321016e+03 1.278176472326820418e-15 5.734607509974496490e-16
1.812214617148593334e+03 7.339365775388301746e-16 5.879690689240825085e-16
1.813588089692865651e+03 2.426073417891255852e-15 7.033896406772294379e-16
1.814961562237137969e+03 1.506901790009308524e-15 7.244508450292554133e-16
1.816335034781410286e+03 -1.236236596332448753e-15 5.337884893553397305e-16
1.817708507325682604e+03 -1.113365413087104469e-17 6.286491608903526163e-16
1.819081979869954921e+03 1.913935820982822089e-16 7.324298923269013078e-16
1.820455452414227238e+03 -5.756180409642968962e-16 8.839449347864037035e-16
1.821828924958499556e+03 -4.171591168569677831e-15 9.760978986558679977e-16
1.823202397502771873e+03 -4.208774644525741266e-16 5.381754630956605165e-16
1.824575870047044191e+03 4.216308826765308485e-16 5.439006842140799660e-16
1.825949342591316508e+03 4.164644697920334876e-16 5.601427936605256768e-16
1.827322815135588826e+03 2.559418397446907272e-15 5.640458854737026079e-16
1.828696287679861143e+03 2.147370883316617827e-16 5.724663581955569782e-16
1.830069760224133461e+03 9.983413095786495983e-16 6.204549183131829231e-16
1.831443232768405778e+03 -3.972729932360135534e-15 1.732289174441289996e-15
1.832816705312678096e+03 5.722285877899475904e-16 5.238429161684164152e-16
1.834190177856950413e+03 1.648612539686483915e-15 8.552090695569332322e-16
1.835563650401222731e+03 -5.047713267402819572e-16 4.821410339343152722e-16
1.836937122945495048e+03 -3.135474059643184709e-16 5.858168843643614124e-16
1.838310595489767366e+03 -1.687011795794293047e-16 5.462844621521895104e-16
1.839684068034039683e+03 5.119347268971651721e-16 5.291909985003364138e-16
1.841057540578312000e+03 3.907470499543955840e-16 6.708949017456565383e-16
1.842431013122584318e+03 2.828985671951373898e-15 6.107179782129430628e-16
1.843804485666856635e+03 1.415136661975674690e-15 5.275455342202378940e-16
1.845177958211128953e+03 -2.719253990055423722e-16 4.835858314764814690e-16
1.846551430755401270e+03 -7.949899513569337791e-16 4.621483572391185963e-16
1.847924903299673588e+03 9.589676100740836208e-16 5.038546826566457250e-16
1.849298375843945905e+03 9.506317179555548603e-16 9.183463609764479737e-16
1.850671848388218223e+03 1.174799047444433676e-15 5.342982045979054209e-16
1.852045320932490540e+03 9.150969744203745616e-16 4.874019446486009598e-16
1.853418793476762858e+03 -6.297998027143312739e-16 4.328216140296030760e-16
1.854792266021035175e+03 -4.322446410424386178e-16 5.371284788449593198e-16
1.856165738565307493e+03 -5.204037054422900709e-15 1.024941547970805563e-15
1.857539211109579810e+03 -2.189113195835647227e-17 6.705786778820931451e-16
1.858912683653852127e+03 2.821205253730171795e-15 5.158823458920486299e-16
1.860286156198124445e+03 5.229262178514290628e-15 1.021766260257004097e-15
1.861659628742396762e+03 -1.872632130397956742e-16 4.804448090423567770e-16
1.863033101286669080e+03 4.082931033126940278e-16 5.042080677303670226e-16
1.864406573830941397e+03 5.580764064705257157e-16 5.589897043503137728e-16
1.865780046375213715e+03 1.616520714044770653e-15 5.191842870935444521e-16
1.867153518919486032e+03 5.576234117941837187e-16 4.516661010612554761e-16
1.868526991463758350e+03 1.127160443395910491e-16 4.114968165109547559e-16
1.869900464008030667e+03 2.054323148596167633e-15 8.342352932439277655e-16
1.871273936552302985e+03 -7.008704432756484777e-16 5.988058812580804144e-16
1.872647409096575302e+03 -2.165394429823568360e-15 9.494311388854988113e-16
1.874020881640847620e+03 3.619185639631983709e-16 9.898675514432485349e-16
1.875394354185119937e+03 -3.372617900616564166e-15 1.314822694236338115e-15
1.876767826729392254e+03 5.019507338792983527e-15 6.355452816029062983e-16
1.878141299273664572e+03 1.979414859959362092e-15 5.211485974884393953e-16
1.879514771817936889e+03 3.408860395698962184e-15 4.307196502855319908e-16
1.880888244362209207e+03 2.868122638977280164e-15 4.709789967310967789e-16
1.882261716906481524e+03 2.206837677469256963e-16 3.974981412164171457e-16
1.883635189450753842e+03 2.364960888605173533e-16 4.092089568939243173e-16
1.885008661995026159e+03 1.139063904779288356e-16 4.485253708666519174e-16
1.886382134539298477e+03 5.330536106988507862e-16 5.227750123929646874e-16
1.887755607083570794e+03 4.441507367592747554e-19 9.229949201693449061e-16
1.889129079627843112e+03 -3.515921850501746112e-15 1.090737800086444218e-15
1.890502552172115429e+03 5.350285241274786287e-16 5.114820150544138628e-16
1.891876024716387747e+03 -2.036921242748249199e-16 3.883463397453335701e-16
1.893249497260660064e+03 1.020955104430801380e-15 3.913661970885469956e-16
1.894622969804932382e+03 2.123762704697149916e-15 4.439008559582816222e-16
1.895996442349204699e+03 1.968257464617410173e-15 5.456090273787692194e-16
1.897369914893477016e+03 -8.344223041207258605e-17 3.589981157979127982e-16
1.898743387437749334e+03 1.252281935982666236e-15 3.950465372421524928e-16
1.900116859982021651e+03 4.488575579464983357e-16 3.745045133222052150e-16
1.901490332526293969e+03 8.983628498377312601e-16 3.601239556931619704e-16
1.902863805070566286e+03 -3.079066258457919359e-16 3.513780724114698919e-16
1.904237277614838604e+03 -2.322966533601663967e-16 3.617108615908858356e-16
1.905610750159110921e+03 -7.198275193353303119e-16 4.006176350928741440e-16
1.906984222703383239e+03 1.047096756060448545e-15 4.351849677227272801e-16
1.908357695247655556e+03 4.509599035259782476e-16 5.814485381602544685e-16
1.909731167791927874e+03 1.890715668121564881e-15 4.278781339778250545e-16
1.911104640336200191e+03 -3.867427891300785482e-16 4.079230281823786136e-16
1.912478112880472509e+03 -7.458850980334669382e-17 4.999144454661485194e-16
1.913851585424744826e+03 -6.492365182856528155e-16 3.756740572930473289e-16
1.915225057969017143e+03 1.396958002867226130e-16 3.495617763513044131e-16
1.916598530513289461e+03 -1.097011866355361160e-15 4.964320618304703659e-16
1.917972003057561778e+03 -8.887846780352081677e-16 5.099150681667663504e-16
1.919345475601834096e+03 1.343851220765324759e-15 1.607627301416362232e-15
1.920718948146106413e+03 3.250787993534442950e-16 4.139191203861090938e-16
1.922092420690378731e+03 1.669530814712134977e-15 3.696671987687052343e-16
1.923465893234651048e+03 5.314967359699446701e-16 4.533028699428719414e-16
1.924839365778923366e+03 -1.047034256911022050e-15 7.219438070570086087e-16
1.926212838323195683e+03 4.908768926062069750e-16 3.368113225870893099e-16
1.927586310867468001e+03 1.553567704075280422e-15 6.417319348674446686e-16
1.928959783411740318e+03 -7.529980292872401792e-16 4.577879796380283719e-16
1.930333255956012636e+03 4.072566901867804597e-16 3.558365785110613825e-16
1.931706728500284953e+03 1.345170658740966955e-15 3.826152806796198463e-16
1.933080201044557271e+03 1.904713216704822640e-16 3.408513917539477190e-16
1.934453673588829588e+03 -3.553708680716660984e-17 3.453824551069569714e-16
1.935827146133101905e+03 1.097962995250568700e-15 3.622325596562244298e-16
1.937200618677374223e+03 3.229999722920827688e-16 3.211123666985896719e-16
1.938574091221646540e+03 -9.141595627142251521e-19 3.407102813586271496e-16
1.939947563765918858e+03 1.483795223812001305e-16 3.343514268685192012e-16
1.941321036310191175e+03 4.300633397035494083e-17 3.079369145579374295e-16
1.942694508854463493e+03 2.746341248683083833e-16 3.252135988727809796e-16
1.944067981398735810e+03 8.199439796601573819e-16 3.570122276816038666e-16
1.945441453943008128e+03 7.723550880340476788e-17 3.037215610348454830e-16
1.946814926487280445e+03 -2.523033333706311764e-17 2.840922709481453159e-16
1.948188399031552763e+03 5.194320974231388746e-16 4.376125073021221478e-16
1.949561871575825080e+03 7.869003439966081391e-16 3.210582526627198710e-16
1.950935344120097398e+03 3.196511010532318866e-16 2.602744220962342458e-16
1.952308816664369715e+03 -3.516310688878812124e-16 2.760898872784165509e-16
1.953682289208642032e+03 -3.114369486598864867e-19 2.793962088668355819e-16
1.955055761752914350e+03 2.233560156514929971e-17 2.963215894469844064e-16
1.956429234297186667e+03 1.457497344877934033e-15 5.118592016238195334e-16
1.957802706841458985e+03 6.334567754554305337e-16 3.253284832578001284e-16
1.959176179385731302e+03 3.073733406033238705e-16 2.902110689438139945e-16
1.960549651930003620e+03 4.924864722834390306e-16 2.895223146619629911e-16
1.961923124474275937e+03 1.385842630377220242e-15 3.004830676152376821e-16
1.963296597018548255e+03 1.140304130130803252e-15 2.939243618660472719e-16
1.964670069562820572e+03 5.471943433277740629e-16 2.866009919999322287e-16
1.966043542107092890e+03 1.727826799280393488e-15 5.244472187830899344e-16
1.967417014651365207e+03 1.620487455239806117e-15 3.448387967540996887e-16
1.968790487195637525e+03 -1.746908659008537640e-16 3.039144785301906874e-16
1.970163959739909842e+03 -6.899396540938555580e-17 4.026643895124755472e-16
1.971537432284182159e+03 5.588125461202937521e-16 3.012941156668433611e-16
1.972910904828454477e+03 3.767242142955897769e-16 6.656633522046829596e-16
1.974284377372726794e+03 -7.657078415218862024e-16 5.729288593675365194e-16
1.975657849916999112e+03 1.159110978528823159e-15 3.293101024225494410e-16
1.977031322461271429e+03 1.636471816784352500e-15 2.880971867806548007e-16
1.978404795005543747e+03 5.873631673693671137e-17 2.435828258225588147e-16
1.979778267549816064e+03 -2.905170786669552505e-16 2.309876350440354624e-16
1.981151740094088382e+03 4.387722240745796518e-16 2.625058303978315882e-16
1.982525212638360699e+03 -1.130635051458972775e-16 2.438904258407397287e-16
1.983898685182633017e+03 6.679179568510970093e-16 2.552264729161195442e-16
1.985272157726905334e+03 -3.779424848220688042e-16 2.333715386685138759e-16
1.986645630271177652e+03 -2.580663336071424572e-16 2.565910192580868776e-16
1.988019102815449969e+03 4.105301109816641971e-16 5.309969577243004753e-16
1.989392575359722287e+03 -7.530293490506439135e-16 3.833198517987225361e-16
1.990766047903994604e+03 2.632160302874591603e-17 2.511792539172209670e-16
1.992139520448266921e+03 -2.431326693593971508e-16 3.235313533680524392e-16
1.993512992992539239e+03 -4.831401497269207799e-16 2.475783617197662461e-16
1.994886465536811556e+03 -3.769727035945417909e-16 2.245078011809318505e-16
1.996259938081083874e+03 2.536642785614406809e-16 2.333298513656881913e-16
1.997633410625356191e+03 -1.760452263237499086e-16 2.536279551060097069e-16
1.999006883169628509e+03 3.709227976153331501e-16 2.423140658743158354e-16
2.000380355713900826e+03 -9.024840222505729873e-18 4.453896928507242863e-16
2.001753828258173144e+03 1.601678973258197155e-16 2.291507638279376792e-16
2.003127300802445461e+03 -1.095637427442774882e-16 2.229021890634748185e-16
2.004500773346717779e+03 5.004633769603954102e-16 2.586912891859302886e-16
2.005874245890990096e+03 1.397872382286394402e-16 2.228484594681039215e-16
2.007247718435262414e+03 9.377019510160998829e-17 2.298692929793638573e-16
2.008621190979534731e+03 9.383411340745976964e-16 3.142279568304035761e-16
2.009994663523807048e+03 -2.063369877297441683e-17 2.103564102673359243e-16
2.011368136068079366e+03 -1.482212064770114397e-16 2.191372162036237356e-16
2.012741608612351683e+03 -6.539191649291087054e-17 3.123058120562096874e-16
2.014115081156624001e+03 7.055484033367943503e-16 2.249459470778721744e-16
2.015488553700896318e+03 4.634164356762989299e-16 2.325926138271083151e-16
2.016862026245168636e+03 -1.503464516875089047e-17 2.299547441350062796e-16
2.018235498789440953e+03 8.058734663425465827e-16 3.181502285191355775e-16
2.019608971333713271e+03 -4.336362212858771196e-16 1.889207314984015633e-16
2.020982443877985588e+03 -2.164800260282531860e-16 2.471253395203764994e-16
2.022355916422257906e+03 1.265975127705052415e-16 1.216054345019445338e-15
2.023729388966530223e+03 4.035336928775838818e-16 2.210935360116216800e-16
2.025102861510802541e+03 1.983359745351559899e-16 2.163540673731404552e-16
2.026476334055074858e+03 5.460497950484643656e-16 2.166862727952613996e-16
2.027849806599347176e+03 9.084403417249328833e-16 2.670627921534243496e-16
2.029223279143619493e+03 3.106179375813036861e-16 2.733249696349353034e-16
2.030596751687891810e+03 -3.789981148828092173e-17 1.987229921183945830e-16
2.031970224232164128e+03 -3.571948388592835597e-17 2.466628069679725689e-16
2.033343696776436445e+03 1.118834061365300341e-16 2.173340279905258771e-16
2.034717169320708763e+03 -1.860972309222148214e-16 3.283554497714790315e-16
2.036090641864981080e+03 -4.478060365601992349e-16 1.935787974688977305e-16
2.037464114409253398e+03 9.671109437124382435e-17 1.831271120323874458e-16
2.038837586953525715e+03 8.707720256454578034e-16 2.035885602330265126e-16
2.040211059497798033e+03 1.477418986872765294e-15 2.233105888096100932e-16
2.041584532042070350e+03 4.398473353178914819e-17 1.893397399346808710e-16
2.042958004586342668e+03 -1.220191347976188359e-16 1.692854945841430086e-16
2.044331477130614985e+03 6.846387929767863550e-18 2.105302713980773929e-16
2.045704949674887303e+03 1.167068955361653569e-16 3.723868186768507558e-16
2.047078422219159620e+03 2.921030004131591008e-16 1.775551850753762010e-16
2.048451894763431937e+03 8.856482345164360814e-17 2.065517118443142585e-16
2.049825367307704255e+03 -9.541887910061254267e-17 1.831839822949310949e-16
2.051198839851976572e+03 2.974292153167273346e-16 1.810675866465825317e-16
2.052572312396248890e+03 3.306387328778263761e-16 1.962856206412315578e-16
2.053945784940521207e+03 4.339867439885439422e-17 1.824460120255068852e-16
2.055319257484793525e+03 -1.274090394627296837e-15 4.860479888416261416e-16
2.056692730029065842e+03 -6.491794173159874812e-17 1.657943508086364488e-16
2.058066202573338160e+03 2.600319176151563841e-18 2.438919720951692002e-16
2.059439675117610477e+03 -1.170899831973652909e-16 1.680237432197874392e-16
2.060813147661882795e+03 1.547413296348592656e-15 2.448825288474878602e-16
2.062186620206155112e+03 3.160708158548434773e-16 1.770523183666793360e-16
2.063560092750427430e+03 1.479203537179091196e-15 3.520735301037111243e-16
2.064933565294699747e+03 -4.612937953580374933e-16 1.753092512009277188e-16
2.066307037838972064e+03 2.788620791733236959e-16 1.985214188071710526e-16
2.067680510383244382e+03 1.507210809378399639e-16 1.785809562897705558e-16
2.069053982927516699e+03 8.140959271467743152e-16 1.835252141696751802e-16
2.070427455471789017e+03 1.859852288642473841e-16 1.688287307184907220e-16
2.071800928016061334e+03 2.022697267120859802e-16 1.651198917769958691e-16
2.073174400560333652e+03 -1.156669410679715517e-16 1.612948297914192572e-16
2.074547873104605969e+03 1.881821865852655976e-16 1.712412568284704381e-16
2.075921345648878287e+03 2.129413421783966141e-16 1.751172140888250846e-16
2.077294818193150604e+03 7.734684399142153294e-16 1.971443105441811732e-16
2.078668290737422922e+03 8.860097463298599597e-16 1.786002460963261862e-16
2.080041763281695239e+03 8.621476081457296414e-16 1.896472874931553058e-16
2.081415235825967557e+03 2.027957538788723139e-18 1.502965354387569210e-16
2.082788708370239874e+03 9.744741046222198734e-17 1.888613442971788773e-16
2.084162180914512192e+03 1.435107375132410838e-16 1.637973018587998655e-16
2.085535653458784509e+03 -7.216487284476684137e-18 1.501595129319216070e-16
2.086909126003056826e+03 5.656195561696640716e-17 1.647715317577556550e-16
2.088282598547329144e+03 4.963656407393798156e-16 1.829091009443654932e-16
2.089656071091601461e+03 6.138821064096260470e-16 2.013591931572070505e-16
2.091029543635873779e+03 2.001191154902179347e-16 1.950324117249212544e-16
2.092403016180146096e+03 7.881771768148071378e-17 1.494310306768719494e-16
2.093776488724418414e+03 2.780673773415910273e-17 1.636864323805883299e-16
2.095149961268690731e+03 9.032440944972706919e-16 1.551260199837525173e-16
2.096523433812963049e+03 3.129077343496287582e-16 1.478058035750254210e-16
2.097896906357235366e+03 6.093909655442840004e-17 1.650043214743723596e-16
2.099270378901507684e+03 1.649709143463405399e-16 1.471824032297738613e-16
2.100643851445780001e+03 3.082262645560029152e-16 1.547582744955030040e-16
2.102017323990052319e+03 1.341937961670401570e-16 1.396957506501187935e-16
2.103390796534324636e+03 3.066559688075470317e-16 1.518505045664985734e-16
2.104764269078596953e+03 1.854852637191857593e-16 1.590766013677466695e-16
2.106137741622869271e+03 -5.666236120740375352e-17 1.382934377026879954e-16
2.107511214167141588e+03 4.417190883849737691e-16 1.452779471017649115e-16
2.108884686711413906e+03 1.855418297711172043e-16 1.568364430641041782e-16
2.110258159255686223e+03 1.934580462118623506e-15 5.778916002451415997e-16
2.111631631799958541e+03 1.698768497397380700e-15 3.864685164535527055e-16
2.113005104344230858e+03 1.730359765195263803e-15 3.439239085455985582e-16
2.114378576888503176e+03 1.443857406323387169e-16 1.596591479624090824e-16
2.115752049432775493e+03 3.633998933698748179e-16 1.412374205717679121e-16
2.117125521977047811e+03 2.670404166554484931e-16 2.193243345580523783e-16
2.118498994521320128e+03 -9.129264111573135583e-17 1.630578256556449565e-16
2.119872467065592446e+03 3.130241872235094214e-16 1.670830624968524806e-16
2.121245939609864763e+03 9.310183646295167155e-17 1.364949774755149569e-16
2.122619412154137081e+03 -1.786347661140877072e-16 1.213638120775184353e-16
2.123992884698409398e+03 -1.260430572476402555e-16 1.393236188485840490e-16
2.125366357242681715e+03 3.074918772328289537e-15 6.170590291570896879e-16
2.126739829786954033e+03 1.356384256359094371e-16 1.318719228773740325e-16
2.128113302331226350e+03 1.968619333314745108e-16 1.213865091779164136e-16
2.129486774875498668e+03 -7.015187750323381023e-18 1.310497562241355919e-16
2.130860247419770985e+03 4.558733115227651704e-16 1.265887601700673952e-16
2.132233719964043303e+03 5.540480959078218672e-16 1.316527370854286758e-16
2.133607192508315620e+03 -5.079203272649465482e-17 1.250544103795388300e-16
2.134980665052587938e+03 -3.389835989904054900e-16 1.238511003200633075e-16
2.136354137596860255e+03 4.563175363559046135e-16 1.205200431115384103e-16
2.137727610141132573e+03 -1.898818176364221381e-16 1.412679780601428591e-16
2.139101082685404890e+03 -1.560715339122962834e-16 1.198093950707209402e-16
2.140474555229677208e+03 -6.427690455804915451e-17 1.130872401130229946e-16
2.141848027773949525e+03 -1.542889874260695814e-16 1.449345639123797322e-16
2.143221500318221842e+03 1.228883701154849310e-16 1.598594710048399229e-16
2.144594972862494160e+03 -1.062300839609991677e-15 4.408853076593556794e-16
2.145968445406766477e+03 -6.812779553692102461e-16 1.632973056277720355e-16
2.147341917951038795e+03 2.550992800569781661e-16 1.463307715982030927e-16
2.148715390495311112e+03 1.105408058700704579e-15 7.160333434407747202e-16
2.150088863039583430e+03 2.102458734780624814e-16 1.273631950213162093e-16
2.151462335583855747e+03 2.173164997637584326e-16 1.167861316884503475e-16
2.152835808128128065e+03 2.316465960476324261e-16 1.175904557637909507e-16
2.154209280672400382e+03 -2.897277053160207803e-16 1.129825722895083867e-16
2.155582753216672700e+03 1.889558795807617160e-16 1.339771628797836997e-16
2.156956225760945017e+03 4.566052825963654483e-17 1.176206896331413949e-16
2.158329698305217335e+03 -3.998019631345066119e-16 1.255856016689886922e-16
2.159703170849489652e+03 -3.694889790174084160e-16 2.473299647933883794e-16
2.161076643393761969e+03 1.761216794752648459e-16 1.096810924118412340e-16
2.162450115938034287e+03 1.693285077122007533e-16 1.149051866350891379e-16
2.163823588482306604e+03 -1.838123433238650748e-16 1.156434629223227839e-16
2.165197061026578922e+03 -6.943873997598085471e-17 1.044377534252331264e-16
2.166570533570851239e+03 9.900234226567789435e-18 1.104765958134364682e-16
2.167944006115123557e+03 -1.527268188783893060e-17 1.047353731307880172e-16
2.169317478659395874e+03 3.312117722757835818e-16 1.366987389168581951e-16
2.170690951203668192e+03 1.791159808332153972e-16 1.066475012057343879e-16
2.172064423747940509e+03 4.038379218454687457e-16 2.265506338375867210e-16
2.173437896292212827e+03 5.906864898085627664e-16 2.330628554151775075e-16
2.174811368836485144e+03 2.430692821903257967e-17 1.088831440026708239e-16
2.176184841380757462e+03 3.493689735698498887e-17 1.180979052485159541e-16
2.177558313925029779e+03 8.735191549677557018e-16 1.597534380247192175e-16
2.178931786469302097e+03 3.615265068645706843e-16 1.165186457719161390e-16
2.180305259013574414e+03 -1.857684063327770979e-16 1.017605962763146786e-16
2.181678731557846731e+03 -3.803143711869571088e-16 1.667627659437218613e-16
2.183052204102119049e+03 3.053265145288288723e-16 1.077633460454867023e-16
2.184425676646391366e+03 -5.509896391277074609e-16 1.055934091507959030e-16
2.185799149190663684e+03 -1.185054432915653019e-16 1.008596232109242531e-16
2.187172621734936001e+03 -8.682069231736476940e-17 9.796171157166051736e-17
2.188546094279208319e+03 -1.107000577191172529e-16 1.002236450003882689e-16
2.189919566823480636e+03 5.881485910905089248e-17 1.038290500200166073e-16
2.191293039367752954e+03 -8.307964555934895011e-17 1.013430398923820111e-16
2.192666511912025271e+03 3.126155750736520946e-16 1.063306193714489117e-16
2.194039984456297589e+03 8.719437244194049256e-16 1.185176137953107768e-16
2.195413457000569906e+03 7.842613303631224416e-17 1.060916938397297405e-16
2.196786929544842224e+03 -1.500387323691555612e-16 8.893790383026711910e-17
2.198160402089114541e+03 1.832364158356286967e-16 1.022766742936402410e-16
2.199533874633386858e+03 2.570093713648979597e-16 1.088158299184615965e-16
2.200907347177659176e+03 3.469424335997115735e-16 1.319516395096730568e-16
2.202280819721931493e+03 -1.604366892018476733e-16 1.494317612907900478e-16
2.203654292266203811e+03 3.051507833688159473e-16 1.047487086866003578e-16
2.205027764810476128e+03 2.357708348951582467e-16 1.435622212373729787e-16
2.206401237354748446e+03 7.334139759345630894e-17 9.416637097231910987e-17
2.207774709899020763e+03 2.434150401053317401e-16 1.005422707464106367e-16
2.209148182443293081e+03 9.084864478031745749e-17 1.278362293885441364e-16
2.210521654987565398e+03 -2.216851201280296599e-16 1.772986564811019417e-16
2.211895127531837716e+03 7.233368383051229900e-16 1.540686808644149685e-16
2.213268600076110033e+03 2.741119567874531769e-16 1.110719723868849273e-16
2.214642072620382351e+03 -3.728826884172773197e-16 1.376307609770619326e-16
2.216015545164654668e+03 1.425814083923519712e-16 9.410346880186568889e-17
2.217389017708926986e+03 1.510366117257198362e-16 1.119723907590525503e-16
2.218762490253199303e+03 2.341265390555486584e-16 1.021543511442336209e-16
2.220135962797471620e+03 3.037331491044808425e-16 9.645327974330847806e-17
2.221509435341743938e+03 2.218420755006749964e-16 8.680255743216413341e-17
2.222882907886016255e+03 -9.164025504979712770e-18 8.397129030757702836e-17
2.224256380430288573e+03 1.897463674362733411e-16 9.342945578307826747e-17
2.225629852974560890e+03 1.050248985947058743e-16 9.149060226826908789e-17
2.227003325518833208e+03 -1.079475685996686536e-16 1.027301032634892291e-16
2.228376798063105525e+03 6.892517812519877892e-17 9.211978740465464206e-17
2.229750270607377843e+03 -1.358312512710904447e-16 8.862626800846094136e-17
2.231123743151650160e+03 5.910031755280634498e-16 2.378145425921534327e-16
2.232497215695922478e+03 2.011993157247176593e-16 1.037023512141048414e-16
2.233870688240194795e+03 -1.660678658202076930e-16 8.976888667125346692e-17
2.235244160784467113e+03 -1.507296757704696685e-16 9.110821791466249480e-17
2.236617633328739430e+03 -5.417236503925641196e-17 8.661056569144405351e-17
2.237991105873011747e+03 3.479144086841524117e-17 9.633888233708870581e-17
2.239364578417284065e+03 -3.715368762274742754e-17 1.015673673344730918e-16
2.240738050961556382e+03 1.181209497280595162e-16 9.973061909478169931e-17
2.242111523505828700e+03 4.090485823302344777e-17 9.445431680675043980e-17
2.243484996050101017e+03 -1.179370304030118707e-16 1.235553926916356095e-16
2.244858468594373335e+03 -5.752332013892546571e-18 9.114226085132943236e-17
2.246231941138645652e+03 2.621797460925453342e-16 9.602168144466872002e-17
2.247605413682917970e+03 1.617686202785388879e-16 8.667226576491872793e-17
2.248978886227190287e+03 2.184557820589086211e-16 8.761880655640305408e-17
2.250352358771462605e+03 1.070829680475740931e-16 9.384929337653415751e-17
2.251725831315734922e+03 2.507298020211893622e-17 9.182939657791600898e-17
2.253099303860007240e+03 -3.548563512983929462e-16 9.563026323035999362e-17
2.254472776404279557e+03 4.764116924069420733e-17 2.883887669559572581e-16
2.255846248948551874e+03 3.118800952985400182e-17 1.690501629880528357e-16
2.257219721492824192e+03 -2.044451026070812053e-16 9.148374648777167525e-17
2.258593194037096509e+03 1.199640991241689374e-16 8.878707187464794004e-17
2.259966666581368827e+03 4.922031342393910816e-16 1.707120877547625415e-16
2.261340139125641144e+03 1.273876337639521315e-16 7.909412383329805781e-17
2.262713611669913462e+03 -2.399714929099607300e-17 7.528356393682285837e-17
2.264087084214185779e+03 7.346229933211035459e-17 8.685900025634023078e-17
2.265460556758458097e+03 1.250460720795818046e-16 9.122344256145725914e-17
2.266834029302730414e+03 -2.178888145556165260e-16 9.980190038578505988e-17
2.268207501847002732e+03 2.609445067715588715e-16 5.742567754932959010e-16
2.269580974391275049e+03 2.731852786311246469e-17 9.985678394811458622e-17
2.270954446935547367e+03 3.237024187554331045e-16 1.511145216170859980e-16
2.272327919479819684e+03 -6.522031038205841043e-17 7.494589104826678514e-17
2.273701392024092002e+03 4.994876877490609811e-17 8.391140827511312769e-17
2.275074864568364319e+03 3.110664427931877912e-16 7.548402018299226074e-17
2.276448337112636636e+03 -1.317741329188872107e-17 7.647738976562114334e-17
2.277821809656908954e+03 2.609359899497652457e-17 7.653712753651514537e-17
2.279195282201181271e+03 1.070797521915310194e-16 9.020469102759837755e-17
2.280568754745453589e+03 6.699588966962704181e-17 7.301586343502781499e-17
2.281942227289725906e+03 4.215253325636922060e-17 7.536432074365818147e-17
2.283315699833998224e+03 -3.460653625138775228e-17 7.149227411834779123e-17
2.284689172378270541e+03 1.473001533977514381e-16 8.504299984749612752e-17
2.286062644922542859e+03 1.092802990152380176e-16 1.391805072206723238e-16
2.287436117466815176e+03 -1.222209108355840528e-16 7.117097431788355206e-17
2.288809590011087494e+03 8.586542045044727002e-17 8.064987134791639846e-17
2.290183062555359811e+03 5.162127982401035695e-17 7.188673238885174646e-17
2.291556535099632129e+03 -6.086081759316612965e-17 6.716277063180896400e-17
2.292930007643904446e+03 -5.141058768542022011e-17 7.889450671918504511e-17
2.294303480188176763e+03 2.479296786469377152e-16 7.599707205517978691e-17
2.295676952732449081e+03 4.016774313932340861e-16 1.189173384337678287e-16
2.297050425276721398e+03 3.689151253870618779e-16 9.211714172347233378e-17
2.298423897820993716e+03 1.240160889731727494e-16 7.882141943464146656e-17
2.299797370365266033e+03 -1.638009213733455279e-16 1.294811199639595644e-16
2.301170842909538351e+03 1.426330607563579413e-16 7.283047506882411339e-17
2.302544315453810668e+03 1.187309939089491389e-16 8.811555168924413922e-17
2.303917787998082986e+03 2.408938911979998374e-17 7.559458094963620617e-17
2.305291260542355303e+03 -1.750280222832992300e-17 9.630361698759613503e-17
2.306664733086627621e+03 1.309909103322769112e-18 6.867862788694976044e-17
2.308038205630899938e+03 1.415170043831092456e-16 1.230449754972131517e-16
2.309411678175172256e+03 2.263812772686600898e-16 8.452189946319539516e-17
2.310785150719444573e+03 1.119042281459371395e-16 6.650662487397463736e-17
2.312158623263716891e+03 -6.724601069421481517e-17 6.438648806992699555e-17
2.313532095807989208e+03 1.062726269344667086e-18 6.590041677687480718e-17
2.314905568352261525e+03 1.274070322652385942e-16 7.755092226646613974e-17
2.316279040896533843e+03 3.820128800264218786e-17 6.564354458470717945e-17
2.317652513440806160e+03 2.781652246743823045e-17 7.105879467863178353e-17
2.319025985985078478e+03 1.914651676564438779e-16 7.245627928275344306e-17
2.320399458529350795e+03 3.803497414968583466e-16 9.370203065224458419e-17
2.321772931073623113e+03 -7.350659073590766339e-17 7.694732675919927298e-17
2.323146403617895430e+03 -1.941979079416527138e-17 6.561068372093628889e-17
2.324519876162167748e+03 4.128611364149089292e-17 6.676722495524218184e-17
2.325893348706440065e+03 -1.912859793871035741e-16 6.118563650608505465e-17
2.327266821250712383e+03 -1.264289857556254164e-17 6.106210964865366885e-17
2.328640293794984700e+03 1.365610888888278053e-16 1.132736075835715850e-16
2.330013766339257018e+03 -1.592255535926939127e-17 6.136941052863407751e-17
2.331387238883529335e+03 -1.090665731742936997e-17 6.405116692583063445e-17
2.332760711427801652e+03 6.889243690119188431e-17 6.616955276834461282e-17
2.334134183972073970e+03 1.003277159027392878e-16 6.801850365408463805e-17
2.335507656516346287e+03 1.938707706717117251e-16 7.857206854903182712e-17
2.336881129060618605e+03 1.269407451008012004e-16 7.180374629221796868e-17
2.338254601604890922e+03 1.321993504765157214e-16 6.447883858203519527e-17
2.339628074149163240e+03 3.124557966200073392e-16 7.407843409428623674e-17
2.341001546693435557e+03 5.696966015316900892e-16 1.743894803012106654e-16
2.342375019237707875e+03 -2.569360390457696723e-17 6.987232526118556182e-17
2.343748491781980192e+03 3.960335668515658483e-16 6.485496410004236113e-17
2.345121964326252510e+03 2.672588468926698815e-16 6.758527225349215215e-17
2.346495436870524827e+03 1.321098771047096282e-16 6.149766022884868734e-17
2.347868909414797145e+03 6.303978049700394070e-17 6.298279901633708382e-17
2.349242381959069462e+03 1.601618661968544482e-16 6.592407080339643276e-17
2.350615854503341779e+03 6.989854071451018898e-17 6.150551242259337566e-17
2.351989327047614097e+03 -3.045189199279116233e-17 6.233102692896139581e-17
2.353362799591886414e+03 1.008461052770607941e-16 6.650775930503822299e-17
2.354736272136158732e+03 5.653991675027365132e-17 1.037944118518564612e-16
2.356109744680431049e+03 6.073921622979699614e-17 5.923264405099013263e-17
2.357483217224703367e+03 7.141093626318671210e-17 5.904461771318889624e-17
2.358856689768975684e+03 2.201704855791468164e-16 5.706224494763822282e-17
2.360230162313248002e+03 -4.502322500676757094e-17 6.567789720730931867e-17
2.361603634857520319e+03 -9.271620852607920479e-17 1.277358105219621646e-16
2.362977107401792637e+03 -3.598764758022373839e-17 7.504036911514920809e-17
2.364350579946064954e+03 -5.572286870949480521e-16 2.801685773587976792e-16
2.365724052490337272e+03 1.734981860805907551e-16 1.051724908278429588e-16
2.367097525034609589e+03 4.119742319161699053e-16 7.042263768936960955e-17
2.368470997578881907e+03 -1.830370630867325532e-16 1.617714677414757671e-16
2.369844470123154224e+03 9.939172905556312267e-17 7.282593128986248264e-17
2.371217942667426541e+03 2.460498771379615044e-16 6.232491656532008877e-17
2.372591415211698859e+03 1.271926208191055597e-16 6.630363679849771008e-17
2.373964887755971176e+03 1.001424013536733552e-16 5.940700750295212398e-17
2.375338360300243494e+03 -1.865613643539857073e-17 5.889848871548453152e-17
2.376711832844515811e+03 7.058499349725725472e-17 5.937422401497722698e-17
2.378085305388788129e+03 -3.675730311435616818e-17 1.265186776974447596e-16
2.379458777933060446e+03 5.719528520793304897e-16 6.750913038825176892e-17
2.380832250477332764e+03 6.513048668070558925e-17 5.496784202083653350e-17
2.382205723021605081e+03 1.234850222244767960e-17 5.631861732074030646e-17
2.383579195565877399e+03 1.298507167950183285e-16 5.794316587558337521e-17
2.384952668110149716e+03 5.691582977305638516e-17 5.646387868247730409e-17
2.386326140654422034e+03 1.928118504794447127e-17 5.764739233311702878e-17
2.387699613198694351e+03 -1.356096783729126216e-17 5.538329189656891635e-17
2.389073085742966668e+03 2.449771490207969023e-17 6.126839481402191309e-17
2.390446558287238986e+03 6.551382841051790466e-17 5.717972948037772706e-17
2.391820030831511303e+03 -7.416877472883078098e-17 5.731215845642104506e-17
2.393193503375783621e+03 -1.451312811518627892e-16 5.567561815958818531e-17
2.394566975920055938e+03 1.118714192565244539e-16 8.318692210201559468e-17
2.395940448464328256e+03 -1.418809356503310920e-17 5.489915748563435581e-17
2.397313921008600573e+03 1.291414722858800221e-16 5.829446114491124567e-17
2.398687393552872891e+03 9.630144933384017625e-17 6.428685076861732239e-17
2.400060866097145208e+03 -7.119671437338291533e-18 5.558855608123813178e-17
2.401434338641417526e+03 1.313025315535850548e-16 6.167599193656282113e-17
2.402807811185689843e+03 1.158246557282055891e-16 6.083019259522973221e-17
2.404181283729962161e+03 2.538655378200548580e-16 6.455433406059452362e-17
2.405554756274234478e+03 9.770804569761691034e-17 6.246274253916271124e-17
2.406928228818506796e+03 -8.286442970884453802e-17 6.238776321613268525e-17
2.408301701362779113e+03 2.368759055947808717e-16 8.473006452450554639e-17
2.409675173907051430e+03 2.031794926982437509e-16 5.664317443514915482e-17
2.411048646451323748e+03 1.179806465905445506e-16 5.260801836021180172e-17
2.412422118995596065e+03 1.940452950324454070e-16 6.276436112597859126e-17
2.413795591539868383e+03 4.655673380043962588e-17 5.436774268355604662e-17
2.415169064084140700e+03 2.509094573647323864e-17 5.644149956149238774e-17
2.416542536628413018e+03 2.309183625001319059e-17 2.336370198892763513e-16
2.417916009172685335e+03 -3.294157461222338451e-17 6.500127283688528184e-17
2.419289481716957653e+03 -2.022288987657474182e-17 6.039706378403387921e-17
2.420662954261229970e+03 -1.049882862304561501e-16 5.487534857778923307e-17
2.422036426805502288e+03 -5.344746368274578567e-17 5.447831079297736837e-17
2.423409899349774605e+03 8.195198765721139221e-17 5.633371857465742512e-17
2.424783371894046923e+03 6.300614507925031370e-17 5.686471379037721960e-17
2.426156844438319240e+03 1.506804713351200678e-16 6.210772690935229414e-17
2.427530316982591557e+03 2.113919387475331486e-16 1.359191032826981628e-16
2.428903789526863875e+03 8.862828908998659844e-17 8.504853592761980198e-17
2.430277262071136192e+03 7.773033786620286103e-17 5.149429918576420849e-17
2.431650734615408510e+03 8.510276105963729783e-18 5.442770502146344877e-17
2.433024207159680827e+03 2.790436753531297615e-16 8.869346424537250001e-17
2.434397679703953145e+03 1.140862946975119737e-16 5.441838400467802389e-17
2.435771152248225462e+03 1.914857242844500953e-16 5.282891343890219258e-17
2.437144624792497780e+03 7.740588958553448710e-17 5.228405248355400026e-17
2.438518097336770097e+03 1.222887866635169499e-16 4.933689650596537919e-17
2.439891569881042415e+03 2.012833362007423464e-16 5.476157803470854075e-17
2.441265042425314732e+03 -2.957237457755306891e-19 4.909204195857659794e-17
2.442638514969587050e+03 -1.084249056888809197e-17 5.017028490884688348e-17
2.444011987513859367e+03 -1.629678181694710161e-17 1.063085514813875077e-16
2.445385460058131684e+03 1.671762967231453733e-16 7.084769463886988402e-17
2.446758932602404002e+03 -2.106194976265582682e-17 5.693584077937894885e-17
2.448132405146676319e+03 1.670425201161451322e-17 5.350511742019308422e-17
2.449505877690948637e+03 1.224828468905367393e-16 8.132405692665552896e-17
2.450879350235220954e+03 8.904183680219302237e-17 5.693861918649996982e-17
2.452252822779493272e+03 -2.942588881457691063e-16 1.260512920165964021e-16
2.453626295323765589e+03 -4.194653293155842964e-17 6.281427718541179702e-17
2.454999767868037907e+03 2.257220361161454168e-16 5.842905415539460119e-17
2.456373240412310224e+03 1.925045019839343696e-16 5.334049911925034301e-17
2.457746712956582542e+03 4.958680304574208667e-16 7.673133415377645546e-17
2.459120185500854859e+03 2.978515236057470410e-16 5.447961090039090652e-17
2.460493658045127177e+03 2.973532986740022129e-16 8.016287792406487983e-17
2.461867130589399494e+03 7.054304122256037630e-17 6.102925407687374965e-17
2.463240603133671812e+03 1.103817541847407624e-16 5.367321967160504273e-17
2.464614075677944129e+03 1.449121756666363248e-16 5.359482336685750561e-17
2.465987548222216446e+03 1.280477214514043205e-16 5.136633529352555071e-17
2.467361020766488764e+03 -4.367266960316950231e-17 7.234495870087536611e-17
2.468734493310761081e+03 -3.332558339053679070e-16 1.223486476364514432e-16
2.470107965855033399e+03 3.091986172488874204e-17 5.597327605033734716e-17
2.471481438399305716e+03 2.364296874667723752e-16 5.580285993527589034e-17
2.472854910943578034e+03 1.280496680195921748e-16 4.954724835539375601e-17
2.474228383487850351e+03 1.775747548394270679e-16 4.871733386902800384e-17
2.475601856032122669e+03 8.404984355103089784e-17 5.887331904549785554e-17
2.476975328576394986e+03 1.218736498668857667e-17 6.163961192388880176e-17
2.478348801120667304e+03 5.402873129180255313e-17 5.709064536613355737e-17
2.479722273664939621e+03 -3.973979807485939588e-17 4.646426006190262821e-17
2.481095746209211939e+03 9.757918623206637991e-17 5.210514987232436822e-17
2.482469218753484256e+03 5.761119695476797027e-17 4.959237906013138233e-17
2.483842691297756573e+03 1.369103663590137221e-16 5.142001425642179639e-17
2.485216163842028891e+03 2.793570866792247401e-16 7.455805517414388254e-17
2.486589636386301208e+03 1.535293550310440627e-16 5.938133416293694159e-17
2.487963108930573526e+03 1.031630999154901748e-16 5.244906326659799617e-17
2.489336581474845843e+03 2.445842727286218421e-16 5.265233181087590240e-17
2.490710054019118161e+03 1.997391143362242859e-16 5.096605939332672402e-17
2.492083526563390478e+03 1.505360676712764145e-16 7.862687844168357854e-17
2.493456999107662796e+03 -1.059047784451606851e-16 5.592970515036224541e-17
2.494830471651935113e+03 7.111366010876904639e-17 6.268022328789653437e-17
2.496203944196207431e+03 1.360677101603009125e-15 1.160287048904861832e-16
2.497577416740479748e+03 1.088990959895914508e-16 5.735273506805393150e-17
2.498950889284752066e+03 1.701114622391087105e-16 4.787918431779450030e-17
2.500324361829024383e+03 2.112893160780453597e-16 6.151248468864994616e-17
2.501697834373296701e+03 4.904024577952955772e-16 8.204113486059692899e-17
2.503071306917569018e+03 2.395437954448877715e-16 4.719616562161546786e-17
2.504444779461841335e+03 1.479639261087977933e-16 4.985660426391248961e-17
2.505818252006113653e+03 2.990531441311274218e-16 5.405918838637494953e-17
2.507191724550385970e+03 2.169662164223179570e-16 5.859288338203182972e-17
2.508565197094658288e+03 1.860193448990583772e-16 7.629131089609716670e-17
2.509938669638930605e+03 3.318987544053980714e-16 7.086699194575840000e-17
2.511312142183202923e+03 1.574182004018569427e-16 5.672899407827271470e-17
2.512685614727475240e+03 8.890457036388648861e-17 4.770471174625096024e-17
2.514059087271747558e+03 1.211760812507668166e-16 6.391299921102077985e-17
2.515432559816019875e+03 1.428593448857907275e-16 4.791766706834689762e-17
2.516806032360292193e+03 4.057852655412592076e-16 5.198152082091098007e-17
2.518179504904564510e+03 2.843958678261742639e-16 5.472711891526299954e-17
2.519552977448836828e+03 2.082091228527102817e-16 5.185044333835580214e-17
2.520926449993109145e+03 2.551997806882976325e-16 6.170259302431095100e-17
2.522299922537381462e+03 3.900561995233963381e-16 5.515227083913609968e-17
2.523673395081653780e+03 3.871051148098748435e-16 8.318805087034760678e-17
2.525046867625926097e+03 5.178764788294404855e-18 9.322192690373960778e-17
2.526420340170198415e+03 2.202740328638022293e-16 5.875057028685274062e-17
2.527793812714470732e+03 2.209032824840351571e-16 5.160871265795318720e-17
2.529167285258743050e+03 1.783410088440718559e-16 5.115243055566696855e-17
2.530540757803015367e+03 1.342870055380377297e-16 4.684789910575866870e-17
2.531914230347287685e+03 1.810258629570474561e-16 4.705286812538044336e-17
2.533287702891560002e+03 2.794194127300106095e-16 6.017318985848590161e-17
2.534661175435832320e+03 1.408928291629647309e-16 5.213964936480163996e-17
2.536034647980104637e+03 -2.942669176270598637e-16 8.453130466337816365e-17
2.537408120524376955e+03 6.597578646947687724e-17 5.097966369580770595e-17
2.538781593068649272e+03 1.918857078884792927e-16 4.492875993409687014e-17
2.540155065612921589e+03 2.058919387271820009e-16 4.701905067493102734e-17
2.541528538157193907e+03 3.604507527069801730e-16 8.133080389156807625e-17
2.542902010701466224e+03 2.379629785004112938e-16 5.285217227383721635e-17
2.544275483245738542e+03 2.911850082516145575e-16 4.413757896021536974e-17
2.545648955790010859e+03 2.824393346816287861e-16 4.805924419846754694e-17
2.547022428334283177e+03 1.621417420592720303e-16 4.905112783294499176e-17
2.548395900878555494e+03 4.796702169737491375e-16 1.675260730348935707e-16
2.549769373422827812e+03 2.344419637981119963e-16 6.578656323572389558e-17
2.551142845967100129e+03 1.374131451806150035e-16 4.537441743104221487e-17
2.552516318511372447e+03 2.300269970708702292e-16 5.724966600303335447e-17
2.553889791055644764e+03 2.093549099025874060e-16 5.715139435834109146e-17
2.555263263599917082e+03 2.007560871832977347e-16 4.835221387449690769e-17
2.556636736144189399e+03 4.516654409323257463e-16 7.518801414955988033e-17
2.558010208688461717e+03 2.294216027873706839e-16 4.876709816802828890e-17
2.559383681232734034e+03 2.183564777593309529e-16 5.564293963880746561e-17
2.560757153777006351e+03 3.989114782405451349e-16 1.106064065990902337e-16
2.562130626321278669e+03 3.990331367621246292e-16 5.917710203828228707e-17
2.563504098865550986e+03 3.012704219130248563e-16 1.468604917207374801e-16
2.564877571409823304e+03 2.612573517050915516e-16 5.694542510262830534e-17
2.566251043954095621e+03 9.917070105617109636e-17 4.257205659241497396e-17
2.567624516498367939e+03 1.708020192260168051e-16 4.958096671237389739e-17
2.568997989042640256e+03 1.435842434724952091e-16 4.461511852504046369e-17
2.570371461586912574e+03 1.929960241313298459e-16 4.216763905188384543e-17
2.571744934131184891e+03 2.224294104276693584e-16 4.259276043829155789e-17
2.573118406675457209e+03 2.865999599088894449e-16 1.483177770590254651e-16
2.574491879219729526e+03 1.116109707175646438e-16 5.602207127877357132e-17
2.575865351764001844e+03 1.108837455720857918e-16 6.795186893859537626e-17
2.577238824308274161e+03 2.944367974991541860e-16 4.694459217368654369e-17
2.578612296852546478e+03 2.238362378869736380e-16 4.806137747904030788e-17
2.579985769396818796e+03 6.449186815392161060e-16 7.846553649275713873e-17
2.581359241941091113e+03 4.646757170149910308e-16 5.180466339130543039e-17
2.582732714485363431e+03 3.548197969114057356e-16 4.487727679642428189e-17
2.584106187029635748e+03 1.751230263202352655e-16 4.812575739293271496e-17
2.585479659573908066e+03 2.647941588415510059e-16 7.260841201726773673e-17
2.586853132118180383e+03 4.285531038351610504e-16 5.579888141340884493e-17
2.588226604662452701e+03 1.638990964662677465e-16 5.473690444772192476e-17
2.589600077206725018e+03 1.483976801265002596e-16 4.420202367086547510e-17
2.590973549750997336e+03 1.592904756303530465e-16 9.339311917098609225e-17
2.592347022295269653e+03 1.943121374171210710e-16 5.049119974641599188e-17
2.593720494839541971e+03 2.511166890503174541e-16 5.041314164714236896e-17
2.595093967383814288e+03 2.412075923623851068e-16 5.974186108004072715e-17
2.596467439928086606e+03 3.498587822480810432e-17 5.705974403341254731e-17
2.597840912472358923e+03 4.380929836396582686e-16 7.819160666106442415e-17
2.599214385016631240e+03 4.895847666496300217e-16 5.968999939841110124e-17
2.600587857560903558e+03 2.632974956615117526e-16 5.146909572495783245e-17
2.601961330105175875e+03 5.543092024355628574e-16 5.365687783262315840e-17
2.603334802649448193e+03 5.866775248990679605e-16 5.570730243816322945e-17
2.604708275193720510e+03 3.590807567473927467e-16 8.370416079008827391e-17
2.606081747737992828e+03 1.905864801266220354e-16 5.017838594081435951e-17
2.607455220282265145e+03 3.032344351173044440e-16 5.608710845307788848e-17
2.608828692826537463e+03 3.906396031478010835e-16 6.168971489883332169e-17
2.610202165370809780e+03 2.598888718625605260e-16 4.848108022287441618e-17
2.611575637915082098e+03 2.219634381276888658e-16 4.225808360991020544e-17
2.612949110459354415e+03 2.514713875359365276e-16 5.128379128841954736e-17
2.614322583003626733e+03 2.429417604172805858e-16 4.611947224597088244e-17
2.615696055547899050e+03 3.120356734008052751e-16 8.238056712030036952e-17
2.617069528092171367e+03 2.777920341907149457e-16 5.109014797899653243e-17
2.618443000636443685e+03 1.197839173190998032e-16 4.376612771988336760e-17
2.619816473180716002e+03 8.673007259035287943e-17 4.813757077920160958e-17
2.621189945724988320e+03 2.633272895137802821e-16 4.823554487925643521e-17
2.622563418269260637e+03 3.177237897525583170e-16 4.666832572047162139e-17
2.623936890813532955e+03 4.743434291684389477e-16 5.789716341993624075e-17
2.625310363357805272e+03 1.981689690602455212e-16 4.998822714785246568e-17
2.626683835902077590e+03 2.757504537443833214e-16 5.318665743653613307e-17
2.628057308446349907e+03 3.236375633821601888e-16 5.516455444976952975e-17
2.629430780990622225e+03 1.785131784327517085e-16 4.547844531987773934e-17
2.630804253534894542e+03 2.449453522221308607e-16 4.343188483356000984e-17
2.632177726079166860e+03 2.481988296232155116e-16 4.205423738973259297e-17
2.633551198623439177e+03 6.146650410978097912e-16 9.898935509973712639e-17
2.634924671167711494e+03 3.508793551129077502e-16 5.010303480140907319e-17
2.636298143711983812e+03 3.784313984110677981e-16 4.940786161534671763e-17
2.637671616256256129e+03 5.700817797071658205e-16 5.066213579375211795e-17
2.639045088800528447e+03 4.258706489837292679e-16 4.823244405516994197e-17
2.640418561344800764e+03 2.437645609765636112e-16 4.623633332383645379e-17
2.641792033889073082e+03 2.053624098521755355e-16 4.330850341407645761e-17
2.643165506433345399e+03 2.796416843136121623e-16 4.698243748061177098e-17
2.644538978977617717e+03 2.793847848554242709e-16 4.463011723175050640e-17
2.645912451521890034e+03 -3.322891250441552876e-16 5.002043839841401756e-17
2.647285924066162352e+03 4.766554916158365986e-17 4.740448273728876634e-17
2.648659396610434669e+03 2.834599339738898056e-16 5.421536549279815246e-17
2.650032869154706987e+03 3.070504399945219521e-16 4.746820708983699240e-17
2.651406341698979304e+03 3.335516618224654758e-16 6.505777227108114201e-17
2.652779814243251622e+03 2.909393804970837030e-16 5.152790111160646255e-17
2.654153286787523939e+03 3.458246436309949276e-16 5.029383227467326541e-17
2.655526759331796256e+03 3.018185099897907236e-16 4.696505259771854753e-17
2.656900231876068574e+03 3.425884253581840680e-16 8.598393415166926274e-17
2.658273704420340891e+03 2.652599974812120406e-16 5.131373334815198228e-17
2.659647176964613209e+03 2.746641865294566832e-16 4.720370912506622174e-17
2.661020649508885526e+03 3.341577183065158167e-16 4.579065257488430410e-17
2.662394122053157844e+03 2.329131930126251755e-16 4.381435436155244434e-17
2.663767594597430161e+03 1.359139981802728150e-16 6.777979969613400915e-17
2.665141067141702479e+03 2.677740404603829939e-16 5.027077062037161569e-17
2.666514539685974796e+03 7.454798867146326710e-17 9.946475935183582576e-17
2.667888012230247114e+03 2.589667370548555940e-16 5.997721414718361328e-17
2.669261484774519431e+03 2.749510715894016510e-16 4.703540920909683543e-17
2.670634957318791749e+03 7.746839381890522305e-16 2.927815918269349082e-16
2.672008429863064066e+03 3.876068679855963201e-16 8.412612220330599317e-17
2.673381902407336383e+03 2.332141814733616104e-16 4.605349325060301616e-17
2.674755374951608701e+03 2.921299820854978486e-16 4.248807987914365142e-17
2.676128847495881018e+03 2.482266345291540774e-16 4.016976447033987442e-17
2.677502320040153336e+03 1.951009597689011810e-16 4.494854643228042404e-17
2.678875792584425653e+03 1.974489044269285773e-16 4.469194070753403047e-17
2.680249265128697971e+03 3.999252271824680474e-16 5.022147631569338267e-17
2.681622737672970288e+03 3.301525495484264700e-16 5.616425898709868459e-17
2.682996210217242606e+03 3.889385194204613002e-16 4.595714693680556430e-17
2.684369682761514923e+03 3.022484966158769964e-16 4.498406918425997841e-17
2.685743155305787241e+03 2.744436578827878129e-16 4.762269618598257471e-17
2.687116627850059558e+03 3.276018779921583337e-16 4.464696496381217686e-17
2.688490100394331876e+03 2.055874875048632167e-16 4.695588777955062097e-17
2.689863572938604193e+03 6.606844013537406479e-16 1.054090654467876974e-16
2.691237045482876511e+03 8.533531780047861492e-16 5.593187957103305465e-17
2.692610518027148828e+03 3.625577958959160562e-16 4.791587079031831513e-17
2.693983990571421145e+03 2.043040818961512259e-16 4.263746659243377815e-17
2.695357463115693463e+03 3.437392649375740589e-16 1.004437408889435189e-16
2.696730935659965780e+03 3.323052812502063676e-16 5.311962635685409422e-17
2.698104408204238098e+03 3.112982865658645043e-16 4.806611993873658120e-17
2.699477880748510415e+03 2.735731399714313065e-16 4.842213853891541239e-17
2.700851353292782733e+03 3.564623782794819347e-16 5.482737150991184544e-17
2.702224825837055050e+03 2.827112247499776250e-16 4.317865532274640491e-17
2.703598298381327368e+03 2.618792236655653766e-16 4.681828159569898025e-17
2.704971770925599685e+03 2.611772967981942634e-16 4.322786350574706687e-17
2.706345243469872003e+03 8.219455830180289636e-16 5.713117329679750103e-17
2.707718716014144320e+03 4.421606311813341498e-16 4.866780280139790930e-17
2.709092188558416638e+03 2.582215971645662274e-16 5.365744079763105220e-17
2.710465661102688955e+03 4.680346633859667079e-16 4.866964042608249261e-17
2.711839133646961272e+03 3.446762295663991031e-16 4.501256915096806015e-17
2.713212606191233590e+03 4.504106480712440970e-16 1.382673332517987542e-16
2.714586078735505907e+03 -2.700693001043361201e-16 1.683673238411896594e-16
2.715959551279778225e+03 4.874825183187728595e-16 1.058180817540315940e-16
2.717333023824050542e+03 2.991741709328822808e-16 6.995935873141109569e-17
2.718706496368322860e+03 3.352653247383803219e-16 6.566587383467939237e-17
2.720079968912595177e+03 3.130608734002757181e-16 4.633623020041249727e-17
2.721453441456867495e+03 3.839041448588888861e-16 5.190616351591413837e-17
2.722826914001139812e+03 3.272241178680052082e-16 4.492845686735533178e-17
2.724200386545412130e+03 1.889358766116352589e-16 5.882140649905802413e-17
2.725573859089684447e+03 2.194409989169108780e-16 4.473804213889275339e-17
2.726947331633956765e+03 2.837417981677231520e-16 4.617670684349803587e-17
2.728320804178229082e+03 2.847396028299557077e-16 4.521760785027047890e-17
2.729694276722501399e+03 2.698849776690245428e-16 4.569978279510795674e-17
2.731067749266773717e+03 1.642921827662272975e-16 6.268494957170525112e-17
2.732441221811046034e+03 1.644539589022850294e-16 6.179385969642956970e-17
2.733814694355318352e+03 1.035235156494893112e-16 4.491041102567639352e-17
2.735188166899590669e+03 2.635927496676583315e-16 4.600341830677376977e-17
2.736561639443862987e+03 4.176887397229657754e-16 4.645128014650500940e-17
2.737935111988135304e+03 3.238651096491460442e-16 5.166709180439533101e-17
2.739308584532407622e+03 3.883060845705325937e-16 4.626252327440318714e-17
2.740682057076679939e+03 4.752955004167019425e-16 4.730817030761766115e-17
2.742055529620952257e+03 2.881020432802563700e-16 4.730536719658041837e-17
2.743429002165224574e+03 2.296855765398254246e-16 4.836036297289492260e-17
2.744802474709496892e+03 3.191757925655028778e-16 4.345564999109502567e-17
2.746175947253769209e+03 5.434032271740091723e-16 5.218265886483102471e-17
2.747549419798041527e+03 3.553096729312820492e-16 4.525624439895963401e-17
2.748922892342313844e+03 4.486705455859053866e-16 4.523686401044621846e-17
2.750296364886586161e+03 2.638745567197677087e-16 3.875159886998068674e-17
2.751669837430858479e+03 2.640190100170338533e-16 3.794153509639794689e-17
2.753043309975130796e+03 2.981033039839425184e-16 7.666386658198896032e-17
2.754416782519403114e+03 2.245850085189558329e-16 4.359860023856029690e-17
2.755790255063675431e+03 4.989636169875431032e-16 1.103854978504656958e-16
2.757163727607947749e+03 3.882694019300989814e-16 4.824488958777075918e-17
2.758537200152220066e+03 3.182513965117470455e-16 1.038189211419894245e-16
2.759910672696492384e+03 3.281232140485430372e-16 4.667557670383711100e-17
2.761284145240764701e+03 2.485841077497451174e-16 4.200107511068755318e-17
2.762657617785037019e+03 3.478504823529469438e-16 8.513281200383227781e-17
2.764031090329309336e+03 3.125306203597511006e-16 4.687250995696908797e-17
2.765404562873581654e+03 1.555312457409840816e-16 4.343297314132326253e-17
2.766778035417853971e+03 1.432356997826030459e-16 3.705020397596059005e-17
2.768151507962126288e+03 1.733822712658565769e-16 4.427425950703291294e-17
2.769524980506398606e+03 2.866646565365036387e-16 4.462207122044184544e-17
2.770898453050670923e+03 3.237319093129487318e-16 4.445122632978852382e-17
2.772271925594943241e+03 3.150679849317429009e-16 4.227573097488760475e-17
2.773645398139215558e+03 2.774078931804562216e-16 4.594706728711824030e-17
2.775018870683487876e+03 2.585111435114319209e-16 4.136148503708565098e-17
2.776392343227760193e+03 3.195090551682946110e-16 3.956409598493019837e-17
2.777765815772032511e+03 3.332881332247064265e-16 3.878975305378799056e-17
2.779139288316304828e+03 -3.916926047305841659e-16 7.740861240489500367e-17
2.780512760860577146e+03 4.043414132955710262e-16 4.478167793341814383e-17
2.781886233404849463e+03 2.999771228679840098e-16 4.668463402688851884e-17
2.783259705949121781e+03 3.706933100172481086e-16 4.651599473145028428e-17
2.784633178493394098e+03 3.231548877085410924e-16 4.299234678241566617e-17
2.786006651037666416e+03 3.949523455793811698e-16 4.867747192713570830e-17
2.787380123581938733e+03 3.097638258420283357e-16 3.818517313979158362e-17
2.788753596126211050e+03 2.767482598571593567e-16 3.955747552264619789e-17
2.790127068670483368e+03 4.423614927703664273e-16 4.314003152519303342e-17
2.791500541214755685e+03 5.155174386921851838e-16 6.426492890863342785e-17
2.792874013759028003e+03 5.191304491453675550e-16 8.192171354680983770e-17
2.794247486303300320e+03 4.751619355419194972e-16 4.690651057916609093e-17
2.795620958847572638e+03 -4.675037067178931512e-16 1.826649865518471075e-16
2.796994431391844955e+03 3.535807947645994054e-17 5.883085588932438055e-17
2.798367903936117273e+03 4.996032717644453600e-16 3.954413560765840167e-17
2.799741376480389590e+03 2.695499832726136395e-16 3.944867807653884127e-17
2.801114849024661908e+03 3.185669244396286911e-16 3.966749158177998950e-17
2.802488321568934225e+03 2.846274068238402757e-16 4.689870706039309814e-17
2.803861794113206543e+03 6.822248495919167166e-16 1.346754191515716040e-16
2.805235266657478860e+03 4.833684385792325074e-16 5.660029980337527841e-17
2.806608739201751177e+03 3.313154991118792903e-16 4.489057253937303011e-17
2.807982211746023495e+03 2.962261197823384279e-16 8.438744180881993797e-17
2.809355684290295812e+03 4.386653310319366977e-16 4.811063845733468372e-17
2.810729156834568130e+03 3.770960323029456802e-16 4.094006880453415710e-17
2.812102629378840447e+03 3.551810099143684097e-16 3.927674281393827979e-17
2.813476101923112765e+03 3.522373337753294533e-16 3.898902254087727153e-17
2.814849574467385082e+03 1.830019025199573361e-16 3.881486880839986052e-17
2.816223047011657400e+03 6.370494293085428292e-17 3.461525906554810220e-17
2.817596519555929717e+03 1.530029889134178372e-16 4.413334951354699630e-17
2.818969992100202035e+03 2.508051614204898618e-16 4.005029268493356335e-17
2.820343464644474352e+03 3.749950472592305638e-16 4.450415016306877863e-17
2.821716937188746670e+03 4.529530758235892568e-16 7.741764601213621442e-17
2.823090409733018987e+03 2.861593654864767305e-16 4.501735850584559334e-17
2.824463882277291304e+03 2.640107026837679052e-16 4.959615357029260186e-17
2.825837354821563622e+03 2.323946588016372718e-16 4.378599655757650814e-17
2.827210827365835939e+03 4.412029287717965381e-16 5.275177913015635422e-17
2.828584299910108257e+03 3.937968137091008567e-16 4.836762164627537088e-17
2.829957772454380574e+03 4.139652211106850660e-16 4.008895174455258563e-17
2.831331244998652892e+03 3.415550467534283273e-16 3.768305610325703232e-17
2.832704717542925209e+03 3.510258828143942111e-16 4.240824069385983886e-17
2.834078190087197527e+03 4.235379084758452046e-16 4.675513360318013134e-17
2.835451662631469844e+03 4.418128004925210298e-16 3.903278726274147304e-17
2.836825135175742162e+03 4.954526008628846738e-16 4.582376123493377860e-17
2.838198607720014479e+03 3.444901754708639458e-16 3.848468233362325075e-17
2.839572080264286797e+03 3.363467712791752536e-16 4.552423911687337102e-17
2.840945552808559114e+03 3.193634131132622955e-16 3.828480894333593482e-17
2.842319025352831432e+03 4.152968533382548276e-16 6.246905109776204124e-17
2.843692497897103749e+03 5.790911429487320876e-16 8.083932445052680919e-17
2.845065970441376066e+03 4.324032274265116371e-16 3.991578427484261220e-17
2.846439442985648384e+03 3.902608713297667018e-16 3.808187769532930809e-17
2.847812915529920701e+03 4.358061731030442501e-16 3.872156657942770890e-17
2.849186388074193019e+03 2.910927554477349769e-16 8.103460197483460450e-17
2.850559860618465336e+03 3.493125626034595833e-16 4.225100594517594947e-17
2.851933333162737654e+03 3.217187259426184374e-16 3.853023608517147176e-17
2.853306805707009971e+03 3.631318576824463271e-16 5.246598357572639666e-17
2.854680278251282289e+03 2.644817007556512908e-16 3.597056392605492523e-17
2.856053750795554606e+03 3.714575031835416450e-16 4.167199857159264599e-17
2.857427223339826924e+03 3.008100263573037162e-16 3.945089543253980937e-17
2.858800695884099241e+03 3.329189382079316039e-16 3.924862084717093215e-17
2.860174168428371559e+03 3.291100951360670381e-16 4.101298576262696459e-17
2.861547640972643876e+03 4.582487402052483265e-16 4.168537833809273390e-17
2.862921113516916193e+03 5.359083571098636773e-16 6.481848609543244316e-17
2.864294586061188511e+03 3.663084343551381254e-16 3.815864039010391899e-17
2.865668058605460828e+03 3.229773729466985067e-16 4.804835751462162237e-17
2.867041531149733146e+03 4.141159237341380843e-16 4.506092167492919530e-17
2.868415003694005463e+03 3.130186651790873013e-16 3.748722884267524950e-17
2.869788476238277781e+03 4.607363559402544891e-16 4.729458410741175649e-17
2.871161948782550098e+03 2.499185945248080218e-16 3.939384522845166708e-17
2.872535421326822416e+03 3.268316119936930309e-16 5.168717123030659831e-17
2.873908893871094733e+03 2.857249484283457453e-16 3.817266011241659379e-17
2.875282366415367051e+03 2.144542556047654583e-16 1.025940148162991551e-16
2.876655838959639368e+03 5.903166977359784694e-16 5.244995303274493864e-17
2.878029311503911686e+03 2.811350770244664300e-16 3.939202180417286657e-17
2.879402784048184003e+03 3.163907166560813552e-16 3.617715414591125337e-17
2.880776256592456321e+03 3.577508830786700354e-16 3.584694845214098765e-17
2.882149729136728638e+03 4.874356196598428702e-16 6.462518727925575790e-17
2.883523201681000955e+03 3.877646665579256537e-16 4.436247166675297911e-17
2.884896674225273273e+03 3.396701327559823376e-16 3.647227248668965626e-17
2.886270146769545590e+03 3.585470898809736687e-16 3.788128824096741667e-17
2.887643619313817908e+03 2.936543228091403003e-16 7.900076064205349688e-17
2.889017091858090225e+03 3.881290227830022586e-16 4.061267914879281063e-17
2.890390564402362543e+03 3.430518246369280896e-16 3.830918172861876057e-17
2.891764036946634860e+03 3.423087284376398424e-16 4.131419504188600825e-17
2.893137509490907178e+03 1.906577306402329684e-16 7.716595117215204442e-17
2.894510982035179495e+03 3.231341020223225724e-16 4.438012897536473036e-17
2.895884454579451813e+03 4.159881056443180961e-16 3.771250180657718166e-17
2.897257927123724130e+03 3.654603158306014771e-16 3.401699031341411291e-17
2.898631399667996448e+03 9.955460910500368646e-16 6.474624751341487763e-17
2.900004872212268765e+03 4.979466199191767163e-16 4.118763423309001630e-17
2.901378344756541082e+03 3.996557205998252311e-16 3.735992856677094983e-17
2.902751817300813400e+03 4.523563745120373472e-16 5.371087920526022317e-17
2.904125289845085717e+03 -2.995208933758964424e-16 9.004093335843567308e-17
2.905498762389358035e+03 4.058904563770096540e-16 4.611713152997339427e-17
2.906872234933630352e+03 4.692729329783236362e-16 5.535010141693363799e-17
2.908245707477902670e+03 3.806683818325672966e-16 3.493503315322370019e-17
2.909619180022174987e+03 3.855966533202042279e-16 3.680760261147064430e-17
2.910992652566447305e+03 4.293719587199111252e-16 4.116518348121230832e-17
2.912366125110719622e+03 3.998160093623340347e-16 3.666614149361520317e-17
2.913739597654991940e+03 5.063870818473068047e-16 3.759503200319666819e-17
2.915113070199264257e+03 4.098668025594398567e-16 3.826469481891303835e-17
2.916486542743536575e+03 2.831596937414343077e-16 4.251474005645548674e-17
2.917860015287808892e+03 1.433957180333659467e-16 2.157299362628278334e-16
2.919233487832081209e+03 6.325193385558912014e-16 5.034248344678509461e-17
2.920606960376353527e+03 5.623441989002715102e-16 4.175491458823633501e-17
2.921980432920625844e+03 4.994918337623026035e-16 6.147010045159155805e-17
2.923353905464898162e+03 4.476614693507618470e-16 3.907402432843216227e-17
2.924727378009170479e+03 4.257540084513721032e-16 4.197083379113649409e-17
2.926100850553442797e+03 7.799999908389877455e-16 8.767530038456435170e-17
2.927474323097715114e+03 1.435702094315427548e-15 3.218861928270046232e-16
2.928847795641987432e+03 4.085009146016688418e-16 6.331732043738752883e-17
2.930221268186259749e+03 6.254892180114978805e-16 4.564928723524099784e-17
2.931594740730532067e+03 3.416983516059560416e-16 8.238513969898636314e-17
2.932968213274804384e+03 4.043835544739932939e-16 3.477500920754598124e-17
2.934341685819076702e+03 4.165395900895381138e-16 3.540757407294076927e-17
2.935715158363349019e+03 7.413481019290825811e-16 1.247872301107547479e-16
2.937088630907621337e+03 4.249368079619421958e-16 3.619986803580902008e-17
2.938462103451893654e+03 2.679546024137940249e-16 9.141014682530408125e-17
2.939835575996165971e+03 4.030876795770700066e-15 6.155490731529990478e-17
2.941209048540438289e+03 5.316019639853258279e-16 3.273681925655200753e-17
2.942582521084710606e+03 3.292712971241170843e-16 3.143255483729083374e-17
2.943955993628982924e+03 3.652348875294841972e-16 3.382363786934430473e-17
2.945329466173255241e+03 3.963949024443841948e-16 3.664832161925673801e-17
2.946702938717527559e+03 4.704549822589452811e-16 3.686601284272683736e-17
2.948076411261799876e+03 3.799932385499394475e-16 3.268434603167862340e-17
2.949449883806072194e+03 4.425915014000461121e-16 3.617600965865375460e-17
2.950823356350344511e+03 4.886161508284883889e-16 3.797177074958469717e-17
2.952196828894616829e+03 4.746829714204528358e-16 3.605717478787007419e-17
2.953570301438889146e+03 6.800050091270069716e-16 6.187798800021876993e-17
2.954943773983161464e+03 4.822329039635422986e-16 3.556472778008866784e-17
2.956317246527433781e+03 3.077550943108763480e-16 6.760904752908821251e-17
2.957690719071706098e+03 4.019264276995302940e-16 3.277824847957835910e-17
2.959064191615978416e+03 2.479207692732493707e-16 5.053842738602822711e-17
2.960437664160250733e+03 3.184156925317842084e-17 4.087183528330666283e-17
2.961811136704523051e+03 5.083674098728281163e-16 4.213231985026392173e-17
2.963184609248795368e+03 5.422756834710411294e-16 3.982976710416149556e-17
2.964558081793067686e+03 4.371096291381924214e-16 4.102348565580382894e-17
2.965931554337340003e+03 4.710803769548123967e-16 3.585608650504440135e-17
2.967305026881612321e+03 5.021393117923195243e-16 3.497662744485975098e-17
2.968678499425884638e+03 3.545122425394225905e-16 3.171687007765295641e-17
2.970051971970156956e+03 4.027638292809758283e-16 3.007993563688725198e-17
2.971425444514429273e+03 5.178384863883958105e-16 3.576589448565939823e-17
2.972798917058701591e+03 6.157391881626637408e-16 3.736188645928986190e-17
2.974172389602973908e+03 4.868970280491409918e-16 3.479389550141100029e-17
2.975545862147246226e+03 4.384300229788003617e-16 4.781320971387715645e-17
2.976919334691518543e+03 3.959027909699992691e-16 3.419972826684960246e-17
2.978292807235790860e+03 7.350223268864751015e-16 8.252220753437259720e-17
2.979666279780063178e+03 4.983741733290761356e-16 3.845595797409510656e-17
2.981039752324335495e+03 6.122927260809780097e-16 3.907959786990815989e-17
2.982413224868607813e+03 5.796962818774181660e-16 4.375063078839929184e-17
2.983786697412880130e+03 4.945990836539321814e-16 3.630633867423430261e-17
2.985160169957152448e+03 4.334372209362322571e-16 3.336008360129402324e-17
2.986533642501424765e+03 8.669350417964234855e-16 7.946674177459407483e-17
2.987907115045697083e+03 5.591232148651076592e-16 3.494097389397451470e-17
2.989280587589969400e+03 4.700069682421937409e-16 7.495967908437763760e-17
2.990654060134241718e+03 7.573307018509688255e-16 3.974281898779472797e-17
2.992027532678514035e+03 4.498875024196887885e-16 4.678267316940671689e-17
2.993401005222786353e+03 4.607204710436207088e-16 3.500279334718363344e-17
2.994774477767058670e+03 4.696780886251650502e-16 3.634961173354421473e-17
2.996147950311330987e+03 1.710202159035385291e-16 8.652425109955108348e-17
2.997521422855603305e+03 3.641671460463259061e-16 6.722458830611149176e-17
2.998894895399875622e+03 4.741198345485438093e-16 3.319091743845555996e-17
3.000268367944147940e+03 5.369176337385509539e-16 5.494080625052131541e-17
3.001641840488420257e+03 4.668787538477004558e-16 3.352656439285122150e-17
3.003015313032692575e+03 4.884812771617375959e-16 3.294914302908803986e-17
3.004388785576964892e+03 5.286001607701063500e-16 3.294959331178476913e-17
3.005762258121237210e+03 4.049010923444726536e-16 3.280311687344416061e-17
3.007135730665509527e+03 5.547673093867264481e-16 4.203629897990465666e-17
3.008509203209781845e+03 6.118616418782768759e-16 3.667878802358631760e-17
3.009882675754054162e+03 7.156130586871175779e-16 3.809253076731662751e-17
3.011256148298326480e+03 5.354706012405636381e-16 4.044907452969040650e-17
3.012629620842598797e+03 5.609472321207768915e-16 3.522075362010831621e-17
3.014003093386871114e+03 3.211587813529834235e-16 8.227421932999587567e-17
3.015376565931143432e+03 5.638640610951245302e-16 6.359187950773607365e-17
3.016750038475415749e+03 4.695803277894609428e-16 3.337171662723921320e-17
3.018123511019688067e+03 4.983045221916765804e-16 3.342878527189814116e-17
3.019496983563960384e+03 5.310506623251784641e-16 3.252700968874716842e-17
3.020870456108232702e+03 5.111284156490495824e-16 3.351123530997166447e-17
3.022243928652505019e+03 5.088874855267471090e-16 3.429988912635767322e-17
3.023617401196777337e+03 5.413586919384363718e-16 3.585424007008307494e-17
3.024990873741049654e+03 4.454887838174078579e-16 3.313504476226224556e-17
3.026364346285321972e+03 4.800395811418489280e-16 4.849865951291916541e-17
3.027737818829594289e+03 5.079740423354409633e-16 4.182514330550524116e-17
3.029111291373866607e+03 4.616697660401117316e-16 3.750143639754540007e-17
3.030484763918138924e+03 3.441854697791181626e-16 2.096314294945896669e-16
3.031858236462411242e+03 5.017980265546495515e-16 3.046691853802132093e-17
3.033231709006683559e+03 4.634936911803868608e-16 4.668283909147489962e-17
3.034605181550955876e+03 5.214918835566125000e-16 3.709459216551815174e-17
3.035978654095228194e+03 5.074848463051727639e-16 8.544087359170554809e-17
3.037352126639500511e+03 5.371183524022272382e-16 5.861601780562356710e-17
3.038725599183772829e+03 4.814407892434015783e-16 3.851311188115231675e-17
3.040099071728045146e+03 5.198427756536948899e-16 3.208880737705186178e-17
3.041472544272317464e+03 5.707253325846302395e-16 3.640973154714550830e-17
3.042846016816589781e+03 5.324535309246442390e-16 3.261019525634285654e-17
3.044219489360862099e+03 5.570028128062741274e-16 3.700946459584850104e-17
3.045592961905134416e+03 4.388013428905458607e-16 3.065236888216366812e-17
3.046966434449406734e+03 5.118805747199852844e-16 3.082163975432604195e-17
3.048339906993679051e+03 5.410023846877324474e-16 3.302028172675629422e-17
3.049713379537951369e+03 6.751081463173968023e-16 6.124780828950126024e-17
3.051086852082223686e+03 6.722857858556999006e-16 3.351184705256407401e-17
3.052460324626496003e+03 4.841721804810632938e-16 3.485522289220502496e-17
3.053833797170768321e+03 4.548237391255457933e-16 3.460621997537480655e-17
3.055207269715040638e+03 4.904986377009069293e-16 2.893264470419134850e-17
3.056580742259312956e+03 4.683681990930691834e-16 2.858589767961935587e-17
3.057954214803585273e+03 5.391274798542474030e-16 2.984991289664424073e-17
3.059327687347857591e+03 4.854617252069584363e-16 4.339094889790309014e-17
3.060701159892129908e+03 3.697050819686713105e-16 5.789214089091221594e-17
3.062074632436402226e+03 5.460931028766054487e-16 3.341711386226313261e-17
3.063448104980674543e+03 6.188015117287584421e-16 5.849122685955760734e-17
3.064821577524946861e+03 5.806192033172613784e-16 3.638779913673846721e-17
3.066195050069219178e+03 5.987378519691850959e-16 3.098661969597451465e-17
3.067568522613491496e+03 5.447335917513203389e-16 3.259153738169897091e-17
3.068941995157763813e+03 5.050882534559751798e-16 2.884033219489396181e-17
