# PSN2037+6607 ocmy02070 G750L CCD z=0.0 a2center=892.7 extrsize=15 exptime=100.0 mode=fixed flags=extended_host,no_defringe(no_flat)
# rest_wvl obs_wvl flux error net dq mask
5243.1608 5243.1608 -1.212443e-16 1.238607e-15 -4.159291e-02 512 0
5248.0368 5248.0368 1.144855e-15 7.693274e-16 4.338306e-01 528 0
5252.9128 5252.9128 -1.681609e-16 5.514621e-16 -1.091319e-01 16896 0
5257.7889 5257.7889 2.994382e-17 4.317887e-16 1.659423e-02 512 0
5262.6650 5262.6650 4.358024e-16 3.580998e-16 3.441029e-01 512 0
5267.5412 5267.5412 3.452788e-16 3.051559e-16 3.261513e-01 528 0
5272.4174 5272.4174 3.122944e-16 2.656854e-16 3.303650e-01 512 0
5277.2936 5277.2936 6.264998e-16 2.370981e-16 8.080068e-01 512 0
5282.1699 5282.1699 -9.004109e-17 2.205888e-16 -1.557615e-01 16912 0
5287.0462 5287.0462 -1.985315e-16 1.855752e-16 -3.794462e-01 16896 0
5291.9226 5291.9226 3.577823e-16 1.743270e-16 6.131228e-01 0 0
5296.7990 5296.7990 -8.087349e-17 1.574787e-16 -1.839658e-01 16400 0
5301.6754 5301.6754 -1.093887e-16 1.479195e-16 -2.659191e-01 16400 0
5306.5519 5306.5519 1.692871e-16 1.429805e-16 3.399653e-01 16 0
5311.4284 5311.4284 9.404562e-17 1.380108e-16 1.886593e-01 16 0
5316.3049 5316.3049 2.732752e-16 1.406900e-16 5.897407e-01 16 0
5321.1815 5321.1815 3.559981e-16 1.474596e-16 7.819721e-01 16 0
5326.0581 5326.0581 7.458235e-15 2.961597e-16 1.869822e+01 16 0
5330.9348 5330.9348 -1.579432e-16 1.927623e-16 -4.050892e-01 16400 0
5335.8115 5335.8115 1.874741e-16 1.561376e-16 3.728194e-01 16 0
5340.6882 5340.6882 -2.465159e-16 1.494674e-16 -6.031404e-01 16384 0
5345.5650 5345.5650 2.311312e-16 1.521044e-16 4.435503e-01 0 0
5350.4418 5350.4418 4.493680e-17 1.608275e-16 7.445618e-02 16 0
5355.3187 5355.3187 -5.924207e-17 1.632338e-16 -1.362150e-01 16400 0
5360.1956 5360.1956 5.041504e-16 1.618220e-16 9.573122e-01 0 0
5365.0725 5365.0725 2.300512e-16 1.619212e-16 4.116336e-01 0 0
5369.9494 5369.9494 -7.918365e-17 1.665736e-16 -1.756578e-01 16400 0
5374.8264 5374.8264 2.010865e-16 1.631754e-16 3.523810e-01 16 0
5379.7035 5379.7035 2.341369e-16 1.638014e-16 4.137368e-01 0 0
5384.5805 5384.5805 1.230885e-16 1.632216e-16 2.097318e-01 16 0
5389.4576 5389.4576 4.361350e-16 1.623249e-16 8.123286e-01 0 0
5394.3348 5394.3348 8.055620e-19 1.625316e-16 -7.306971e-03 0 0
5399.2120 5399.2120 3.195629e-16 1.587822e-16 5.989702e-01 0 0
5404.0892 5404.0892 4.604829e-16 1.650611e-16 8.996526e-01 16 0
5408.9664 5408.9664 -5.936038e-17 1.505798e-16 -1.410390e-01 16400 0
5413.8437 5413.8437 -4.603591e-17 1.486480e-16 -1.116238e-01 16400 0
5418.7210 5418.7210 8.043672e-17 1.480450e-16 1.482174e-01 16 0
5423.5984 5423.5984 -1.289622e-16 1.399477e-16 -3.263655e-01 16384 0
5428.4758 5428.4758 1.958738e-16 1.399219e-16 4.029655e-01 0 0
5433.3532 5433.3532 1.165471e-16 1.368678e-16 2.364718e-01 16 0
5438.2307 5438.2307 1.108284e-16 1.385741e-16 2.290189e-01 16 0
5443.1082 5443.1082 2.196298e-16 1.355740e-16 4.861081e-01 0 0
5447.9857 5447.9857 2.065102e-16 1.333898e-16 4.653422e-01 16 0
5452.8633 5452.8633 -1.225287e-16 1.808812e-16 -3.507699e-01 16400 0
5457.7409 5457.7409 -7.983268e-17 1.214739e-16 -2.331359e-01 16400 0
5462.6185 5462.6185 4.597453e-17 1.205112e-16 9.715015e-02 0 0
5467.4962 5467.4962 8.162073e-17 1.178751e-16 1.860498e-01 0 0
5472.3739 5472.3739 8.296334e-17 1.405018e-16 1.923349e-01 16 0
5477.2516 5477.2516 -3.850787e-17 1.144554e-16 -1.195720e-01 16384 0
5482.1294 5482.1294 2.053420e-16 1.156980e-16 5.208560e-01 0 0
5487.0072 5487.0072 2.932204e-16 1.181636e-16 7.693094e-01 0 0
5491.8851 5491.8851 -1.125471e-17 1.188718e-16 -3.891951e-02 16 0
5496.7629 5496.7629 2.137430e-16 1.124848e-16 5.577096e-01 0 0
5501.6408 5501.6408 2.290152e-16 1.121595e-16 6.041595e-01 0 0
5506.5188 5506.5188 1.453235e-16 1.117337e-16 3.731180e-01 16 0
5511.3968 5511.3968 6.704007e-17 1.123711e-16 1.622937e-01 16 0
5516.2748 5516.2748 -4.650678e-17 1.195987e-16 -1.521116e-01 16400 0
5521.1528 5521.1528 2.573467e-16 1.121092e-16 6.942877e-01 0 0
5526.0309 5526.0309 6.416410e-18 1.092944e-16 4.334878e-03 0 0
5530.9090 5530.9090 1.129333e-16 1.088706e-16 2.888781e-01 0 0
5535.7871 5535.7871 1.999852e-16 1.098104e-16 5.337740e-01 16 0
5540.6653 5540.6653 2.783146e-16 1.108269e-16 7.608011e-01 0 0
5545.5435 5545.5435 1.322302e-16 1.122464e-16 3.437912e-01 16 0
5550.4218 5550.4218 2.811854e-16 1.104488e-16 7.727040e-01 0 0
5555.3001 5555.3001 5.279896e-17 1.106787e-16 1.264998e-01 16 0
5560.1784 5560.1784 1.113321e-16 1.083810e-16 2.871765e-01 0 0
5565.0567 5565.0567 3.017116e-17 1.091318e-16 6.633982e-02 16 0
5569.9351 5569.9351 2.996645e-16 1.095089e-16 8.359894e-01 0 0
5574.8135 5574.8135 2.500944e-16 1.089454e-16 6.910651e-01 0 0
5579.6919 5579.6919 3.176300e-16 1.090715e-16 8.948861e-01 0 0
5584.5704 5584.5704 1.583016e-16 1.106730e-16 4.266630e-01 16 0
5589.4489 5589.4489 1.870173e-16 1.089283e-16 5.126036e-01 16 0
5594.3274 5594.3274 5.917476e-16 1.111115e-16 1.762401e+00 0 0
5599.2060 5599.2060 1.503444e-16 1.072724e-16 4.099958e-01 16 0
5604.0846 5604.0846 4.415072e-16 1.079501e-16 1.305842e+00 0 0
5608.9632 5608.9632 -5.644725e-17 1.072772e-16 -1.963305e-01 16400 0
5613.8418 5613.8418 7.057621e-17 1.046355e-16 1.834207e-01 16 0
5618.7205 5618.7205 1.336106e-16 1.031899e-16 3.692159e-01 0 0
5623.5992 5623.5992 1.623954e-16 1.037679e-16 4.582628e-01 0 0
5628.4780 5628.4780 -1.748453e-17 1.035790e-16 -6.231473e-02 16 0
5633.3568 5633.3568 1.918344e-16 1.034743e-16 5.543904e-01 16 0
5638.2356 5638.2356 1.489030e-16 1.008866e-16 4.245783e-01 0 0
5643.1144 5643.1144 2.875870e-16 1.025509e-16 8.640981e-01 0 0
5647.9933 5647.9933 2.482741e-16 1.088084e-16 7.418355e-01 16 0
5652.8722 5652.8722 7.027963e-17 9.974326e-17 1.900771e-01 0 0
5657.7511 5657.7511 2.770120e-16 1.007817e-16 8.401663e-01 0 0
5662.6301 5662.6301 2.195623e-16 1.085642e-16 6.580141e-01 16 0
5667.5091 5667.5091 1.290369e-16 9.944175e-17 3.730730e-01 16 0
5672.3881 5672.3881 1.092972e-16 9.918833e-17 3.129815e-01 0 0
5677.2671 5677.2671 2.123963e-16 9.947582e-17 6.426421e-01 0 0
5682.1462 5682.1462 -1.333142e-16 1.018240e-16 -4.954020e-01 16400 0
5687.0253 5687.0253 3.109566e-16 9.919324e-17 9.732085e-01 0 0
5691.9045 5691.9045 6.254096e-17 1.192784e-16 1.717722e-01 16 0
5696.7836 5696.7836 2.867594e-16 1.015689e-16 8.980722e-01 16 0
5701.6628 5701.6628 6.705456e-17 9.668792e-17 1.866289e-01 0 0
5706.5421 5706.5421 1.181165e-16 9.979512e-17 3.479102e-01 16 0
5711.4213 5711.4213 1.846288e-16 9.717349e-17 5.646005e-01 0 0
5716.3006 5716.3006 2.083721e-16 9.837760e-17 6.444385e-01 16 0
5721.1799 5721.1799 7.512051e-17 9.668970e-17 2.135569e-01 16 0
5726.0593 5726.0593 3.787058e-16 1.014126e-16 1.227026e+00 16 0
5730.9386 5730.9386 1.595973e-16 1.165054e-16 4.871511e-01 16 0
5735.8180 5735.8180 5.846607e-17 9.538055e-17 1.624931e-01 0 0
5740.6974 5740.6974 2.837044e-16 9.725717e-17 9.076056e-01 0 0
5745.5769 5745.5769 -3.581561e-18 9.562257e-17 -2.743379e-02 16 0
5750.4564 5750.4564 3.565241e-16 9.786522e-17 1.164895e+00 16 0
5755.3359 5755.3359 6.705434e-17 9.555734e-17 1.913498e-01 16 0
5760.2154 5760.2154 1.457149e-16 9.589721e-17 4.486989e-01 16 0
5765.0950 5765.0950 2.414916e-16 1.017083e-16 7.750607e-01 16 0
5769.9746 5769.9746 1.836018e-16 9.459376e-17 5.794168e-01 0 0
5774.8542 5774.8542 1.143051e-16 9.593234e-17 3.483938e-01 16 0
5779.7338 5779.7338 1.938851e-16 9.333939e-17 6.186897e-01 0 0
5784.6135 5784.6135 1.136036e-16 9.204198e-17 3.484827e-01 0 0
5789.4932 5789.4932 1.540079e-16 9.279721e-17 4.862377e-01 16 0
5794.3730 5794.3730 2.784825e-17 9.195032e-17 6.980217e-02 0 0
5799.2527 5799.2527 1.795928e-16 9.328744e-17 5.778674e-01 16 0
5804.1325 5804.1325 1.491540e-16 9.259255e-17 4.746071e-01 0 0
5809.0123 5809.0123 2.019181e-17 9.095491e-17 4.590712e-02 0 0
5813.8921 5813.8921 2.059327e-16 9.273460e-17 6.761903e-01 16 0
5818.7720 5818.7720 -1.103334e-16 1.047321e-16 -4.437260e-01 16400 0
5823.6519 5823.6519 4.066203e-17 9.005532e-17 1.127808e-01 16 0
5828.5318 5828.5318 9.295654e-17 9.342081e-17 2.880926e-01 16 0
5833.4117 5833.4117 4.786081e-17 8.982436e-17 1.371178e-01 0 0
5838.2917 5838.2917 -3.301326e-17 8.858024e-17 -1.341247e-01 16384 0
5843.1717 5843.1717 -9.699711e-17 9.357894e-17 -3.949237e-01 16400 0
5848.0517 5848.0517 1.633944e-16 8.938447e-17 5.366294e-01 0 0
5852.9317 5852.9317 1.389998e-16 8.938217e-17 4.513883e-01 0 0
5857.8118 5857.8118 -3.445123e-17 9.657989e-17 -1.409523e-01 16400 0
5862.6919 5862.6919 1.629912e-16 8.915038e-17 5.376104e-01 0 0
5867.5720 5867.5720 5.840777e-17 9.587288e-17 1.740140e-01 16 0
5872.4522 5872.4522 2.425879e-16 9.026366e-17 8.261455e-01 0 0
5877.3323 5877.3323 1.878548e-16 8.954906e-17 6.279100e-01 16 0
5882.2125 5882.2125 2.045351e-16 9.017847e-17 6.884265e-01 0 0
5887.0928 5887.0928 3.315289e-16 9.150931e-17 1.155562e+00 0 0
5891.9730 5891.9730 6.889448e-17 8.898217e-17 2.097774e-01 0 0
5896.8533 5896.8533 2.220207e-16 9.295662e-17 7.517934e-01 16 0
5901.7336 5901.7336 2.436101e-16 9.049553e-17 8.303280e-01 0 0
5906.6139 5906.6139 1.599431e-16 8.845439e-17 5.275341e-01 0 0
5911.4942 5911.4942 -3.018121e-17 8.916343e-17 -1.238105e-01 16400 0
5916.3746 5916.3746 3.099470e-16 9.653621e-17 1.072878e+00 16 0
5921.2550 5921.2550 1.638947e-16 8.990229e-17 5.404469e-01 16 0
5926.1354 5926.1354 2.193899e-16 9.150420e-17 7.394367e-01 16 0
5931.0158 5931.0158 3.128966e-16 9.134274e-17 1.081274e+00 0 0
5935.8963 5935.8963 2.987214e-16 9.088869e-17 1.028143e+00 0 0
5940.7768 5940.7768 3.047185e-17 9.000434e-17 7.914853e-02 16 0
5945.6573 5945.6573 4.707913e-16 9.367997e-17 1.669005e+00 16 0
5950.5378 5950.5378 4.540261e-16 9.474847e-17 1.605006e+00 16 0
5955.4183 5955.4183 1.473139e-16 9.587251e-17 4.791545e-01 0 0
5960.2989 5960.2989 9.438336e-18 8.841478e-17 9.973384e-03 0 0
5965.1795 5965.1795 2.226863e-16 9.099429e-17 7.483764e-01 16 0
5970.0601 5970.0601 1.385702e-16 9.004225e-17 4.482984e-01 16 0
5974.9408 5974.9408 2.319028e-16 9.003163e-17 7.822059e-01 0 0
5979.8215 5979.8215 3.378785e-16 9.254373e-17 1.171864e+00 0 0
5984.7021 5984.7021 2.466108e-16 9.093216e-17 8.369182e-01 0 0
5989.5829 5989.5829 2.406885e-16 9.108342e-17 8.163069e-01 0 0
5994.4636 5994.4636 8.975636e-17 9.230543e-17 2.796593e-01 0 0
5999.3444 5999.3444 3.156216e-16 9.096587e-17 1.095168e+00 0 0
6004.2251 6004.2251 7.028943e-17 8.808448e-17 2.135778e-01 16 0
6009.1059 6009.1059 2.085659e-16 8.867758e-17 7.049369e-01 0 0
6013.9868 6013.9868 1.815444e-16 8.939690e-17 6.084514e-01 0 0
6018.8676 6018.8676 2.730651e-16 9.135080e-17 9.468385e-01 16 0
6023.7485 6023.7485 3.385985e-16 9.028339e-17 1.195741e+00 0 0
6028.6294 6028.6294 1.495503e-16 9.107442e-17 4.977814e-01 0 0
6033.5103 6033.5103 2.671698e-16 9.312115e-17 9.338878e-01 0 0
6038.3912 6038.3912 2.679306e-16 8.873045e-17 9.401518e-01 16 0
6043.2721 6043.2721 2.012618e-16 8.774633e-17 6.936630e-01 0 0
6048.1531 6048.1531 3.846615e-17 8.824131e-17 1.086979e-01 16 0
6053.0341 6053.0341 7.298149e-17 8.859737e-17 2.300705e-01 0 0
6057.9151 6057.9151 2.923811e-16 9.114639e-17 1.048470e+00 16 0
6062.7962 6062.7962 7.070647e-15 1.906117e-16 2.932659e+01 16 0
6067.6772 6067.6772 1.326500e-16 8.539559e-17 4.504125e-01 0 0
6072.5583 6072.5583 1.656857e-16 8.502301e-17 5.757118e-01 0 0
6077.4394 6077.4394 8.827135e-17 8.553918e-17 2.902458e-01 16 0
6082.3205 6082.3205 1.972081e-17 8.669880e-17 4.591226e-02 16 0
6087.2016 6087.2016 1.556364e-16 8.544415e-17 5.442281e-01 16 0
6092.0828 6092.0828 1.523298e-16 8.383693e-17 5.336565e-01 0 0
6096.9640 6096.9640 -3.239449e-17 8.429844e-17 -1.418414e-01 16384 0
6101.8452 6101.8452 2.152169e-16 8.407376e-17 7.805347e-01 0 0
6106.7264 6106.7264 1.674736e-16 8.283990e-17 5.972863e-01 0 0
6111.6076 6111.6076 8.303393e-17 8.539735e-17 2.778185e-01 0 0
6116.4889 6116.4889 1.016160e-16 8.272148e-17 3.483833e-01 0 0
6121.3701 6121.3701 2.880054e-16 8.400473e-17 1.079697e+00 16 0
6126.2514 6126.2514 1.297416e-16 8.278057e-17 4.575613e-01 0 0
6131.1327 6131.1327 6.851794e-17 8.440656e-17 2.261747e-01 16 0
6136.0141 6136.0141 8.459887e-17 9.372759e-17 2.870396e-01 16 0
6140.8954 6140.8954 2.021182e-16 8.982238e-17 7.442186e-01 16 0
6145.7768 6145.7768 1.860649e-16 8.286143e-17 6.817949e-01 16 0
6150.6582 6150.6582 1.251724e-16 8.362525e-17 4.440694e-01 16 0
6155.5396 6155.5396 6.495928e-19 8.672994e-17 -2.075317e-02 16 0
6160.4210 6160.4210 2.480882e-16 8.566746e-17 9.331807e-01 16 0
6165.3024 6165.3024 1.317697e-16 8.188451e-17 4.713220e-01 0 0
6170.1839 6170.1839 4.360968e-17 8.042938e-17 1.354188e-01 16 0
6175.0654 6175.0654 1.108902e-17 1.023646e-16 1.641389e-02 16 0
6179.9469 6179.9469 3.393022e-16 8.890470e-17 1.309695e+00 0 0
6184.8284 6184.8284 2.254434e-16 9.100018e-17 8.452473e-01 16 0
6189.7099 6189.7099 3.864441e-18 9.942204e-17 -9.666204e-03 16 0
6194.5915 6194.5915 1.914076e-16 8.106262e-17 7.090726e-01 16 0
6199.4730 6199.4730 1.813827e-16 8.410004e-17 6.691653e-01 16 0
6204.3546 6204.3546 3.104103e-16 8.264473e-17 1.192819e+00 0 0
6209.2362 6209.2362 8.987996e-17 8.421208e-17 3.106163e-01 16 0
6214.1178 6214.1178 -2.592892e-17 1.122004e-16 -1.172597e-01 16400 0
6218.9995 6218.9995 -2.610047e-17 8.339471e-17 -1.180395e-01 16400 0
6223.8811 6223.8811 9.569392e-17 8.063286e-17 3.329205e-01 0 0
6228.7628 6228.7628 1.722738e-16 8.035800e-17 6.330817e-01 0 0
6233.6445 6233.6445 -1.131265e-17 8.227306e-17 -6.415735e-02 16 0
6238.5262 6238.5262 1.707221e-17 8.460778e-17 3.757288e-02 16 0
6243.4079 6243.4079 6.750472e-17 8.349869e-17 2.251972e-01 16 0
6248.2896 6248.2896 2.604314e-16 8.209073e-17 9.891184e-01 0 0
6253.1714 6253.1714 1.398977e-16 8.115030e-17 5.054611e-01 16 0
6258.0532 6258.0532 9.834487e-17 8.035191e-17 3.435438e-01 0 0
6262.9349 6262.9349 1.145627e-16 8.013988e-17 4.066924e-01 0 0
6267.8167 6267.8167 2.044215e-16 8.132687e-17 7.639226e-01 0 0
6272.6986 6272.6986 3.715885e-17 8.166404e-17 1.115902e-01 0 0
6277.5804 6277.5804 1.695507e-16 8.128493e-17 6.253120e-01 16 0
6282.4622 6282.4622 8.829654e-17 8.250690e-17 3.061587e-01 16 0
6287.3441 6287.3441 2.208690e-16 8.103121e-17 8.343424e-01 0 0
6292.2260 6292.2260 4.098169e-17 7.901977e-17 1.264724e-01 16 0
6297.1079 6297.1079 1.420049e-16 7.980031e-17 5.189691e-01 0 0
6301.9898 6301.9898 2.314755e-16 8.075860e-17 8.824808e-01 0 0
6306.8717 6306.8717 1.635921e-16 8.115208e-17 6.079096e-01 16 0
6311.7536 6311.7536 2.825633e-16 8.102322e-17 1.098589e+00 0 0
6316.6356 6316.6356 2.065438e-16 8.817187e-17 7.863063e-01 16 0
6321.5175 6321.5175 1.613256e-16 7.999501e-17 6.035661e-01 0 0
6326.3995 6326.3995 8.763308e-17 7.905303e-17 3.097609e-01 16 0
6331.2815 6331.2815 1.550415e-16 7.892786e-17 5.814392e-01 0 0
6336.1635 6336.1635 1.551629e-16 8.131548e-17 5.836500e-01 0 0
6341.0456 6341.0456 2.508337e-16 7.999904e-17 9.835040e-01 16 0
6345.9276 6345.9276 2.845783e-16 7.916054e-17 1.129524e+00 16 0
6350.8096 6350.8096 1.336775e-16 7.798485e-17 5.007174e-01 0 0
6355.6917 6355.6917 2.297145e-16 7.812295e-17 9.026970e-01 0 0
6360.5738 6360.5738 3.149432e-16 7.972089e-17 1.270284e+00 16 0
6365.4559 6365.4559 1.714560e-16 7.714961e-17 6.620256e-01 0 0
6370.3380 6370.3380 2.844041e-16 7.889000e-17 1.145121e+00 16 0
6375.2201 6375.2201 1.122308e-16 7.657744e-17 4.193228e-01 0 0
6380.1022 6380.1022 1.840959e-16 7.711088e-17 7.207082e-01 0 0
6384.9844 6384.9844 8.058142e-17 7.575096e-17 2.918647e-01 0 0
6389.8665 6389.8665 1.673805e-16 7.925730e-17 6.531593e-01 16 0
6394.7487 6394.7487 8.223677e-17 8.005836e-17 2.998923e-01 16 0
6399.6309 6399.6309 6.164910e-17 7.507276e-17 2.168401e-01 0 0
6404.5131 6404.5131 4.217248e-17 7.530888e-17 1.390848e-01 0 0
6409.3953 6409.3953 1.588876e-16 7.797124e-17 6.217766e-01 16 0
6414.2775 6414.2775 7.536568e-17 7.822404e-17 2.736933e-01 16 0
6419.1598 6419.1598 2.425556e-16 8.807807e-17 9.843759e-01 16 0
6424.0420 6424.0420 3.782256e-16 8.490233e-17 1.585945e+00 0 0
6428.9243 6428.9243 1.979388e-16 7.716041e-17 7.923616e-01 16 0
6433.8065 6433.8065 1.469894e-16 7.590972e-17 5.744472e-01 0 0
6438.6888 6438.6888 -5.320002e-17 7.610166e-17 -2.583353e-01 16400 0
6443.5711 6443.5711 2.076640e-16 7.727044e-17 8.362227e-01 16 0
6448.4534 6448.4534 6.890573e-17 7.558544e-17 2.486377e-01 16 0
6453.3357 6453.3357 1.081741e-16 7.455160e-17 4.115438e-01 0 0
6458.2181 6458.2181 1.653083e-16 7.551769e-17 6.541348e-01 0 0
6463.1004 6463.1004 6.762989e-17 8.232427e-17 2.435885e-01 16 0
6467.9828 6467.9828 1.516575e-16 8.442481e-17 5.958883e-01 16 0
6472.8651 6472.8651 1.540367e-17 7.547302e-17 3.371253e-02 16 0
6477.7475 6477.7475 1.115998e-16 7.547942e-17 4.261305e-01 16 0
6482.6299 6482.6299 7.371339e-17 7.505814e-17 2.685051e-01 0 0
6487.5123 6487.5123 1.713764e-16 7.659063e-17 6.803084e-01 16 0
6492.3947 6492.3947 1.211388e-16 7.593485e-17 4.660510e-01 16 0
6497.2771 6497.2771 5.783426e-17 7.489164e-17 2.032928e-01 0 0
6502.1595 6502.1595 6.260196e-17 7.697644e-17 2.226174e-01 0 0
6507.0420 6507.0420 1.903639e-16 7.606558e-17 7.612622e-01 0 0
6511.9244 6511.9244 1.689406e-16 7.557945e-17 6.686022e-01 0 0
6516.8069 6516.8069 2.016842e-16 7.900882e-17 8.094272e-01 16 0
6521.6893 6521.6893 2.593916e-16 7.861983e-17 1.060711e+00 0 0
6526.5718 6526.5718 2.531939e-17 7.522359e-17 7.214793e-02 16 0
6531.4543 6531.4543 1.451455e-16 8.983568e-17 5.654035e-01 16 0
6536.3368 6536.3368 1.403932e-16 7.615880e-17 5.448291e-01 16 0
6541.2193 6541.2193 2.278962e-16 8.004614e-17 9.201506e-01 0 0
6546.1018 6546.1018 1.234631e-16 7.788965e-17 4.725941e-01 0 0
6550.9843 6550.9843 1.450653e-16 7.786581e-17 5.631925e-01 16 0
6555.8669 6555.8669 1.655140e-16 7.757919e-17 6.494959e-01 16 0
6560.7494 6560.7494 2.725988e-16 7.803994e-17 1.111827e+00 0 0
6565.6320 6565.6320 1.698249e-16 8.064077e-17 6.666946e-01 16 0
6570.5145 6570.5145 1.329429e-16 7.590396e-17 5.101873e-01 0 0
6575.3971 6575.3971 1.744789e-16 7.697863e-17 6.853645e-01 1040 0
6580.2797 6580.2797 1.578273e-16 7.958833e-17 6.141579e-01 1040 0
6585.1622 6585.1622 3.723553e-17 7.552125e-17 1.178540e-01 1024 0
6590.0448 6590.0448 2.206435e-16 7.708906e-17 8.814521e-01 1024 0
6594.9274 6594.9274 -1.149786e-16 8.380343e-17 -5.520192e-01 17424 0
6599.8100 6599.8100 2.320837e-16 7.739511e-17 9.297755e-01 1040 0
6604.6927 6604.6927 -1.309291e-16 8.353374e-17 -6.280724e-01 17424 0
6609.5753 6609.5753 1.775614e-16 7.663389e-17 6.956522e-01 1024 0
6614.4579 6614.4579 1.069046e-16 7.708173e-17 3.992876e-01 1040 0
6619.3406 6619.3406 1.775477e-16 7.764586e-17 6.953575e-01 1040 0
6624.2232 6624.2232 -1.193695e-17 8.071707e-17 -7.251541e-02 1040 0
6629.1059 6629.1059 2.682066e-16 8.996958e-17 1.085275e+00 1024 0
6633.9885 6633.9885 1.156449e-16 8.927649e-17 4.354765e-01 1040 0
6638.8712 6638.8712 1.082593e-16 8.876721e-17 4.050120e-01 1040 0
6643.7539 6643.7539 1.629495e-16 8.489286e-17 6.340526e-01 1040 0
6648.6366 6648.6366 1.153749e-16 7.661446e-17 4.348279e-01 1040 0
6653.5193 6653.5193 2.388506e-16 7.761225e-17 9.598166e-01 1040 0
6658.4020 6658.4020 3.267053e-16 8.084890e-17 1.344286e+00 1040 0
6663.2847 6663.2847 1.054150e-16 7.794800e-17 3.942727e-01 1040 0
6668.1674 6668.1674 2.717846e-16 7.817415e-17 1.105153e+00 1040 0
6673.0501 6673.0501 2.884407e-16 7.827253e-17 1.178971e+00 1024 0
6677.9328 6677.9328 2.757619e-17 9.683040e-17 7.956353e-02 1040 0
6682.8155 6682.8155 2.357467e-16 8.107354e-17 9.508235e-01 1040 0
6687.6983 6687.6983 2.439511e-15 1.091593e-16 1.117498e+01 1040 0
6692.5810 6692.5810 1.741953e-16 7.940613e-17 6.868863e-01 1040 0
6697.4638 6697.4638 2.422179e-16 7.840161e-17 9.817867e-01 1040 0
6702.3465 6702.3465 2.208126e-16 7.644631e-17 8.895020e-01 1024 0
6707.2293 6707.2293 2.259118e-16 7.896168e-17 9.125696e-01 1024 0
6712.1120 6712.1120 1.701324e-16 7.507471e-17 6.721491e-01 1024 0
6716.9948 6716.9948 2.010970e-16 7.579862e-17 8.064034e-01 1024 0
6721.8776 6721.8776 3.457899e-16 7.808917e-17 1.445354e+00 1024 0
6726.7604 6726.7604 1.733527e-16 7.889418e-17 6.878878e-01 0 0
6731.6431 6731.6431 2.021492e-16 7.783021e-17 8.131621e-01 16 0
6736.5259 6736.5259 2.044176e-16 8.126840e-17 8.237026e-01 16 0
6741.4087 6741.4087 2.843374e-16 7.710751e-17 1.176023e+00 0 0
6746.2915 6746.2915 3.059493e-16 7.754577e-17 1.273047e+00 16 0
6751.1743 6751.1743 1.948035e-16 7.569411e-17 7.835979e-01 0 0
6756.0571 6756.0571 8.135293e-17 7.696910e-17 3.001234e-01 0 0
6760.9400 6760.9400 1.610118e-16 7.501344e-17 6.380481e-01 0 0
6765.8228 6765.8228 2.386773e-16 7.639164e-17 9.772995e-01 16 0
6770.7056 6770.7056 1.308620e-16 7.719054e-17 5.092750e-01 0 0
6775.5884 6775.5884 1.561680e-16 7.524540e-17 6.179808e-01 0 0
6780.4712 6780.4712 1.407230e-16 7.836974e-17 5.517828e-01 16 0
6785.3541 6785.3541 1.445269e-16 7.864035e-17 5.682340e-01 16 0
6790.2369 6790.2369 8.985238e-17 7.672984e-17 3.363430e-01 0 0
6795.1197 6795.1197 5.924139e-17 7.829042e-17 2.093541e-01 16 0
6800.0026 6800.0026 7.257477e-17 7.356575e-17 2.643881e-01 0 0
6804.8854 6804.8854 1.931815e-16 7.672542e-17 7.791632e-01 16 0
6809.7683 6809.7683 2.559468e-16 7.581725e-17 1.055367e+00 0 0
6814.6511 6814.6511 2.001789e-16 7.493458e-17 8.096235e-01 0 0
6819.5340 6819.5340 3.264963e-17 7.669894e-17 1.010338e-01 0 0
6824.4168 6824.4168 -4.215213e-18 8.541042e-17 -4.480631e-02 16 0
6829.2997 6829.2997 -3.822182e-17 9.332792e-17 -1.870794e-01 16400 0
6834.1826 6834.1826 2.584479e-16 7.645951e-17 1.065678e+00 0 0
6839.0654 6839.0654 -8.793676e-17 8.520791e-17 -4.302576e-01 16400 0
6843.9483 6843.9483 2.403602e-16 7.706242e-17 9.852261e-01 16 0
6848.8312 6848.8312 9.501803e-17 7.554180e-17 3.574143e-01 16 0
6853.7140 6853.7140 1.298814e-16 7.584657e-17 5.047863e-01 16 0
6858.5969 6858.5969 2.530679e-16 7.743993e-17 1.040733e+00 0 0
6863.4798 6863.4798 1.597523e-17 7.764869e-17 3.412245e-02 16 0
6868.3627 6868.3627 2.316906e-16 7.706869e-17 9.460154e-01 16 0
6873.2456 6873.2456 6.732266e-17 7.667497e-17 2.418420e-01 0 0
6878.1284 6878.1284 3.565922e-16 7.750848e-17 1.502187e+00 16 0
6883.0113 6883.0113 1.974944e-16 7.665202e-17 7.958055e-01 16 0
6887.8942 6887.8942 1.678732e-16 7.521551e-17 6.671456e-01 16 0
6892.7771 6892.7771 3.795313e-16 8.594792e-17 1.605140e+00 16 0
6897.6600 6897.6600 5.333780e-17 7.541200e-17 1.842676e-01 16 0
6902.5429 6902.5429 2.246868e-16 7.538004e-17 9.145386e-01 0 0
6907.4257 6907.4257 1.094299e-16 7.610194e-17 4.173183e-01 0 0
6912.3086 6912.3086 1.704249e-16 7.533535e-17 6.780340e-01 0 0
6917.1915 6917.1915 2.322848e-16 7.596780e-17 9.479552e-01 16 0
6922.0744 6922.0744 1.280074e-16 7.594492e-17 4.960775e-01 16 0
6926.9573 6926.9573 3.248156e-16 7.732750e-17 1.359157e+00 0 0
6931.8402 6931.8402 1.073516e-16 7.592935e-17 4.086395e-01 16 0
6936.7231 6936.7231 2.210905e-16 7.560934e-17 8.991009e-01 0 0
6941.6060 6941.6060 1.830607e-16 7.529304e-17 7.331638e-01 0 0
6946.4889 6946.4889 2.524526e-17 7.458668e-17 7.072304e-02 16 0
6951.3718 6951.3718 1.353545e-16 7.429368e-17 5.278075e-01 16 0
6956.2547 6956.2547 -1.362439e-16 7.655473e-17 -6.662019e-01 16400 0
6961.1375 6961.1375 2.537261e-16 7.544171e-17 1.043952e+00 0 0
6966.0204 6966.0204 8.083925e-17 7.402408e-17 2.979770e-01 0 0
6970.9033 6970.9033 -5.354743e-18 7.624028e-17 -4.979202e-02 16 0
6975.7862 6975.7862 6.254009e-17 7.448892e-17 2.223434e-01 0 0
6980.6691 6980.6691 9.305898e-17 7.497425e-17 3.493963e-01 16 0
6985.5520 6985.5520 1.456203e-16 7.405415e-17 5.730107e-01 0 0
6990.4349 6990.4349 2.207738e-16 9.055138e-17 9.006085e-01 16 0
6995.3177 6995.3177 1.716804e-16 7.444988e-17 6.862803e-01 0 0
7000.2006 7000.2006 1.245546e-16 7.735654e-17 4.838956e-01 16 0
7005.0835 7005.0835 1.612957e-16 8.997314e-17 6.427644e-01 16 0
7009.9664 7009.9664 2.467284e-16 7.551663e-17 1.018831e+00 0 0
7014.8493 7014.8493 9.527199e-17 7.926460e-17 3.605335e-01 16 0
7019.7321 7019.7321 1.092761e-16 7.577675e-17 4.201606e-01 0 0
7024.6150 7024.6150 2.802227e-16 9.060860e-17 1.170566e+00 16 0
7029.4979 7029.4979 1.460512e-16 7.449917e-17 5.786952e-01 0 0
7034.3808 7034.3808 1.789317e-16 7.473274e-17 7.223108e-01 16 0
7039.2636 7039.2636 7.455448e-17 7.493749e-17 2.744213e-01 16 0
7044.1465 7044.1465 1.187293e-16 7.373073e-17 4.619060e-01 0 0
7049.0294 7049.0294 2.325610e-16 7.477467e-17 9.606450e-01 0 0
7053.9122 7053.9122 3.449139e-16 7.599000e-17 1.467313e+00 0 0
7058.7951 7058.7951 2.261181e-16 7.798350e-17 9.327816e-01 16 0
7063.6779 7063.6779 1.202446e-16 7.357909e-17 4.692009e-01 16 0
7068.5608 7068.5608 1.506380e-16 7.460990e-17 6.008174e-01 16 0
7073.4436 7073.4436 1.601357e-16 7.718229e-17 6.423375e-01 16 0
7078.3265 7078.3265 8.638853e-17 7.560618e-17 3.250502e-01 0 0
7083.2093 7083.2093 1.097934e-16 7.317213e-17 4.246106e-01 16 0
7088.0922 7088.0922 1.616336e-16 7.636015e-17 6.488859e-01 16 0
7092.9750 7092.9750 2.050625e-16 7.528672e-17 8.398076e-01 16 0
7097.8578 7097.8578 1.147508e-16 7.596759e-17 4.455658e-01 0 0
7102.7407 7102.7407 1.346014e-16 7.686700e-17 5.307810e-01 0 0
7107.6235 7107.6235 1.069187e-16 7.375414e-17 4.116278e-01 0 0
7112.5063 7112.5063 9.717244e-17 7.325025e-17 3.698620e-01 0 0
7117.3891 7117.3891 2.169381e-16 7.697573e-17 8.900524e-01 0 0
7122.2719 7122.2719 2.158688e-16 7.562440e-17 8.844715e-01 16 0
7127.1547 7127.1547 2.713068e-16 7.521606e-17 1.130330e+00 0 0
7132.0375 7132.0375 2.463041e-16 7.607628e-17 1.017514e+00 272 0
7136.9203 7136.9203 2.353690e-16 7.758353e-17 9.677979e-01 0 0
7141.8031 7141.8031 1.297037e-16 7.758453e-17 5.057137e-01 0 0
7146.6859 7146.6859 2.042002e-16 7.692622e-17 8.279406e-01 16 0
7151.5687 7151.5687 2.100259e-16 7.568184e-17 8.523394e-01 0 0
7156.4515 7156.4515 2.484774e-16 7.694678e-17 1.020438e+00 16 0
7161.3343 7161.3343 2.211812e-16 7.536368e-17 8.987116e-01 0 0
7166.2170 7166.2170 2.191321e-16 7.789006e-17 8.883290e-01 16 0
7171.0998 7171.0998 2.743322e-16 7.737581e-17 1.129774e+00 16 0
7175.9826 7175.9826 1.673799e-16 7.794528e-17 6.610188e-01 16 0
7180.8653 7180.8653 1.696267e-16 7.544541e-17 6.694386e-01 16 0
7185.7481 7185.7481 2.283160e-16 7.584271e-17 9.220569e-01 0 0
7190.6308 7190.6308 3.865400e-17 8.225402e-17 1.223601e-01 16 0
7195.5135 7195.5135 5.459617e-16 7.978147e-17 2.335469e+00 16 0
7200.3963 7200.3963 2.762748e-16 7.745940e-17 1.125647e+00 0 0
7205.2790 7205.2790 1.942238e-16 7.874806e-17 7.677265e-01 16 0
7210.1617 7210.1617 1.547294e-16 7.617797e-17 5.981054e-01 0 0
7215.0444 7215.0444 1.760417e-16 7.759836e-17 6.869152e-01 16 0
7219.9271 7219.9271 7.298459e-17 7.568947e-17 2.576537e-01 0 0
7224.8098 7224.8098 6.758274e-18 7.841288e-17 -3.775507e-03 16 0
7229.6925 7229.6925 1.548488e-16 8.103714e-17 5.930467e-01 16 0
7234.5752 7234.5752 2.266410e-16 7.777383e-17 8.950548e-01 0 0
7239.4579 7239.4579 2.592993e-16 8.035425e-17 1.032606e+00 16 0
7244.3405 7244.3405 8.209504e-17 7.770664e-17 2.908415e-01 16 0
7249.2232 7249.2232 2.048102e-16 7.835381e-17 7.962407e-01 16 0
7254.1059 7254.1059 2.597009e-16 7.956738e-17 1.026812e+00 16 0
7258.9885 7258.9885 2.887477e-16 7.967754e-17 1.148236e+00 0 0
7263.8712 7263.8712 2.334357e-16 7.938659e-17 9.105908e-01 0 0
7268.7538 7268.7538 6.093940e-17 1.020341e-16 2.034863e-01 16 0
7273.6364 7273.6364 9.736814e-17 7.818357e-17 3.469425e-01 16 0
7278.5190 7278.5190 1.531330e-16 7.866055e-17 5.712290e-01 16 0
7283.4016 7283.4016 1.099648e-16 8.173267e-17 3.953308e-01 16 0
7288.2842 7288.2842 7.595023e-17 7.882199e-17 2.597154e-01 16 0
7293.1668 7293.1668 2.523378e-16 8.042309e-17 9.757006e-01 0 0
7298.0494 7298.0494 6.779603e-17 8.310829e-17 2.265769e-01 16 0
7302.9320 7302.9320 2.259717e-16 8.255612e-17 8.615750e-01 16 0
7307.8146 7307.8146 6.487970e-17 9.140907e-17 2.140823e-01 16 0
7312.6971 7312.6971 3.249266e-16 8.398911e-17 1.268718e+00 16 0
7317.5797 7317.5797 2.264362e-16 8.097305e-17 8.571185e-01 0 0
7322.4622 7322.4622 1.500624e-16 8.603735e-17 5.459852e-01 16 0
7327.3448 7327.3448 8.239399e-17 8.447141e-17 2.789778e-01 16 0
7332.2273 7332.2273 3.192407e-16 8.224646e-17 1.233128e+00 0 0
7337.1098 7337.1098 1.925406e-16 9.737284e-17 7.118375e-01 16 0
7341.9923 7341.9923 2.368852e-16 8.263835e-17 8.894935e-01 16 0
7346.8748 7346.8748 1.616763e-16 9.399323e-17 5.854608e-01 16 0
7351.7573 7351.7573 2.186237e-16 8.237286e-17 8.117403e-01 0 0
7356.6398 7356.6398 2.332045e-16 8.375298e-17 8.687367e-01 16 0
7361.5222 7361.5222 1.732897e-16 8.274562e-17 6.274761e-01 0 0
7366.4047 7366.4047 2.671405e-16 8.393493e-17 1.002188e+00 16 0
7371.2871 7371.2871 1.748061e-16 8.798063e-17 6.308744e-01 16 0
7376.1696 7376.1696 2.274294e-16 8.424829e-17 8.386199e-01 16 0
7381.0520 7381.0520 1.281169e-16 8.483235e-17 4.464681e-01 0 0
7385.9344 7385.9344 2.909387e-16 8.525942e-17 1.090751e+00 16 0
7390.8168 7390.8168 -3.034250e-17 9.084860e-17 -1.343871e-01 16 0
7395.6992 7395.6992 1.488847e-16 8.298468e-17 5.242257e-01 0 0
7400.5816 7400.5816 9.223332e-17 8.209257e-17 3.069044e-01 0 0
7405.4640 7405.4640 1.159252e-17 8.334203e-17 1.116371e-02 16 0
7410.3463 7410.3463 2.296430e-16 8.425187e-17 8.379254e-01 0 0
7415.2287 7415.2287 1.198362e-16 8.392528e-17 4.098906e-01 16 0
7420.1110 7420.1110 1.277203e-17 8.210026e-17 1.516660e-02 0 0
7424.9934 7424.9934 2.476649e-16 8.410391e-17 9.062533e-01 0 0
7429.8757 7429.8757 1.555152e-16 8.483461e-17 5.448575e-01 16 0
7434.7580 7434.7580 1.836971e-16 8.638323e-17 6.533374e-01 0 0
7439.6403 7439.6403 1.586843e-16 8.778330e-17 5.559714e-01 16 0
7444.5226 7444.5226 4.323891e-17 8.310634e-17 1.235096e-01 0 0
7449.4048 7449.4048 1.712491e-16 8.433192e-17 6.034194e-01 0 0
7454.2871 7454.2871 3.141539e-17 8.469713e-17 8.084710e-02 16 0
7459.1693 7459.1693 1.830793e-16 8.448704e-17 6.482217e-01 0 0
7464.0516 7464.0516 2.258547e-16 8.563328e-17 8.144311e-01 16 0
7468.9338 7468.9338 8.542463e-17 8.402557e-17 2.769905e-01 16 0
7473.8160 7473.8160 4.830742e-17 8.240129e-17 1.410846e-01 0 0
7478.6982 7478.6982 1.931139e-16 8.505147e-17 6.853997e-01 16 0
7483.5804 7483.5804 8.773803e-17 8.605068e-17 2.849924e-01 16 0
7488.4626 7488.4626 4.018131e-17 8.669202e-17 1.115978e-01 0 0
7493.3447 7493.3447 2.083166e-16 9.189872e-17 7.432635e-01 16 0
7498.2269 7498.2269 2.378891e-16 8.594363e-17 8.583187e-01 0 0
7503.1090 7503.1090 7.111248e-17 8.725147e-17 2.232030e-01 0 0
7507.9911 7507.9911 2.420572e-16 9.223132e-17 8.737800e-01 16 0
7512.8732 7512.8732 1.155900e-16 8.724546e-17 3.875450e-01 16 0
7517.7553 7517.7553 1.143277e-16 8.411809e-17 3.826019e-01 0 0
7522.6374 7522.6374 1.888989e-16 8.445904e-17 6.658391e-01 0 0
7527.5195 7527.5195 4.299297e-17 8.436371e-17 1.209857e-01 16 0
7532.4015 7532.4015 2.591394e-16 8.587138e-17 9.383256e-01 0 0
7537.2836 7537.2836 3.048735e-16 8.907232e-17 1.118119e+00 16 0
7542.1656 7542.1656 1.438483e-16 8.510647e-17 4.922616e-01 0 0
7547.0476 7547.0476 6.845620e-17 8.801770e-17 2.121591e-01 16 0
7551.9296 7551.9296 4.493077e-16 9.427919e-17 1.693421e+00 0 0
7556.8116 7556.8116 2.611053e-16 9.270605e-17 9.426892e-01 16 0
7561.6935 7561.6935 1.352668e-16 8.536978e-17 4.583026e-01 0 0
7566.5755 7566.5755 3.000356e-16 8.880694e-17 1.093759e+00 16 0
7571.4574 7571.4574 1.402586e-16 8.673913e-17 4.760757e-01 16 0
7576.3394 7576.3394 5.070422e-17 8.440806e-17 1.471084e-01 0 0
7581.2213 7581.2213 2.175041e-16 8.629245e-17 7.688124e-01 0 0
7586.1032 7586.1032 1.760432e-16 8.646909e-17 6.092414e-01 16 0
7590.9850 7590.9850 1.958514e-16 8.980021e-17 6.837462e-01 16 0
7595.8669 7595.8669 -4.410239e-17 9.105275e-17 -1.864274e-01 16400 0
7600.7487 7600.7487 -1.119634e-17 8.594814e-17 -6.693652e-02 16 0
7605.6306 7605.6306 1.833574e-16 8.723382e-17 6.329547e-01 0 0
7610.5124 7610.5124 -1.312524e-17 8.768160e-17 -7.317669e-02 16 0
7615.3942 7615.3942 1.999675e-16 8.737662e-17 6.932983e-01 16 0
7620.2760 7620.2760 -8.337877e-17 9.109252e-17 -3.491751e-01 16400 0
7625.1577 7625.1577 7.992186e-17 8.604326e-17 2.476555e-01 0 0
7630.0395 7630.0395 1.520702e-16 8.797231e-17 5.097128e-01 0 0
7634.9212 7634.9212 1.876029e-16 8.763579e-17 6.405755e-01 0 0
7639.8030 7639.8030 -6.590422e-17 8.865325e-17 -2.733975e-01 16400 0
7644.6847 7644.6847 1.673651e-16 8.868753e-17 5.620759e-01 0 0
7649.5663 7649.5663 2.063652e-16 8.903820e-17 7.053283e-01 16 0
7654.4480 7654.4480 -1.012723e-16 1.137636e-16 -4.166772e-01 16400 0
7659.3297 7659.3297 9.717918e-17 8.765049e-17 3.036325e-01 0 0
7664.2113 7664.2113 1.334013e-16 9.061062e-17 4.320364e-01 16 0
7669.0929 7669.0929 1.142057e-16 8.893723e-17 3.619524e-01 0 0
7673.9745 7673.9745 1.453832e-16 8.960024e-17 4.721769e-01 0 0
7678.8561 7678.8561 8.310258e-17 8.869096e-17 2.503356e-01 0 0
7683.7377 7683.7377 1.514097e-16 8.973791e-17 4.904320e-01 16 0
7688.6192 7688.6192 -1.650317e-18 9.655887e-17 -3.464405e-02 16 0
7693.5008 7693.5008 1.177983e-16 9.029190e-17 3.679902e-01 16 0
7698.3823 7698.3823 1.535947e-16 9.070617e-17 4.927031e-01 16 0
7703.2638 7703.2638 -6.764879e-17 8.970338e-17 -2.692337e-01 16400 0
7708.1453 7708.1453 2.315044e-16 9.314368e-17 7.673252e-01 16 0
7713.0267 7713.0267 -9.121813e-18 9.024927e-17 -5.791151e-02 0 0
7717.9082 7717.9082 8.021382e-17 9.151956e-17 2.326052e-01 0 0
7722.7896 7722.7896 2.062558e-16 9.326675e-17 6.681592e-01 0 0
7727.6710 7727.6710 1.425350e-16 9.463899e-17 4.425408e-01 16 0
7732.5524 7732.5524 1.763827e-16 1.020118e-16 5.578911e-01 16 0
7737.4337 7737.4337 7.384394e-17 9.349296e-17 2.073843e-01 0 0
7742.3151 7742.3151 2.984234e-16 9.563864e-17 9.827743e-01 0 0
7747.1964 7747.1964 2.146269e-17 9.346789e-17 3.727372e-02 16 0
7752.0777 7752.0777 6.428804e-17 9.481834e-17 1.734101e-01 16 0
7756.9590 7756.9590 1.931801e-16 9.730783e-17 6.033086e-01 16 0
7761.8403 7761.8403 2.955221e-16 9.734690e-17 9.556347e-01 0 0
7766.7216 7766.7216 4.969132e-17 9.579008e-17 1.244337e-01 16 0
7771.6028 7771.6028 1.647249e-16 9.708473e-17 4.992347e-01 16 0
7776.4840 7776.4840 2.379906e-16 9.739506e-17 7.448425e-01 0 0
7781.3652 7781.3652 1.766196e-16 1.052193e-16 5.343553e-01 16 0
7786.2464 7786.2464 5.301752e-17 1.044516e-16 1.321936e-01 16 0
7791.1275 7791.1275 2.407222e-16 9.892073e-17 7.440840e-01 0 0
7796.0087 7796.0087 2.169936e-18 9.783886e-17 -2.279783e-02 0 0
7800.8898 7800.8898 2.182328e-16 9.999946e-17 6.623223e-01 16 0
7805.7709 7805.7709 1.573195e-16 1.000338e-16 4.594303e-01 16 0
7810.6520 7810.6520 -5.803960e-17 1.135682e-16 -2.108705e-01 16400 0
7815.5330 7815.5330 2.119907e-16 1.007618e-16 6.329865e-01 0 0
7820.4141 7820.4141 2.281981e-16 1.141647e-16 6.832382e-01 16 0
7825.2951 7825.2951 1.360777e-16 1.004661e-16 3.836975e-01 0 0
7830.1761 7830.1761 2.187392e-16 1.018385e-16 6.464980e-01 16 0
7835.0571 7835.0571 3.336063e-16 1.095986e-16 1.020083e+00 16 0
7839.9380 7839.9380 2.733366e-17 1.021021e-16 4.930349e-02 0 0
7844.8189 7844.8189 1.019366e-16 1.030857e-16 2.715625e-01 0 0
7849.6998 7849.6998 1.729567e-16 1.067706e-16 4.902644e-01 0 0
7854.5807 7854.5807 -3.662673e-17 1.052931e-16 -1.294914e-01 0 0
7859.4616 7859.4616 2.930787e-16 1.050371e-16 8.674343e-01 0 0
7864.3424 7864.3424 2.933065e-16 1.099225e-16 8.645104e-01 16 0
7869.2233 7869.2233 3.164440e-16 1.062014e-16 9.350320e-01 16 0
7874.1041 7874.1041 3.161849e-16 1.067161e-16 9.303124e-01 0 0
7878.9849 7878.9849 -7.043533e-18 1.064818e-16 -4.816507e-02 16 0
7883.8656 7883.8656 1.297773e-16 1.092767e-16 3.449451e-01 16 0
7888.7463 7888.7463 2.462470e-16 1.073330e-16 6.994349e-01 0 0
7893.6271 7893.6271 4.975759e-17 1.064793e-16 1.090092e-01 16 0
7898.5078 7898.5078 1.083720e-16 1.090954e-16 2.774118e-01 16 0
7903.3884 7903.3884 2.266158e-16 1.121497e-16 6.306478e-01 0 0
7908.2691 7908.2691 2.179398e-16 1.099712e-16 6.016667e-01 16 0
7913.1497 7913.1497 3.060729e-16 1.174557e-16 8.691119e-01 16 0
7918.0303 7918.0303 1.620163e-16 1.107315e-16 4.296100e-01 16 0
7922.9109 7922.9109 -5.388969e-17 1.108587e-16 -1.783202e-01 16400 0
7927.7914 7927.7914 -5.347469e-17 1.077841e-16 -1.762617e-01 16384 0
7932.6720 7932.6720 1.666857e-16 1.098749e-16 4.380025e-01 16 0
7937.5525 7937.5525 2.618296e-16 1.122863e-16 7.183259e-01 0 0
7942.4329 7942.4329 2.440184e-16 1.116427e-16 6.622667e-01 16 0
7947.3134 7947.3134 2.235642e-16 1.125507e-16 5.990717e-01 16 0
7952.1938 7952.1938 3.408397e-16 1.131388e-16 9.464048e-01 0 0
7957.0743 7957.0743 1.552276e-16 1.115005e-16 3.962860e-01 0 0
7961.9547 7961.9547 -5.700460e-17 1.105996e-16 -1.828866e-01 16384 0
7966.8350 7966.8350 3.493887e-16 1.182964e-16 9.607853e-01 16 0
7971.7154 7971.7154 4.189936e-16 1.173044e-16 1.165180e+00 16 0
7976.5957 7976.5957 6.830376e-17 1.136448e-16 1.499782e-01 16 0
7981.4760 7981.4760 2.268343e-16 1.162813e-16 5.918769e-01 16 0
7986.3562 7986.3562 3.018471e-16 1.189904e-16 8.064649e-01 16 0
7991.2365 7991.2365 1.925254e-16 1.149214e-16 4.897138e-01 16 0
7996.1167 7996.1167 2.016650e-16 1.149335e-16 5.134878e-01 0 0
8000.9969 8000.9969 7.489093e-17 1.150859e-16 1.640535e-01 0 0
8005.8771 8005.8771 1.176319e-16 1.192835e-16 2.776749e-01 16 0
8010.7572 8010.7572 6.764181e-17 1.178606e-16 1.435671e-01 16 0
8015.6373 8015.6373 1.472074e-16 1.165977e-16 3.553504e-01 0 0
8020.5174 8020.5174 1.737853e-16 1.176248e-16 4.263707e-01 16 0
8025.3975 8025.3975 9.304335e-17 1.172967e-16 2.079103e-01 0 0
8030.2775 8030.2775 1.574505e-16 1.204880e-16 3.785951e-01 16 0
8035.1576 8035.1576 5.476992e-17 1.641098e-16 1.074224e-01 16 0
8040.0376 8040.0376 4.790021e-16 1.229753e-16 1.274094e+00 1040 0
8044.9175 8044.9175 1.155279e-16 1.198539e-16 2.629472e-01 1024 0
8049.7975 8049.7975 1.994185e-16 1.219274e-16 4.850478e-01 1024 0
8054.6774 8054.6774 8.950313e-17 1.217407e-16 1.935064e-01 1040 0
8059.5573 8059.5573 8.537790e-17 1.210552e-16 1.821475e-01 1024 0
8064.4371 8064.4371 2.985275e-16 1.277770e-16 7.477642e-01 1040 0
8069.3170 8069.3170 9.574903e-17 1.214319e-16 2.069040e-01 1024 0
8074.1968 8074.1968 2.605991e-17 1.222584e-16 3.335015e-02 1024 0
8079.0766 8079.0766 7.738451e-17 1.225538e-16 1.590344e-01 1024 0
8083.9563 8083.9563 3.026407e-16 1.239399e-16 7.474248e-01 1024 0
8088.8360 8088.8360 2.746342e-16 1.260782e-16 6.694039e-01 1040 0
8093.7158 8093.7158 6.833911e-17 1.231346e-16 1.347311e-01 1024 0
8098.5954 8098.5954 2.762383e-16 1.278180e-16 6.686512e-01 1040 0
8103.4751 8103.4751 4.290184e-17 1.242215e-16 7.209735e-02 1024 0
8108.3547 8108.3547 1.030337e-16 1.251269e-16 2.181957e-01 1040 0
8113.2343 8113.2343 1.934868e-17 1.284968e-16 1.597251e-02 1040 0
8118.1139 8118.1139 -1.004007e-16 1.293152e-16 -2.851168e-01 17424 0
8122.9934 8122.9934 1.241514e-16 1.278573e-16 2.676702e-01 1040 0
8127.8729 8127.8729 1.601025e-16 1.277417e-16 3.562562e-01 1024 0
8132.7524 8132.7524 8.771528e-17 1.274658e-16 1.766768e-01 1040 0
8137.6318 8137.6318 6.032440e-17 1.332906e-16 1.106091e-01 1040 0
8142.5113 8142.5113 -8.949652e-17 1.327399e-16 -2.496706e-01 17424 0
8147.3907 8147.3907 -2.681497e-16 1.404512e-16 -7.455241e-01 17424 0
8152.2700 8152.2700 1.342018e-16 1.296422e-16 2.861788e-01 1040 0
8157.1494 8157.1494 -5.809670e-17 1.290966e-16 -1.604486e-01 17408 0
8162.0287 8162.0287 2.142704e-16 1.312328e-16 4.815934e-01 16 0
8166.9080 8166.9080 -5.360792e-17 1.296199e-16 -1.470988e-01 16384 0
8171.7872 8171.7872 1.488650e-17 1.302711e-16 4.387215e-03 16 0
8176.6665 8176.6665 1.423550e-16 1.400921e-16 3.009747e-01 16 0
8181.5457 8181.5457 -3.651543e-17 1.334746e-16 -1.061135e-01 16 0
8186.4248 8186.4248 -9.341153e-17 1.360432e-16 -2.531976e-01 16400 0
8191.3040 8191.3040 2.981872e-16 1.344010e-16 6.808882e-01 0 0
8196.1831 8196.1831 -8.112299e-17 1.327447e-16 -2.186292e-01 16400 0
8201.0622 8201.0622 2.094498e-16 1.329582e-16 4.580966e-01 0 0
8205.9412 8205.9412 6.826453e-17 1.423518e-16 1.229923e-01 16 0
8210.8202 8210.8202 1.126428e-16 1.340133e-16 2.248633e-01 0 0
8215.6992 8215.6992 9.286404e-17 1.343276e-16 1.784511e-01 0 0
8220.5782 8220.5782 1.944924e-16 1.347351e-16 4.171785e-01 0 0
8225.4571 8225.4571 2.372492e-18 1.347063e-16 -2.302191e-02 16 0
8230.3360 8230.3360 2.774627e-16 1.374289e-16 6.158240e-01 0 0
8235.2149 8235.2149 1.781069e-16 1.368215e-16 3.751185e-01 0 0
8240.0938 8240.0938 2.613174e-17 1.350739e-16 2.761316e-02 0 0
8244.9726 8244.9726 1.220636e-16 1.416684e-16 2.424858e-01 0 0
8249.8513 8249.8513 5.558382e-17 1.365209e-16 9.174863e-02 16 0
8254.7301 8254.7301 -1.068879e-16 1.353507e-16 -2.796274e-01 16384 0
8259.6088 8259.6088 -1.899933e-16 1.347945e-16 -4.959754e-01 16400 0
8264.4875 8264.4875 -2.742063e-17 1.415000e-16 -8.416352e-02 0 0
8269.3662 8269.3662 5.599208e-17 1.375161e-16 9.172326e-02 0 0
8274.2448 8274.2448 2.289724e-16 1.462955e-16 4.882936e-01 16 0
8279.1234 8279.1234 1.271007e-16 1.395117e-16 2.502927e-01 16 0
8284.0019 8284.0019 -3.130538e-17 1.383329e-16 -9.147999e-02 16 0
8288.8805 8288.8805 -1.669806e-16 1.417777e-16 -4.307708e-01 16400 0
8293.7590 8293.7590 8.163535e-17 1.375956e-16 1.469447e-01 0 0
8298.6374 8298.6374 3.190433e-17 1.385034e-16 3.872530e-02 0 0
8303.5159 8303.5159 1.883609e-16 1.391983e-16 3.882960e-01 0 0
8308.3943 8308.3943 1.087551e-16 1.402738e-16 2.063155e-01 0 0
8313.2727 8313.2727 3.111760e-16 1.408716e-16 6.756138e-01 0 0
8318.1510 8318.1510 6.655913e-17 1.435100e-16 1.126801e-01 16 0
8323.0293 8323.0293 3.611273e-16 1.437974e-16 7.927125e-01 16 0
8327.9076 8327.9076 2.039672e-16 1.529946e-16 4.212213e-01 16 0
8332.7858 8332.7858 -8.902854e-17 1.472538e-16 -2.262612e-01 16400 0
8337.6640 8337.6640 2.668737e-16 1.429913e-16 5.663357e-01 0 0
8342.5422 8342.5422 4.790008e-17 1.491882e-16 7.175970e-02 16 0
8347.4204 8347.4204 5.912898e-17 1.427035e-16 9.561644e-02 16 0
8352.2985 8352.2985 3.442017e-16 1.455957e-16 7.461127e-01 16 0
8357.1766 8357.1766 1.178013e-15 2.396832e-16 2.780384e+00 16 0
8362.0546 8362.0546 -8.834407e-17 1.472754e-16 -2.226902e-01 16400 0
8366.9326 8366.9326 2.538108e-16 1.432933e-16 5.317760e-01 0 0
8371.8106 8371.8106 3.705165e-16 1.444247e-16 8.048896e-01 0 0
8376.6885 8376.6885 1.381314e-16 1.423588e-16 2.672968e-01 0 0
8381.5665 8381.5665 1.136787e-16 1.464860e-16 2.128755e-01 0 0
8386.4443 8386.4443 2.244930e-16 1.489230e-16 4.620845e-01 0 0
8391.3222 8391.3222 2.802972e-16 1.477232e-16 5.904380e-01 16 0
8396.2000 8396.2000 3.565284e-17 1.429390e-16 4.508086e-02 0 0
8401.0778 8401.0778 4.977077e-16 1.823682e-16 1.102209e+00 16 0
8405.9555 8405.9555 1.483354e-16 1.428439e-16 2.884858e-01 0 0
8410.8332 8410.8332 1.519293e-16 1.429501e-16 2.962653e-01 0 0
8415.7109 8415.7109 3.107329e-16 1.446678e-16 6.587459e-01 0 0
8420.5885 8420.5885 1.045001e-16 1.426564e-16 1.914001e-01 0 0
8425.4661 8425.4661 2.942743e-16 1.438698e-16 6.196960e-01 0 0
8430.3437 8430.3437 1.328966e-16 1.446245e-16 2.533367e-01 16 0
8435.2212 8435.2212 8.293711e-17 1.444542e-16 1.444948e-01 16 0
8440.0987 8440.0987 1.742637e-16 1.484425e-16 3.449897e-01 16 0
8444.9762 8444.9762 8.782693e-17 1.438784e-16 1.548353e-01 16 0
8449.8536 8449.8536 1.378587e-16 1.436934e-16 2.637525e-01 0 0
8454.7310 8454.7310 2.322386e-16 1.438651e-16 4.754660e-01 0 0
8459.6084 8459.6084 -5.515044e-17 1.471100e-16 -1.366647e-01 16384 0
8464.4857 8464.4857 1.541529e-16 1.450144e-16 2.994732e-01 1040 0
8469.3630 8469.3630 -8.293836e-17 1.418183e-16 -2.053394e-01 17408 0
8474.2403 8474.2403 -1.216315e-17 1.442508e-16 -5.099642e-02 1040 0
8479.1175 8479.1175 1.281981e-16 1.440569e-16 2.419753e-01 1024 0
8483.9946 8483.9946 1.725445e-16 1.434362e-16 3.400015e-01 1024 0
8488.8718 8488.8718 1.018514e-16 1.456846e-16 1.845147e-01 1040 0
8493.7489 8493.7489 1.619509e-16 1.454491e-16 3.162550e-01 1040 0
8498.6260 8498.6260 2.668653e-17 1.448341e-16 2.617747e-02 1024 0
8503.5030 8503.5030 -6.736086e-17 1.428214e-16 -1.663280e-01 17408 0
8508.3800 8508.3800 3.387621e-16 1.467902e-16 7.189875e-01 1024 0
8513.2570 8513.2570 2.396597e-16 1.460670e-16 4.909983e-01 1024 0
8518.1339 8518.1339 -2.297105e-17 1.430135e-16 -7.170371e-02 1024 0
8523.0108 8523.0108 8.957234e-17 1.452337e-16 1.579934e-01 1040 0
8527.8876 8527.8876 1.890192e-16 1.440998e-16 3.765202e-01 1024 0
8532.7644 8532.7644 -1.384963e-16 1.472774e-16 -3.415957e-01 17424 0
8537.6412 8537.6412 2.889409e-16 1.462056e-16 6.036693e-01 1024 0
8542.5180 8542.5180 3.522966e-17 1.451528e-16 4.374260e-02 1024 0
8547.3947 8547.3947 5.280718e-16 1.488088e-16 1.162747e+00 1024 0
8552.2713 8552.2713 1.976784e-16 1.466580e-16 3.958167e-01 1040 0
8557.1479 8557.1479 2.250064e-16 1.462429e-16 4.574394e-01 1040 0
8562.0245 8562.0245 3.326524e-16 1.474595e-16 7.041540e-01 1024 0
8566.9011 8566.9011 -9.626120e-17 1.439167e-16 -2.370294e-01 17424 0
8571.7776 8571.7776 1.149582e-18 1.424729e-16 -2.462388e-02 1024 0
8576.6541 8576.6541 1.579291e-16 1.460960e-16 3.067985e-01 16 0
8581.5305 8581.5305 1.574814e-16 1.463245e-16 3.057112e-01 16 0
8586.4069 8586.4069 1.825911e-16 1.452090e-16 3.614252e-01 0 0
8591.2833 8591.2833 -1.211586e-16 1.429088e-16 -2.977487e-01 16384 0
8596.1596 8596.1596 2.130030e-16 1.470433e-16 4.293794e-01 16 0
8601.0359 8601.0359 -8.376453e-17 1.582674e-16 -2.056600e-01 16400 0
8605.9121 8605.9121 2.650551e-16 1.464775e-16 5.469489e-01 0 0
8610.7883 8610.7883 -5.997568e-18 1.447957e-16 -3.837447e-02 0 0
8615.6645 8615.6645 2.972244e-16 1.479098e-16 6.198803e-01 16 0
8620.5406 8620.5406 1.478379e-16 1.457318e-16 2.834139e-01 0 0
8625.4167 8625.4167 2.095607e-16 1.462572e-16 4.203128e-01 0 0
8630.2927 8630.2927 1.752246e-16 1.480464e-16 3.434744e-01 16 0
8635.1687 8635.1687 2.148921e-16 1.480001e-16 4.317262e-01 16 0
8640.0447 8640.0447 1.542218e-16 1.458697e-16 2.966855e-01 0 0
8644.9206 8644.9206 2.780829e-16 1.482861e-16 5.738688e-01 0 0
8649.7965 8649.7965 1.522691e-16 1.462553e-16 2.919720e-01 16 0
8654.6724 8654.6724 -4.225254e-17 1.645153e-16 -1.071344e-01 16 0
8659.5482 8659.5482 1.261375e-16 1.454932e-16 2.346532e-01 0 0
8664.4239 8664.4239 4.165080e-16 1.484833e-16 8.897427e-01 16 0
8669.2997 8669.2997 2.481110e-16 1.508298e-16 5.039560e-01 16 0
8674.1754 8674.1754 2.135924e-16 1.474634e-16 4.262245e-01 0 0
8679.0510 8679.0510 -1.102750e-17 1.478954e-16 -4.764536e-02 16 0
8683.9266 8683.9266 4.874667e-17 1.534706e-16 7.064271e-02 16 0
8688.8022 8688.8022 7.242276e-17 1.478348e-16 1.195421e-01 0 0
8693.6777 8693.6777 2.211336e-16 1.471167e-16 4.416267e-01 0 0
8698.5532 8698.5532 -1.473129e-16 1.505332e-16 -3.564106e-01 16400 0
8703.4286 8703.4286 4.681907e-17 1.480305e-16 6.645463e-02 0 0
8708.3040 8708.3040 2.020985e-16 1.616316e-16 3.983900e-01 16 0
8713.1794 8713.1794 3.174834e-16 1.523752e-16 6.566027e-01 16 0
8718.0547 8718.0547 3.355864e-16 1.508106e-16 6.972031e-01 16 0
8722.9300 8722.9300 3.342037e-16 1.504465e-16 6.935670e-01 0 0
8727.8052 8727.8052 9.180207e-17 1.592870e-16 1.592378e-01 16 0
8732.6804 8732.6804 9.433741e-17 1.480988e-16 1.644531e-01 0 0
8737.5556 8737.5556 3.398789e-16 1.493107e-16 7.050592e-01 0 0
8742.4307 8742.4307 2.686315e-16 1.506527e-16 5.441504e-01 16 0
8747.3057 8747.3057 4.509517e-16 1.588099e-16 9.575965e-01 16 0
8752.1808 8752.1808 2.284799e-16 1.527463e-16 4.542295e-01 16 0
8757.0557 8757.0557 2.667399e-16 1.492902e-16 5.390585e-01 0 0
8761.9307 8761.9307 2.366461e-16 1.500381e-16 4.718654e-01 16 0
8766.8056 8766.8056 4.419416e-17 1.477372e-16 6.058331e-02 0 0
8771.6804 8771.6804 1.083685e-16 1.474974e-16 1.932666e-01 0 0
8776.5552 8776.5552 9.723460e-17 1.501990e-16 1.697836e-01 16 0
8781.4300 8781.4300 5.675897e-16 1.528893e-16 1.222829e+00 0 0
8786.3047 8786.3047 2.042096e-16 1.495852e-16 3.995857e-01 0 0
8791.1794 8791.1794 2.197240e-16 1.816051e-16 4.335645e-01 16 0
8796.0541 8796.0541 1.944142e-16 1.479049e-16 3.779648e-01 0 0
8800.9287 8800.9287 2.064659e-16 1.493629e-16 4.042637e-01 16 0
8805.8032 8805.8032 3.286461e-16 1.500432e-16 6.760005e-01 16 0
8810.6777 8810.6777 2.476850e-16 1.524658e-16 4.950064e-01 16 0
8815.5522 8815.5522 2.503022e-16 1.488569e-16 5.007654e-01 0 0
8820.4266 8820.4266 2.940122e-16 1.621344e-16 5.980685e-01 16 0
8825.3010 8825.3010 6.923478e-17 1.484195e-16 1.114449e-01 16 0
8830.1753 8830.1753 3.903768e-16 1.566788e-16 8.151976e-01 16 0
8835.0496 8835.0496 -2.842713e-16 1.636129e-16 -6.791054e-01 16400 0
8839.9238 8839.9238 2.270322e-16 1.496104e-16 4.492261e-01 0 0
8844.7981 8844.7981 1.824550e-16 1.506571e-16 3.516310e-01 16 0
8849.6722 8849.6722 2.046887e-16 1.498949e-16 4.001476e-01 16 0
8854.5463 8854.5463 2.531482e-16 1.501842e-16 5.069578e-01 0 0
8859.4204 8859.4204 1.629199e-16 1.482706e-16 3.093102e-01 0 0
8864.2944 8864.2944 3.649929e-16 1.498247e-16 7.576005e-01 16 0
8869.1684 8869.1684 2.967788e-16 1.566105e-16 6.041294e-01 16 0
8874.0423 8874.0423 1.201596e-16 1.591410e-16 2.178247e-01 16 0
8878.9162 8878.9162 1.043634e-16 1.522461e-16 1.844983e-01 0 0
8883.7900 8883.7900 -1.270372e-16 1.714874e-16 -3.031785e-01 16400 0
8888.6638 8888.6638 5.808574e-16 1.871589e-16 1.250668e+00 16 0
8893.5376 8893.5376 1.637216e-16 1.486769e-16 3.109579e-01 16 0
8898.4113 8898.4113 -1.711764e-17 1.622241e-16 -5.794789e-02 16 0
8903.2850 8903.2850 2.933721e-16 1.495498e-16 5.961102e-01 0 0
8908.1586 8908.1586 1.027629e-16 1.840071e-16 1.810200e-01 16 0
8913.0321 8913.0321 1.961802e-16 1.578970e-16 3.811226e-01 16 0
8917.9057 8917.9057 1.435677e-16 1.487659e-16 2.673465e-01 0 0
8922.7791 8922.7791 2.101492e-16 1.502191e-16 4.113974e-01 0 0
8927.6526 8927.6526 -4.685749e-17 1.532707e-16 -1.126973e-01 16 0
8932.5259 8932.5259 6.624987e-17 1.491618e-16 1.051643e-01 16 0
8937.3993 8937.3993 -3.147759e-16 1.774484e-16 -7.485762e-01 16400 0
8942.2726 8942.2726 2.032276e-16 1.523780e-16 3.955994e-01 16 0
8947.1458 8947.1458 2.236427e-16 1.490842e-16 4.400265e-01 0 0
8952.0190 8952.0190 3.927958e-16 1.510754e-16 8.167561e-01 0 0
8956.8922 8956.8922 -6.548298e-17 1.481721e-16 -1.553678e-01 16384 0
8961.7653 8961.7653 4.298669e-16 1.535580e-16 8.995385e-01 16 0
8966.6383 8966.6383 2.643897e-16 1.514170e-16 5.285245e-01 0 0
8971.5113 8971.5113 -2.735764e-16 1.579019e-16 -6.477538e-01 16400 0
8976.3843 8976.3843 2.930401e-16 1.528473e-16 5.911509e-01 16 0
8981.2572 8981.2572 2.806941e-16 1.702754e-16 5.633818e-01 16 0
8986.1301 8986.1301 -3.206403e-17 1.516101e-16 -8.488232e-02 16 0
8991.0029 8991.0029 1.258393e-16 1.582335e-16 2.275943e-01 16 0
8995.8756 8995.8756 1.591524e-16 1.567087e-16 2.979612e-01 0 0
9000.7484 9000.7484 3.492337e-16 1.542787e-16 7.135999e-01 16 0
9005.6210 9005.6210 -1.052410e-16 1.488559e-16 -2.477918e-01 16384 0
9010.4937 9010.4937 -1.183334e-16 1.491774e-16 -2.783788e-01 16384 0
9015.3662 9015.3662 8.455109e-17 1.517311e-16 1.410985e-01 0 0
9020.2388 9020.2388 1.898208e-16 1.518496e-16 3.622335e-01 0 0
9025.1112 9025.1112 3.643809e-16 1.539576e-16 7.443338e-01 0 0
9029.9837 9029.9837 3.411676e-16 1.615514e-16 6.922072e-01 16 0
9034.8561 9034.8561 2.584828e-16 1.515719e-16 5.098462e-01 16 0
9039.7284 9039.7284 -1.497139e-16 1.479807e-16 -3.503883e-01 16384 0
9044.6007 9044.6007 7.158659e-17 1.545208e-16 1.140696e-01 0 0
9049.4729 9049.4729 -1.337832e-16 1.545977e-16 -3.125813e-01 16384 0
9054.3451 9054.3451 1.953192e-16 1.577553e-16 3.719406e-01 16 0
9059.2172 9059.2172 3.957086e-17 1.545679e-16 5.010195e-02 16 0
9064.0893 9064.0893 1.054137e-16 1.517365e-16 1.825687e-01 0 0
9068.9614 9068.9614 8.789476e-17 1.525822e-16 1.466086e-01 16 0
9073.8333 9073.8333 -4.899989e-17 1.505844e-16 -1.141411e-01 0 0
9078.7053 9078.7053 1.486811e-17 1.528805e-16 2.204753e-03 16 0
9083.5772 9083.5772 -1.374819e-16 1.518730e-16 -3.195182e-01 16400 0
9088.4490 9088.4490 -1.229139e-16 1.506055e-16 -2.854732e-01 16384 0
9093.3208 9093.3208 1.886563e-16 1.548806e-16 3.558177e-01 16 0
9098.1925 9098.1925 1.869672e-18 1.711942e-16 -2.182432e-02 16 0
9103.0642 9103.0642 -4.389959e-16 1.630121e-16 -1.017662e+00 16400 0
9107.9359 9107.9359 -1.526256e-16 1.604474e-16 -3.536105e-01 16400 0
9112.8074 9112.8074 1.295241e-16 1.650450e-16 2.311214e-01 16 0
9117.6790 9117.6790 5.930667e-17 1.599551e-16 8.848583e-02 16 0
9122.5505 9122.5505 1.288119e-16 1.530265e-16 2.294546e-01 16 0
9127.4219 9127.4219 2.853323e-16 1.553464e-16 5.620211e-01 0 0
9132.2933 9132.2933 1.531814e-16 1.553816e-16 2.799396e-01 16 0
9137.1646 9137.1646 1.816810e-16 1.537365e-16 3.397000e-01 0 0
9142.0359 9142.0359 1.627545e-17 1.515944e-16 4.815869e-03 16 0
9146.9071 9146.9071 2.456425e-16 1.631744e-16 4.756691e-01 16 0
9151.7783 9151.7783 3.495584e-16 1.724033e-16 7.007728e-01 16 0
9156.6494 9156.6494 1.405730e-16 1.536263e-16 2.532458e-01 0 0
9161.5205 9161.5205 2.121978e-16 1.658491e-16 4.037418e-01 16 0
9166.3915 9166.3915 1.287210e-16 1.548789e-16 2.285647e-01 16 0
9171.2625 9171.2625 1.337093e-16 1.542625e-16 2.387815e-01 0 0
9176.1334 9176.1334 1.672216e-16 1.549425e-16 3.084322e-01 16 0
9181.0043 9181.0043 4.700009e-17 1.661660e-16 6.388538e-02 16 0
9185.8751 9185.8751 -1.562155e-17 1.532999e-16 -5.329929e-02 0 0
9190.7459 9190.7459 3.437961e-16 1.564373e-16 6.861034e-01 16 0
9195.6166 9195.6166 1.267804e-16 1.548610e-16 2.240119e-01 16 0
9200.4872 9200.4872 1.947130e-16 1.540355e-16 3.654532e-01 0 0
9205.3578 9205.3578 1.593220e-16 1.808956e-16 2.910785e-01 1040 0
9210.2284 9210.2284 1.439601e-16 1.551965e-16 2.590114e-01 1040 0
9215.0989 9215.0989 2.146917e-16 1.553805e-16 4.069305e-01 1024 0
9219.9693 9219.9693 7.552573e-17 1.549697e-16 1.196608e-01 1040 0
9224.8397 9224.8397 3.617935e-16 2.214489e-16 7.220580e-01 1040 0
9229.7101 9229.7101 -2.528190e-16 1.576265e-16 -5.771524e-01 17408 0
9234.5803 9234.5803 1.485099e-17 1.552178e-16 1.967393e-03 1040 0
9239.4506 9239.4506 2.180724e-16 1.563744e-16 4.122638e-01 1024 0
9244.3208 9244.3208 -8.356689e-17 1.664624e-16 -1.901249e-01 17424 0
9249.1909 9249.1909 2.566235e-16 1.570810e-16 4.928433e-01 1040 0
9254.0610 9254.0610 3.186738e-16 1.573724e-16 6.246004e-01 1040 0
9258.9310 9258.9310 2.464078e-16 1.568976e-16 4.698926e-01 1024 0
9263.8009 9263.8009 3.379391e-16 1.584198e-16 6.641315e-01 1024 0
9268.6708 9268.6708 3.778707e-16 1.681418e-16 7.489055e-01 1040 0
9273.5407 9273.5407 7.993997e-17 1.582229e-16 1.265898e-01 1040 0
9278.4105 9278.4105 2.494293e-16 1.580648e-16 4.732763e-01 1040 0
9283.2803 9283.2803 -1.034266e-16 1.575926e-16 -2.324033e-01 17424 0
9288.1499 9288.1499 9.858577e-17 1.586836e-16 1.626174e-01 1040 0
9293.0196 9293.0196 -2.234764e-16 1.630738e-16 -5.001938e-01 17424 0
9297.8892 9297.8892 -1.300781e-16 1.656705e-16 -2.905372e-01 17424 0
9302.7587 9302.7587 3.187861e-17 1.585949e-16 3.301781e-02 1024 0
9307.6282 9307.6282 -7.526515e-17 1.608312e-16 -1.673502e-01 17424 0
9312.4976 9312.4976 3.871091e-16 1.629758e-16 7.550067e-01 1040 0
9317.3669 9317.3669 -7.579872e-17 1.757595e-16 -1.677040e-01 16400 0
9322.2362 9322.2362 3.226353e-16 1.623180e-16 6.158704e-01 0 0
9327.1055 9327.1055 1.018383e-17 1.632397e-16 -7.048488e-03 16 0
9331.9747 9331.9747 2.521646e-16 1.647730e-16 4.669573e-01 16 0
9336.8438 9336.8438 4.218462e-16 1.633595e-16 8.177164e-01 0 0
9341.7129 9341.7129 1.375564e-16 1.683665e-16 2.339313e-01 16 0
9346.5819 9346.5819 3.038405e-16 1.657192e-16 5.685881e-01 16 0
9351.4509 9351.4509 2.123304e-16 1.631624e-16 3.810272e-01 0 0
9356.3198 9356.3198 -7.842857e-17 1.647803e-16 -1.696742e-01 16400 0
9361.1887 9361.1887 5.139181e-16 1.683097e-16 9.964716e-01 0 0
9366.0575 9366.0575 2.267501e-16 1.862187e-16 4.061856e-01 16 0
9370.9262 9370.9262 2.915706e-16 1.677854e-16 5.349225e-01 0 0
9375.7949 9375.7949 6.487706e-17 1.670766e-16 9.096643e-02 16 0
9380.6636 9380.6636 9.100481e-17 1.727944e-16 1.392547e-01 16 0
9385.5321 9385.5321 -6.384757e-17 1.667862e-16 -1.355189e-01 16384 0
9390.4007 9390.4007 8.781656e-17 1.739458e-16 1.322674e-01 0 0
9395.2691 9395.2691 2.263673e-16 1.690687e-16 3.972510e-01 0 0
9400.1375 9400.1375 1.046654e-16 1.698221e-16 1.625840e-01 16 0
9405.0059 9405.0059 1.624018e-16 1.691582e-16 2.709876e-01 0 0
9409.8742 9409.8742 3.396882e-17 1.696966e-16 3.317846e-02 0 0
9414.7424 9414.7424 2.339547e-16 1.710586e-16 4.063105e-01 0 0
9419.6106 9419.6106 1.590305e-16 1.701601e-16 2.616382e-01 16 0
9424.4787 9424.4787 3.237367e-16 1.728866e-16 5.776613e-01 0 0
9429.3468 9429.3468 3.865466e-16 1.733143e-16 6.984947e-01 0 0
9434.2148 9434.2148 1.612781e-16 1.733332e-16 2.628934e-01 0 0
9439.0827 9439.0827 1.706134e-16 1.805010e-16 2.793382e-01 16 0
9443.9506 9443.9506 -3.066218e-17 1.922205e-16 -7.356691e-02 16 0
9448.8184 9448.8184 -7.567582e-18 1.738691e-16 -3.675198e-02 16 0
9453.6862 9453.6862 2.105042e-17 1.756532e-16 9.508438e-03 16 0
9458.5539 9458.5539 1.102749e-16 1.754223e-16 1.650945e-01 0 0
9463.4216 9463.4216 -2.192708e-16 2.247184e-16 -4.401371e-01 16400 0
9468.2892 9468.2892 2.839506e-17 1.787458e-16 2.142549e-02 16 0
9473.1567 9473.1567 1.108053e-16 1.772117e-16 1.639858e-01 16 0
9478.0242 9478.0242 2.276822e-16 1.799247e-16 3.752823e-01 0 0
9482.8916 9482.8916 3.874272e-16 1.820421e-16 6.718630e-01 0 0
9487.7589 9487.7589 2.795734e-17 1.951085e-16 2.001664e-02 16 0
9492.6262 9492.6262 2.221005e-16 1.832513e-16 3.605485e-01 0 0
9497.4935 9497.4935 6.056891e-17 1.832368e-16 7.405333e-02 16 0
9502.3607 9502.3607 2.227539e-16 1.823095e-16 3.587270e-01 0 0
9507.2278 9507.2278 3.820658e-16 1.918387e-16 6.483992e-01 16 0
9512.0948 9512.0948 1.286286e-16 2.114072e-16 1.891015e-01 16 0
9516.9618 9516.9618 2.511712e-16 1.874680e-16 4.049541e-01 16 0
9521.8288 9521.8288 1.142035e-16 1.848865e-16 1.625366e-01 0 0
9526.6957 9526.6957 2.785452e-16 1.881412e-16 4.501978e-01 16 0
9531.5625 9531.5625 3.341595e-16 1.892189e-16 5.477208e-01 0 0
9536.4292 9536.4292 2.539798e-16 1.894384e-16 4.024743e-01 0 0
9541.2959 9541.2959 3.420534e-16 1.916337e-16 5.566328e-01 16 0
9546.1626 9546.1626 -5.954416e-16 3.441006e-16 -1.114771e+00 16400 0
9551.0292 9551.0292 -2.531062e-16 1.946254e-16 -4.716120e-01 16384 0
9555.8957 9555.8957 8.538850e-17 1.948351e-16 1.092232e-01 16 0
9560.7621 9560.7621 -1.602085e-16 1.990980e-16 -2.955863e-01 16384 0
9565.6285 9565.6285 -1.539132e-16 1.911435e-16 -2.825198e-01 16400 0
9570.4949 9570.4949 2.644763e-14 5.305602e-16 4.804890e+01 8208 0
9575.3612 9575.3612 -1.869039e-16 1.937534e-16 -3.394830e-01 16384 0
9580.2274 9580.2274 1.152458e-16 2.038623e-16 1.536751e-01 16 0
9585.0935 9585.0935 5.315804e-17 1.971389e-16 5.460926e-02 0 0
9589.9596 9589.9596 -1.882620e-17 2.028452e-16 -5.101975e-02 16 0
9594.8256 9594.8256 -8.135478e-17 2.120314e-16 -1.444857e-01 16400 0
9599.6916 9599.6916 3.568702e-16 2.028168e-16 5.454437e-01 0 0
9604.5575 9604.5575 1.735304e-16 2.035767e-16 2.411575e-01 0 0
9609.4234 9609.4234 3.024234e-16 2.059240e-16 4.485846e-01 16 0
9614.2891 9614.2891 -4.050938e-17 2.170271e-16 -7.951009e-02 16 0
9619.1549 9619.1549 -2.750970e-17 2.069135e-16 -6.175922e-02 16 0
9624.0205 9624.0205 -1.392304e-16 2.468873e-16 -2.381850e-01 16400 0
9628.8861 9628.8861 -1.374242e-16 2.092392e-16 -2.335307e-01 16400 0
9633.7516 9633.7516 1.091171e-16 2.107222e-16 1.326149e-01 0 0
9638.6171 9638.6171 4.987073e-16 2.154579e-16 7.432502e-01 0 0
9643.4825 9643.4825 -1.828519e-16 2.110629e-16 -3.043427e-01 16384 0
9648.3479 9648.3479 2.785938e-16 2.192783e-16 3.862976e-01 16 0
9653.2131 9653.2131 -1.157022e-17 2.281128e-16 -3.954450e-02 16 0
9658.0784 9658.0784 1.961494e-16 2.183424e-16 2.554858e-01 0 0
9662.9435 9662.9435 -1.293866e-16 2.211602e-16 -2.091257e-01 16384 0
9667.8086 9667.8086 -3.944828e-16 2.222742e-16 -6.327958e-01 16400 0
9672.6736 9672.6736 3.788562e-16 2.283313e-16 5.214478e-01 16 0
9677.5386 9677.5386 3.764957e-17 2.653194e-16 2.394579e-02 16 0
9682.4035 9682.4035 -2.078550e-16 2.308933e-16 -3.257504e-01 16400 0
9687.2683 9687.2683 5.532219e-16 2.345709e-16 7.678569e-01 16 0
9692.1331 9692.1331 -2.515207e-16 2.308208e-16 -3.879476e-01 16384 0
9696.9978 9696.9978 1.338276e-16 2.336919e-16 1.514914e-01 16 0
9701.8625 9701.8625 -4.834343e-16 2.581699e-16 -7.336591e-01 16400 0
9706.7271 9706.7271 3.931636e-16 2.413064e-16 5.114962e-01 0 0
9711.5916 9711.5916 4.018756e-16 2.415508e-16 5.193944e-01 0 0
9716.4560 9716.4560 3.094154e-16 2.499100e-16 3.854365e-01 16 0
9721.3204 9721.3204 1.428833e-16 2.582220e-16 1.562643e-01 16 0
9726.1847 9726.1847 4.574792e-16 2.739429e-16 5.828915e-01 16 0
9731.0490 9731.0490 3.869725e-16 2.665128e-16 4.807811e-01 0 0
9735.9132 9735.9132 3.778533e-16 2.524645e-16 4.640542e-01 16 0
9740.7773 9740.7773 -1.340766e-16 2.564389e-16 -1.904432e-01 16400 0
9745.6414 9745.6414 7.285475e-16 2.599041e-16 9.299253e-01 0 0
9750.5054 9750.5054 1.377601e-17 2.569747e-16 -9.445846e-03 0 0
9755.3693 9755.3693 1.595010e-16 2.673894e-16 1.664554e-01 0 0
9760.2332 9760.2332 -1.637671e-16 2.657449e-16 -2.248427e-01 16384 0
9765.0970 9765.0970 7.678073e-16 2.721742e-16 9.488829e-01 0 0
9769.9607 9769.9607 -2.156201e-16 2.650000e-16 -2.909884e-01 16400 0
9774.8244 9774.8244 2.274514e-16 2.678900e-16 2.429128e-01 0 0
9779.6880 9779.6880 5.313068e-17 2.712911e-16 3.341050e-02 16 0
9784.5516 9784.5516 2.274753e-17 2.801930e-16 -1.009218e-03 16 0
9789.4150 9789.4150 4.513211e-17 2.735465e-16 2.343632e-02 0 0
9794.2784 9794.2784 3.144619e-16 2.793378e-16 3.380324e-01 0 0
9799.1418 9799.1418 2.877619e-16 2.826900e-16 3.028792e-01 0 0
9804.0051 9804.0051 5.841713e-17 2.807065e-16 3.662575e-02 0 0
9808.8683 9808.8683 3.498765e-16 2.870014e-16 3.702469e-01 0 0
9813.7314 9813.7314 -1.406599e-16 2.857632e-16 -1.755548e-01 16400 0
9818.5945 9818.5945 4.021158e-16 2.924159e-16 4.240779e-01 0 0
9823.4575 9823.4575 -2.516003e-16 2.902389e-16 -3.085157e-01 16400 0
9828.3204 9828.3204 1.767344e-16 2.946234e-16 1.614694e-01 0 0
9833.1833 9833.1833 7.049732e-16 3.043357e-16 7.610279e-01 0 0
9838.0461 9838.0461 1.065936e-16 2.999127e-16 8.304931e-02 0 0
9842.9089 9842.9089 -2.831851e-16 3.021316e-16 -3.351195e-01 16384 0
9847.7715 9847.7715 1.376614e-14 6.030618e-16 1.596512e+01 16 0
9852.6341 9852.6341 3.334151e-16 3.290099e-16 3.210555e-01 0 0
9857.4967 9857.4967 1.911590e-16 3.542240e-16 1.664962e-01 16 0
9862.3592 9862.3592 4.036010e-16 3.443884e-16 3.898481e-01 16 0
9867.2216 9867.2216 -5.890620e-16 3.477562e-16 -6.659954e-01 16400 0
9872.0839 9872.0839 9.590719e-16 3.309489e-16 9.800464e-01 0 0
9876.9462 9876.9462 -1.727987e-17 3.511712e-16 -3.996999e-02 16 0
9881.8084 9881.8084 2.990545e-16 3.304596e-16 2.666047e-01 16 0
9886.6705 9886.6705 1.146692e-15 3.435043e-16 1.150295e+00 16 0
9891.5326 9891.5326 4.969858e-16 3.429965e-16 4.616675e-01 16 0
9896.3946 9896.3946 2.572274e-16 3.398169e-16 2.167237e-01 0 0
9901.2565 9901.2565 -3.589051e-16 3.483700e-16 -3.795559e-01 16400 0
9906.1183 9906.1183 -5.982035e-17 3.443443e-16 -7.400213e-02 0 0
9910.9801 9910.9801 6.378065e-16 3.529282e-16 5.815901e-01 0 0
9915.8419 9915.8419 2.243236e-16 3.548705e-16 1.760260e-01 0 0
9920.7035 9920.7035 2.246928e-16 3.785445e-16 1.742564e-01 16 0
9925.5651 9925.5651 1.151496e-16 3.729247e-16 7.304132e-02 16 0
9930.4266 9930.4266 -5.681128e-16 3.616053e-16 -5.652678e-01 16400 0
9935.2880 9935.2880 6.524553e-16 3.745208e-16 5.639166e-01 16 0
9940.1494 9940.1494 3.512130e-16 3.871044e-16 2.795866e-01 16 0
9945.0107 9945.0107 5.838704e-16 3.781959e-16 4.878337e-01 0 0
9949.8720 9949.8720 2.358204e-16 3.807194e-16 1.712314e-01 0 0
9954.7331 9954.7331 -2.969685e-17 3.867610e-16 -4.708317e-02 16 0
9959.5942 9959.5942 8.752768e-16 3.951367e-16 7.314373e-01 0 0
9964.4552 9964.4552 -2.505516e-16 4.055567e-16 -2.309553e-01 16384 0
9969.3162 9969.3162 -7.842501e-16 5.599596e-16 -7.146959e-01 16400 0
9974.1771 9974.1771 7.423517e-17 4.572164e-16 3.021665e-02 16 0
9979.0379 9979.0379 -1.619997e-16 4.075032e-16 -1.442482e-01 16384 0
9983.8986 9983.8986 8.460165e-16 4.165588e-16 6.628743e-01 0 0
9988.7593 9988.7593 4.454773e-16 4.263712e-16 3.224291e-01 0 0
9993.6199 9993.6199 -9.304535e-17 4.222720e-16 -8.767854e-02 0 0
9998.4805 9998.4805 8.353490e-16 4.415634e-16 6.290606e-01 16 0
10003.3409 10003.3409 1.877359e-16 4.348144e-16 1.103520e-01 0 0
10008.2013 10008.2013 9.465676e-17 4.421295e-16 4.020908e-02 0 0
10013.0616 10013.0616 -3.022966e-15 4.543434e-16 -2.473069e+00 16400 0
10017.9219 10017.9219 6.653131e-17 4.701078e-16 1.878249e-02 16 0
10022.7821 10022.7821 1.388502e-17 4.597043e-16 -1.648999e-02 16 0
10027.6422 10027.6422 1.206770e-16 4.648208e-16 5.475783e-02 16 0
10032.5022 10032.5022 1.029234e-15 4.827514e-16 7.171037e-01 16 0
10037.3622 10037.3622 -1.066242e-15 4.737377e-16 -8.177605e-01 16384 0
10042.2221 10042.2221 3.584100e-17 4.856687e-16 -3.816776e-03 16 0
10047.0819 10047.0819 4.547115e-16 4.919854e-16 2.779579e-01 0 0
10051.9416 10051.9416 -4.068466e-16 5.356652e-16 -2.995828e-01 16400 0
10056.8013 10056.8013 5.031466e-16 5.081974e-16 3.022996e-01 16 0
10061.6609 10061.6609 -3.638963e-16 5.075070e-16 -2.605240e-01 16400 0
10066.5204 10066.5204 -3.918273e-17 5.223935e-16 -4.718067e-02 16 0
10071.3799 10071.3799 -4.091203e-16 6.726294e-16 -2.845441e-01 16400 0
10076.2393 10076.2393 2.906855e-16 5.365241e-16 1.483667e-01 0 0
10081.0986 10081.0986 -3.470801e-16 5.395961e-16 -2.343016e-01 16384 0
10085.9578 10085.9578 1.001138e-16 5.564104e-16 2.972387e-02 16 0
10090.8170 10090.8170 2.471307e-16 8.920010e-16 1.143789e-01 16 0
10095.6761 10095.6761 1.603907e-15 5.862881e-16 9.447574e-01 0 0
10100.5351 10100.5351 2.297978e-16 6.198282e-16 9.989642e-02 16 0
10105.3941 10105.3941 -6.811750e-16 5.898213e-16 -4.248934e-01 16400 0
10110.2529 10110.2529 -1.979327e-16 6.062415e-16 -1.214306e-01 16400 0
10115.1117 10115.1117 3.183702e-16 6.496105e-16 1.419011e-01 16 0
10119.9705 10119.9705 1.796532e-15 7.065270e-16 9.760506e-01 16 0
10124.8291 10124.8291 -2.918735e-16 6.282950e-16 -1.700306e-01 16384 0
10129.6877 10129.6877 6.151469e-16 6.583051e-16 2.902215e-01 0 0
10134.5462 10134.5462 -2.868666e-17 6.566875e-16 -3.839266e-02 0 0
10139.4047 10139.4047 -4.203136e-16 6.852482e-16 -2.318362e-01 16400 0
10144.2630 10144.2630 5.256700e-17 6.817005e-16 -3.145598e-03 0 0
10149.1213 10149.1213 -2.909813e-16 6.942400e-16 -1.544751e-01 16384 0
10153.9795 10153.9795 8.688490e-16 7.207182e-16 3.849894e-01 0 0
10158.8377 10158.8377 1.440607e-16 7.275500e-16 3.559148e-02 0 0
10163.6957 10163.6957 -7.819032e-16 7.421061e-16 -3.908406e-01 16384 0
10168.5537 10168.5537 1.495144e-15 7.802551e-16 6.531069e-01 16 0
10173.4116 10173.4116 1.475450e-15 7.954927e-16 6.291131e-01 16 0
10178.2695 10178.2695 6.129277e-16 7.976337e-16 2.299620e-01 0 0
10183.1272 10183.1272 -3.433540e-16 8.111867e-16 -1.574233e-01 16384 0
10187.9849 10187.9849 5.460666e-16 8.349909e-16 1.904389e-01 0 0
10192.8425 10192.8425 4.102928e-16 8.615046e-16 1.261933e-01 0 0
10197.7001 10197.7001 -1.641659e-16 8.747782e-16 -8.776110e-02 16 0
10202.5575 10202.5575 3.162247e-16 9.001097e-16 8.899613e-02 0 0
10207.4149 10207.4149 7.756885e-16 9.211900e-16 2.716766e-01 16 0
10212.2722 10212.2722 -7.094323e-16 9.701327e-16 -2.817414e-01 16400 0
10217.1295 10217.1295 1.000510e-15 1.016641e-15 3.340070e-01 16 0
10221.9866 10221.9866 1.684044e-15 1.009386e-15 5.719658e-01 0 0
10226.8437 10226.8437 -3.822075e-16 1.044046e-15 -1.404261e-01 16400 0
10231.7007 10231.7007 6.848879e-16 1.061109e-15 2.191424e-01 528 0
