# SN2010JL ocdd050b0 G140L MAMA z=0.011 a2center=512.8 extrsize=11 exptime=669.0 mode=fixed flags=low_detect,center_mismatch(513vs434)
# rest_wvl obs_wvl flux error net dq mask
1107.6444 1119.8285 0.000000e+00 0.000000e+00 -6.947074e-05 2564 0
1108.2222 1120.4127 0.000000e+00 0.000000e+00 -6.947076e-05 2564 0
1108.8001 1120.9969 0.000000e+00 0.000000e+00 1.423765e-03 2564 0
1109.3779 1121.5810 0.000000e+00 0.000000e+00 -6.947079e-05 2564 0
1109.9557 1122.1652 0.000000e+00 0.000000e+00 -1.150758e-06 2560 0
1110.5335 1122.7494 0.000000e+00 0.000000e+00 1.436280e-03 512 0
1111.1113 1123.3336 0.000000e+00 0.000000e+00 -6.725531e-07 512 0
1111.6892 1123.9177 0.000000e+00 0.000000e+00 -2.778543e-07 512 0
1112.2670 1124.5019 0.000000e+00 0.000000e+00 -1.145656e-04 512 0
1112.8448 1125.0861 0.000000e+00 0.000000e+00 1.379005e-06 512 0
1113.4226 1125.6703 0.000000e+00 0.000000e+00 -6.245145e-04 512 0
1114.0004 1126.2544 0.000000e+00 0.000000e+00 -6.450539e-04 512 0
1114.5782 1126.8386 0.000000e+00 0.000000e+00 -6.676121e-04 512 0
1115.1561 1127.4228 0.000000e+00 0.000000e+00 -6.885598e-04 512 0
1115.7339 1128.0069 0.000000e+00 0.000000e+00 -7.052534e-04 512 0
1116.3117 1128.5911 0.000000e+00 0.000000e+00 -7.279861e-04 512 0
1116.8895 1129.1753 0.000000e+00 0.000000e+00 -7.465518e-04 512 0
1117.4673 1129.7594 0.000000e+00 0.000000e+00 -7.651720e-04 512 0
1118.0451 1130.3436 0.000000e+00 0.000000e+00 -7.868867e-04 512 0
1118.6229 1130.9278 0.000000e+00 0.000000e+00 3.620467e-03 512 0
1119.2007 1131.5119 0.000000e+00 0.000000e+00 -8.240213e-04 512 0
1119.7785 1132.0961 0.000000e+00 0.000000e+00 -3.828964e-04 512 0
1120.3563 1132.6802 0.000000e+00 0.000000e+00 -8.620978e-04 512 0
1120.9341 1133.2644 0.000000e+00 0.000000e+00 -8.800609e-04 512 0
1121.5119 1133.8485 0.000000e+00 0.000000e+00 5.562280e-04 512 0
1122.0897 1134.4327 0.000000e+00 0.000000e+00 -9.187357e-04 512 0
1122.6675 1135.0168 0.000000e+00 0.000000e+00 -9.378546e-04 512 0
1123.2453 1135.6010 0.000000e+00 0.000000e+00 -9.555488e-04 512 0
1123.8231 1136.1852 0.000000e+00 0.000000e+00 4.584666e-04 512 0
1124.4009 1136.7693 0.000000e+00 0.000000e+00 -9.923824e-04 512 0
1124.9787 1137.3535 0.000000e+00 0.000000e+00 -1.012022e-03 512 0
1125.5565 1137.9376 0.000000e+00 0.000000e+00 4.118749e-04 512 0
1126.1343 1138.5217 1.177523e-14 3.737110e-14 4.822124e-04 0 0
1126.7121 1139.1059 4.885851e-15 1.632749e-14 4.555581e-04 0 0
1127.2899 1139.6900 -7.456218e-15 9.500157e-19 -1.085695e-03 0 0
1127.8676 1140.2742 2.061127e-15 7.614928e-15 4.085704e-04 0 0
1128.4454 1140.8583 -3.792400e-16 4.881045e-15 -9.524322e-05 0 0
1129.0232 1141.4425 9.941164e-16 4.533624e-15 3.187010e-04 0 0
1129.6010 1142.0266 -2.889402e-15 3.500518e-19 -1.157057e-03 0 0
1130.1788 1142.6107 5.321812e-16 2.873778e-15 2.660637e-04 0 0
1130.7566 1143.1949 -1.943265e-15 2.201712e-19 -1.189678e-03 0 0
1131.3343 1143.7790 -1.625952e-15 1.866963e-19 -1.208575e-03 0 0
1131.9121 1144.3632 -1.378374e-15 1.480494e-19 -1.222667e-03 0 0
1132.4899 1144.9473 -1.188826e-15 1.249860e-19 -1.239287e-03 0 0
1133.0677 1145.5314 -1.043602e-15 1.127434e-19 -1.258587e-03 0 0
1133.6455 1146.1156 1.625810e-16 1.088997e-15 2.233601e-04 0 0
1134.2232 1146.6997 -1.342329e-16 8.300813e-16 -2.073747e-04 0 0
1134.8010 1147.2838 1.296693e-16 8.923933e-16 2.226537e-04 0 0
1135.3788 1147.8680 2.546475e-15 1.623826e-15 4.813686e-03 0 0
1135.9566 1148.4521 -6.493114e-16 6.519560e-20 -1.341354e-03 0 0
1136.5343 1149.0362 6.811082e-17 6.730781e-16 1.527820e-04 0 0
1137.1121 1149.6203 6.068654e-16 8.287609e-16 1.473804e-03 0 0
1137.6899 1150.2045 1.025703e-15 9.435421e-16 2.687661e-03 0 0
1138.2676 1150.7886 -4.969236e-16 4.503582e-20 -1.403170e-03 0 0
1138.8454 1151.3727 -4.690506e-16 4.593189e-20 -1.424232e-03 0 0
1139.4232 1151.9568 -4.408708e-16 3.962552e-20 -1.435899e-03 0 0
1140.0009 1152.5410 -9.962672e-17 3.723974e-16 -3.471000e-04 0 0
1140.5787 1153.1251 -3.954509e-16 3.518242e-20 -1.468066e-03 0 0
1141.1565 1153.7092 4.243544e-16 5.671014e-16 1.672825e-03 0 0
1141.7342 1154.2933 -3.598176e-16 3.086008e-20 -1.498341e-03 0 0
1142.3120 1154.8774 7.462539e-16 6.049737e-16 3.268620e-03 0 0
1142.8898 1155.4616 6.138437e-16 5.472912e-16 2.812177e-03 0 0
1143.4675 1156.0457 3.020842e-16 4.440744e-16 1.440883e-03 0 0
1144.0453 1156.6298 6.592126e-16 5.400515e-16 3.259830e-03 0 0
1144.6230 1157.2139 2.920493e-16 4.249711e-16 1.491902e-03 0 0
1145.2008 1157.7980 -7.861317e-18 2.942113e-16 -4.137424e-05 0 0
1145.7786 1158.3821 -2.722892e-17 2.700720e-16 -1.472986e-04 0 0
1146.3563 1158.9662 5.138560e-16 4.655611e-16 2.853928e-03 0 0
1146.9341 1159.5503 -2.421112e-17 2.629077e-16 -1.379087e-04 0 0
1147.5118 1160.1344 -3.628477e-17 2.458299e-16 -2.119833e-04 0 0
1148.0896 1160.7185 2.056926e-16 3.419984e-16 1.232557e-03 0 0
1148.6673 1161.3027 -2.729868e-16 2.092323e-20 -1.677678e-03 0 0
1149.2451 1161.8868 1.641733e-16 3.275613e-16 1.034692e-03 0 0
1149.8228 1162.4709 -2.645235e-16 2.079153e-20 -1.708662e-03 0 0
1150.4006 1163.0550 1.905803e-16 3.186477e-16 1.260974e-03 0 0
1150.9783 1163.6391 -2.351145e-17 2.334145e-16 -1.591726e-04 0 0
1151.5560 1164.2232 1.585896e-16 2.907647e-16 1.097384e-03 0 0
1152.1338 1164.8073 -2.825989e-17 2.218821e-16 -1.995687e-04 0 0
1152.7115 1165.3914 -2.468473e-16 1.792536e-20 -1.776326e-03 0 0
1153.2893 1165.9755 3.634587e-16 3.511584e-16 2.661877e-03 0 0
1153.8670 1166.5596 -2.427170e-16 1.835069e-20 -1.806813e-03 0 0
1154.4448 1167.1436 1.604313e-16 2.836527e-16 1.213251e-03 0 0
1155.0225 1167.7277 -4.588097e-17 1.926994e-16 -3.522880e-04 0 0
1155.6002 1168.3118 1.502760e-15 5.723987e-16 1.171715e-02 0 0
1156.1780 1168.8959 4.955466e-16 3.651863e-16 3.924344e-03 0 0
1156.7557 1169.4800 1.368590e-16 2.611955e-16 1.101663e-03 0 0
1157.3334 1170.0641 3.566066e-16 3.263125e-16 2.920588e-03 0 0
1157.9112 1170.6482 -4.268095e-18 2.012700e-16 -3.559596e-05 0 0
1158.4889 1171.2323 4.538982e-16 3.393072e-16 3.859095e-03 0 0
1159.0666 1171.8164 -5.600043e-17 1.660176e-16 -4.855146e-04 0 0
1159.6444 1172.4005 -2.189493e-16 1.499174e-20 -1.936518e-03 0 0
1160.2221 1172.9845 7.805101e-17 2.211172e-16 7.040134e-04 0 0
1160.7998 1173.5686 1.050278e-16 2.251434e-16 9.658083e-04 0 0
1161.3775 1174.1527 2.906388e-16 2.898034e-16 2.722251e-03 0 0
1161.9553 1174.7368 1.165649e-16 2.298625e-16 1.110848e-03 0 0
1162.5330 1175.3209 -2.061020e-16 1.355855e-20 -1.998456e-03 0 0
1163.1107 1175.9049 2.667854e-16 2.720057e-16 2.629306e-03 0 0
1163.6884 1176.4890 1.122706e-16 2.224429e-16 1.123615e-03 0 0
1164.2662 1177.0731 5.655755e-16 3.428750e-16 5.741036e-03 0 0
1164.8439 1177.6572 -1.989490e-16 1.288277e-20 -2.047247e-03 0 0
1165.4216 1178.2412 2.597379e-16 2.643195e-16 2.707675e-03 0 0
1165.9993 1178.8253 -5.380330e-17 1.423953e-16 -5.681327e-04 0 0
1166.5770 1179.4094 9.171811e-17 2.027127e-16 9.808773e-04 0 0
1167.1548 1179.9935 -5.569770e-17 1.376467e-16 -6.033885e-04 0 0
1167.7325 1180.5775 2.141481e-16 2.344592e-16 2.350815e-03 0 0
1168.3102 1181.1616 2.035118e-16 2.273803e-16 2.264164e-03 0 0
1168.8879 1181.7457 -5.426584e-17 1.347237e-16 -6.120566e-04 0 0
1169.4656 1182.3297 -5.190330e-17 1.351538e-16 -5.934930e-04 0 0
1170.0433 1182.9138 3.417910e-16 2.638925e-16 3.962583e-03 0 0
1170.6210 1183.4979 8.931512e-17 1.836987e-16 1.049762e-03 0 0
1171.1987 1184.0819 -1.822739e-16 1.082135e-20 -2.171631e-03 0 0
1171.7765 1184.6660 -1.809899e-16 1.122836e-20 -2.185298e-03 0 0
1172.3542 1185.2501 -1.795346e-16 1.106526e-20 -2.196122e-03 0 0
1172.9319 1185.8341 2.740212e-16 2.321623e-16 3.395079e-03 0 0
1173.5096 1186.4182 -1.768192e-16 1.091393e-20 -2.218266e-03 0 0
1174.0873 1187.0022 -1.753052e-16 1.034867e-20 -2.226630e-03 0 0
1174.6650 1187.5863 6.821886e-17 1.714211e-16 8.771303e-04 0 0
1175.2427 1188.1703 1.703746e-16 1.981025e-16 2.217507e-03 0 0
1175.8204 1188.7544 2.848055e-16 2.282305e-16 3.752558e-03 0 0
1176.3981 1189.3385 -6.111656e-17 1.088175e-16 -8.152506e-04 0 0
1176.9758 1189.9225 5.261627e-17 1.565802e-16 7.107304e-04 0 0
1177.5535 1190.5066 -6.255692e-17 1.046892e-16 -8.557506e-04 0 0
1178.1312 1191.0906 -1.661448e-16 1.012355e-20 -2.302246e-03 0 0
1178.7089 1191.6747 4.265163e-17 1.464217e-16 5.986495e-04 0 0
1179.2866 1192.2587 1.370732e-16 1.795929e-16 1.948763e-03 0 0
1179.8643 1192.8428 2.018508e-16 1.917483e-16 2.906225e-03 0 0
1180.4419 1193.4268 5.620589e-17 1.508487e-16 8.193103e-04 16 0
1181.0196 1194.0109 1.350568e-16 1.699050e-16 1.992604e-03 0 0
1181.5973 1194.5949 -1.580952e-16 9.191782e-21 -2.359456e-03 0 0
1182.1750 1195.1789 3.346237e-17 1.345476e-16 5.049887e-04 0 0
1182.7527 1195.7630 4.784648e-17 1.441297e-16 7.295888e-04 0 0
1183.3304 1196.3470 3.243336e-17 1.324078e-16 4.995838e-04 0 0
1183.9081 1196.9311 1.452224e-16 1.728714e-16 2.258346e-03 0 0
1184.4858 1197.5151 4.680512e-17 1.420549e-16 7.347278e-04 0 0
1185.0634 1198.0991 -1.524277e-16 8.600009e-21 -2.414558e-03 0 0
1185.6411 1198.6832 3.077632e-17 1.346917e-16 4.919439e-04 16 0
1186.2188 1199.2672 2.081477e-16 1.793995e-16 3.357206e-03 0 0
1186.7965 1199.8512 -1.499698e-16 8.308977e-21 -2.440856e-03 0 0
1187.3742 1200.4353 1.216035e-16 1.562527e-16 1.997527e-03 0 0
1187.9518 1201.0193 2.025430e-16 1.755239e-16 3.358094e-03 0 0
1188.5295 1201.6033 2.233034e-17 1.200190e-16 3.737565e-04 0 0
1189.1072 1202.1874 2.469940e-16 1.921220e-16 4.173512e-03 0 0
1189.6849 1202.7714 -1.455092e-16 7.696648e-21 -2.482401e-03 0 0
1190.2625 1203.3554 1.110347e-16 1.575562e-16 1.912466e-03 16 0
1190.8402 1203.9395 1.072869e-16 1.449181e-16 1.865662e-03 0 0
1191.4179 1204.5235 -1.429542e-16 7.802454e-21 -2.509617e-03 0 0
1191.9956 1205.1075 -4.160836e-17 9.166941e-17 -7.373436e-04 0 0
1192.5732 1205.6915 -5.728937e-17 8.377116e-17 -1.024734e-03 0 0
1193.1509 1206.2756 1.845355e-16 1.667440e-16 3.331220e-03 0 0
1193.7286 1206.8596 -7.695883e-17 8.104635e-17 -1.401979e-03 16 0
1194.3062 1207.4436 -2.882989e-18 1.058934e-16 -5.299505e-05 16 0
1194.8839 1208.0276 -7.174803e-17 8.824155e-17 -1.330729e-03 0 0
1195.4616 1208.6116 -8.445732e-17 1.139421e-16 -1.580401e-03 0 0
1196.0392 1209.1957 1.302713e-16 1.119174e-16 2.459296e-03 0 0
1196.6169 1209.7797 1.843564e-16 1.592685e-16 3.510965e-03 0 0
1197.1946 1210.3637 -3.197543e-17 1.223523e-16 -6.142925e-04 0 0
1197.7722 1210.9477 3.176206e-17 1.468819e-16 6.155171e-04 0 0
1198.3499 1211.5317 2.898116e-17 1.226719e-16 5.665047e-04 16 0
1198.9275 1212.1157 2.095086e-16 1.695216e-16 4.130708e-03 0 0
1199.5052 1212.6997 2.455885e-16 1.986090e-16 4.883698e-03 0 0
1200.0828 1213.2838 -6.455975e-17 2.763672e-16 -1.294782e-03 0 0
1200.6605 1213.8678 -3.205565e-16 3.654153e-16 -6.483592e-03 0 0
1201.2382 1214.4518 2.807787e-16 4.320839e-16 5.726922e-03 0 0
1201.8158 1215.0358 -2.871422e-17 3.606555e-16 -5.905852e-04 0 0
1202.3935 1215.6198 5.076614e-16 4.317968e-16 1.052828e-02 0 0
1202.9711 1216.2038 4.375592e-16 4.317936e-16 9.149600e-03 0 0
1203.5488 1216.7878 -6.091843e-16 3.119104e-16 -1.284316e-02 0 0
1204.1264 1217.3718 -6.598997e-16 3.082939e-16 -1.402638e-02 0 0
1204.7041 1217.9558 4.410433e-17 2.655805e-16 9.451043e-04 0 0
1205.2817 1218.5398 1.345719e-16 2.113208e-16 2.907183e-03 0 0
1205.8593 1219.1238 1.077483e-16 1.732532e-16 2.346631e-03 16 0
1206.4370 1219.7078 -9.092846e-17 9.388982e-17 -1.996367e-03 16 0
1207.0146 1220.2918 1.309009e-16 9.950747e-17 2.897301e-03 0 0
1207.5923 1220.8758 -3.873322e-17 8.611267e-17 -8.642348e-04 0 0
1208.1699 1221.4598 -1.683961e-18 1.095325e-16 -3.787596e-05 0 0
1208.7476 1222.0438 -5.719402e-17 5.903973e-21 -1.296725e-03 0 0
1209.3252 1222.6278 2.918496e-17 9.121706e-17 6.669236e-04 0 0
1209.9028 1223.2118 2.639684e-17 1.060870e-16 6.079488e-04 0 0
1210.4805 1223.7958 6.406145e-17 1.091450e-16 1.486732e-03 0 0
1211.0581 1224.3797 1.706534e-17 9.013618e-17 3.990687e-04 0 0
1211.6357 1224.9637 -5.184765e-17 6.496467e-17 -1.221194e-03 0 0
1212.2134 1225.5477 6.463976e-17 1.043560e-16 1.531407e-03 0 0
1212.7910 1226.1317 1.523347e-16 1.306013e-16 3.629602e-03 0 0
1213.3686 1226.7157 5.369379e-20 8.157496e-17 1.286622e-06 0 0
1213.9463 1227.2997 9.540536e-18 8.805830e-17 2.299394e-04 0 0
1214.5239 1227.8837 5.976631e-17 1.046659e-16 1.448838e-03 0 0
1215.1015 1228.4676 -6.613745e-17 5.447405e-17 -1.613243e-03 0 0
1215.6792 1229.0516 -8.269841e-17 6.193843e-17 -2.029815e-03 16 0
1216.2568 1229.6356 6.917438e-17 1.051476e-16 1.709621e-03 0 0
1216.8344 1230.2196 -9.864071e-17 2.846216e-17 -2.454836e-03 0 0
1217.4120 1230.8036 1.093951e-17 8.677551e-17 2.743544e-04 0 0
1217.9897 1231.3875 6.577719e-17 1.020766e-16 1.662407e-03 0 0
1218.5673 1231.9715 -6.532825e-17 5.141957e-17 -1.664686e-03 0 0
1219.1449 1232.5555 1.013672e-18 7.816607e-17 2.604257e-05 0 0
1219.7225 1233.1395 -5.486061e-17 5.816485e-17 -1.421308e-03 16 0
1220.3001 1233.7234 1.071239e-16 1.076081e-16 2.798532e-03 0 0
1220.8778 1234.3074 6.911158e-17 1.020407e-16 1.820351e-03 0 0
1221.4554 1234.8914 -5.369166e-17 5.295303e-17 -1.425744e-03 0 0
1222.0330 1235.4754 -1.060541e-16 5.025074e-21 -2.837986e-03 0 0
1222.6106 1236.0593 5.015452e-18 7.814691e-17 1.352422e-04 0 0
1223.1882 1236.6433 1.702268e-17 8.129797e-17 4.622953e-04 0 0
1223.7658 1237.2273 1.506203e-18 7.472597e-17 4.119449e-05 0 0
1224.3434 1237.8112 -5.516058e-17 5.421382e-17 -1.518414e-03 16 0
1224.9211 1238.3952 -1.032942e-16 5.102294e-21 -2.861689e-03 0 0
1225.4987 1238.9791 2.442153e-16 1.335794e-16 6.804869e-03 0 0
1226.0763 1239.5631 -4.902815e-17 5.329963e-17 -1.373969e-03 0 0
1226.6539 1240.1471 1.491674e-17 7.773043e-17 4.201282e-04 0 0
1227.2315 1240.7310 5.627364e-17 9.116444e-17 1.592866e-03 0 0
1227.8091 1241.3150 -1.012702e-16 4.823094e-21 -2.879126e-03 0 0
1228.3867 1241.8989 -1.009682e-16 4.829425e-21 -2.883121e-03 0 0
1228.9643 1242.4829 5.592158e-17 9.039199e-17 1.603162e-03 0 0
1229.5419 1243.0669 1.508258e-16 1.156137e-16 4.340995e-03 0 0
1230.1195 1243.6508 2.115871e-16 1.275311e-16 6.112628e-03 0 0
1230.6971 1244.2348 5.503248e-17 8.945846e-17 1.595802e-03 0 0
1231.2747 1244.8187 -9.954403e-17 4.480975e-21 -2.897299e-03 0 0
1231.8523 1245.4027 5.355992e-17 8.838823e-17 1.564706e-03 0 0
1232.4299 1245.9866 1.589055e-16 1.176165e-16 4.659940e-03 16 0
1233.0075 1246.5706 7.035121e-17 9.346990e-17 2.070896e-03 0 0
1233.5851 1247.1545 8.647448e-17 9.597755e-17 2.555270e-03 0 0
1234.1627 1247.7385 5.671408e-17 8.952232e-17 1.682281e-03 0 0
1234.7403 1248.3224 2.856468e-17 7.680630e-17 8.505334e-04 0 0
1235.3179 1248.9064 8.270536e-17 9.543394e-17 2.471986e-03 0 0
1235.8955 1249.4903 5.060799e-17 8.552648e-17 1.518290e-03 0 0
1236.4730 1250.0742 -4.780669e-17 4.936215e-17 -1.439605e-03 0 0
1237.0506 1250.6582 9.398727e-17 9.547288e-17 2.840477e-03 0 0
1237.6282 1251.2421 2.836625e-18 7.035792e-17 8.603721e-05 0 0
1238.2058 1251.8261 -5.009975e-17 4.632232e-17 -1.524745e-03 0 0
1238.7834 1252.4100 1.237834e-16 1.016026e-16 3.780020e-03 0 0
1239.3610 1252.9939 -3.227174e-17 7.343960e-17 -9.885612e-04 16 0
1239.9386 1253.5779 -5.156487e-19 6.736125e-17 -1.584436e-05 0 0
1240.5161 1254.1618 6.399152e-17 8.764330e-17 1.971639e-03 0 0
1241.0937 1254.7457 -9.533840e-17 4.321006e-21 -2.945399e-03 0 0
1241.6713 1255.3297 -4.843811e-17 4.672698e-17 -1.499895e-03 0 0
1242.2489 1255.9136 4.430050e-17 8.278152e-17 1.374879e-03 16 0
1242.8265 1256.4975 9.852197e-17 9.683544e-17 3.063813e-03 0 0
1243.4040 1257.0815 3.510403e-17 8.147338e-17 1.093828e-03 16 0
1243.9816 1257.6654 4.926932e-17 8.315832e-17 1.538210e-03 0 0
1244.5592 1258.2493 -3.394616e-18 6.708223e-17 -1.061878e-04 16 0
1245.1368 1258.8333 -1.210734e-18 6.597076e-17 -3.795349e-05 0 0
1245.7143 1259.4172 1.452886e-16 1.072009e-16 4.564160e-03 0 0
1246.2919 1260.0011 -4.508589e-17 4.907338e-17 -1.419881e-03 0 0
1246.8695 1260.5850 -6.071841e-17 4.280046e-17 -1.917041e-03 16 0
1247.4470 1261.1690 1.503173e-16 1.092305e-16 4.759395e-03 0 0
1248.0246 1261.7529 -9.337612e-17 3.999818e-21 -2.965006e-03 0 0
1248.6022 1262.3368 3.153039e-17 7.678768e-17 1.004157e-03 0 0
1249.1797 1262.9207 -6.671521e-18 6.387575e-17 -2.130999e-04 16 0
1249.7573 1263.5046 4.588835e-17 8.009945e-17 1.469910e-03 0 0
1250.3349 1264.0886 -4.600231e-17 4.650573e-17 -1.477707e-03 0 0
1250.9124 1264.6725 1.446231e-16 1.050908e-16 4.657109e-03 16 0
1251.4900 1265.2564 4.426603e-17 7.876054e-17 1.428877e-03 0 0
1252.0676 1265.8403 -4.646599e-17 4.560857e-17 -1.502884e-03 0 0
1252.6451 1266.4242 -4.716631e-17 4.465255e-17 -1.528472e-03 0 0
1253.2227 1267.0081 1.680136e-17 7.037122e-17 5.453515e-04 0 0
1253.8002 1267.5920 -4.446099e-17 4.723030e-17 -1.445421e-03 0 0
1254.3778 1268.1759 4.134463e-17 7.673095e-17 1.346002e-03 0 0
1254.9553 1268.7599 1.299985e-16 9.903515e-17 4.238015e-03 0 0
1255.5329 1269.3438 -7.269744e-17 2.972647e-17 -2.373145e-03 0 0
1256.1105 1269.9277 6.662197e-17 8.318707e-17 2.177710e-03 0 0
1256.6880 1270.5116 1.619047e-18 6.566923e-17 5.299598e-05 0 0
1257.2656 1271.0955 2.685337e-17 7.317428e-17 8.802135e-04 0 0
1257.8431 1271.6794 4.393066e-17 7.866124e-17 1.442063e-03 48 0
1258.4207 1272.2633 -4.552482e-17 4.523340e-17 -1.496569e-03 32 0
1258.9982 1272.8472 -4.392245e-17 4.682878e-17 -1.446036e-03 32 0
1259.5757 1273.4311 1.732244e-16 1.077088e-16 5.711475e-03 32 0
1260.1533 1274.0150 8.579112e-17 8.962988e-17 2.832896e-03 48 0
1260.7308 1274.5989 4.398355e-17 7.755908e-17 1.454549e-03 32 0
1261.3084 1275.1828 3.887906e-17 7.454111e-17 1.287555e-03 32 0
1261.8859 1275.7667 -9.011094e-17 4.097602e-21 -2.988168e-03 32 0
1262.4635 1276.3506 5.089454e-17 7.975377e-17 1.689899e-03 32 0
1263.0410 1276.9345 -4.668020e-17 4.321032e-17 -1.551958e-03 32 0
1263.6185 1277.5184 4.025525e-17 7.512227e-17 1.339993e-03 32 0
1264.1961 1278.1022 -4.507377e-17 4.463296e-17 -1.502207e-03 32 0
1264.7736 1278.6861 -3.349469e-18 6.091150e-17 -1.117571e-04 32 0
1265.3512 1279.2700 8.840828e-17 8.892996e-17 2.953083e-03 32 0
1265.9287 1279.8539 -8.933926e-17 4.018200e-21 -2.987219e-03 32 0
1266.5062 1280.4378 3.677448e-17 7.276636e-17 1.230836e-03 32 0
1267.0838 1281.0217 -1.951560e-17 5.637720e-17 -6.537621e-04 32 0
1267.6613 1281.6056 -6.819371e-17 3.023140e-17 -2.286398e-03 32 0
1268.2388 1282.1895 1.267199e-16 9.795486e-17 4.251839e-03 48 0
1268.8164 1282.7733 7.542301e-17 8.769449e-17 2.532475e-03 32 0
1269.3939 1283.3572 3.778571e-17 7.308297e-17 1.269499e-03 32 0
1269.9714 1283.9411 -4.230820e-17 4.648420e-17 -1.422252e-03 32 0
1270.5489 1284.5250 2.265472e-17 7.043502e-17 7.619255e-04 32 0
1271.1265 1285.1089 -6.686524e-17 3.069952e-17 -2.249775e-03 32 0
1271.7040 1285.6927 5.386813e-19 6.304873e-17 1.813052e-05 32 0
1272.2815 1286.2766 1.622979e-16 1.072564e-16 5.464038e-03 32 0
1272.8590 1286.8605 2.768701e-18 6.455584e-17 9.322958e-05 32 0
1273.4366 1287.4444 -8.847988e-17 4.001745e-21 -2.979758e-03 32 0
1274.0141 1288.0282 -8.838861e-17 3.851529e-21 -2.976772e-03 32 0
1274.5916 1288.6121 2.118328e-17 6.972099e-17 7.134054e-04 32 0
1275.1691 1289.1960 1.178981e-18 6.345921e-17 3.970065e-05 32 0
1275.7466 1289.7799 9.134395e-17 8.991148e-17 3.075378e-03 32 0
1276.3242 1290.3637 5.349413e-18 6.486707e-17 1.800568e-04 32 0
1276.9017 1290.9476 2.109159e-17 6.855568e-17 7.097053e-04 32 0
1277.4792 1291.5315 9.082890e-17 8.968167e-17 3.055088e-03 32 0
1278.0567 1292.1153 2.036873e-16 9.676443e-17 6.848235e-03 32 0
1278.6342 1292.6992 4.138694e-17 7.692292e-17 1.390816e-03 32 0
1279.2117 1293.2831 -5.739495e-17 6.284416e-17 -1.927792e-03 32 0
1279.7892 1293.8669 -1.600291e-17 8.726674e-17 -5.372190e-04 32 0
1280.3667 1294.4508 1.359710e-17 6.961948e-17 4.562021e-04 48 0
1280.9442 1295.0346 1.538669e-16 1.060194e-16 5.159546e-03 48 0
1281.5218 1295.6185 -7.090441e-17 4.385998e-17 -2.376250e-03 32 0
1282.0993 1296.2024 -8.085058e-18 7.759454e-17 -2.708081e-04 32 0
1282.6768 1296.7862 7.947764e-17 9.019680e-17 2.660641e-03 32 0
1283.2543 1297.3701 3.746594e-17 6.450069e-17 1.253594e-03 32 0
1283.8318 1297.9539 -1.270487e-16 3.772450e-17 -4.248915e-03 32 0
1284.4093 1298.5378 -1.662088e-17 7.134189e-17 -5.556156e-04 32 0
1284.9868 1299.1216 -4.487695e-17 6.677951e-17 -1.499583e-03 32 0
1285.5643 1299.7055 6.426841e-17 8.140806e-17 2.146876e-03 32 0
1286.1418 1300.2893 5.450052e-17 7.060802e-17 1.820058e-03 32 0
1286.7193 1300.8732 2.854238e-17 6.709308e-17 9.529747e-04 32 0
1287.2968 1301.4570 -2.680485e-17 4.039952e-17 -8.948128e-04 32 0
1287.8743 1302.0409 2.406867e-18 5.403222e-17 8.033821e-05 32 0
1288.4518 1302.6247 -5.314142e-17 4.368106e-17 -1.773655e-03 32 0
1289.0292 1303.2086 1.661823e-16 8.733159e-17 5.546270e-03 32 0
1289.6067 1303.7924 3.869029e-17 6.940513e-17 1.291241e-03 32 0
1290.1842 1304.3763 5.849339e-17 7.284317e-17 1.952126e-03 32 0
1290.7617 1304.9601 -2.240036e-17 4.315059e-17 -7.475766e-04 32 0
1291.3392 1305.5439 2.262875e-17 6.040897e-17 7.551899e-04 32 0
1291.9167 1306.1278 -2.359850e-17 5.629169e-17 -7.875380e-04 32 0
1292.4942 1306.7116 -3.753254e-17 7.746462e-17 -1.252491e-03 32 0
1293.0717 1307.2955 4.676823e-18 5.039873e-17 1.560590e-04 32 0
1293.6492 1307.8793 4.282875e-17 7.524701e-17 1.428971e-03 32 0
1294.2266 1308.4631 -4.714783e-17 4.016144e-17 -1.572839e-03 32 0
1294.8041 1309.0470 -4.257748e-17 4.476702e-17 -1.420065e-03 32 0
1295.3816 1309.6308 -3.192160e-17 4.870682e-17 -1.064380e-03 32 0
1295.9591 1310.2146 7.982089e-17 8.670337e-17 2.660585e-03 32 0
1296.5366 1310.7985 -4.289734e-17 4.423465e-17 -1.429262e-03 32 0
1297.1140 1311.3823 8.361229e-17 8.535881e-17 2.784455e-03 32 0
1297.6915 1311.9661 4.527951e-17 7.642562e-17 1.507072e-03 32 0
1298.2690 1312.5500 1.343323e-16 9.905768e-17 4.468345e-03 32 0
1298.8465 1313.1338 4.319240e-17 7.515197e-17 1.435768e-03 32 0
1299.4239 1313.7176 1.228491e-17 6.633574e-17 4.080711e-04 32 0
1300.0014 1314.3014 -4.514636e-17 4.180431e-17 -1.498488e-03 32 0
1300.5789 1314.8853 4.725933e-17 7.745472e-17 1.567348e-03 32 0
1301.1564 1315.4691 -7.002890e-17 4.508141e-17 -2.320518e-03 48 0
1301.7338 1316.0529 -4.067761e-17 4.624633e-17 -1.346720e-03 32 0
1302.3113 1316.6367 1.362097e-18 6.235620e-17 4.505366e-05 32 0
1302.8888 1317.2205 1.047958e-16 9.345983e-17 3.463015e-03 32 0
1303.4662 1317.8044 -4.220502e-17 4.467450e-17 -1.393327e-03 32 0
1304.0437 1318.3882 7.943299e-17 8.528957e-17 2.619753e-03 32 0
1304.6212 1318.9720 2.115297e-16 1.155425e-16 6.969376e-03 48 0
1305.1986 1319.5558 2.088841e-18 6.284140e-17 6.875233e-05 32 0
1305.7761 1320.1396 4.675218e-17 7.711043e-17 1.537234e-03 32 0
1306.3536 1320.7234 5.130563e-17 7.972168e-17 1.685219e-03 32 0
1306.9310 1321.3073 -4.055316e-17 4.624815e-17 -1.330658e-03 32 0
1307.5085 1321.8911 3.251725e-17 7.292580e-17 1.065865e-03 32 0
1308.0859 1322.4749 -3.893077e-17 4.783612e-17 -1.274748e-03 32 0
1308.6634 1323.0587 -8.660288e-17 3.901122e-21 -2.832709e-03 32 0
1309.2408 1323.6425 1.403399e-17 6.880144e-17 4.585469e-04 32 0
1309.8183 1324.2263 9.386588e-18 6.566837e-17 3.063632e-04 32 0
1310.3958 1324.8101 1.305419e-16 9.710600e-17 4.255959e-03 32 0
1310.9732 1325.3939 1.039218e-16 9.534981e-17 3.384014e-03 32 0
1311.5507 1325.9777 -3.347502e-17 5.031303e-17 -1.088706e-03 32 0
1312.1281 1326.5615 1.989669e-18 6.261350e-17 6.462866e-05 32 0
1312.7056 1327.1453 -4.550972e-17 4.350712e-17 -1.476359e-03 32 0
1313.2830 1327.7291 -8.657945e-17 4.181729e-21 -2.805020e-03 32 0
1313.8605 1328.3129 -3.784337e-17 4.868920e-17 -1.224425e-03 32 0
1314.4379 1328.8967 1.082375e-18 6.198114e-17 3.497279e-05 32 0
1315.0153 1329.4805 -4.258591e-17 4.587695e-17 -1.374088e-03 32 0
1315.5928 1330.0643 -3.974499e-17 4.671985e-17 -1.280604e-03 32 0
1316.1702 1330.6481 1.027921e-16 9.559883e-17 3.307201e-03 32 0
1316.7477 1331.2319 4.786907e-17 7.845426e-17 1.537848e-03 32 0
1317.3251 1331.8157 -4.433857e-17 6.663123e-17 -1.422273e-03 48 0
1317.9026 1332.3995 5.364522e-17 8.099637e-17 1.718170e-03 32 0
1318.4800 1332.9833 7.098790e-18 6.620196e-17 2.270082e-04 32 0
1319.0574 1333.5671 -3.681878e-17 4.794847e-17 -1.175551e-03 32 0
1319.6349 1334.1509 5.307743e-17 8.065904e-17 1.691944e-03 32 0
1320.2123 1334.7346 -3.800693e-17 4.801406e-17 -1.209587e-03 32 0
1320.7897 1335.3184 -4.128123e-17 4.518588e-17 -1.311646e-03 32 0
1321.3672 1335.9022 -3.932414e-17 4.727655e-17 -1.247409e-03 32 0
1321.9446 1336.4860 6.401351e-18 6.571564e-17 2.027224e-04 32 0
1322.5220 1337.0698 -3.991285e-17 4.671034e-17 -1.261886e-03 32 0
1323.0995 1337.6536 -4.531610e-17 4.113712e-17 -1.430323e-03 32 0
1323.6769 1338.2374 1.630175e-16 1.116764e-16 5.136746e-03 32 0
1324.2543 1338.8211 5.009689e-17 7.889875e-17 1.575925e-03 48 0
1324.8318 1339.4049 -8.660218e-17 4.482105e-21 -2.719722e-03 32 0
1325.4092 1339.9887 -4.150122e-17 4.494233e-17 -1.301155e-03 32 0
1325.9866 1340.5725 -9.951209e-17 1.441713e-18 -3.114707e-03 48 0
1326.5640 1341.1562 1.393183e-16 1.009620e-16 4.353364e-03 32 0
1327.1415 1341.7400 -9.537934e-17 1.149893e-17 -2.975423e-03 48 0
1327.7189 1342.3238 5.171579e-17 7.981002e-17 1.610646e-03 32 0
1328.2963 1342.9076 -3.791987e-17 4.854880e-17 -1.179038e-03 32 0
1328.8737 1343.4913 -3.976592e-17 4.662713e-17 -1.234416e-03 32 0
1329.4511 1344.0751 5.570511e-17 8.323323e-17 1.726382e-03 32 0
1330.0286 1344.6589 6.489622e-18 6.565280e-17 2.007976e-04 32 0
1330.6060 1345.2426 9.772511e-18 6.802575e-17 3.018875e-04 32 0
1331.1834 1345.8264 -8.631021e-17 4.262536e-21 -2.662007e-03 32 0
1331.7608 1346.4102 6.157514e-17 8.542476e-17 1.896108e-03 32 0
1332.3382 1346.9939 -4.218136e-17 4.407987e-17 -1.296871e-03 32 0
1332.9156 1347.5777 6.738011e-18 6.575001e-17 2.068379e-04 32 0
1333.4931 1348.1615 1.062715e-16 9.623770e-17 3.257225e-03 32 0
1334.0705 1348.7452 1.037040e-16 9.496302e-17 3.173670e-03 32 0
1334.6479 1349.3290 -8.609015e-17 4.288156e-21 -2.630669e-03 32 0
1335.2253 1349.9128 -3.533363e-17 5.075915e-17 -1.078080e-03 32 0
1335.8027 1350.4965 -3.597774e-17 5.005699e-17 -1.096121e-03 32 0
1336.3801 1351.0803 4.743606e-17 7.920365e-17 1.443103e-03 32 0
1336.9575 1351.6640 -8.594471e-17 4.442083e-21 -2.610841e-03 32 0
1337.5349 1352.2478 6.418530e-17 8.665091e-17 1.947019e-03 32 0
1338.1123 1352.8315 1.301461e-17 6.992320e-17 3.942251e-04 32 0
1338.6897 1353.4153 2.686077e-16 1.340276e-16 8.124724e-03 32 0
1339.2671 1353.9991 5.589555e-17 8.176402e-17 1.688276e-03 32 0
1339.8445 1354.5828 -3.633623e-17 4.931962e-17 -1.095921e-03 32 0
1340.4219 1355.1666 7.520125e-18 6.578976e-17 2.264821e-04 32 0
1340.9993 1355.7503 3.880510e-17 7.984418e-17 1.166978e-03 32 0
1341.5767 1356.3341 5.292384e-17 7.987294e-17 1.589213e-03 32 0
1342.1541 1356.9178 -7.361003e-17 2.481528e-17 -2.207082e-03 32 0
1342.7315 1357.5015 -8.539498e-17 4.623007e-21 -2.556527e-03 32 0
1343.3089 1358.0853 -8.519306e-17 4.275280e-21 -2.546549e-03 32 0
1343.8863 1358.6690 1.652478e-16 1.120919e-16 4.931684e-03 32 0
1344.4637 1359.2528 -3.363763e-17 5.155231e-17 -1.002280e-03 32 0
1345.0411 1359.8365 2.128745e-16 1.244233e-16 6.332398e-03 32 0
1345.6185 1360.4203 -7.184689e-17 2.564971e-17 -2.133659e-03 32 0
1346.1958 1361.0040 -8.507697e-17 4.705244e-21 -2.522180e-03 32 0
1346.7732 1361.5877 -3.414954e-17 5.080080e-17 -1.010621e-03 32 0
1347.3506 1362.1715 -3.327576e-17 5.170643e-17 -9.829882e-04 32 0
1347.9280 1362.7552 2.065416e-17 7.194035e-17 6.090289e-04 48 0
1348.5054 1363.3389 -2.454689e-17 5.657771e-17 -7.224644e-04 48 0
1349.0828 1363.9227 -4.391416e-17 5.186026e-17 -1.290054e-03 48 0
1349.6602 1364.5064 -3.696550e-17 4.768219e-17 -1.083839e-03 32 0
1350.2375 1365.0901 -1.631668e-17 5.960309e-17 -4.774850e-04 32 0
1350.8149 1365.6739 6.891287e-17 8.865797e-17 2.012673e-03 32 0
1351.3923 1366.2576 -8.929398e-17 8.691956e-19 -2.602766e-03 48 0
1351.9697 1366.8413 -3.496029e-17 4.963122e-17 -1.016987e-03 32 0
1352.5470 1367.4251 1.202975e-17 6.821839e-17 3.492371e-04 32 0
1353.1244 1368.0088 1.128212e-16 9.866381e-17 3.268646e-03 32 0
1353.7018 1368.5925 -8.728834e-17 7.022766e-19 -2.523731e-03 48 0
1354.2792 1369.1762 1.558078e-16 1.116084e-16 4.495509e-03 32 0
1354.8565 1369.7600 -6.495037e-17 3.193082e-17 -1.870126e-03 32 0
1355.4339 1370.3437 7.871031e-17 9.410718e-17 2.261600e-03 32 0
1356.0113 1370.9274 3.696096e-17 7.856008e-17 1.059789e-03 32 0
1356.5887 1371.5111 -8.430146e-17 4.894399e-21 -2.412127e-03 32 0
1357.1660 1372.0949 7.231523e-17 9.051110e-17 2.064813e-03 32 0
1357.7434 1372.6786 -3.419159e-17 4.994111e-17 -9.742136e-04 32 0
1358.3208 1373.2623 1.845826e-17 7.252240e-17 5.248159e-04 32 0
1358.8981 1373.8460 -8.401826e-17 4.701589e-21 -2.383803e-03 32 0
1359.4755 1374.4297 2.361471e-17 7.618271e-17 6.685855e-04 32 0
1360.0529 1375.0134 1.144424e-16 9.918870e-17 3.233071e-03 32 0
1360.6302 1375.5971 -2.023487e-17 5.985366e-17 -5.702830e-04 32 0
1361.2076 1376.1809 1.986146e-17 7.333096e-17 5.584238e-04 32 0
1361.7849 1376.7646 -3.113388e-17 5.524520e-17 -8.732658e-04 48 0
1362.3623 1377.3483 -3.199515e-17 5.178946e-17 -8.952812e-04 32 0
1362.9397 1377.9320 -2.959527e-17 5.426493e-17 -8.261470e-04 32 0
1363.5170 1378.5157 -8.366363e-17 4.650241e-21 -2.329881e-03 32 0
1364.0944 1379.0994 2.218783e-17 7.490770e-17 6.164124e-04 32 0
1364.6717 1379.6831 -3.328732e-17 5.025748e-17 -9.225702e-04 32 0
1365.2491 1380.2668 2.781094e-17 7.888291e-17 7.689495e-04 32 0
1365.8264 1380.8505 -4.499397e-18 6.653256e-17 -1.241090e-04 48 0
1366.4038 1381.4342 -3.297330e-17 5.703795e-17 -9.073515e-04 48 0
1366.9811 1382.0179 -3.193746e-17 5.155902e-17 -8.767667e-04 32 0
1367.5585 1382.6016 -5.596249e-17 3.902114e-17 -1.532672e-03 32 0
1368.1358 1383.1853 -3.086274e-17 5.245708e-17 -8.432622e-04 32 0
1368.7132 1383.7690 3.062853e-17 8.063157e-17 8.348876e-04 32 0
1369.2905 1384.3527 -5.846579e-17 3.568639e-17 -1.589962e-03 32 0
1369.8679 1384.9364 2.837038e-17 7.897102e-17 7.697165e-04 32 0
1370.4452 1385.5201 -2.769536e-17 5.548020e-17 -7.496619e-04 32 0
1371.0226 1386.1038 3.167797e-17 7.966451e-17 8.554726e-04 32 0
1371.5999 1386.6875 -8.307645e-17 5.126417e-21 -2.238357e-03 32 0
1372.1772 1387.2712 2.356551e-17 7.529118e-17 6.334733e-04 32 0
1372.7546 1387.8549 2.758650e-17 7.819727e-17 7.398832e-04 32 0
1373.3319 1388.4386 -5.853097e-17 3.659121e-17 -1.566263e-03 32 0
1373.9093 1389.0223 -2.661893e-17 5.617587e-17 -7.107187e-04 32 0
1374.4866 1389.6059 1.008573e-16 9.916160e-17 2.686831e-03 32 0
1375.0639 1390.1896 -6.706489e-19 6.870980e-17 -1.782668e-05 32 0
1375.6413 1390.7733 6.616112e-17 9.261369e-17 1.754761e-03 32 0
1376.2186 1391.3570 -5.844266e-18 6.443979e-17 -1.546675e-04 32 0
1376.7959 1391.9407 -8.242979e-17 5.380859e-21 -2.176732e-03 32 0
1377.3733 1392.5244 -3.007275e-17 5.212988e-17 -7.924191e-04 32 0
1377.9506 1393.1080 -8.227170e-17 5.469328e-21 -2.163170e-03 32 0
1378.5279 1393.6917 1.813708e-16 1.226864e-16 4.758524e-03 32 0
1379.1052 1394.2754 3.590961e-17 8.340801e-17 9.401075e-04 32 0
1379.6826 1394.8591 3.251675e-17 8.085140e-17 8.494444e-04 32 0
1380.2599 1395.4428 -8.182981e-17 5.379155e-21 -2.133035e-03 32 0
1380.8372 1396.0264 -8.164750e-17 5.176499e-21 -2.123658e-03 32 0
1381.4146 1396.6101 -2.392707e-17 5.770324e-17 -6.209887e-04 32 0
1381.9919 1397.1938 -8.155105e-17 5.466970e-21 -2.111867e-03 32 0
1382.5692 1397.7775 4.460524e-17 8.207421e-17 1.152558e-03 32 0
1383.1465 1398.3611 9.277043e-17 1.048891e-16 2.391737e-03 48 0
1383.7238 1398.9448 9.361393e-17 1.009572e-16 2.408064e-03 32 0
1384.3012 1399.5285 -8.102175e-17 5.180944e-21 -2.079390e-03 32 0
1384.8785 1400.1121 1.109790e-16 1.051673e-16 2.841671e-03 32 0
1385.4558 1400.6958 -8.097281e-17 5.575231e-21 -2.068466e-03 32 0
1386.0331 1401.2795 -8.072724e-17 5.212215e-21 -2.057318e-03 32 0
1386.6104 1401.8631 -2.270085e-17 5.800562e-17 -5.771411e-04 32 0
1387.1877 1402.4468 -8.051231e-17 5.182154e-21 -2.042006e-03 32 0
1387.7650 1403.0305 -8.050368e-17 5.415366e-21 -2.036846e-03 32 0
1388.3424 1403.6141 3.777908e-17 8.356932e-17 9.535376e-04 32 0
1388.9197 1404.1978 -2.359272e-17 5.663027e-17 -5.940296e-04 32 0
1389.4970 1404.7814 -8.020388e-17 5.434174e-21 -2.014494e-03 32 0
1390.0743 1405.3651 3.786552e-17 8.345485e-17 9.487660e-04 32 0
1390.6516 1405.9488 -2.532094e-17 5.459553e-17 -6.329033e-04 32 0
1391.2289 1406.5324 -7.992940e-17 5.575460e-21 -1.993047e-03 32 0
1391.8062 1407.1161 3.606143e-17 8.191173e-17 8.970283e-04 32 0
1392.3835 1407.6997 -7.956465e-17 5.254738e-21 -1.974471e-03 32 0
1392.9608 1408.2834 -2.178577e-17 5.771313e-17 -5.393494e-04 32 0
1393.5381 1408.8670 1.081957e-16 1.083695e-16 2.672360e-03 32 0
1394.1154 1409.4507 -7.929748e-17 5.517800e-21 -1.954034e-03 32 0
1394.6927 1410.0343 -2.305295e-17 5.603744e-17 -5.667786e-04 32 0
1395.2700 1410.6180 1.032701e-16 1.052972e-16 2.533246e-03 32 0
1395.8473 1411.2016 -7.889387e-17 5.520624e-21 -1.930993e-03 32 0
1396.4246 1411.7853 -7.884732e-17 5.760742e-21 -1.925574e-03 32 0
1397.0019 1412.3689 -7.860709e-17 5.514612e-21 -1.915479e-03 32 0
1397.5792 1412.9526 -7.855816e-17 5.759581e-21 -1.910067e-03 32 0
1398.1565 1413.5362 9.491449e-17 9.999563e-17 2.302642e-03 32 0
1398.7338 1414.1199 1.062826e-16 1.066767e-16 2.572701e-03 32 0
1399.3111 1414.7035 -7.801153e-17 5.470926e-21 -1.884099e-03 32 0
1399.8884 1415.2871 1.088485e-16 1.079490e-16 2.622887e-03 32 0
1400.4657 1415.8708 4.369938e-17 8.588481e-17 1.050549e-03 32 0
1401.0429 1416.4544 -7.767663e-17 5.708600e-21 -1.862975e-03 32 0
1401.6202 1417.0381 -2.611250e-17 5.735532e-17 -6.247429e-04 32 0
1402.1975 1417.6217 -1.611099e-17 6.135531e-17 -3.845034e-04 32 0
1402.7748 1418.2053 3.137017e-17 8.071142e-17 7.467415e-04 32 0
1403.3521 1418.7890 1.114271e-16 1.089453e-16 2.645486e-03 32 0
1403.9294 1419.3726 4.142341e-17 8.369651e-17 9.807542e-04 32 0
1404.5067 1419.9562 1.286091e-16 1.188256e-16 3.036459e-03 32 0
1405.0839 1420.5399 3.163681e-17 8.015962e-17 7.447446e-04 32 0
1405.6612 1421.1235 -1.053385e-17 6.629911e-17 -2.472298e-04 32 0
1406.2385 1421.7071 -6.581467e-17 2.668027e-17 -1.539890e-03 32 0
1406.8158 1422.2907 -7.654471e-17 5.866188e-21 -1.785333e-03 32 0
1407.3930 1422.8744 -7.642578e-17 5.810730e-21 -1.776863e-03 32 0
1407.9703 1423.4580 1.042996e-16 1.070805e-16 2.417104e-03 32 0
1408.5476 1424.0416 -1.324155e-18 9.158273e-17 -3.058731e-05 48 0
1409.1249 1424.6252 -7.623112e-17 6.057172e-21 -1.755169e-03 32 0
1409.7021 1425.2089 -1.439547e-17 6.172803e-17 -3.303885e-04 32 0
1410.2794 1425.7925 -1.118937e-17 6.474528e-17 -2.559954e-04 32 0
1410.8567 1426.3761 -1.077714e-17 6.520924e-17 -2.458020e-04 32 0
1411.4340 1426.9597 1.031116e-16 1.055444e-16 2.344503e-03 32 0
1412.0112 1427.5433 -6.705736e-17 2.430296e-17 -1.520184e-03 32 0
1412.5885 1428.1270 -6.127337e-18 6.943475e-17 -1.384971e-04 32 0
1413.1658 1428.7106 5.343890e-17 9.114801e-17 1.204503e-03 32 0
1413.7430 1429.2942 1.896363e-16 1.345240e-16 4.262594e-03 32 0
1414.3203 1429.8778 1.854661e-16 1.302588e-16 4.158112e-03 32 0
1414.8975 1430.4614 -7.500806e-17 6.331757e-21 -1.677439e-03 32 0
1415.4748 1431.0450 4.740380e-17 8.632306e-17 1.057625e-03 32 0
1416.0521 1431.6286 -6.771288e-17 2.172681e-17 -1.507293e-03 32 0
1416.6293 1432.2123 -7.429307e-17 5.970416e-21 -1.650212e-03 32 0
1417.2066 1432.7959 1.242351e-16 1.146675e-16 2.753744e-03 32 0
1417.7838 1433.3795 -4.152619e-18 6.682243e-17 -9.186100e-05 32 0
1418.3611 1433.9631 -1.897736e-19 7.056976e-17 -4.189787e-06 32 0
1418.9384 1434.5467 5.378051e-17 9.196808e-17 1.185097e-03 32 0
1419.5156 1435.1303 6.144014e-17 9.538428e-17 1.351341e-03 32 0
1420.0929 1435.7139 -1.095273e-17 6.993312e-17 -2.404527e-04 48 0
1420.6701 1436.2975 -7.297140e-17 6.560704e-21 -1.599039e-03 32 0
1421.2474 1436.8811 -7.270695e-17 6.480951e-21 -1.590295e-03 32 0
1421.8246 1437.4647 -8.502721e-18 6.377268e-17 -1.856318e-04 32 0
1422.4019 1438.0483 -8.294483e-19 7.139234e-17 -1.807418e-05 32 0
1422.9791 1438.6319 -4.101443e-18 6.786483e-17 -8.920114e-05 32 0
1423.5564 1439.2155 -3.257108e-18 6.652560e-17 -7.069670e-05 32 0
1424.1336 1439.7991 -1.046438e-18 7.052483e-17 -2.266711e-05 32 0
1424.7109 1440.3827 -3.264778e-18 6.808091e-17 -7.056852e-05 32 0
1425.2881 1440.9663 -7.105292e-17 6.320648e-21 -1.532465e-03 32 0
1425.8653 1441.5499 6.077720e-17 9.309553e-17 1.307865e-03 32 0
1426.4426 1442.1335 -4.820626e-18 6.578355e-17 -1.034943e-04 32 0
1427.0198 1442.7170 -3.252376e-18 6.728905e-17 -6.965816e-05 32 0
1427.5971 1443.3006 -7.025173e-17 6.431259e-21 -1.500949e-03 32 0
1428.1743 1443.8842 -2.126669e-18 6.785261e-17 -4.532316e-05 32 0
1428.7515 1444.4678 -7.000852e-17 6.842667e-21 -1.488212e-03 32 0
1429.3288 1445.0514 -6.967882e-17 6.508375e-21 -1.477360e-03 32 0
1429.9060 1445.6350 -4.173550e-18 6.516036e-17 -8.825667e-05 32 0
1430.4832 1446.2186 -6.946792e-17 6.997312e-21 -1.465093e-03 32 0
1431.0605 1446.8021 2.522761e-18 7.160481e-17 5.306199e-05 32 0
1431.6377 1447.3857 2.545949e-16 1.504734e-16 5.340377e-03 48 0
1432.2149 1447.9693 -6.874548e-17 6.667940e-21 -1.438044e-03 32 0
1432.7922 1448.5529 3.726218e-18 7.223572e-17 7.773086e-05 32 0
1433.3694 1449.1365 -6.837447e-17 6.737152e-21 -1.422359e-03 32 0
1433.9466 1449.7200 2.910625e-18 7.093421e-17 6.037939e-05 32 0
1434.5239 1450.3036 3.153839e-18 7.112581e-17 6.524182e-05 32 0
1435.1011 1450.8872 3.582599e-18 7.124115e-17 7.390417e-05 32 0
1435.6783 1451.4708 7.840365e-17 1.032163e-16 1.612837e-03 32 0
1436.2555 1452.0543 2.307161e-18 6.955517e-17 4.732818e-05 32 0
1436.8328 1452.6379 -6.713009e-17 6.707381e-21 -1.373248e-03 32 0
1437.4100 1453.2215 7.934903e-17 1.034087e-16 1.618710e-03 32 0
1437.9872 1453.8051 -6.678016e-17 6.907651e-21 -1.358545e-03 32 0
1438.5644 1454.3886 4.903352e-18 7.137081e-17 9.947829e-05 32 0
1439.1416 1454.9722 7.534123e-18 7.396856e-17 1.524347e-04 32 0
1439.7189 1455.5558 6.649571e-18 7.283846e-17 1.341751e-04 32 0
1440.2961 1456.1393 6.901198e-18 7.284119e-17 1.388799e-04 32 0
1440.8733 1456.7229 6.194957e-18 7.184941e-17 1.243380e-04 32 0
1441.4505 1457.3065 4.793401e-18 7.033102e-17 9.595603e-05 32 0
1442.0277 1457.8900 8.126414e-17 1.035240e-16 1.622584e-03 32 0
1442.6049 1458.4736 -6.512821e-17 7.362988e-21 -1.297099e-03 32 0
1443.1821 1459.0571 -6.463121e-17 6.705826e-21 -1.283986e-03 32 0
1443.7593 1459.6407 1.454401e-17 7.921760e-17 2.882270e-04 32 0
1444.3366 1460.2243 1.189476e-17 7.610030e-17 2.351569e-04 32 0
1444.9138 1460.8078 -6.412354e-17 7.368497e-21 -1.264709e-03 32 0
1445.4910 1461.3914 1.143178e-17 7.523513e-17 2.249430e-04 32 0
1446.0682 1461.9749 -6.345259e-17 6.988422e-21 -1.245689e-03 32 0
1446.6454 1462.5585 1.589953e-17 7.911922e-17 3.114259e-04 32 0
1447.2226 1463.1420 1.513875e-17 7.813287e-17 2.958560e-04 32 0
1447.7998 1463.7256 -6.273726e-17 7.226970e-21 -1.223316e-03 32 0
1448.3770 1464.3091 -6.249537e-17 7.308378e-21 -1.215871e-03 32 0
1448.9542 1464.8927 9.860410e-17 1.137242e-16 1.914073e-03 32 0
1449.5314 1465.4762 1.013445e-17 7.212767e-17 1.962840e-04 32 0
1450.1086 1466.0598 1.484575e-17 7.651188e-17 2.868805e-04 32 0
1450.6858 1466.6433 -6.141874e-17 7.357057e-21 -1.184145e-03 32 0
1451.2630 1467.2269 1.003780e-17 7.314668e-17 1.930789e-04 32 0
1451.8402 1467.8104 -6.098394e-17 7.693458e-21 -1.170278e-03 32 0
1452.4174 1468.3940 1.794532e-17 7.848140e-17 3.435452e-04 32 0
1452.9946 1468.9775 1.045971e-16 1.166934e-16 1.997515e-03 32 0
1453.5718 1469.5610 1.707747e-16 1.332546e-16 3.253185e-03 32 0
1454.1489 1470.1446 1.005875e-16 1.117302e-16 1.911239e-03 32 0
1454.7261 1470.7281 2.036026e-17 7.983049e-17 3.858500e-04 32 0
1455.3033 1471.3117 -5.929901e-17 7.452080e-21 -1.120774e-03 32 0
1455.8805 1471.8952 1.727785e-16 1.353370e-16 3.256719e-03 32 0
1456.4577 1472.4787 -5.879742e-17 7.504551e-21 -1.105218e-03 32 0
1457.0349 1473.0623 2.586691e-16 1.586341e-16 4.848665e-03 32 0
1457.6121 1473.6458 -5.833583e-17 7.661590e-21 -1.090403e-03 32 0
1458.1893 1474.2293 9.731846e-17 1.098551e-16 1.813908e-03 32 0
1458.7664 1474.8129 9.330154e-17 1.088149e-16 1.734085e-03 32 0
1459.3436 1475.3964 -5.151460e-17 2.177526e-17 -9.547405e-04 32 0
1459.9208 1475.9799 -5.734407e-17 7.832014e-21 -1.059794e-03 32 0
1460.4980 1476.5635 -5.704507e-17 7.754267e-21 -1.051315e-03 32 0
1461.0752 1477.1470 2.598791e-17 8.258497e-17 4.776148e-04 32 0
1461.6523 1477.7305 2.085570e-17 7.723536e-17 3.822367e-04 32 0
1462.2295 1478.3140 1.108189e-16 1.181118e-16 2.025545e-03 32 0
1462.8067 1478.8976 2.441594e-17 8.022439e-17 4.450770e-04 32 0
1463.3839 1479.4811 -5.568976e-17 7.859802e-21 -1.012504e-03 32 0
1463.9610 1480.0646 -5.546368e-17 8.031052e-21 -1.005786e-03 32 0
1464.5382 1480.6481 1.836370e-16 1.398314e-16 3.321742e-03 32 0
1465.1154 1481.2317 1.882632e-16 1.424630e-16 3.396957e-03 32 0
1465.6926 1481.8152 -5.444355e-17 7.695947e-21 -9.799730e-04 32 0
1466.2697 1482.3987 1.927072e-16 1.425545e-16 3.460284e-03 32 0
1466.8469 1482.9822 -5.371802e-17 7.393634e-21 -9.622527e-04 32 0
1467.4241 1483.5657 2.018177e-17 7.740510e-17 3.606457e-04 32 0
1468.0012 1484.1492 1.211905e-16 1.234925e-16 2.160423e-03 32 0
1468.5784 1484.7327 3.136944e-17 8.432295e-17 5.578484e-04 32 0
1469.1555 1485.3163 -5.860747e-17 1.272346e-18 -1.039642e-03 48 0
1469.7327 1485.8998 -5.239276e-17 7.936488e-21 -9.270596e-04 32 0
1470.3099 1486.4833 -5.213222e-17 8.056746e-21 -9.200612e-04 32 0
1470.8870 1487.0668 -5.177043e-17 7.936064e-21 -9.112651e-04 32 0
1471.4642 1487.6503 1.136831e-16 1.199725e-16 1.995557e-03 32 0
1472.0414 1488.2338 -5.123487e-17 8.070527e-21 -8.968348e-04 32 0
1472.6185 1488.8173 -4.286536e-17 2.556766e-17 -7.481187e-04 32 0
1473.1957 1489.4008 -5.070647e-17 8.210217e-21 -8.822929e-04 32 0
1473.7728 1489.9843 2.696722e-17 8.171629e-17 4.677285e-04 32 0
1474.3500 1490.5678 -5.009673e-17 8.097173e-21 -8.660536e-04 32 0
1474.9271 1491.1513 2.734077e-17 8.163177e-17 4.710298e-04 32 0
1475.5043 1491.7348 3.639302e-17 8.608841e-17 6.247906e-04 32 0
1476.0814 1492.3183 2.638597e-17 7.567099e-17 4.513477e-04 32 0
1476.6586 1492.9018 -4.911681e-17 8.351181e-21 -8.370925e-04 32 0
1477.2357 1493.4853 3.331377e-17 8.224622e-17 5.656336e-04 32 0
1477.8129 1494.0688 3.393447e-17 8.254877e-17 5.739983e-04 32 0
1478.3900 1494.6523 4.689866e-17 9.537593e-17 7.902641e-04 32 0
1478.9672 1495.2358 3.490596e-17 8.296491e-17 5.859361e-04 32 0
1479.5443 1495.8193 2.279341e-16 1.594748e-16 3.811571e-03 32 0
1480.1215 1496.4028 -4.755859e-17 8.521210e-21 -7.922640e-04 32 0
1480.6986 1496.9863 3.304491e-17 8.523486e-17 5.484259e-04 32 0
1481.2757 1497.5698 4.098765e-17 8.804771e-17 6.777139e-04 32 0
1481.8529 1498.1533 1.184360e-16 1.239271e-16 1.951216e-03 32 0
1482.4300 1498.7368 4.375352e-17 9.013918e-17 7.182499e-04 32 0
1483.0072 1499.3202 -4.637359e-17 9.166706e-21 -7.586556e-04 32 0
1483.5843 1499.9037 1.409990e-16 1.326104e-16 2.298887e-03 32 0
1484.1614 1500.4872 -4.570729e-17 9.024276e-21 -7.428375e-04 32 0
1484.7386 1501.0707 4.893217e-17 9.426964e-17 7.927253e-04 32 0
1485.3157 1501.6542 -4.487687e-17 8.482047e-21 -7.248482e-04 32 0
1485.8928 1502.2377 2.287606e-16 1.579029e-16 3.683918e-03 32 0
1486.4700 1502.8211 -4.439474e-17 8.935289e-21 -7.128843e-04 32 0
1487.0471 1503.4046 1.458003e-16 1.341291e-16 2.334577e-03 32 0
1487.6242 1503.9881 1.511139e-16 1.378508e-16 2.412963e-03 32 0
1488.2014 1504.5716 4.739941e-17 9.067450e-17 7.547708e-04 32 0
1488.7785 1505.1551 4.901725e-17 9.208839e-17 7.783961e-04 32 0
1489.3556 1505.7385 2.280097e-16 1.563031e-16 3.610854e-03 32 0
1489.9327 1506.3220 -4.231253e-17 8.797471e-21 -6.682235e-04 32 0
1490.5099 1506.9055 1.478755e-16 1.342511e-16 2.328827e-03 32 0
1491.0870 1507.4889 -4.174622e-17 9.096768e-21 -6.555644e-04 32 0
1491.6641 1508.0724 -4.132819e-17 8.892613e-21 -6.471287e-04 32 0
1492.2412 1508.6559 1.504994e-16 1.357628e-16 2.349488e-03 32 0
1492.8184 1509.2394 -4.065279e-17 8.886415e-21 -6.327158e-04 32 0
1493.3955 1509.8228 -4.038534e-17 9.056774e-21 -6.265362e-04 32 0
1493.9726 1510.4063 1.380545e-16 1.300304e-16 2.134824e-03 32 0
1494.5497 1510.9898 -3.986425e-17 9.406106e-21 -6.143264e-04 32 0
1495.1268 1511.5732 -3.937248e-17 8.970831e-21 -6.046426e-04 32 0
1495.7039 1512.1567 5.788992e-17 9.705020e-17 8.857751e-04 32 0
1496.2811 1512.7401 5.807000e-17 9.691337e-17 8.852670e-04 32 0
1496.8582 1513.3236 -3.857512e-17 9.399328e-21 -5.858202e-04 32 0
1497.4353 1513.9071 5.742786e-17 9.560728e-17 8.687653e-04 32 0
1498.0124 1514.4905 -3.802127e-17 9.603771e-21 -5.728907e-04 32 0
1498.5895 1515.0740 -3.748960e-17 9.040805e-21 -5.626136e-04 32 0
1499.1666 1515.6574 -3.747553e-17 9.832550e-21 -5.600851e-04 32 0
1499.7437 1516.2409 -3.715570e-17 9.817208e-21 -5.530037e-04 32 0
1500.3208 1516.8244 5.627756e-17 9.282600e-17 8.340601e-04 32 0
1500.8979 1517.4078 -3.650518e-17 9.757960e-21 -5.387238e-04 32 0
1501.4750 1517.9913 1.556109e-16 1.402851e-16 2.286508e-03 32 0
1502.0521 1518.5747 6.047310e-17 9.616377e-17 8.847218e-04 32 0
1502.6292 1519.1582 7.209720e-17 1.079842e-16 1.050166e-03 32 0
1503.2063 1519.7416 6.787370e-17 1.031535e-16 9.842985e-04 32 0
1503.7834 1520.3251 -3.479189e-17 9.424675e-21 -5.023208e-04 32 0
1504.3605 1520.9085 7.973052e-17 1.147210e-16 1.146031e-03 32 0
1504.9376 1521.4920 -3.430809e-17 9.845009e-21 -4.909501e-04 32 0
1505.5147 1522.0754 -3.406292e-17 1.004821e-20 -4.852690e-04 32 0
1506.0918 1522.6588 7.567171e-17 1.093620e-16 1.073246e-03 32 0
1506.6689 1523.2423 7.264888e-17 1.059391e-16 1.025771e-03 32 0
1507.2460 1523.8257 -3.341646e-17 1.096779e-20 -4.697333e-04 32 0
1507.8231 1524.4092 -3.280716e-17 1.019182e-20 -4.591131e-04 32 0
1508.4002 1524.9926 7.436721e-17 1.068588e-16 1.036200e-03 32 0
1508.9773 1525.5760 -3.218763e-17 1.036726e-20 -4.466661e-04 32 0
1509.5544 1526.1595 -3.171837e-17 1.006634e-20 -4.383921e-04 32 0
1510.1315 1526.7429 7.263526e-17 1.041556e-16 9.998817e-04 32 0
1510.7086 1527.3264 -3.129265e-17 1.079681e-20 -4.290651e-04 32 0
1511.2857 1527.9098 -3.079022e-17 1.038617e-20 -4.204994e-04 32 0
1511.8627 1528.4932 -3.038119e-17 1.026733e-20 -4.133015e-04 32 0
1512.4398 1529.0767 7.549639e-17 1.056720e-16 1.023035e-03 32 0
1513.0169 1529.6601 -2.976523e-17 1.054604e-20 -4.018082e-04 32 0
1513.5940 1530.2435 1.927998e-16 1.572197e-16 2.592716e-03 32 0
1514.1711 1530.8270 8.233070e-17 1.114420e-16 1.103036e-03 32 0
1514.7481 1531.4104 -2.876767e-17 1.080629e-20 -3.839780e-04 32 0
1515.3252 1531.9938 1.937416e-16 1.572067e-16 2.576484e-03 32 0
1515.9023 1532.5772 1.906632e-16 1.546929e-16 2.526207e-03 32 0
1516.4794 1533.1607 -2.770656e-17 1.096734e-20 -3.657620e-04 32 0
1517.0565 1533.7441 -2.716777e-17 1.052700e-20 -3.573369e-04 32 0
1517.6335 1534.3275 -2.701927e-17 1.112830e-20 -3.540850e-04 32 0
1518.2106 1534.9109 -2.655265e-17 1.088917e-20 -3.466929e-04 32 0
1518.7877 1535.4943 -8.761816e-18 4.364920e-17 -1.139797e-04 32 0
1519.3648 1536.0778 -2.574781e-17 1.075360e-20 -3.337043e-04 32 0
1519.9418 1536.6612 -2.549581e-17 1.109197e-20 -3.291992e-04 32 0
1520.5189 1537.2446 -2.511323e-17 1.107361e-20 -3.230365e-04 32 0
1521.0960 1537.8280 2.163206e-16 1.705675e-16 2.771877e-03 32 0
1521.6730 1538.4114 8.783920e-17 1.122302e-16 1.121193e-03 32 0
1522.2501 1538.9948 -2.416733e-17 1.156542e-20 -3.072518e-04 32 0
1522.8272 1539.5783 -2.372777e-17 1.140157e-20 -3.004576e-04 32 0
1523.4042 1540.1617 1.047602e-16 1.282545e-16 1.321089e-03 32 0
1523.9813 1540.7451 -3.196315e-18 4.759524e-17 -4.014019e-05 32 0
1524.5584 1541.3285 9.637166e-17 1.190162e-16 1.205124e-03 32 0
1525.1354 1541.9119 -2.215921e-17 1.124090e-20 -2.759143e-04 32 0
1525.7125 1542.4953 -2.206437e-17 1.200023e-20 -2.735409e-04 32 0
1526.2895 1543.0787 -2.138987e-17 1.119541e-20 -2.640199e-04 32 0
1526.8666 1543.6621 -2.128751e-17 1.193838e-20 -2.616013e-04 32 0
1527.4437 1544.2455 1.009540e-16 1.217728e-16 1.235134e-03 32 0
1528.0207 1544.8289 -2.054675e-17 1.199956e-20 -2.502723e-04 32 0
1528.5978 1545.4123 -2.013164e-17 1.190692e-20 -2.441293e-04 32 0
1529.1748 1545.9957 9.963046e-17 1.193058e-16 1.202880e-03 32 0
1529.7519 1546.5791 1.035005e-16 1.227573e-16 1.244104e-03 32 0
1530.3289 1547.1625 9.966871e-17 1.186774e-16 1.192863e-03 32 0
1530.9060 1547.7459 -1.863543e-17 1.201261e-20 -2.220686e-04 32 0
1531.4830 1548.3293 -1.844589e-17 1.256921e-20 -2.188813e-04 32 0
1532.0601 1548.9127 1.085136e-16 1.262394e-16 1.282205e-03 32 0
1532.6371 1549.4961 1.076887e-16 1.251692e-16 1.267259e-03 32 0
1533.2142 1550.0795 1.127159e-16 1.298625e-16 1.321021e-03 32 0
1533.7912 1550.6629 8.166965e-17 1.106870e-16 9.534029e-04 32 0
1534.3683 1551.2463 8.422311e-17 1.130791e-16 9.793726e-04 32 0
1534.9453 1551.8297 -1.617173e-17 1.282911e-20 -1.873351e-04 32 0
1535.5223 1552.4131 -1.548476e-17 1.206655e-20 -1.786978e-04 32 0
1536.0994 1552.9965 1.083848e-16 1.236045e-16 1.246132e-03 32 0
1536.6764 1553.5799 -1.475057e-17 1.227750e-20 -1.689617e-04 32 0
1537.2535 1554.1633 8.606836e-17 1.140091e-16 9.822397e-04 32 0
1537.8305 1554.7466 -1.409795e-17 1.265850e-20 -1.602958e-04 32 0
1538.4075 1555.3300 1.198675e-16 1.336817e-16 1.357865e-03 32 0
1538.9846 1555.9134 -1.340802e-17 1.297183e-20 -1.513218e-04 32 0
1539.5616 1556.4968 -1.285283e-17 1.255198e-20 -1.445098e-04 32 0
1540.1386 1557.0802 1.141492e-16 1.265455e-16 1.278559e-03 32 0
1540.7157 1557.6635 1.900490e-17 6.337876e-17 2.120453e-04 32 0
1541.2927 1558.2469 2.605721e-16 1.926802e-16 2.895930e-03 32 0
1541.8697 1558.8303 -1.161949e-17 1.356091e-20 -1.286156e-04 32 0
1542.4468 1559.4137 -1.097123e-17 1.290023e-20 -1.209438e-04 32 0
1543.0238 1559.9971 -1.059630e-17 1.296603e-20 -1.163168e-04 32 0
1543.6008 1560.5804 -1.035241e-17 1.338718e-20 -1.131512e-04 32 0
1544.1779 1561.1638 -9.851373e-18 1.310727e-20 -1.071975e-04 32 0
1544.7549 1561.7472 1.289507e-16 1.383462e-16 1.396856e-03 32 0
1545.3319 1562.3306 -9.227660e-18 1.357729e-20 -9.949740e-05 32 0
1545.9089 1562.9139 1.169184e-16 1.253049e-16 1.254781e-03 32 0
1546.4859 1563.4973 2.920890e-17 7.318849e-17 3.119816e-04 32 0
1547.0630 1564.0807 -8.066296e-18 1.371047e-20 -8.574193e-05 32 0
1547.6400 1564.6640 1.246734e-16 1.323470e-16 1.318780e-03 32 0
1548.2170 1565.2474 -7.297471e-18 1.378920e-20 -7.681239e-05 32 0
1548.7940 1565.8308 -6.720371e-18 1.332298e-20 -7.038772e-05 32 0
1549.3710 1566.4141 -6.517405e-18 1.383922e-20 -6.792173e-05 32 0
1549.9481 1566.9975 2.796312e-16 2.020366e-16 2.899643e-03 32 0
1550.5251 1567.5808 2.886397e-16 2.082708e-16 2.978036e-03 32 0
1551.1021 1568.1642 -5.194652e-18 1.353349e-20 -5.332729e-05 32 0
1551.6791 1568.7476 -4.934374e-18 1.392747e-20 -5.040111e-05 32 0
1552.2561 1569.3309 1.432382e-16 1.478893e-16 1.455777e-03 32 0
1552.8331 1569.9143 -4.140308e-18 1.395849e-20 -4.186953e-05 32 0
1553.4101 1570.4976 -3.898188e-18 1.440082e-20 -3.922625e-05 32 0
1553.9871 1571.0810 -3.470802e-18 1.433003e-20 -3.475344e-05 32 0
1554.5641 1571.6644 -1.595953e-17 2.497156e-18 -1.590230e-04 48 0
1555.1412 1572.2477 -2.725546e-18 1.450376e-20 -2.702531e-05 32 0
1555.7182 1572.8311 4.479842e-16 2.600478e-16 4.420524e-03 32 0
1556.2952 1573.4144 1.458616e-16 1.477376e-16 1.432358e-03 32 0
1556.8722 1573.9978 -1.657823e-18 1.489678e-20 -1.620175e-05 32 0
1557.4492 1574.5811 2.987013e-16 2.121594e-16 2.905217e-03 32 0
1558.0262 1575.1645 4.518055e-16 2.613795e-16 4.373169e-03 32 0
1558.6032 1575.7478 1.563737e-16 1.568842e-16 1.506222e-03 32 0
1559.1802 1576.3312 -1.085837e-19 1.506643e-20 -1.040833e-06 32 0
1559.7572 1576.9145 2.159122e-19 1.530216e-20 2.059627e-06 32 0
1560.3342 1577.4978 1.635020e-16 1.629610e-16 1.552168e-03 32 0
1560.9112 1578.0812 1.336824e-18 1.442854e-20 1.262983e-05 32 0
1561.4882 1578.6645 1.058640e-18 1.627081e-20 9.953743e-06 32 0
1562.0652 1579.2479 1.959179e-18 1.490955e-20 1.833286e-05 32 0
1562.6421 1579.8312 1.853533e-18 1.627573e-20 1.726155e-05 32 0
1563.2191 1580.4145 5.752151e-17 9.311568e-17 5.331320e-04 32 0
1563.7961 1580.9979 1.568061e-16 1.538253e-16 1.446426e-03 32 0
1564.3731 1581.5812 3.343140e-18 1.548233e-20 3.069147e-05 32 0
1564.9501 1582.1646 3.546987e-18 1.600282e-20 3.240802e-05 32 0
1565.5271 1582.7479 4.119419e-18 1.551645e-20 3.745905e-05 32 0
1566.1041 1583.3312 4.238016e-18 1.625762e-20 3.835381e-05 32 0
1566.6811 1583.9146 4.761985e-18 1.591943e-20 4.288993e-05 32 0
1567.2581 1584.4979 5.008421e-18 1.631096e-20 4.489358e-05 32 0
1567.8350 1585.0812 5.298833e-18 1.658661e-20 4.726872e-05 32 0
1568.4120 1585.6645 5.741522e-18 1.641296e-20 5.097089e-05 32 0
1568.9890 1586.2479 6.376196e-18 1.575970e-20 5.633129e-05 32 0
1569.5660 1586.8312 6.485441e-18 1.650269e-20 5.701767e-05 32 0
1570.1430 1587.4145 6.747312e-18 1.686287e-20 5.902989e-05 32 0
1570.7199 1587.9979 7.021315e-18 1.714829e-20 6.112477e-05 32 0
1571.2969 1588.5812 7.759683e-18 1.619204e-20 6.721815e-05 32 0
1571.8739 1589.1645 7.715720e-18 1.734885e-20 6.650398e-05 32 0
1572.4509 1589.7478 8.404662e-18 1.652705e-20 7.207823e-05 32 0
1573.0278 1590.3311 8.381249e-18 1.764645e-20 7.151353e-05 32 0
1573.6048 1590.9145 9.121675e-18 1.661317e-20 7.743408e-05 32 0
1574.1818 1591.4978 9.215822e-18 1.739906e-20 7.783165e-05 32 0
1574.7588 1592.0811 9.438012e-18 1.782597e-20 7.929642e-05 32 0
1575.3357 1592.6644 9.868022e-18 1.767284e-20 8.247919e-05 32 0
1575.9127 1593.2477 1.047739e-17 1.703834e-20 8.711634e-05 32 0
1576.4897 1593.8310 1.045472e-17 1.813582e-20 8.647385e-05 32 0
1577.0666 1594.4144 1.880618e-16 1.769372e-16 1.547370e-03 32 0
1577.6436 1594.9977 1.112703e-17 1.830723e-20 9.107342e-05 32 0
1578.2206 1595.5810 1.114889e-17 1.927983e-20 9.077424e-05 32 0
1578.7975 1596.1643 1.205200e-17 1.773427e-20 9.761330e-05 32 0
1579.3745 1596.7476 2.026864e-16 1.903131e-16 1.633044e-03 32 0
1579.9514 1597.3309 1.253333e-17 1.839800e-20 1.004538e-04 32 0
1580.5284 1597.9142 2.020834e-16 1.889848e-16 1.611268e-03 32 0
1581.1054 1598.4975 1.286266e-17 1.943605e-20 1.020261e-04 32 0
1581.6823 1599.0808 1.371254e-17 1.804078e-20 1.082076e-04 32 0
1582.2593 1599.6641 1.380126e-17 1.876122e-20 1.083494e-04 32 0
1582.8362 1600.2474 1.419866e-17 1.859951e-20 1.109030e-04 32 0
1583.4132 1600.8307 1.470149e-17 1.814564e-20 1.142501e-04 32 0
1583.9901 1601.4140 1.483782e-17 1.867061e-20 1.147334e-04 32 0
1584.5671 1601.9973 1.510799e-17 1.881413e-20 1.162420e-04 32 0
1585.1440 1602.5806 1.584068e-17 1.771318e-20 1.212817e-04 32 0
1585.7210 1603.1639 1.545256e-17 1.964465e-20 1.177335e-04 32 0
1586.2979 1603.7472 1.589232e-17 1.928755e-20 1.205029e-04 32 0
1586.8749 1604.3305 2.085410e-16 1.920319e-16 1.573719e-03 32 0
1587.4518 1604.9138 2.254682e-16 2.091563e-16 1.693493e-03 32 0
1588.0288 1605.4971 1.694614e-17 1.887028e-20 1.266915e-04 32 0
1588.6057 1606.0804 1.704796e-17 1.939396e-20 1.268726e-04 32 0
1589.1827 1606.6637 1.727805e-17 1.954250e-20 1.280047e-04 32 0
1589.7596 1607.2470 1.741730e-17 1.992610e-20 1.284668e-04 32 0
1590.3366 1607.8303 1.788794e-17 1.938116e-20 1.313615e-04 32 0
1590.9135 1608.4136 4.196325e-16 2.839303e-16 3.068477e-03 32 0
1591.4904 1608.9968 1.829664e-17 1.969848e-20 1.332265e-04 32 0
1592.0674 1609.5801 1.839742e-17 2.009839e-20 1.334118e-04 32 0
1592.6443 1610.1634 1.020917e-16 1.297726e-16 7.373345e-04 32 0
1593.2213 1610.7467 1.883084e-17 2.022267e-20 1.354673e-04 32 0
1593.7982 1611.3300 2.182970e-16 1.989900e-16 1.564299e-03 32 0
1594.3751 1611.9133 1.927123e-17 2.022888e-20 1.375744e-04 32 0
1594.9521 1612.4965 1.962326e-17 1.983752e-20 1.395623e-04 32 0
1595.5290 1613.0798 1.965262e-17 2.031909e-20 1.392608e-04 32 0
1596.1059 1613.6631 1.976855e-17 2.053499e-20 1.395740e-04 32 0
1596.6829 1614.2464 1.995513e-17 2.055539e-20 1.403921e-04 32 0
1597.2598 1614.8296 2.002235e-17 2.086435e-20 1.403680e-04 32 0
1597.8367 1615.4129 2.046100e-17 2.012993e-20 1.429466e-04 32 0
1598.4136 1615.9962 2.013908e-17 2.146639e-20 1.402117e-04 32 0
1598.9906 1616.5795 2.074595e-17 2.023641e-20 1.439457e-04 32 0
1599.5675 1617.1627 2.036147e-17 2.170415e-20 1.407978e-04 32 0
1600.1444 1617.7460 4.231811e-16 2.842536e-16 2.916422e-03 32 0
1600.7213 1618.3293 2.064835e-17 2.167217e-20 1.418225e-04 32 0
1601.2983 1618.9125 2.120267e-17 2.051747e-20 1.451425e-04 32 0
1601.8752 1619.4958 2.095630e-17 2.152268e-20 1.429748e-04 32 0
1602.4521 1620.0791 1.543978e-16 1.732354e-16 1.049852e-03 32 0
1603.0290 1620.6623 2.134352e-17 2.105636e-20 1.446408e-04 32 0
1603.6059 1621.2456 2.124875e-17 2.158656e-20 1.435144e-04 32 0
1604.1829 1621.8289 2.442354e-16 2.229197e-16 1.644009e-03 32 0
1604.7598 1622.4121 2.416389e-16 2.202685e-16 1.621056e-03 32 0
1605.3367 1622.9954 2.128682e-17 2.217865e-20 1.423226e-04 32 0
1605.9136 1623.5787 2.144888e-17 2.192756e-20 1.429239e-04 32 0
1606.4905 1624.1619 2.150831e-17 2.192144e-20 1.428370e-04 32 0
1607.0674 1624.7452 2.110467e-17 2.319387e-20 1.396865e-04 32 0
1607.6443 1625.3284 2.168357e-17 2.167291e-20 1.430825e-04 32 0
1608.2213 1625.9117 2.551472e-16 2.335762e-16 1.678714e-03 32 0
1608.7982 1626.4949 2.135133e-17 2.266335e-20 1.400678e-04 32 0
1609.3751 1627.0782 2.164365e-17 2.186309e-20 1.415739e-04 32 0
1609.9520 1627.6614 2.116452e-17 2.316880e-20 1.380381e-04 32 0
1610.5289 1628.2447 2.144441e-17 2.235960e-20 1.394628e-04 32 0
1611.1058 1628.8279 2.093664e-17 2.377348e-20 1.357700e-04 32 0
1611.6827 1629.4112 1.573296e-16 1.771145e-16 1.017371e-03 32 0
1612.2596 1629.9944 2.098879e-17 2.333191e-20 1.353403e-04 32 0
1612.8365 1630.5777 2.137543e-17 2.210816e-20 1.374499e-04 32 0
1613.4134 1631.1609 2.688872e-16 2.483920e-16 1.724200e-03 32 0
1613.9903 1631.7442 2.118755e-17 2.221352e-20 1.354891e-04 32 0
1614.5672 1632.3274 3.533385e-16 2.797833e-16 2.253293e-03 32 0
1615.1441 1632.9107 2.060489e-17 2.333947e-20 1.310429e-04 32 0
1615.7210 1633.4939 2.017769e-17 2.420874e-20 1.279757e-04 32 0
1616.2979 1634.0772 2.382465e-16 2.175274e-16 1.506967e-03 32 0
1616.8748 1634.6604 1.993997e-17 2.419238e-20 1.257820e-04 32 0
1617.4517 1635.2436 1.993579e-17 2.383714e-20 1.254146e-04 32 0
1618.0286 1635.8269 2.613518e-16 2.414127e-16 1.639668e-03 32 0
1618.6054 1636.4101 1.998980e-17 2.284217e-20 1.250704e-04 32 0
1619.1823 1636.9933 1.942184e-17 2.393711e-20 1.211843e-04 32 0
1619.7592 1637.5766 1.967268e-17 2.274723e-20 1.224121e-04 32 0
1620.3361 1638.1598 1.903579e-17 2.397803e-20 1.181220e-04 32 0
1620.9130 1638.7430 1.877252e-17 2.418714e-20 1.161640e-04 32 0
1621.4899 1639.3263 1.881248e-17 2.348935e-20 1.160854e-04 32 0
1622.0668 1639.9095 5.053489e-16 3.445907e-16 3.109506e-03 32 0
1622.6436 1640.4927 1.862213e-17 2.275053e-20 1.142594e-04 32 0
1623.2205 1641.0760 1.770447e-17 2.462802e-20 1.083174e-04 32 0
1623.7974 1641.6592 1.802422e-17 2.303111e-20 1.099561e-04 32 0
1624.3743 1642.2424 1.761838e-17 2.340690e-20 1.071723e-04 32 0
1624.9512 1642.8256 1.687957e-17 2.469459e-20 1.023826e-04 32 0
1625.5281 1643.4089 1.646354e-17 2.505450e-20 9.957606e-05 32 0
1626.1049 1643.9921 1.672153e-17 2.352598e-20 1.008486e-04 32 0
1626.6818 1644.5753 1.609530e-17 2.437195e-20 9.680331e-05 32 0
1627.2587 1645.1585 1.589163e-17 2.402459e-20 9.531298e-05 32 0
1627.8356 1645.7417 1.566548e-17 2.370334e-20 9.370667e-05 32 0
1628.4124 1646.3250 1.513722e-17 2.421016e-20 9.030483e-05 32 0
1628.9893 1646.9082 1.460334e-17 2.464823e-20 8.690020e-05 32 0
1629.5662 1647.4914 1.442604e-17 2.407629e-20 8.562770e-05 32 0
1630.1430 1648.0746 1.398677e-17 2.418874e-20 8.282549e-05 32 0
1630.7199 1648.6578 1.364272e-17 2.400561e-20 8.059769e-05 32 0
1631.2968 1649.2410 1.279474e-17 2.517343e-20 7.542603e-05 32 0
1631.8736 1649.8242 1.272132e-17 2.415117e-20 7.483204e-05 32 0
1632.4505 1650.4075 1.188802e-17 2.514579e-20 6.979631e-05 32 0
1633.0274 1650.9907 1.187356e-17 2.388651e-20 6.957782e-05 32 0
1633.6042 1651.5739 1.106550e-17 2.477237e-20 6.472935e-05 32 0
1634.1811 1652.1571 2.673954e-16 2.570290e-16 1.561436e-03 32 0
1634.7580 1652.7403 2.553904e-16 2.451514e-16 1.488873e-03 32 0
1635.3348 1653.3235 9.217583e-18 2.559465e-20 5.364787e-05 32 0
1635.9117 1653.9067 9.109554e-18 2.437645e-20 5.293279e-05 32 0
1636.4885 1654.4899 8.211224e-18 2.534947e-20 4.763496e-05 32 0
1637.0654 1655.0731 7.931158e-18 2.454075e-20 4.593273e-05 32 0
1637.6422 1655.6563 7.181529e-18 2.500974e-20 4.152086e-05 32 0
1638.2191 1656.2395 6.884895e-18 2.421162e-20 3.973376e-05 32 0
1638.7960 1656.8227 5.864782e-18 2.535817e-20 3.378472e-05 32 0
1639.3728 1657.4059 5.648955e-18 2.424849e-20 3.247582e-05 32 0
1639.9497 1657.9891 2.682328e-16 2.639021e-16 1.538922e-03 32 0
1640.5265 1658.5723 4.225807e-18 2.471579e-20 2.418895e-05 32 0
1641.1034 1659.1555 3.274234e-18 2.549700e-20 1.869839e-05 32 0
1641.6802 1659.7387 2.564214e-18 2.561265e-20 1.460491e-05 32 0
1642.2571 1660.3219 1.973666e-18 2.536577e-20 1.121108e-05 32 0
1642.8339 1660.9051 1.542311e-18 2.466229e-20 8.734547e-06 32 0
1643.4107 1661.4883 6.437635e-19 2.518229e-20 3.634683e-06 32 0
1643.9876 1662.0715 2.667574e-16 2.670052e-16 1.501183e-03 32 0
1644.5644 1662.6546 -1.250018e-18 2.637513e-20 -7.011164e-06 32 0
1645.1413 1663.2378 -1.798155e-18 2.580839e-20 -1.005081e-05 32 0
1645.7181 1663.8210 -2.672377e-18 2.611834e-20 -1.488523e-05 32 0
1646.2950 1664.4042 -3.592353e-18 2.646662e-20 -1.993890e-05 32 0
1646.8718 1664.9874 -4.121012e-18 2.570204e-20 -2.279188e-05 32 0
1647.4486 1665.5706 -5.130111e-18 2.620372e-20 -2.827323e-05 32 0
1648.0255 1666.1538 -5.879199e-18 2.591811e-20 -3.228762e-05 32 0
1648.6023 1666.7369 -7.066646e-18 2.683634e-20 -3.867692e-05 32 0
1649.1791 1667.3201 -8.088491e-18 2.725789e-20 -4.411954e-05 32 0
1649.7560 1667.9033 -8.671868e-18 2.634922e-20 -4.715068e-05 32 0
1650.3328 1668.4865 -9.798777e-18 2.690753e-20 -5.310952e-05 32 0
1650.9096 1669.0696 -1.052985e-17 2.634257e-20 -5.690725e-05 32 0
1651.4865 1669.6528 -1.142811e-17 2.617827e-20 -6.158688e-05 32 0
1652.0633 1670.2360 -1.283985e-17 2.740976e-20 -6.902165e-05 32 0
1652.6401 1670.8192 -1.397671e-17 2.779899e-20 -7.495043e-05 32 0
1653.2170 1671.4023 -1.446964e-17 2.637469e-20 -7.742751e-05 32 0
1653.7938 1671.9855 2.592785e-17 1.058896e-16 1.384531e-04 32 0
1654.3706 1672.5687 -1.649075e-17 2.626843e-20 -8.789607e-05 32 0
1654.9474 1673.1519 3.061659e-16 3.055349e-16 1.628932e-03 32 0
1655.5243 1673.7350 2.137666e-16 2.470413e-16 1.135444e-03 32 0
1656.1011 1674.3182 -2.050858e-17 2.850887e-20 -1.087572e-04 32 0
1656.6779 1674.9014 -2.139919e-17 2.788501e-20 -1.133030e-04 32 0
1657.2547 1675.4845 -2.198447e-17 2.640555e-20 -1.161905e-04 32 0
1657.8315 1676.0677 -2.328432e-17 2.683196e-20 -1.228384e-04 32 0
1658.4084 1676.6508 -2.490025e-17 2.812293e-20 -1.311264e-04 32 0
1658.9852 1677.2340 -2.534050e-17 2.606038e-20 -1.331969e-04 32 0
1659.5620 1677.8172 -2.749990e-17 2.873191e-20 -1.442756e-04 32 0
1660.1388 1678.4003 -2.820601e-17 2.731076e-20 -1.476849e-04 32 0
1660.7156 1678.9835 2.427906e-16 2.722080e-16 1.268640e-03 32 0
1661.2924 1679.5666 -3.117048e-17 2.864818e-20 -1.625124e-04 32 0
1661.8692 1680.1498 -3.185736e-17 2.697201e-20 -1.657132e-04 32 0
1662.4461 1680.7330 -3.346274e-17 2.783257e-20 -1.736310e-04 32 0
1663.0229 1681.3161 -3.490671e-17 2.812539e-20 -1.806574e-04 32 0
1663.5997 1681.8993 2.301488e-16 2.659068e-16 1.187845e-03 32 0
1664.1765 1682.4824 -3.806729e-17 2.934134e-20 -1.959169e-04 32 0
1664.7533 1683.0656 -3.899384e-17 2.805867e-20 -2.000873e-04 32 0
1665.3301 1683.6487 -4.041538e-17 2.800674e-20 -2.067479e-04 32 0
1665.9069 1684.2319 -4.202205e-17 2.842284e-20 -2.142830e-04 32 0
1666.4837 1684.8150 -4.334845e-17 2.798858e-20 -2.203286e-04 32 0
1667.0605 1685.3982 -4.512794e-17 2.881511e-20 -2.286047e-04 32 0
1667.6373 1685.9813 -4.645384e-17 2.818275e-20 -2.345191e-04 32 0
1668.2141 1686.5645 -4.843460e-17 2.933764e-20 -2.436658e-04 32 0
1668.7909 1687.1476 -4.935456e-17 2.746208e-20 -2.474154e-04 32 0
1669.3677 1687.7307 -5.191593e-17 3.013949e-20 -2.593197e-04 32 0
1669.9445 1688.3139 -5.311305e-17 2.888489e-20 -2.643350e-04 32 0
1670.5213 1688.8970 -5.540149e-17 3.057379e-20 -2.747116e-04 32 0
1671.0981 1689.4802 -5.668991e-17 2.942842e-20 -2.800597e-04 32 0
1671.6749 1690.0633 -5.880966e-17 3.049739e-20 -2.894510e-04 32 0
1672.2517 1690.6464 -6.043284e-17 3.015692e-20 -2.963282e-04 32 0
1672.8285 1691.2296 5.584675e-16 4.388531e-16 2.728140e-03 32 0
1673.4053 1691.8127 -6.423165e-17 3.068500e-20 -3.125940e-04 32 0
1673.9820 1692.3958 -6.593708e-17 3.026216e-20 -3.196825e-04 32 0
1674.5588 1692.9790 -6.782327e-17 3.029427e-20 -3.275813e-04 32 0
1675.1356 1693.5621 -7.006767e-17 3.123942e-20 -3.371364e-04 32 0
1675.7124 1694.1452 -7.174783e-17 3.050556e-20 -3.439054e-04 32 0
1676.2892 1694.7284 -7.391342e-17 3.105153e-20 -3.529328e-04 32 0
1676.8660 1695.3115 -7.572948e-17 3.055284e-20 -3.602193e-04 32 0
1677.4428 1695.8946 -7.787311e-17 3.085810e-20 -3.689944e-04 32 0
1678.0195 1696.4778 -7.983155e-17 3.054519e-20 -3.768187e-04 32 0
1678.5963 1697.0609 -8.192000e-17 3.056811e-20 -3.851862e-04 32 0
1679.1731 1697.6440 -8.450251e-17 3.183310e-20 -3.957938e-04 32 0
1679.7499 1698.2271 -8.616863e-17 3.043661e-20 -4.020362e-04 32 0
1680.3267 1698.8103 -8.841427e-17 3.058340e-20 -4.109147e-04 32 0
1680.9034 1699.3934 -9.111461e-17 3.192631e-20 -4.218233e-04 32 0
1681.4802 1699.9765 -9.298362e-17 3.081207e-20 -4.288014e-04 32 0
1682.0570 1700.5596 -9.536490e-17 3.105277e-20 -4.380549e-04 32 0
1682.6338 1701.1427 -9.795170e-17 3.180044e-20 -4.481701e-04 32 0
1683.2105 1701.7258 -9.990922e-17 3.063851e-20 -4.553297e-04 32 0
1683.7873 1702.3090 -1.029157e-16 3.237823e-20 -4.671858e-04 32 0
1684.3641 1702.8921 -1.053040e-16 3.223716e-20 -4.761456e-04 32 0
1684.9408 1703.4752 -1.076006e-16 3.176640e-20 -4.846136e-04 32 0
1685.5176 1704.0583 -1.109327e-16 3.411825e-20 -4.976529e-04 32 0
1686.0944 1704.6414 -1.128352e-16 3.229581e-20 -5.041934e-04 32 0
1686.6711 1705.2245 -1.154845e-16 3.251245e-20 -5.139979e-04 32 0
1687.2479 1705.8076 -1.182191e-16 3.284456e-20 -5.240958e-04 32 0
1687.8247 1706.3907 -1.207432e-16 3.244107e-20 -5.331769e-04 32 0
1688.4014 1706.9739 -1.234629e-16 3.260603e-20 -5.430398e-04 32 0
1688.9782 1707.5570 2.087173e-16 3.353700e-16 9.144088e-04 32 0
1689.5550 1708.1401 -1.292294e-16 3.340450e-20 -5.639378e-04 32 0
1690.1317 1708.7232 -1.320756e-16 3.337415e-20 -5.740922e-04 32 0
1690.7085 1709.3063 -1.353061e-16 3.450862e-20 -5.858247e-04 32 0
1691.2852 1709.8894 2.027206e-16 3.407128e-16 8.742595e-04 32 0
1691.8620 1710.4725 2.230509e-16 3.647241e-16 9.581680e-04 32 0
1692.4388 1711.0556 -1.440501e-16 3.441365e-20 -6.163786e-04 32 0
1693.0155 1711.6387 -1.475075e-16 3.576712e-20 -6.287065e-04 32 0
1693.5923 1712.2218 1.718525e-19 3.362688e-20 7.296112e-07 32 0
1694.1690 1712.8049 -1.906504e-19 3.687156e-20 -8.062707e-07 32 0
1694.7458 1713.3880 1.405997e-19 3.504774e-20 5.922921e-07 32 0
1695.3225 1713.9711 -2.293718e-19 3.721369e-20 -9.625073e-07 32 0
1695.8993 1714.5542 1.773350e-19 2.497738e-20 7.412636e-07 2592 0
1696.4760 1715.1372 -1.633920e-17 2.160794e-20 -6.803446e-05 2596 0
1697.0528 1715.7203 -1.640253e-17 2.169169e-20 -6.803482e-05 2596 0
1697.6295 1716.3034 -1.646583e-17 2.177540e-20 -6.803519e-05 2596 0
1698.2063 1716.8865 -1.652926e-17 2.185928e-20 -6.803555e-05 2596 0
