# SN2022HRS-HV oedc12010 G430L CCD z=0.0047 a2center=893.7 extrsize=15 exptime=704.0 mode=adaptive_es13@0.98 flags=none
# rest_wvl obs_wvl flux error net dq mask
2876.2088 2889.7269 -2.319588e-17 8.969643e-15 -1.469133e-04 16896 0
2878.9406 2892.4716 3.395680e-15 7.343070e-15 2.366914e-02 512 0
2881.6725 2895.2164 -1.290303e-16 6.241524e-15 -1.631839e-03 512 0
2884.4044 2897.9611 3.243515e-15 5.307594e-15 3.034906e-02 512 0
2887.1363 2900.7059 8.531274e-15 4.650105e-15 9.267125e-02 512 0
2889.8683 2903.4507 5.176961e-15 4.174737e-15 6.267837e-02 512 0
2892.6003 2906.1955 3.824628e-15 3.728650e-15 5.001534e-02 512 0
2895.3323 2908.9403 1.093791e-14 3.435480e-15 1.664706e-01 512 0
2898.0643 2911.6852 1.179746e-15 4.783289e-15 1.655127e-02 528 0
2900.7963 2914.4301 4.205781e-16 2.692553e-15 4.483197e-03 512 0
2903.5284 2917.1750 7.057378e-15 2.447435e-15 1.522730e-01 512 0
2906.2605 2919.9199 4.490618e-15 2.282406e-15 1.096672e-01 528 0
2908.9926 2922.6648 1.056027e-14 2.160193e-15 2.835150e-01 528 0
2911.7247 2925.4098 6.213722e-15 1.761850e-15 1.892212e-01 512 0
2914.4568 2928.1548 2.457145e-15 1.639380e-15 8.512868e-02 528 0
2917.1890 2930.8998 6.900853e-15 1.894545e-15 2.692655e-01 528 0
2919.9212 2933.6448 -3.017847e-15 2.432871e-15 -1.426718e-01 16912 0
2922.6534 2936.3899 2.289192e-14 3.373737e-15 1.180619e+00 528 0
2925.3857 2939.1350 1.486350e-14 2.535241e-15 8.620067e-01 528 0
2928.1179 2941.8801 6.997325e-15 9.398891e-16 4.543020e-01 528 0
2930.8502 2944.6252 8.099818e-15 8.744162e-16 5.901141e-01 512 0
2933.5825 2947.3703 7.485943e-15 8.428414e-16 6.084719e-01 528 0
2936.3148 2950.1155 8.106801e-15 7.988416e-16 7.307194e-01 528 0
2939.0472 2952.8607 7.550184e-15 6.301652e-16 7.508558e-01 528 0
2941.7795 2955.6059 9.290301e-15 5.980566e-16 1.017979e+00 528 0
2944.5119 2958.3511 8.233203e-15 5.805917e-16 9.793709e-01 528 0
2947.2443 2961.0963 6.179453e-15 6.285529e-16 7.901174e-01 528 0
2949.9767 2963.8416 7.142868e-15 4.547226e-16 9.787883e-01 512 0
2952.7092 2966.5869 7.824652e-15 4.416792e-16 1.139580e+00 512 0
2955.4416 2969.3322 7.037782e-15 4.473964e-16 1.075615e+00 528 0
2958.1741 2972.0775 7.695986e-15 4.617579e-16 1.230801e+00 16 0
2960.9066 2974.8229 7.404189e-15 3.986483e-16 1.228277e+00 0 0
2963.6392 2977.5683 6.619260e-15 3.779322e-16 1.130758e+00 0 0
2966.3717 2980.3137 6.774367e-15 4.197839e-16 1.189332e+00 16 0
2969.1043 2983.0591 6.773672e-15 3.842851e-16 1.215635e+00 0 0
2971.8369 2985.8045 6.680743e-15 5.573118e-16 1.222491e+00 16 0
2974.5695 2988.5500 6.393276e-15 3.840630e-16 1.187642e+00 16 0
2977.3021 2991.2954 7.784678e-15 3.719942e-16 1.473059e+00 0 0
2980.0348 2994.0409 8.049088e-15 3.730606e-16 1.542874e+00 0 0
2982.7674 2996.7864 7.146766e-15 3.729816e-16 1.382812e+00 16 0
2985.5001 2999.5320 6.643830e-15 3.463272e-16 1.298193e+00 0 0
2988.2328 3002.2775 7.244452e-15 3.527906e-16 1.434216e+00 0 0
2990.9656 3005.0231 6.347750e-15 4.025748e-16 1.268888e+00 16 0
2993.6983 3007.7687 8.255316e-15 6.472143e-16 1.680269e+00 16 0
2996.4311 3010.5143 6.959899e-15 3.437437e-16 1.431663e+00 16 0
2999.1639 3013.2600 6.888308e-15 3.340193e-16 1.437736e+00 0 0
3001.8967 3016.0056 6.400698e-15 3.227371e-16 1.355451e+00 0 0
3004.6295 3018.7513 6.678385e-15 5.665464e-16 1.439366e+00 16 0
3007.3624 3021.4970 6.756557e-15 3.185706e-16 1.482945e+00 0 0
3010.0952 3024.2427 7.816049e-15 7.866581e-16 1.752340e+00 16 0
3012.8281 3026.9884 7.497288e-15 3.175484e-16 1.712424e+00 0 0
3015.5610 3029.7342 6.135107e-15 3.891563e-16 1.422928e+00 16 0
3018.2940 3032.4800 6.487802e-15 2.924737e-16 1.536800e+00 0 0
3021.0269 3035.2257 6.176911e-15 2.963380e-16 1.490138e+00 0 0
3023.7599 3037.9716 6.691152e-15 2.877574e-16 1.648660e+00 0 0
3026.4929 3040.7174 6.076113e-15 3.321842e-16 1.522011e+00 16 0
3029.2259 3043.4632 7.035071e-15 3.487447e-16 1.800045e+00 16 0
3031.9589 3046.2091 7.075078e-15 2.935726e-16 1.842012e+00 0 0
3034.6919 3048.9550 6.873765e-15 3.082441e-16 1.819121e+00 16 0
3037.4250 3051.7009 7.454549e-15 2.902706e-16 2.007873e+00 16 0
3040.1581 3054.4468 6.686905e-15 3.106107e-16 1.825437e+00 16 0
3042.8912 3057.1928 6.717899e-15 2.685878e-16 1.861995e+00 0 0
3045.6243 3059.9387 7.490057e-15 3.340390e-16 2.110636e+00 16 0
3048.3574 3062.6847 7.180107e-15 2.688548e-16 2.051040e+00 0 0
3051.0906 3065.4307 7.201433e-15 2.834191e-16 2.085624e+00 0 0
3053.8238 3068.1767 7.040278e-15 2.757539e-16 2.066164e+00 0 0
3056.5570 3070.9228 7.154060e-15 2.751613e-16 2.127515e+00 16 0
3059.2902 3073.6688 7.294946e-15 2.538687e-16 2.197489e+00 0 0
3062.0234 3076.4149 7.555875e-15 2.598078e-16 2.304548e+00 0 0
3064.7566 3079.1610 6.968954e-15 2.641694e-16 2.145316e+00 16 0
3067.4899 3081.9071 6.873545e-15 2.978463e-16 2.137159e+00 16 0
3070.2232 3084.6532 7.087773e-15 3.493283e-16 2.224724e+00 16 0
3072.9565 3087.3994 8.487734e-15 3.733031e-16 2.695764e+00 16 0
3075.6898 3090.1455 7.725646e-15 2.631074e-16 2.466858e+00 16 0
3078.4231 3092.8917 7.379841e-15 2.456607e-16 2.370548e+00 0 0
3081.1565 3095.6379 8.310073e-15 2.799944e-16 2.689654e+00 16 0
3083.8899 3098.3842 8.513366e-15 2.961901e-16 2.771314e+00 16 0
3086.6233 3101.1304 8.348412e-15 2.601791e-16 2.728821e+00 16 0
3089.3567 3103.8766 8.704233e-15 2.742078e-16 2.859759e+00 16 0
3092.0901 3106.6229 8.545847e-15 2.786636e-16 2.818112e+00 16 0
3094.8235 3109.3692 8.737053e-15 4.421694e-16 2.893797e+00 16 0
3097.5570 3112.1155 8.970887e-15 3.973944e-16 2.984640e+00 16 0
3100.2905 3114.8618 8.925330e-15 2.552944e-16 2.981227e+00 0 0
3103.0240 3117.6082 9.939311e-15 2.801105e-16 3.340602e+00 16 0
3105.7575 3120.3545 9.344651e-15 2.587835e-16 3.151356e+00 16 0
3108.4910 3123.1009 9.921689e-15 2.823074e-16 3.365645e+00 16 0
3111.2246 3125.8473 9.971078e-15 2.856936e-16 3.399232e+00 16 0
3113.9581 3128.5937 9.763130e-15 3.059561e-16 3.344857e+00 16 0
3116.6917 3131.3402 1.071470e-14 2.775727e-16 3.696026e+00 16 0
3119.4253 3134.0866 1.065276e-14 2.610440e-16 3.694947e+00 0 0
3122.1589 3136.8331 1.063693e-14 2.798158e-16 3.710275e+00 0 0
3124.8925 3139.5795 1.049996e-14 2.689031e-16 3.683376e+00 16 0
3127.6262 3142.3260 1.120980e-14 3.183369e-16 3.959837e+00 16 0
3130.3599 3145.0725 1.083401e-14 3.155063e-16 3.848459e+00 16 0
3133.0935 3147.8191 1.389628e-14 4.678277e-16 4.985246e+00 16 0
3135.8272 3150.5656 1.093859e-14 2.804336e-16 3.935714e+00 16 0
3138.5610 3153.3122 1.116871e-14 2.597082e-16 4.046388e+00 0 0
3141.2947 3156.0588 1.099170e-14 2.649032e-16 4.008537e+00 16 0
3144.0284 3158.8054 1.087119e-14 2.566508e-16 3.991598e+00 0 0
3146.7622 3161.5520 1.174195e-14 3.303823e-16 4.347065e+00 16 0
3149.4960 3164.2986 1.125781e-14 5.031331e-16 4.195466e+00 16 0
3152.2298 3167.0453 1.204452e-14 2.605167e-16 4.525630e+00 0 0
3154.9636 3169.7919 1.116804e-14 2.511177e-16 4.222517e+00 0 0
3157.6974 3172.5386 1.137184e-14 2.533957e-16 4.331599e+00 16 0
3160.4313 3175.2853 1.131030e-14 2.589275e-16 4.339362e+00 0 0
3163.1651 3178.0320 1.129041e-14 2.543143e-16 4.362152e+00 0 0
3165.8990 3180.7787 1.186675e-14 2.635741e-16 4.621057e+00 16 0
3168.6329 3183.5255 1.169240e-14 2.713724e-16 4.583861e+00 16 0
3171.3668 3186.2722 1.197285e-14 2.504670e-16 4.728359e+00 0 0
3174.1007 3189.0190 1.226878e-14 2.706591e-16 4.880769e+00 16 0
3176.8347 3191.7658 1.194832e-14 2.501159e-16 4.784587e+00 0 0
3179.5686 3194.5126 1.050213e-14 2.714347e-16 4.227611e+00 0 0
3182.3026 3197.2594 1.198720e-14 2.573866e-16 4.868841e+00 16 0
3185.0366 3200.0062 1.139312e-14 2.402261e-16 4.658381e+00 0 0
3187.7706 3202.7531 1.176371e-14 2.494546e-16 4.846747e+00 16 0
3190.5046 3205.5000 1.132480e-14 2.776991e-16 4.698401e+00 0 0
3193.2386 3208.2468 1.148576e-14 2.426585e-16 4.800871e+00 16 0
3195.9727 3210.9937 1.133488e-14 2.609319e-16 4.771968e+00 16 0
3198.7067 3213.7406 1.147485e-14 3.764958e-16 4.866422e+00 16 0
3201.4408 3216.4876 1.165546e-14 2.400571e-16 4.978748e+00 16 0
3204.1749 3219.2345 1.092503e-14 2.628130e-16 4.694093e+00 16 0
3206.9090 3221.9815 1.108616e-14 2.473047e-16 4.794646e+00 0 0
3209.6431 3224.7284 1.140812e-14 2.300261e-16 4.966203e+00 0 0
3212.3773 3227.4754 1.178598e-14 2.476488e-16 5.161932e+00 16 0
3215.1114 3230.2224 1.184421e-14 2.326328e-16 5.215887e+00 0 0
3217.8456 3232.9695 1.149415e-14 2.289247e-16 5.086492e+00 0 0
3220.5798 3235.7165 1.206322e-14 2.799551e-16 5.369177e+00 16 0
3223.3140 3238.4635 1.181321e-14 2.312801e-16 5.281776e+00 0 0
3226.0482 3241.2106 1.175804e-14 2.650942e-16 5.281171e+00 16 0
3228.7824 3243.9577 1.209158e-14 2.368321e-16 5.456798e+00 0 0
3231.5166 3246.7048 1.235357e-14 2.367610e-16 5.600059e+00 0 0
3234.2509 3249.4519 1.162840e-14 2.332461e-16 5.288417e+00 0 0
3236.9851 3252.1990 1.198738e-14 2.481678e-16 5.475241e+00 0 0
3239.7194 3254.9461 1.101870e-14 2.599907e-16 5.046778e+00 0 0
3242.4537 3257.6933 1.167993e-14 2.499766e-16 5.374373e+00 16 0
3245.1880 3260.4404 1.163466e-14 2.598979e-16 5.374517e+00 0 0
3247.9224 3263.1876 1.225329e-14 2.292954e-16 5.686275e+00 0 0
3250.6567 3265.9348 1.210353e-14 2.517975e-16 5.639026e+00 16 0
3253.3910 3268.6820 1.293635e-14 2.779008e-16 6.056872e+00 16 0
3256.1254 3271.4292 1.258818e-14 2.323633e-16 5.917260e+00 16 0
3258.8598 3274.1764 1.249004e-14 2.538024e-16 5.895793e+00 16 0
3261.5942 3276.9237 1.243769e-14 2.408825e-16 5.896999e+00 0 0
3264.3286 3279.6709 1.229039e-14 2.737242e-16 5.852252e+00 0 0
3267.0630 3282.4182 1.200179e-14 2.414906e-16 5.738904e+00 0 0
3269.7974 3285.1655 1.195195e-14 2.547309e-16 5.740583e+00 0 0
3272.5319 3287.9128 1.277060e-14 2.403562e-16 6.166416e+00 0 0
3275.2663 3290.6601 1.297209e-14 2.320711e-16 6.292864e+00 0 0
3278.0008 3293.4074 1.288910e-14 2.231518e-16 6.279035e+00 0 0
3280.7353 3296.1548 1.260847e-14 2.248451e-16 6.166987e+00 0 0
3283.4698 3298.9021 1.303603e-14 2.625276e-16 6.405136e+00 0 0
3286.2043 3301.6495 1.341226e-14 2.584444e-16 6.619430e+00 16 0
3288.9388 3304.3969 1.318563e-14 2.244646e-16 6.531976e+00 0 0
3291.6734 3307.1442 1.364177e-14 2.289736e-16 6.787429e+00 16 0
3294.4079 3309.8916 1.363823e-14 2.287857e-16 6.811715e+00 0 0
3297.1425 3312.6391 1.441550e-14 2.325396e-16 7.232327e+00 0 0
3299.8771 3315.3865 1.458380e-14 2.364680e-16 7.345596e+00 0 0
3302.6117 3318.1339 1.431191e-14 2.364946e-16 7.234536e+00 0 0
3305.3463 3320.8814 1.476174e-14 2.517325e-16 7.493489e+00 0 0
3308.0809 3323.6289 1.475943e-14 2.531060e-16 7.521389e+00 0 0
3310.8155 3326.3763 1.607455e-14 2.436609e-16 8.232217e+00 16 0
3313.5501 3329.1238 1.534522e-14 3.306271e-16 7.886205e+00 16 0
3316.2848 3331.8713 1.610882e-14 2.590665e-16 8.317483e+00 0 0
3319.0195 3334.6188 1.624485e-14 2.586337e-16 8.423456e+00 0 0
3321.7541 3337.3664 1.647214e-14 2.609404e-16 8.579131e+00 0 0
3324.4888 3340.1139 1.637891e-14 2.520024e-16 8.566663e+00 16 0
3327.2235 3342.8615 1.759763e-14 2.422609e-16 9.250966e+00 0 0
3329.9582 3345.6090 1.706498e-14 2.747117e-16 9.007008e+00 0 0
3332.6930 3348.3566 1.832788e-14 2.529995e-16 9.722298e+00 16 0
3335.4277 3351.1042 6.501052e-14 5.685901e-16 3.495276e+01 16 0
3338.1624 3353.8518 1.765228e-14 2.783168e-16 9.440104e+00 0 0
3340.8972 3356.5994 1.848740e-14 3.169011e-16 9.932834e+00 16 0
3343.6320 3359.3470 1.928987e-14 2.534373e-16 1.041045e+01 16 0
3346.3668 3362.0947 1.916876e-14 2.614496e-16 1.038640e+01 16 0
3349.1016 3364.8423 1.916908e-14 2.746547e-16 1.042760e+01 16 0
3351.8364 3367.5900 1.890205e-14 2.434767e-16 1.032145e+01 0 0
3354.5712 3370.3377 1.893179e-14 2.573739e-16 1.037809e+01 0 0
3357.3060 3373.0853 1.874464e-14 2.511230e-16 1.031438e+01 16 0
3360.0409 3375.8330 1.856186e-14 2.520830e-16 1.025288e+01 16 0
3362.7757 3378.5807 1.874157e-14 2.613438e-16 1.039359e+01 16 0
3365.5106 3381.3285 1.867075e-14 2.405594e-16 1.039556e+01 16 0
3368.2454 3384.0762 1.900776e-14 2.655388e-16 1.062743e+01 16 0
3370.9803 3386.8239 1.822298e-14 2.613228e-16 1.022698e+01 0 0
3373.7152 3389.5717 1.889574e-14 2.671210e-16 1.065228e+01 16 0
3376.4501 3392.3194 1.825553e-14 3.112469e-16 1.033236e+01 16 0
3379.1851 3395.0672 1.865464e-14 2.744298e-16 1.060577e+01 16 0
3381.9200 3397.8150 1.888000e-14 2.744589e-16 1.078244e+01 16 0
3384.6549 3400.5628 1.903765e-14 2.818555e-16 1.092112e+01 16 0
3387.3899 3403.3106 1.886591e-14 2.912305e-16 1.087026e+01 16 0
3390.1248 3406.0584 2.027993e-14 2.516178e-16 1.174481e+01 16 0
3392.8598 3408.8062 1.967447e-14 2.535327e-16 1.144117e+01 16 0
3395.5948 3411.5541 1.990407e-14 2.525191e-16 1.162626e+01 16 0
3398.3298 3414.3019 2.075274e-14 2.826211e-16 1.217791e+01 16 0
3401.0648 3417.0498 2.103650e-14 2.447519e-16 1.239737e+01 0 0
3403.7998 3419.7977 2.119651e-14 2.504699e-16 1.254270e+01 16 0
3406.5348 3422.5455 2.214219e-14 3.087429e-16 1.315891e+01 16 0
3409.2699 3425.2934 2.140591e-14 2.730395e-16 1.276615e+01 16 0
3412.0049 3428.0413 2.214800e-14 2.946596e-16 1.326191e+01 16 0
3414.7400 3430.7892 2.196838e-14 2.871509e-16 1.320160e+01 0 0
3417.4750 3433.5372 2.296587e-14 2.678918e-16 1.385559e+01 16 0
3420.2101 3436.2851 2.345411e-14 2.960333e-16 1.420314e+01 16 0
3422.9452 3439.0330 2.356360e-14 2.902054e-16 1.431982e+01 16 0
3425.6803 3441.7810 2.330864e-14 2.937604e-16 1.421395e+01 16 0
3428.4154 3444.5289 2.383449e-14 2.513853e-16 1.458780e+01 0 0
3431.1505 3447.2769 2.351873e-14 2.971868e-16 1.444449e+01 16 0
3433.8856 3450.0249 2.498613e-14 3.120931e-16 1.540697e+01 16 0
3436.6207 3452.7729 2.492676e-14 2.747188e-16 1.542516e+01 16 0
3439.3559 3455.5209 2.467429e-14 2.840715e-16 1.532166e+01 0 0
3442.0910 3458.2689 2.514677e-14 2.874203e-16 1.567340e+01 0 0
3444.8262 3461.0169 2.579724e-14 2.693732e-16 1.613914e+01 0 0
3447.5614 3463.7649 2.627521e-14 2.599061e-16 1.649816e+01 0 0
3450.2966 3466.5129 2.593658e-14 3.046218e-16 1.634075e+01 0 0
3453.0317 3469.2610 2.497792e-14 2.956337e-16 1.578582e+01 0 0
3455.7669 3472.0090 2.505008e-14 2.637294e-16 1.588547e+01 0 0
3458.5021 3474.7571 2.576879e-14 2.726421e-16 1.639837e+01 16 0
3461.2374 3477.5052 2.556132e-14 2.711831e-16 1.631856e+01 16 0
3463.9726 3480.2533 2.511586e-14 2.963158e-16 1.607998e+01 0 0
3466.7078 3483.0013 2.492106e-14 2.917854e-16 1.600186e+01 0 0
3469.4431 3485.7494 2.431186e-14 2.888042e-16 1.565192e+01 0 0
3472.1783 3488.4976 2.485864e-14 2.898015e-16 1.605186e+01 16 0
3474.9136 3491.2457 2.440757e-14 2.976467e-16 1.580023e+01 0 0
3477.6488 3493.9938 2.515301e-14 2.614868e-16 1.632965e+01 16 0
3480.3841 3496.7419 2.437907e-14 2.881928e-16 1.586312e+01 0 0
3483.1194 3499.4901 2.540674e-14 2.896998e-16 1.657841e+01 16 0
3485.8547 3502.2382 2.451290e-14 2.917630e-16 1.603047e+01 16 0
3488.5900 3504.9864 2.420981e-14 2.861731e-16 1.587014e+01 0 0
3491.3253 3507.7345 2.475341e-14 2.579080e-16 1.626804e+01 0 0
3494.0606 3510.4827 2.455076e-14 2.562841e-16 1.617257e+01 0 0
3496.7960 3513.2309 2.339451e-14 2.875811e-16 1.544191e+01 16 0
3499.5313 3515.9791 2.331887e-14 2.538874e-16 1.542841e+01 0 0
3502.2666 3518.7273 2.293526e-14 2.414447e-16 1.520758e+01 16 0
3505.0020 3521.4755 2.218709e-14 2.323440e-16 1.474151e+01 0 0
3507.7373 3524.2237 2.185226e-14 2.334540e-16 1.454994e+01 16 0
3510.4727 3526.9719 2.098955e-14 2.593061e-16 1.400233e+01 0 0
3513.2081 3529.7202 1.956038e-14 2.578859e-16 1.306899e+01 0 0
3515.9435 3532.4684 1.916746e-14 2.285049e-16 1.283120e+01 16 0
3518.6789 3535.2166 1.955247e-14 2.202276e-16 1.311767e+01 0 0
3521.4143 3537.9649 1.896604e-14 2.273543e-16 1.274626e+01 16 0
3524.1497 3540.7132 1.786734e-14 2.196257e-16 1.202508e+01 0 0
3526.8851 3543.4614 1.665381e-14 2.299857e-16 1.122257e+01 0 0
3529.6205 3546.2097 1.608979e-14 2.294758e-16 1.086029e+01 16 0
3532.3559 3548.9580 1.570501e-14 2.101164e-16 1.061821e+01 16 0
3535.0913 3551.7063 1.499064e-14 2.010577e-16 1.015038e+01 16 0
3537.8268 3554.4546 1.438018e-14 2.233563e-16 9.751170e+00 0 0
3540.5622 3557.2029 1.370092e-14 2.212350e-16 9.304638e+00 16 0
3543.2977 3559.9512 1.331259e-14 2.063481e-16 9.055754e+00 16 0
3546.0332 3562.6995 1.208892e-14 2.118512e-16 8.231997e+00 16 0
3548.7686 3565.4478 1.228519e-14 1.798119e-16 8.384023e+00 16 0
3551.5041 3568.1962 1.150552e-14 1.747890e-16 7.862955e+00 0 0
3554.2396 3570.9445 1.092980e-14 1.688282e-16 7.480883e+00 0 0
3556.9751 3573.6929 1.010459e-14 1.641172e-16 6.924442e+00 0 0
3559.7106 3576.4412 9.732254e-15 1.713298e-16 6.680514e+00 16 0
3562.4461 3579.1896 8.872518e-15 1.918475e-16 6.096013e+00 16 0
3565.1816 3581.9379 8.647181e-15 1.620505e-16 5.951751e+00 16 0
3567.9171 3584.6863 8.058360e-15 1.568877e-16 5.552352e+00 0 0
3570.6526 3587.4347 7.509782e-15 1.528179e-16 5.180076e+00 0 0
3573.3882 3590.1831 7.152176e-15 1.435594e-16 4.939338e+00 0 0
3576.1237 3592.9315 6.718894e-15 1.452609e-16 4.645162e+00 0 0
3578.8592 3595.6799 6.604814e-15 1.473080e-16 4.573554e+00 16 0
3581.5948 3598.4283 6.120482e-15 1.396211e-16 4.241766e+00 16 0
3584.3303 3601.1767 5.760458e-15 1.402575e-16 3.996015e+00 16 0
3587.0659 3603.9251 5.916946e-15 1.357152e-16 4.113988e+00 0 0
3589.8015 3606.6735 5.495198e-15 1.326084e-16 3.824080e+00 0 0
3592.5370 3609.4219 5.687016e-15 2.072463e-16 3.967981e+00 16 0
3595.2726 3612.1704 5.365470e-15 1.394372e-16 3.749007e+00 16 0
3598.0082 3614.9188 5.416163e-15 1.848868e-16 3.794181e+00 16 0
3600.7438 3617.6673 5.199507e-15 1.404043e-16 3.650130e+00 16 0
3603.4794 3620.4157 5.290343e-15 1.348697e-16 3.725483e+00 0 0
3606.2150 3623.1642 5.288137e-15 1.311620e-16 3.735876e+00 0 0
3608.9506 3625.9126 5.237212e-15 1.597884e-16 3.711514e+00 16 0
3611.6862 3628.6611 4.920042e-15 1.268307e-16 3.495849e+00 0 0
3614.4218 3631.4096 4.691973e-15 1.244909e-16 3.343457e+00 0 0
3617.1574 3634.1581 5.043698e-15 1.481866e-16 3.612195e+00 16 0
3619.8931 3636.9065 4.691146e-15 1.403445e-16 3.368959e+00 16 0
3622.6287 3639.6550 4.731108e-15 1.233410e-16 3.411538e+00 1024 0
3625.3643 3642.4035 4.749532e-15 1.477527e-16 3.438665e+00 1040 0
3628.1000 3645.1520 4.849241e-15 1.348307e-16 3.525501e+00 1040 0
3630.8356 3647.9005 5.256040e-15 1.244303e-16 3.840816e+00 1024 0
3633.5713 3650.6490 4.994312e-15 1.595639e-16 3.659781e+00 1040 0
3636.3069 3653.3976 5.559873e-15 2.532222e-16 4.095606e+00 1040 0
3639.0426 3656.1461 5.280298e-15 1.514600e-16 3.899395e+00 1040 0
3641.7782 3658.8946 5.352054e-15 1.234105e-16 3.966171e+00 1024 0
3644.5139 3661.6431 5.189698e-15 1.242743e-16 3.855674e+00 1024 0
3647.2496 3664.3917 5.480772e-15 1.340960e-16 4.087582e+00 1040 0
3649.9853 3667.1402 5.070813e-15 1.386581e-16 3.788311e+00 1040 0
3652.7210 3669.8887 5.334048e-15 1.371846e-16 3.999550e+00 1024 0
3655.4567 3672.6373 5.617452e-15 1.266656e-16 4.227817e+00 1024 0
3658.1923 3675.3858 5.981260e-15 1.482981e-16 4.519040e+00 1040 0
3660.9280 3678.1344 5.694371e-15 1.543395e-16 4.313213e+00 1040 0
3663.6637 3680.8830 5.927249e-15 1.313905e-16 4.506789e+00 1024 0
3666.3995 3683.6315 5.907333e-15 1.800417e-16 4.508015e+00 1040 0
3669.1352 3686.3801 6.137216e-15 1.517331e-16 4.703318e+00 1040 0
3671.8709 3689.1287 5.975789e-15 1.315445e-16 4.597267e+00 1040 0
3674.6066 3691.8772 6.265606e-15 1.296369e-16 4.843938e+00 1040 0
3677.3423 3694.6258 6.219860e-15 1.350269e-16 4.831067e+00 1024 0
3680.0780 3697.3744 6.633679e-15 1.792306e-16 5.181816e+00 1040 0
3682.8138 3700.1230 6.592526e-15 1.886488e-16 5.176134e+00 1040 0
3685.5495 3702.8716 1.874327e-14 2.341277e-16 1.495545e+01 1040 0
3688.2852 3705.6202 6.159754e-15 1.452438e-16 4.884138e+00 1040 0
3691.0210 3708.3688 7.201633e-15 1.537108e-16 5.753940e+00 1040 0
3693.7567 3711.1174 7.146047e-15 1.323499e-16 5.741117e+00 1024 0
3696.4925 3713.8660 7.366925e-15 1.358786e-16 5.954502e+00 1040 0
3699.2282 3716.6146 6.929375e-15 1.481975e-16 5.627839e+00 1024 0
3701.9640 3719.3632 7.666137e-15 1.340264e-16 6.269400e+00 1024 0
3704.6997 3722.1118 7.677208e-15 1.364392e-16 6.312984e+00 1024 0
3707.4355 3724.8605 8.094938e-15 1.398922e-16 6.697686e+00 16 0
3710.1713 3727.6091 7.702456e-15 1.575889e-16 6.403306e+00 16 0
3712.9070 3730.3577 8.272197e-15 1.558729e-16 6.920211e+00 16 0
3715.6428 3733.1063 9.018997e-15 1.405032e-16 7.592365e+00 0 0
3718.3786 3735.8550 9.290327e-15 1.431865e-16 7.865450e+00 0 0
3721.1144 3738.6036 9.079858e-15 1.512005e-16 7.726391e+00 16 0
3723.8501 3741.3522 9.849791e-15 1.443376e-16 8.434627e+00 0 0
3726.5859 3744.1009 9.920516e-15 1.512984e-16 8.542632e+00 16 0
3729.3217 3746.8495 1.086024e-14 1.514140e-16 9.413177e+00 0 0
3732.0575 3749.5982 1.537040e-14 1.783477e-16 1.344117e+01 16 0
3734.7933 3752.3468 1.167909e-14 1.513902e-16 1.024813e+01 0 0
3737.5291 3755.0955 1.217951e-14 1.548947e-16 1.075575e+01 16 0
3740.2649 3757.8441 1.258656e-14 1.582899e-16 1.118685e+01 16 0
3743.0007 3760.5928 1.380997e-14 1.642630e-16 1.236086e+01 16 0
3745.7365 3763.3414 1.392909e-14 1.963122e-16 1.254741e+01 16 0
3748.4723 3766.0901 1.450747e-14 1.945701e-16 1.315583e+01 16 0
3751.2081 3768.8387 1.490557e-14 2.009437e-16 1.360669e+01 16 0
3753.9439 3771.5874 1.527464e-14 1.896356e-16 1.403467e+01 0 0
3756.6797 3774.3361 1.572236e-14 2.151882e-16 1.454153e+01 16 0
3759.4155 3777.0847 1.643091e-14 2.061754e-16 1.529655e+01 0 0
3762.1513 3779.8334 1.758408e-14 2.096283e-16 1.648041e+01 16 0
3764.8871 3782.5821 1.822566e-14 2.717327e-16 1.718902e+01 16 0
3767.6229 3785.3308 1.908954e-14 1.979605e-16 1.811766e+01 0 0
3770.3588 3788.0794 1.897975e-14 2.373341e-16 1.811719e+01 16 0
3773.0946 3790.8281 1.916098e-14 2.195837e-16 1.839661e+01 16 0
3775.8304 3793.5768 2.088970e-14 2.439466e-16 2.018079e+01 16 0
3778.5662 3796.3255 2.067993e-14 2.148051e-16 2.008765e+01 16 0
3781.3020 3799.0742 2.119322e-14 2.332009e-16 2.070276e+01 16 0
3784.0379 3801.8228 2.146436e-14 2.369158e-16 2.108343e+01 16 0
3786.7737 3804.5715 2.131223e-14 2.545824e-16 2.104774e+01 16 0
3789.5095 3807.3202 2.207335e-14 2.475894e-16 2.192214e+01 0 0
3792.2453 3810.0689 2.243515e-14 2.566703e-16 2.240653e+01 16 0
3794.9812 3812.8176 2.367839e-14 2.027411e-16 2.378499e+01 16 0
3797.7170 3815.5663 2.489209e-14 2.018169e-16 2.515151e+01 16 0
3800.4528 3818.3150 2.576717e-14 2.118553e-16 2.618533e+01 16 0
3803.1887 3821.0637 2.621618e-14 2.027703e-16 2.679512e+01 16 0
3805.9245 3823.8124 2.638948e-14 2.295274e-16 2.712496e+01 16 0
3808.6603 3826.5610 2.754704e-14 2.076313e-16 2.848263e+01 0 0
3811.3962 3829.3097 2.717435e-14 2.668363e-16 2.825420e+01 0 0
3814.1320 3832.0584 2.798553e-14 2.756598e-16 2.926675e+01 0 0
3816.8679 3834.8071 2.985233e-14 2.468280e-16 3.140504e+01 16 0
3819.6037 3837.5558 3.078641e-14 2.251831e-16 3.257241e+01 16 0
3822.3395 3840.3045 3.081305e-14 2.456756e-16 3.278072e+01 16 0
3825.0754 3843.0532 3.096674e-14 2.528175e-16 3.312358e+01 16 0
3827.8112 3845.8019 3.198813e-14 2.833448e-16 3.440612e+01 0 0
3830.5470 3848.5506 3.305910e-14 3.016060e-16 3.575175e+01 16 0
3833.2829 3851.2993 3.428640e-14 3.000862e-16 3.728060e+01 0 0
3836.0187 3854.0480 3.572343e-14 2.624346e-16 3.905244e+01 16 0
3838.7546 3856.7967 3.537539e-14 2.499039e-16 3.887066e+01 0 0
3841.4904 3859.5454 3.688198e-14 2.494905e-16 4.074291e+01 0 0
3844.2262 3862.2941 3.655602e-14 2.993307e-16 4.058911e+01 16 0
3846.9621 3865.0428 3.744055e-14 2.975257e-16 4.179086e+01 0 0
3849.6979 3867.7915 3.807443e-14 2.534705e-16 4.272083e+01 16 0
3852.4338 3870.5402 3.737400e-14 3.074572e-16 4.215018e+01 0 0
3855.1696 3873.2889 4.012535e-14 2.633373e-16 4.550156e+01 16 0
3857.9054 3876.0376 3.966849e-14 2.669581e-16 4.521573e+01 0 0
3860.6413 3878.7863 4.051681e-14 2.761974e-16 4.642636e+01 16 0
3863.3771 3881.5350 4.100714e-14 2.888062e-16 4.723469e+01 16 0
3866.1130 3884.2837 4.095507e-14 2.977070e-16 4.741878e+01 0 0
3868.8488 3887.0324 4.119461e-14 2.629978e-16 4.794017e+01 16 0
3871.5846 3889.7811 4.053630e-14 3.139507e-16 4.741026e+01 0 0
3874.3205 3892.5298 4.289781e-14 2.913041e-16 5.042606e+01 16 0
3877.0563 3895.2785 4.169490e-14 2.711731e-16 4.924250e+01 0 0
3879.7921 3898.0272 4.107661e-14 2.702456e-16 4.873169e+01 16 0
3882.5280 3900.7758 4.032211e-14 3.074027e-16 4.805077e+01 16 0
3885.2638 3903.5245 4.027458e-14 3.084824e-16 4.820118e+01 0 0
3887.9996 3906.2732 3.994570e-14 3.085782e-16 4.801089e+01 0 0
3890.7355 3909.0219 3.915371e-14 2.639019e-16 4.724621e+01 0 0
3893.4713 3911.7706 3.867589e-14 2.995439e-16 4.685510e+01 16 0
3896.2071 3914.5193 3.895692e-14 2.601710e-16 4.738241e+01 16 0
3898.9429 3917.2680 3.869163e-14 2.889861e-16 4.724171e+01 16 0
3901.6788 3920.0167 3.711611e-14 2.530775e-16 4.548709e+01 16 0
3904.4146 3922.7653 3.675184e-14 2.940245e-16 4.521276e+01 16 0
3907.1504 3925.5140 3.733248e-14 2.531720e-16 4.611401e+01 16 0
3909.8862 3928.2627 3.689915e-14 2.512525e-16 4.575764e+01 16 0
3912.6220 3931.0114 3.635294e-14 2.483860e-16 4.526758e+01 16 0
3915.3579 3933.7600 3.571054e-14 2.444835e-16 4.465020e+01 0 0
3918.0937 3936.5087 3.604009e-14 2.458073e-16 4.526543e+01 0 0
3920.8295 3939.2574 3.541635e-14 2.836950e-16 4.467595e+01 0 0
3923.5653 3942.0061 3.523244e-14 2.713730e-16 4.465180e+01 16 0
3926.3011 3944.7547 3.430526e-14 2.390644e-16 4.367421e+01 0 0
3929.0369 3947.5034 3.328089e-14 2.719314e-16 4.256913e+01 16 0
3931.7727 3950.2521 3.256597e-14 2.705689e-16 4.184961e+01 16 0
3934.5085 3953.0007 2.966776e-14 2.005249e-16 3.829303e+01 16 0
3937.2443 3955.7494 3.040981e-14 2.181337e-16 3.944132e+01 0 0
3939.9801 3958.4980 3.116907e-14 2.252403e-16 4.061773e+01 0 0
3942.7159 3961.2467 3.158161e-14 2.286745e-16 4.134531e+01 16 0
3945.4517 3963.9953 3.191850e-14 2.605393e-16 4.197013e+01 0 0
3948.1875 3966.7440 3.094166e-14 2.636143e-16 4.085426e+01 16 0
3950.9233 3969.4926 3.137672e-14 2.274075e-16 4.159357e+01 0 0
3953.6591 3972.2413 3.129532e-14 2.275841e-16 4.164466e+01 16 0
3956.3949 3974.9899 3.085406e-14 2.258962e-16 4.119805e+01 0 0
3959.1307 3977.7386 3.127789e-14 2.115396e-16 4.190876e+01 16 0
3961.8664 3980.4872 3.131479e-14 2.261105e-16 4.208818e+01 16 0
3964.6022 3983.2358 3.098026e-14 2.189532e-16 4.176244e+01 0 0
3967.3380 3985.9845 3.075622e-14 2.239967e-16 4.157315e+01 16 0
3970.0738 3988.7331 2.986092e-14 2.151882e-16 4.046610e+01 0 0
3972.8095 3991.4817 3.107818e-14 2.164154e-16 4.223239e+01 0 0
3975.5453 3994.2304 3.130260e-14 2.194077e-16 4.264677e+01 16 0
3978.2810 3996.9790 3.165807e-14 2.201293e-16 4.324116e+01 0 0
3981.0168 3999.7276 3.198815e-14 2.224531e-16 4.380090e+01 16 0
3983.7526 4002.4762 3.178741e-14 2.565136e-16 4.363577e+01 0 0
3986.4883 4005.2248 3.240503e-14 2.212908e-16 4.459827e+01 0 0
3989.2241 4007.9734 3.354160e-14 2.234391e-16 4.629217e+01 16 0
3991.9598 4010.7220 3.371389e-14 2.247277e-16 4.665310e+01 0 0
3994.6955 4013.4706 3.465455e-14 2.648200e-16 4.809583e+01 16 0
3997.4313 4016.2192 3.558986e-14 2.322434e-16 4.953703e+01 16 0
4000.1670 4018.9678 3.604263e-14 2.153365e-16 5.031903e+01 0 0
4002.9027 4021.7164 3.588957e-14 2.693585e-16 5.025199e+01 16 0
4005.6385 4024.4650 3.662681e-14 2.332277e-16 5.144625e+01 16 0
4008.3742 4027.2136 3.722587e-14 2.371216e-16 5.245033e+01 0 0
4011.1099 4029.9621 3.871238e-14 2.538586e-16 5.472153e+01 16 0
4013.8456 4032.7107 3.904424e-14 2.389324e-16 5.536174e+01 16 0
4016.5813 4035.4593 3.935554e-14 2.381692e-16 5.597673e+01 0 0
4019.3170 4038.2078 4.019791e-14 2.420503e-16 5.735411e+01 16 0
4022.0527 4040.9564 4.074612e-14 2.416374e-16 5.830766e+01 0 0
4024.7884 4043.7049 4.111688e-14 2.843601e-16 5.900959e+01 0 0
4027.5241 4046.4535 4.131364e-14 2.862799e-16 5.945341e+01 16 0
4030.2598 4049.2020 4.200237e-14 2.866475e-16 6.061086e+01 16 0
4032.9955 4051.9506 4.248394e-14 2.515372e-16 6.145299e+01 16 0
4035.7312 4054.6991 4.328816e-14 2.487789e-16 6.276767e+01 16 0
4038.4669 4057.4477 4.388945e-14 2.467968e-16 6.377459e+01 16 0
4041.2025 4060.1962 4.498511e-14 2.576127e-16 6.550710e+01 16 0
4043.9382 4062.9447 4.469417e-14 2.517055e-16 6.519385e+01 16 0
4046.6739 4065.6932 4.479935e-14 2.543377e-16 6.545883e+01 16 0
4049.4095 4068.4417 4.663536e-14 2.643307e-16 6.824632e+01 16 0
4052.1452 4071.1902 4.604875e-14 2.499506e-16 6.747886e+01 16 0
4054.8808 4073.9388 4.595446e-14 2.631579e-16 6.741258e+01 16 0
4057.6165 4076.6873 4.680853e-14 2.573273e-16 6.874141e+01 0 0
4060.3521 4079.4357 4.699938e-14 2.570902e-16 6.907756e+01 16 0
4063.0877 4082.1842 4.701005e-14 2.563653e-16 6.914655e+01 0 0
4065.8233 4084.9327 4.736446e-14 2.572436e-16 6.971334e+01 16 0
4068.5590 4087.6812 4.761430e-14 2.591130e-16 7.012469e+01 16 0
4071.2946 4090.4297 4.735634e-14 2.620030e-16 6.978512e+01 16 0
4074.0302 4093.1781 4.734200e-14 3.042462e-16 6.980417e+01 0 0
4076.7658 4095.9266 4.744928e-14 2.543411e-16 7.000729e+01 16 0
4079.5014 4098.6751 4.695939e-14 2.992295e-16 6.932539e+01 16 0
4082.2370 4101.4235 4.754403e-14 2.572136e-16 7.024619e+01 0 0
4084.9726 4104.1720 4.740757e-14 2.537406e-16 7.009863e+01 0 0
4087.7082 4106.9204 4.629256e-14 2.525533e-16 6.851485e+01 0 0
4090.4437 4109.6688 4.606944e-14 2.483048e-16 6.825355e+01 0 0
4093.1793 4112.4173 4.595389e-14 2.526692e-16 6.816957e+01 0 0
4095.9149 4115.1657 4.570130e-14 2.490884e-16 6.788213e+01 16 0
4098.6504 4117.9141 4.477528e-14 2.497925e-16 6.660665e+01 0 0
4101.3860 4120.6625 4.388198e-14 2.450234e-16 6.537765e+01 0 0
4104.1215 4123.4109 4.382987e-14 2.433089e-16 6.541751e+01 16 0
4106.8571 4126.1593 4.433229e-14 2.450094e-16 6.629140e+01 16 0
4109.5926 4128.9077 4.355431e-14 2.418333e-16 6.525206e+01 0 0
4112.3281 4131.6561 4.267635e-14 2.391810e-16 6.406093e+01 0 0
4115.0637 4134.4045 4.172962e-14 2.382102e-16 6.276372e+01 0 0
4117.7992 4137.1528 4.141901e-14 2.753070e-16 6.242662e+01 0 0
4120.5347 4139.9012 4.217804e-14 2.378818e-16 6.370623e+01 16 0
4123.2702 4142.6496 4.248648e-14 2.396121e-16 6.431161e+01 16 0
4126.0057 4145.3979 4.123118e-14 2.331089e-16 6.253288e+01 16 0
4128.7412 4148.1462 4.062179e-14 2.355960e-16 6.173743e+01 0 0
4131.4766 4150.8946 4.047424e-14 2.330879e-16 6.163485e+01 16 0
4134.2121 4153.6429 4.016545e-14 2.299164e-16 6.129060e+01 0 0
4136.9476 4156.3912 4.092062e-14 2.363011e-16 6.257090e+01 16 0
4139.6831 4159.1396 3.993116e-14 2.290165e-16 6.117851e+01 0 0
4142.4185 4161.8879 3.979911e-14 2.340177e-16 6.109816e+01 0 0
4145.1540 4164.6362 3.953777e-14 2.332761e-16 6.082015e+01 16 0
4147.8894 4167.3845 3.934110e-14 2.312464e-16 6.063807e+01 16 0
4150.6248 4170.1328 3.902566e-14 2.261575e-16 6.027182e+01 0 0
4153.3603 4172.8810 3.871918e-14 2.238487e-16 5.992073e+01 0 0
4156.0957 4175.6293 3.904323e-14 2.128626e-16 6.054862e+01 0 0
4158.8311 4178.3776 3.795088e-14 2.222222e-16 5.897011e+01 0 0
4161.5665 4181.1258 3.840109e-14 2.294569e-16 5.979338e+01 16 0
4164.3019 4183.8741 3.709405e-14 2.241500e-16 5.787076e+01 0 0
4167.0373 4186.6223 3.641018e-14 2.169115e-16 5.691523e+01 0 0
4169.7726 4189.3706 3.656755e-14 2.176479e-16 5.727615e+01 16 0
4172.5080 4192.1188 3.538860e-14 2.551499e-16 5.553079e+01 0 0
4175.2434 4194.8670 3.550985e-14 2.159161e-16 5.582463e+01 0 0
4177.9787 4197.6152 3.422963e-14 2.121686e-16 5.390088e+01 0 0
4180.7141 4200.3635 3.287056e-14 2.064023e-16 5.183954e+01 0 0
4183.4494 4203.1116 3.332166e-14 2.076232e-16 5.263867e+01 16 0
4186.1848 4205.8598 3.198636e-14 2.040225e-16 5.059217e+01 0 0
4188.9201 4208.6080 3.113303e-14 2.059299e-16 4.930400e+01 16 0
4191.6554 4211.3562 3.059328e-14 2.036691e-16 4.850102e+01 16 0
4194.3907 4214.1044 2.949848e-14 2.363143e-16 4.681054e+01 16 0
4197.1260 4216.8525 2.855629e-14 2.291193e-16 4.535281e+01 16 0
4199.8613 4219.6007 2.872417e-14 1.934018e-16 4.566332e+01 0 0
4202.5966 4222.3488 2.736987e-14 1.914134e-16 4.353676e+01 16 0
4205.3319 4225.0969 2.630918e-14 1.836861e-16 4.187593e+01 16 0
4208.0671 4227.8451 2.565717e-14 1.836052e-16 4.086545e+01 256 0
4210.8024 4230.5932 2.522230e-14 1.835898e-16 4.020099e+01 16 0
4213.5377 4233.3413 2.469256e-14 1.776668e-16 3.938569e+01 0 0
4216.2729 4236.0894 2.426499e-14 1.781635e-16 3.873294e+01 16 0
4219.0081 4238.8375 2.287515e-14 2.090458e-16 3.653813e+01 16 0
4221.7433 4241.5855 2.280334e-14 1.732228e-16 3.645619e+01 0 0
4224.4786 4244.3336 2.148882e-14 1.716839e-16 3.438383e+01 0 0
4227.2138 4247.0817 2.177220e-14 1.812545e-16 3.487868e+01 16 0
4229.9490 4249.8297 2.060244e-14 1.877375e-16 3.303769e+01 16 0
4232.6842 4252.5778 1.996569e-14 1.644132e-16 3.205222e+01 16 0
4235.4193 4255.3258 1.981261e-14 1.804708e-16 3.185144e+01 0 0
4238.1545 4258.0738 1.972260e-14 1.597888e-16 3.175246e+01 0 0
4240.8897 4260.8218 1.954680e-14 1.510482e-16 3.151931e+01 0 0
4243.6248 4263.5698 1.901943e-14 1.581386e-16 3.071515e+01 16 0
4246.3599 4266.3178 1.890492e-14 1.641059e-16 3.058118e+01 272 0
4249.0951 4269.0658 1.832817e-14 1.541649e-16 2.969436e+01 0 0
4251.8302 4271.8138 1.856239e-14 1.475347e-16 3.012850e+01 0 0
4254.5653 4274.5618 1.779918e-14 1.457091e-16 2.893454e+01 16 0
4257.3004 4277.3097 1.757810e-14 1.498940e-16 2.862588e+01 0 0
4260.0355 4280.0577 1.713459e-14 1.478038e-16 2.795162e+01 0 0
4262.7706 4282.8056 1.770187e-14 1.364619e-16 2.893600e+01 0 0
4265.5057 4285.5535 1.699312e-14 1.599642e-16 2.782373e+01 16 0
4268.2407 4288.3015 1.731685e-14 1.366654e-16 2.841152e+01 16 0
4270.9758 4291.0494 1.783829e-14 1.458600e-16 2.932844e+01 16 0
4273.7108 4293.7973 1.737253e-14 1.524912e-16 2.861410e+01 16 0
4276.4459 4296.5451 1.808710e-14 1.519706e-16 2.985497e+01 0 0
4279.1809 4299.2930 1.892588e-14 1.459049e-16 3.130844e+01 16 0
4281.9159 4302.0409 1.838032e-14 1.790017e-16 3.046141e+01 16 0
4284.6509 4304.7888 1.922256e-14 1.552173e-16 3.192531e+01 16 0
4287.3859 4307.5366 1.960388e-14 1.519560e-16 3.262350e+01 16 0
4290.1209 4310.2844 1.988797e-14 1.596371e-16 3.316109e+01 16 0
4292.8558 4313.0323 2.085063e-14 1.754819e-16 3.483926e+01 16 0
4295.5908 4315.7801 2.093828e-14 1.622881e-16 3.504845e+01 0 0
4298.3257 4318.5279 2.162105e-14 1.644936e-16 3.626032e+01 0 0
4301.0607 4321.2757 2.201883e-14 1.699277e-16 3.699342e+01 16 0
4303.7956 4324.0234 2.258488e-14 1.615920e-16 3.801292e+01 0 0
4306.5305 4326.7712 2.309934e-14 1.620343e-16 3.894452e+01 0 0
4309.2654 4329.5190 2.285674e-14 1.622853e-16 3.859443e+01 16 0
4312.0003 4332.2667 2.390398e-14 1.487629e-16 4.043005e+01 16 0
4314.7352 4335.0145 2.378575e-14 1.711528e-16 4.028809e+01 16 0
4317.4701 4337.7622 2.363006e-14 1.959403e-16 4.008170e+01 0 0
4320.2049 4340.5099 2.479838e-14 1.806977e-16 4.213305e+01 16 0
4322.9398 4343.2576 2.533273e-14 1.769338e-16 4.310705e+01 0 0
4325.6746 4346.0053 2.507341e-14 1.787026e-16 4.272535e+01 0 0
4328.4095 4348.7530 2.560909e-14 1.826151e-16 4.371096e+01 16 0
4331.1443 4351.5007 2.642837e-14 1.717666e-16 4.518641e+01 0 0
4333.8791 4354.2483 2.660910e-14 1.833217e-16 4.557291e+01 0 0
4336.6139 4356.9960 2.698651e-14 1.803153e-16 4.629935e+01 0 0
4339.3487 4359.7436 2.711520e-14 1.809838e-16 4.660340e+01 0 0
4342.0834 4362.4912 2.760699e-14 1.772681e-16 4.753592e+01 0 0
4344.8182 4365.2388 2.711107e-14 2.081720e-16 4.676570e+01 16 0
4347.5529 4367.9864 2.754879e-14 2.093207e-16 4.761238e+01 16 0
4350.2877 4370.7340 2.840351e-14 2.131211e-16 4.918687e+01 0 0
4353.0224 4373.4816 2.893696e-14 1.840677e-16 5.020751e+01 16 0
4355.7571 4376.2292 2.921940e-14 1.914508e-16 5.078872e+01 16 0
4358.4918 4378.9767 2.847365e-14 2.178274e-16 4.957482e+01 16 0
4361.2265 4381.7243 2.918449e-14 1.874571e-16 5.089422e+01 16 0
4363.9612 4384.4718 2.904890e-14 1.905622e-16 5.073344e+01 16 0
4366.6958 4387.2193 2.865806e-14 1.846977e-16 5.011175e+01 0 0
4369.4305 4389.9668 2.836539e-14 2.158786e-16 4.966071e+01 16 0
4372.1651 4392.7143 2.841471e-14 1.998671e-16 4.979576e+01 16 0
4374.8997 4395.4618 2.782203e-14 1.861469e-16 4.880030e+01 16 0
4377.6343 4398.2092 2.778817e-14 2.138090e-16 4.877834e+01 16 0
4380.3689 4400.9567 2.737962e-14 2.108928e-16 4.809451e+01 0 0
4383.1035 4403.7041 2.805844e-14 1.882416e-16 4.932015e+01 0 0
4385.8381 4406.4515 2.798294e-14 1.868625e-16 4.921515e+01 0 0
4388.5727 4409.1990 2.737699e-14 1.780231e-16 4.817584e+01 0 0
4391.3072 4411.9464 2.746957e-14 2.076527e-16 4.836967e+01 0 0
4394.0418 4414.6938 2.780619e-14 1.829155e-16 4.900211e+01 0 0
4396.7763 4417.4411 2.737899e-14 1.848496e-16 4.828318e+01 0 0
4399.5108 4420.1885 2.761406e-14 1.857940e-16 4.874952e+01 16 0
4402.2453 4422.9358 2.767736e-14 1.735699e-16 4.891215e+01 16 0
4404.9798 4425.6832 2.752275e-14 1.900575e-16 4.870343e+01 16 0
4407.7142 4428.4305 2.777102e-14 1.750703e-16 4.921105e+01 8192 0
4410.4487 4431.1778 2.745825e-14 2.119730e-16 4.873521e+01 16 0
4413.1831 4433.9251 2.858118e-14 1.920028e-16 5.082026e+01 16 0
4415.9176 4436.6724 2.841863e-14 1.869319e-16 5.062529e+01 0 0
4418.6520 4439.4197 2.874070e-14 2.141528e-16 5.129771e+01 16 0
4421.3864 4442.1669 2.890583e-14 1.886433e-16 5.169497e+01 0 0
4424.1208 4444.9142 2.990184e-14 1.680892e-16 5.358759e+01 16 0
4426.8552 4447.6614 2.998371e-14 2.126979e-16 5.383575e+01 16 0
4429.5895 4450.4086 3.089380e-14 1.891475e-16 5.557884e+01 0 0
4432.3239 4453.1558 3.041962e-14 2.188696e-16 5.481427e+01 0 0
4435.0582 4455.9030 3.081122e-14 2.213125e-16 5.561363e+01 16 0
4437.7925 4458.6502 3.228341e-14 1.955012e-16 5.835744e+01 16 0
4440.5268 4461.3973 3.222460e-14 2.288437e-16 5.832574e+01 1040 0
4443.2611 4464.1445 3.273216e-14 2.221680e-16 5.930312e+01 1024 0
4445.9954 4466.8916 3.267473e-14 2.264389e-16 5.925205e+01 1024 0
4448.7297 4469.6387 3.401233e-14 2.043550e-16 6.172684e+01 1024 0
4451.4639 4472.3858 3.371221e-14 2.028867e-16 6.121901e+01 1040 0
4454.1982 4475.1329 3.398452e-14 2.251624e-16 6.173710e+01 1024 0
4456.9324 4477.8800 3.453157e-14 2.274848e-16 6.275440e+01 1040 0
4459.6666 4480.6270 3.477271e-14 2.350019e-16 6.320707e+01 1040 0
4462.4008 4483.3741 3.520691e-14 2.357489e-16 6.401054e+01 1024 0
4465.1350 4486.1211 3.515334e-14 2.346238e-16 6.392679e+01 1024 0
4467.8691 4488.8681 3.526447e-14 2.356283e-16 6.414267e+01 1024 0
4470.6033 4491.6151 3.530903e-14 2.350541e-16 6.424008e+01 1040 0
4473.3374 4494.3621 3.639142e-14 2.397085e-16 6.623210e+01 1040 0
4476.0715 4497.1091 3.626570e-14 2.392876e-16 6.602541e+01 1040 0
4478.8056 4499.8560 3.692236e-14 2.336730e-16 6.724836e+01 1024 0
4481.5397 4502.6030 3.705391e-14 2.402377e-16 6.752245e+01 1024 0
4484.2738 4505.3499 3.691346e-14 2.414470e-16 6.730020e+01 1040 0
4487.0079 4508.0968 3.750449e-14 2.447409e-16 6.841944e+01 1040 0
4489.7419 4510.8437 3.739553e-14 2.143458e-16 6.825835e+01 1040 0
4492.4759 4513.5906 3.678914e-14 2.391390e-16 6.718236e+01 1024 0
4495.2099 4516.3374 3.669437e-14 2.389197e-16 6.704237e+01 1024 0
4497.9439 4519.0843 3.645352e-14 2.396355e-16 6.663419e+01 1024 0
4500.6779 4521.8311 3.724951e-14 2.426299e-16 6.812647e+01 1040 0
4503.4119 4524.5779 3.695487e-14 2.429702e-16 6.760806e+01 1040 0
4506.1458 4527.3247 3.618072e-14 2.365125e-16 6.620687e+01 1024 0
4508.8798 4530.0715 3.594461e-14 2.360477e-16 6.578785e+01 1024 0
4511.6137 4532.8183 3.624394e-14 2.373019e-16 6.634929e+01 1024 0
4514.3476 4535.5650 3.547058e-14 2.350120e-16 6.493724e+01 0 0
4517.0815 4538.3118 3.485264e-14 2.330052e-16 6.380733e+01 0 0
4519.8154 4541.0585 3.552970e-14 2.372575e-16 6.505601e+01 16 0
4522.5492 4543.8052 3.546323e-14 2.310736e-16 6.493572e+01 16 0
4525.2831 4546.5519 3.511896e-14 2.323041e-16 6.430993e+01 16 0
4528.0169 4549.2986 3.467853e-14 2.330582e-16 6.350409e+01 0 0
4530.7507 4552.0452 3.503944e-14 2.282809e-16 6.417797e+01 0 0
4533.4845 4554.7919 3.497999e-14 2.272966e-16 6.407650e+01 0 0
4536.2183 4557.5385 3.439821e-14 2.337236e-16 6.302336e+01 16 0
4538.9520 4560.2851 3.516377e-14 2.340191e-16 6.444418e+01 0 0
4541.6858 4563.0317 3.475259e-14 2.270859e-16 6.370827e+01 0 0
4544.4195 4565.7783 3.494963e-14 2.330405e-16 6.408862e+01 0 0
4547.1532 4568.5248 3.486698e-14 2.322477e-16 6.395602e+01 0 0
4549.8869 4571.2714 3.445431e-14 2.316606e-16 6.321404e+01 16 0
4552.6206 4574.0179 3.423718e-14 2.266564e-16 6.282722e+01 0 0
4555.3543 4576.7644 3.427872e-14 2.071965e-16 6.291488e+01 16 0
4558.0879 4579.5109 3.475669e-14 2.083336e-16 6.379578e+01 16 0
4560.8215 4582.2574 3.392244e-14 2.285349e-16 6.225888e+01 16 0
4563.5552 4585.0039 3.450672e-14 2.268856e-16 6.331903e+01 0 0
4566.2887 4587.7503 3.346954e-14 2.295423e-16 6.139320e+01 16 0
4569.0223 4590.4967 3.403831e-14 2.306559e-16 6.240660e+01 0 0
4571.7559 4593.2431 3.398168e-14 2.262093e-16 6.226805e+01 16 0
4574.4894 4595.9895 3.288164e-14 2.227194e-16 6.019934e+01 16 0
4577.2230 4598.7359 3.325084e-14 2.025385e-16 6.082972e+01 16 0
4579.9565 4601.4823 3.344622e-14 1.775763e-16 6.113214e+01 0 0
4582.6900 4604.2286 3.286162e-14 2.052395e-16 6.000433e+01 16 0
4585.4234 4606.9749 3.250844e-14 1.956753e-16 5.930170e+01 0 0
4588.1569 4609.7212 3.145142e-14 2.213878e-16 5.731319e+01 0 0
4590.8903 4612.4675 3.037855e-14 2.181845e-16 5.530703e+01 0 0
4593.6238 4615.2138 3.048683e-14 2.187269e-16 5.546046e+01 0 0
4596.3572 4617.9600 3.054681e-14 1.943870e-16 5.553915e+01 16 0
4599.0905 4620.7063 2.934112e-14 2.152274e-16 5.331016e+01 16 0
4601.8239 4623.4525 2.897234e-14 1.909501e-16 5.262499e+01 16 0
4604.5573 4626.1987 2.800391e-14 2.118527e-16 5.084769e+01 16 0
4607.2906 4628.9449 2.720607e-14 2.061970e-16 4.939713e+01 16 0
4610.0239 4631.6910 2.696791e-14 2.058879e-16 4.896681e+01 0 0
4612.7572 4634.4372 2.618744e-14 1.991032e-16 4.755828e+01 16 0
4615.4905 4637.1833 2.618467e-14 1.835143e-16 4.756738e+01 16 0
4618.2238 4639.9294 2.580625e-14 2.026053e-16 4.689539e+01 0 0
4620.9570 4642.6755 2.568124e-14 1.828613e-16 4.668546e+01 16 0
4623.6902 4645.4216 2.515953e-14 1.762281e-16 4.574820e+01 0 0
4626.4234 4648.1676 2.396658e-14 1.939642e-16 4.358474e+01 0 0
4629.1566 4650.9137 2.492295e-14 1.681024e-16 4.533635e+01 0 0
4631.8898 4653.6597 2.463458e-14 1.737398e-16 4.481492e+01 16 0
4634.6229 4656.4057 2.395184e-14 1.898718e-16 4.355945e+01 0 0
4637.3561 4659.1516 2.390052e-14 1.948230e-16 4.345715e+01 0 0
4640.0892 4661.8976 2.457044e-14 1.760567e-16 4.465598e+01 16 0
4642.8223 4664.6435 2.351126e-14 1.896524e-16 4.269990e+01 0 0
4645.5554 4667.3895 2.479285e-14 1.923841e-16 4.499855e+01 16 0
4648.2884 4670.1354 2.430942e-14 1.738064e-16 4.407948e+01 0 0
4651.0215 4672.8813 2.405609e-14 1.728639e-16 4.357251e+01 0 0
4653.7545 4675.6271 2.450750e-14 1.933090e-16 4.434646e+01 0 0
4656.4875 4678.3730 2.364640e-14 1.927419e-16 4.273507e+01 0 0
4659.2205 4681.1188 2.468257e-14 1.496676e-16 4.456595e+01 0 0
4661.9534 4683.8646 2.439720e-14 1.753710e-16 4.400487e+01 0 0
4664.6864 4686.6104 2.422595e-14 1.756832e-16 4.365082e+01 16 0
4667.4193 4689.3562 2.437887e-14 1.772605e-16 4.389400e+01 16 0
4670.1522 4692.1019 2.376257e-14 1.920579e-16 4.274664e+01 0 0
4672.8851 4694.8476 2.393834e-14 1.704066e-16 4.304354e+01 0 0
4675.6179 4697.5934 2.419394e-14 1.509119e-16 4.348328e+01 0 0
4678.3508 4700.3390 2.364420e-14 1.706720e-16 4.248233e+01 1024 0
4681.0836 4703.0847 2.368660e-14 1.781192e-16 4.254886e+01 1040 0
4683.8164 4705.8304 2.307230e-14 1.834392e-16 4.143964e+01 1024 0
4686.5492 4708.5760 2.243563e-14 1.898381e-16 4.028948e+01 1024 0
4689.2820 4711.3216 2.269496e-14 1.387403e-16 4.075816e+01 1024 0
4692.0147 4714.0672 2.236070e-14 1.416244e-16 4.015599e+01 1024 0
4694.7475 4716.8128 2.156994e-14 1.545419e-16 3.872758e+01 1040 0
4697.4802 4719.5583 2.069516e-14 1.788160e-16 3.714810e+01 1040 0
4700.2129 4722.3039 2.067270e-14 1.402642e-16 3.709803e+01 1024 0
4702.9455 4725.0494 2.037819e-14 1.747034e-16 3.655816e+01 1040 0
4705.6782 4727.7949 2.018826e-14 1.652920e-16 3.619742e+01 1024 0
4708.4108 4730.5403 2.012068e-14 1.594895e-16 3.605808e+01 1040 0
4711.1434 4733.2858 1.991692e-14 1.542291e-16 3.566480e+01 1024 0
4713.8760 4736.0312 1.945719e-14 1.768550e-16 3.481300e+01 1040 0
4716.6086 4738.7766 1.990148e-14 1.766762e-16 3.558024e+01 1040 0
4719.3411 4741.5220 2.017752e-14 1.343448e-16 3.604560e+01 1040 0
4722.0736 4744.2674 1.967185e-14 1.785627e-16 3.510780e+01 1040 0
4724.8061 4747.0127 1.965891e-14 1.543341e-16 3.505585e+01 1024 0
4727.5386 4749.7581 1.987055e-14 1.722334e-16 3.541075e+01 1024 0
4730.2711 4752.5034 2.021462e-14 1.605134e-16 3.600388e+01 1040 0
4733.0035 4755.2487 1.995827e-14 1.765613e-16 3.553287e+01 1040 0
4735.7360 4757.9939 2.064192e-14 1.393292e-16 3.674456e+01 1024 0
4738.4684 4760.7392 2.013200e-14 1.561544e-16 3.583546e+01 1024 0
4741.2007 4763.4844 2.020631e-14 1.590207e-16 3.597250e+01 1040 0
4743.9331 4766.2296 2.030789e-14 1.620615e-16 3.617233e+01 1040 0
4746.6654 4768.9748 2.007576e-14 1.783607e-16 3.577623e+01 16 0
4749.3978 4771.7199 2.040876e-14 1.586929e-16 3.640382e+01 0 0
4752.1300 4774.4651 1.992163e-14 1.762256e-16 3.556263e+01 0 0
4754.8623 4777.2102 1.973289e-14 1.610822e-16 3.526287e+01 16 0
4757.5946 4779.9553 2.015891e-14 1.629220e-16 3.606791e+01 16 0
4760.3268 4782.7003 1.954822e-14 1.458488e-16 3.501096e+01 0 0
4763.0590 4785.4454 1.917673e-14 1.281632e-16 3.438274e+01 0 0
4765.7912 4788.1904 1.862760e-14 1.515320e-16 3.343001e+01 0 0
4768.5234 4790.9354 1.869633e-14 1.322166e-16 3.359055e+01 0 0
4771.2555 4793.6804 1.838972e-14 1.310498e-16 3.306626e+01 0 0
4773.9876 4796.4254 1.806917e-14 1.313622e-16 3.251564e+01 16 0
4776.7197 4799.1703 1.759678e-14 1.573703e-16 3.168003e+01 16 0
4779.4518 4801.9152 1.759813e-14 1.478792e-16 3.170143e+01 0 0
4782.1839 4804.6601 1.674854e-14 1.639757e-16 3.017578e+01 0 0
4784.9159 4807.4050 1.630816e-14 1.551569e-16 2.939012e+01 16 0
4787.6479 4810.1499 1.670861e-14 1.231606e-16 3.012290e+01 16 0
4790.3799 4812.8947 1.610914e-14 1.368485e-16 2.904379e+01 16 0
4793.1119 4815.6395 1.615915e-14 1.179493e-16 2.913820e+01 0 0
4795.8438 4818.3843 1.527196e-14 1.327665e-16 2.753386e+01 16 0
4798.5758 4821.1291 1.494377e-14 1.276765e-16 2.694328e+01 0 0
4801.3077 4823.8738 1.475106e-14 1.484715e-16 2.659833e+01 16 0
4804.0395 4826.6185 1.432466e-14 1.463698e-16 2.583133e+01 16 0
4806.7714 4829.3632 1.446213e-14 1.125183e-16 2.608691e+01 0 0
4809.5032 4832.1079 1.415330e-14 1.159522e-16 2.553675e+01 0 0
4812.2351 4834.8526 1.370440e-14 1.360482e-16 2.473225e+01 16 0
4814.9668 4837.5972 1.376528e-14 1.141074e-16 2.485489e+01 0 0
4817.6986 4840.3418 1.331727e-14 1.130411e-16 2.405339e+01 0 0
4820.4304 4843.0864 1.327821e-14 1.145420e-16 2.399559e+01 16 0
4823.1621 4845.8309 1.291083e-14 1.430837e-16 2.334081e+01 0 0
4825.8938 4848.5755 1.304044e-14 1.192888e-16 2.358926e+01 0 0
4828.6254 4851.3200 1.250978e-14 1.190636e-16 2.263618e+01 16 0
4831.3571 4854.0645 1.298363e-14 1.078854e-16 2.351016e+01 16 0
4834.0887 4856.8089 1.302344e-14 1.066762e-16 2.359414e+01 0 0
4836.8203 4859.5534 1.310732e-14 1.089112e-16 2.375657e+01 16 0
4839.5519 4862.2978 1.304552e-14 1.101286e-16 2.365338e+01 16 0
4842.2835 4865.0422 1.283617e-14 1.142433e-16 2.327950e+01 16 0
4845.0150 4867.7866 1.291278e-14 1.282659e-16 2.342715e+01 0 0
4847.7465 4870.5309 1.294284e-14 1.222050e-16 2.348982e+01 0 0
4850.4780 4873.2753 1.315640e-14 1.333330e-16 2.388745e+01 16 0
4853.2095 4876.0196 1.352701e-14 1.264508e-16 2.457377e+01 16 0
4855.9409 4878.7638 1.394437e-14 1.324049e-16 2.534593e+01 16 0
4858.6723 4881.5081 1.416374e-14 1.280655e-16 2.576029e+01 0 0
4861.4037 4884.2523 1.440843e-14 1.292152e-16 2.622106e+01 0 0
4864.1351 4886.9965 1.486154e-14 1.369499e-16 2.706850e+01 16 0
4866.8665 4889.7407 1.499698e-14 1.185215e-16 2.733455e+01 0 0
4869.5978 4892.4849 1.509032e-14 1.325890e-16 2.752870e+01 0 0
4872.3291 4895.2290 1.530200e-14 1.199790e-16 2.793980e+01 0 0
4875.0604 4897.9731 1.519090e-14 1.553812e-16 2.776211e+01 16 0
4877.7916 4900.7172 1.601672e-14 1.194847e-16 2.930640e+01 0 0
4880.5228 4903.4613 1.639366e-14 1.330280e-16 3.002876e+01 16 0
4883.2540 4906.2053 1.601948e-14 1.566583e-16 2.936773e+01 0 0
4885.9852 4908.9493 1.684166e-14 1.428693e-16 3.091133e+01 16 0
4888.7164 4911.6933 1.670444e-14 1.690834e-16 3.068595e+01 16 0
4891.4475 4914.4373 1.719115e-14 1.390586e-16 3.161000e+01 0 0
4894.1786 4917.1812 1.745395e-14 1.304757e-16 3.212106e+01 16 0
4896.9097 4919.9251 1.816605e-14 1.381498e-16 3.346061e+01 0 0
4899.6407 4922.6690 1.754243e-14 1.625743e-16 3.232800e+01 0 0
4902.3718 4925.4129 1.845145e-14 1.385394e-16 3.402886e+01 0 0
4905.1028 4928.1567 1.848000e-14 1.390481e-16 3.409909e+01 16 0
4907.8337 4930.9006 1.884198e-14 1.690663e-16 3.478783e+01 16 0
4910.5647 4933.6444 1.923071e-14 1.594201e-16 3.552699e+01 16 0
4913.2956 4936.3881 1.920590e-14 1.574852e-16 3.549736e+01 0 0
4916.0265 4939.1319 1.912831e-14 1.566594e-16 3.536974e+01 16 0
4918.7574 4941.8756 1.917092e-14 1.559882e-16 3.547074e+01 16 0
4921.4883 4944.6193 1.936122e-14 1.263480e-16 3.584692e+01 0 0
4924.2191 4947.3629 1.898623e-14 1.404746e-16 3.517530e+01 16 0
4926.9499 4950.1066 1.932535e-14 1.526534e-16 3.583315e+01 16 0
4929.6807 4952.8502 1.892586e-14 1.568766e-16 3.512084e+01 16 0
4932.4114 4955.5938 1.939532e-14 1.390678e-16 3.602901e+01 16 0
4935.1422 4958.3373 1.924754e-14 1.323953e-16 3.578824e+01 16 0
4937.8729 4961.0809 1.974263e-14 1.428206e-16 3.674913e+01 0 0
4940.6036 4963.8244 1.967822e-14 1.464587e-16 3.666519e+01 16 0
4943.3342 4966.5679 1.956618e-14 1.623357e-16 3.649185e+01 16 0
4946.0648 4969.3113 1.906297e-14 1.530697e-16 3.557972e+01 16 0
4948.7954 4972.0548 1.959445e-14 1.504076e-16 3.660761e+01 16 0
4951.5260 4974.7982 1.949265e-14 1.489539e-16 3.644106e+01 16 0
4954.2566 4977.5416 1.998666e-14 1.360880e-16 3.739372e+01 0 0
4956.9871 4980.2849 1.988440e-14 1.715836e-16 3.721383e+01 0 0
4959.7176 4983.0282 1.988017e-14 1.720633e-16 3.721780e+01 16 0
4962.4480 4985.7716 2.013542e-14 1.489532e-16 3.770083e+01 0 0
4965.1785 4988.5148 2.083271e-14 1.417685e-16 3.901511e+01 16 0
4967.9089 4991.2581 2.059004e-14 1.335056e-16 3.855198e+01 16 0
4970.6393 4994.0013 2.066809e-14 1.473052e-16 3.869176e+01 16 0
4973.3697 4996.7445 2.088947e-14 1.500888e-16 3.909844e+01 16 0
4976.1000 4999.4877 2.121448e-14 1.359167e-16 3.969954e+01 16 0
4978.8303 5002.2308 2.079905e-14 1.534608e-16 3.891050e+01 16 0
4981.5606 5004.9739 2.119470e-14 1.432957e-16 3.964538e+01 0 0
4984.2909 5007.7170 2.124573e-14 1.542427e-16 3.973941e+01 16 0
4987.0211 5010.4601 2.186802e-14 1.407237e-16 4.090653e+01 0 0
4989.7513 5013.2031 2.198076e-14 1.410394e-16 4.112740e+01 0 0
4992.4815 5015.9461 2.198738e-14 1.404624e-16 4.114903e+01 0 0
4995.2116 5018.6891 2.199626e-14 1.593344e-16 4.118719e+01 16 0
4997.9418 5021.4321 2.241330e-14 1.433806e-16 4.199339e+01 16 0
5000.6719 5024.1750 2.180001e-14 1.813432e-16 4.087196e+01 16 0
5003.4019 5026.9179 2.238552e-14 1.710051e-16 4.200770e+01 16 0
5006.1320 5029.6608 2.242446e-14 1.568344e-16 4.212240e+01 16 0
5008.8620 5032.4036 2.313377e-14 1.470500e-16 4.350279e+01 0 0
5011.5920 5035.1465 2.354089e-14 1.647601e-16 4.431837e+01 16 0
5014.3219 5037.8893 2.371411e-14 1.617401e-16 4.469278e+01 16 0
5017.0519 5040.6320 2.436226e-14 1.476254e-16 4.596590e+01 0 0
5019.7818 5043.3748 2.348319e-14 1.619941e-16 4.434519e+01 0 0
5022.5117 5046.1175 2.389888e-14 1.456289e-16 4.517455e+01 0 0
5025.2415 5048.8602 2.471339e-14 1.504834e-16 4.676228e+01 16 0
5027.9713 5051.6028 2.437843e-14 1.651838e-16 4.616051e+01 0 0
5030.7011 5054.3454 2.408879e-14 1.739479e-16 4.564318e+01 0 0
5033.4309 5057.0880 2.452838e-14 1.620225e-16 4.650869e+01 0 0
5036.1607 5059.8306 2.484393e-14 1.991172e-16 4.713827e+01 16 0
5038.8904 5062.5732 2.509991e-14 1.674074e-16 4.765042e+01 16 0
5041.6201 5065.3157 2.522166e-14 1.669730e-16 4.790680e+01 0 0
5044.3497 5068.0582 2.573217e-14 1.569691e-16 4.890504e+01 16 0
5047.0793 5070.8006 2.581226e-14 1.500929e-16 4.908255e+01 16 0
5049.8090 5073.5431 2.636872e-14 1.849553e-16 5.016999e+01 16 0
5052.5385 5076.2855 2.612424e-14 1.966911e-16 4.972847e+01 0 0
5055.2681 5079.0278 2.598639e-14 1.987196e-16 4.949519e+01 16 0
5057.9976 5081.7702 2.618925e-14 1.703659e-16 4.991381e+01 16 0
5060.7271 5084.5125 2.617839e-14 1.720131e-16 4.992144e+01 16 0
5063.4565 5087.2548 2.641531e-14 1.721150e-16 5.040412e+01 16 0
5066.1860 5089.9970 2.655378e-14 1.744733e-16 5.070127e+01 16 0
5068.9154 5092.7393 2.702057e-14 1.599112e-16 5.162929e+01 0 0
5071.6447 5095.4815 2.664558e-14 1.730623e-16 5.093597e+01 16 0
5074.3741 5098.2237 2.662765e-14 1.740854e-16 5.092813e+01 16 0
5077.1034 5100.9658 2.676824e-14 1.710382e-16 5.122018e+01 0 0
5079.8327 5103.7079 2.700816e-14 1.758974e-16 5.170378e+01 0 0
5082.5620 5106.4500 2.708008e-14 2.042001e-16 5.185513e+01 16 0
5085.2912 5109.1921 2.645774e-14 1.777133e-16 5.067177e+01 16 0
5088.0204 5111.9341 2.691987e-14 1.918476e-16 5.156058e+01 16 0
5090.7496 5114.6761 2.654006e-14 1.680396e-16 5.083014e+01 0 0
5093.4787 5117.4181 2.607779e-14 1.719845e-16 4.993590e+01 16 0
5096.2078 5120.1600 2.606306e-14 1.691789e-16 4.990106e+01 1040 0
5098.9369 5122.9019 2.551962e-14 1.921300e-16 4.884544e+01 1040 0
5101.6660 5125.6438 2.574291e-14 1.682632e-16 4.926205e+01 1040 0
5104.3950 5128.3857 2.565000e-14 1.648984e-16 4.907240e+01 1024 0
5107.1240 5131.1275 2.569847e-14 1.718348e-16 4.915329e+01 1040 0
5109.8530 5133.8693 2.637127e-14 1.976749e-16 5.043823e+01 1024 0
5112.5819 5136.6110 2.581049e-14 1.659497e-16 4.935421e+01 1040 0
5115.3108 5139.3528 2.571725e-14 1.536537e-16 4.917646e+01 1024 0
5118.0397 5142.0945 2.566813e-14 1.665675e-16 4.908286e+01 1024 0
5120.7685 5144.8361 2.533217e-14 1.621892e-16 4.844831e+01 1040 0
5123.4974 5147.5778 2.598383e-14 1.603577e-16 4.970982e+01 1024 0
5126.2261 5150.3194 2.567428e-14 1.649369e-16 4.913454e+01 1040 0
5128.9549 5153.0610 2.589456e-14 1.676166e-16 4.957719e+01 1024 0
5131.6836 5155.8025 2.622383e-14 1.721013e-16 5.023470e+01 1040 0
5134.4123 5158.5441 2.582366e-14 1.647126e-16 4.948989e+01 1024 0
5137.1410 5161.2856 2.595299e-14 1.952544e-16 4.976313e+01 1040 0
5139.8696 5164.0270 2.618585e-14 1.962695e-16 5.023584e+01 1040 0
5142.5983 5166.7685 2.674330e-14 1.744209e-16 5.133250e+01 1040 0
5145.3268 5169.5099 2.659317e-14 1.696082e-16 5.106583e+01 1024 0
5148.0554 5172.2512 2.643030e-14 1.714192e-16 5.076334e+01 1040 0
5150.7839 5174.9926 2.712023e-14 1.460114e-16 5.210411e+01 1024 0
5153.5124 5177.7339 2.668254e-14 1.697235e-16 5.125800e+01 1040 0
5156.2408 5180.4752 2.704537e-14 1.631958e-16 5.195428e+01 1024 0
5158.9693 5183.2164 2.677486e-14 1.598656e-16 5.141496e+01 16 0
5161.6977 5185.9576 2.672934e-14 1.665726e-16 5.130830e+01 0 0
5164.4260 5188.6988 2.660471e-14 1.735310e-16 5.103568e+01 0 0
5167.1544 5191.4400 2.684380e-14 1.703146e-16 5.146218e+01 16 0
5169.8827 5194.1811 2.569281e-14 1.876532e-16 4.920493e+01 16 0
5172.6109 5196.9222 2.638927e-14 1.667254e-16 5.049923e+01 16 0
5175.3392 5199.6633 2.573332e-14 1.561629e-16 4.918854e+01 16 0
5178.0674 5202.4043 2.562757e-14 1.587740e-16 4.893393e+01 0 0
5180.7956 5205.1453 2.519380e-14 1.650999e-16 4.805396e+01 16 0
5183.5237 5207.8863 2.456767e-14 1.653740e-16 4.680775e+01 16 0
5186.2518 5210.6272 2.461707e-14 1.688279e-16 4.685702e+01 16 0
5188.9799 5213.3681 2.415187e-14 1.523097e-16 4.592373e+01 16 0
5191.7080 5216.1090 2.380485e-14 1.507675e-16 4.522417e+01 0 0
5194.4360 5218.8498 2.291680e-14 1.574905e-16 4.349479e+01 16 0
5197.1640 5221.5907 2.237177e-14 1.452037e-16 4.243179e+01 0 0
5199.8919 5224.3314 2.170179e-14 1.470753e-16 4.113247e+01 16 0
5202.6199 5227.0722 2.162371e-14 1.546213e-16 4.096664e+01 0 0
5205.3478 5229.8129 2.101902e-14 1.556021e-16 3.979972e+01 16 0
5208.0756 5232.5536 2.096302e-14 1.410807e-16 3.968059e+01 0 0
5210.8035 5235.2942 2.063885e-14 1.398750e-16 3.905204e+01 0 0
5213.5313 5238.0349 1.974883e-14 1.495351e-16 3.734892e+01 0 0
5216.2590 5240.7755 1.961009e-14 1.443334e-16 3.707385e+01 16 0
5218.9868 5243.5160 1.976878e-14 1.372498e-16 3.736176e+01 0 0
5221.7145 5246.2565 1.938600e-14 1.640971e-16 3.662206e+01 0 0
5224.4422 5248.9970 1.879898e-14 1.387686e-16 3.548677e+01 16 0
5227.1698 5251.7375 1.867603e-14 1.462435e-16 3.523238e+01 16 0
5229.8974 5254.4779 1.878738e-14 1.446483e-16 3.541344e+01 16 0
5232.6250 5257.2183 1.862222e-14 1.228945e-16 3.507077e+01 16 0
5235.3525 5259.9587 1.825045e-14 1.309790e-16 3.433138e+01 16 0
5238.0800 5262.6990 1.822988e-14 1.425917e-16 3.425613e+01 0 0
5240.8075 5265.4393 1.842191e-14 1.581801e-16 3.457345e+01 16 0
5243.5350 5268.1796 1.793888e-14 1.411216e-16 3.361805e+01 16 0
5246.2624 5270.9198 1.829369e-14 1.408279e-16 3.423885e+01 0 0
5248.9898 5273.6600 1.816929e-14 1.299233e-16 3.395745e+01 0 0
5251.7171 5276.4002 1.897058e-14 1.255008e-16 3.541252e+01 0 0
5254.4444 5279.1403 1.847028e-14 1.378429e-16 3.442536e+01 16 0
5257.1717 5281.8804 1.838444e-14 1.330886e-16 3.422152e+01 0 0
5259.8990 5284.6205 1.853680e-14 1.236989e-16 3.446256e+01 0 0
5262.6262 5287.3605 1.816663e-14 1.256732e-16 3.373612e+01 16 0
5265.3534 5290.1005 1.847843e-14 1.441109e-16 3.428178e+01 16 0
5268.0805 5292.8405 1.850112e-14 1.665659e-16 3.429674e+01 16 0
5270.8076 5295.5804 1.838857e-14 1.460153e-16 3.405950e+01 0 0
5273.5347 5298.3203 1.842930e-14 1.284227e-16 3.411538e+01 16 0
5276.2618 5301.0602 1.878955e-14 1.336051e-16 3.476468e+01 16 0
5278.9888 5303.8000 1.875255e-14 1.460475e-16 3.467948e+01 16 0
5281.7158 5306.5398 1.894525e-14 1.281347e-16 3.502059e+01 16 0
5284.4427 5309.2796 1.896187e-14 1.274062e-16 3.503493e+01 16 0
5287.1696 5312.0193 4.314641e-14 2.521505e-16 7.992159e+01 8464 0
5289.8965 5314.7590 1.898160e-14 1.471568e-16 3.503267e+01 16 0
5292.6234 5317.4987 1.921080e-14 1.481029e-16 3.543505e+01 16 0
5295.3502 5320.2383 1.901792e-14 1.486060e-16 3.504578e+01 16 0
5298.0770 5322.9779 1.883920e-14 1.719109e-16 3.468305e+01 0 0
5300.8037 5325.7175 2.987664e-14 2.270009e-16 5.504441e+01 16 0
5303.5304 5328.4570 2.005387e-14 1.387304e-16 3.684585e+01 0 0
5306.2571 5331.1965 2.011833e-14 1.438295e-16 3.690953e+01 16 0
5308.9837 5333.9360 2.046336e-14 1.501573e-16 3.748882e+01 16 0
5311.7104 5336.6754 2.036590e-14 1.369367e-16 3.724766e+01 16 0
5314.4369 5339.4148 2.037345e-14 1.560140e-16 3.719956e+01 16 0
5317.1635 5342.1541 2.065304e-14 1.311538e-16 3.764705e+01 0 0
5319.8900 5344.8935 2.049528e-14 1.473542e-16 3.729337e+01 16 0
5322.6165 5347.6328 2.053734e-14 1.358877e-16 3.730715e+01 16 0
5325.3429 5350.3720 1.996075e-14 1.544416e-16 3.619395e+01 16 0
5328.0693 5353.1112 2.037540e-14 1.527382e-16 3.689362e+01 0 0
5330.7957 5355.8504 2.074352e-14 1.618970e-16 3.750693e+01 16 0
5333.5220 5358.5896 1.961531e-14 1.418318e-16 3.541313e+01 16 0
5336.2483 5361.3287 2.017102e-14 1.337289e-16 3.637538e+01 0 0
5338.9746 5364.0678 2.027628e-14 1.448905e-16 3.652960e+01 0 0
5341.7008 5366.8068 1.986494e-14 1.521182e-16 3.574984e+01 0 0
5344.4270 5369.5458 2.015747e-14 1.541226e-16 3.625020e+01 16 0
5347.1532 5372.2848 2.060298e-14 1.459302e-16 3.702608e+01 16 0
5349.8793 5375.0237 2.009011e-14 1.425627e-16 3.607655e+01 0 0
5352.6054 5377.7626 1.949360e-14 1.470548e-16 3.497757e+01 0 0
5355.3315 5380.5015 1.992769e-14 1.469177e-16 3.573726e+01 16 0
5358.0575 5383.2404 1.948340e-14 1.396808e-16 3.491432e+01 16 0
5360.7835 5385.9792 1.888296e-14 1.576073e-16 3.380938e+01 16 0
5363.5094 5388.7179 1.854342e-14 1.488420e-16 3.317468e+01 16 0
5366.2353 5391.4566 1.891590e-14 1.284155e-16 3.381595e+01 0 0
5368.9612 5394.1953 1.880894e-14 1.270702e-16 3.359500e+01 0 0
5371.6871 5396.9340 1.891852e-14 1.279062e-16 3.375821e+01 0 0
5374.4129 5399.6726 1.843272e-14 1.280351e-16 3.285381e+01 16 0
5377.1387 5402.4112 1.839412e-14 1.345331e-16 3.274849e+01 16 0
5379.8644 5405.1498 1.792133e-14 1.284816e-16 3.186680e+01 16 0
5382.5901 5407.8883 1.760789e-14 1.359665e-16 3.126990e+01 16 0
5385.3158 5410.6268 1.759389e-14 1.372471e-16 3.120794e+01 16 0
5388.0414 5413.3652 1.711770e-14 1.334796e-16 3.032401e+01 0 0
5390.7670 5416.1036 1.700706e-14 1.333417e-16 3.009248e+01 0 0
5393.4926 5418.8420 1.700319e-14 1.345808e-16 3.005138e+01 16 0
5396.2181 5421.5803 1.668619e-14 1.251040e-16 2.945541e+01 16 0
5398.9436 5424.3186 1.665762e-14 1.249359e-16 2.937315e+01 16 0
5401.6690 5427.0569 1.632047e-14 1.305797e-16 2.874558e+01 0 0
5404.3944 5429.7951 1.626914e-14 1.288559e-16 2.862693e+01 16 0
5407.1198 5432.5333 1.593826e-14 1.225971e-16 2.801581e+01 16 0
5409.8452 5435.2714 1.590411e-14 1.287791e-16 2.792867e+01 0 0
5412.5705 5438.0095 1.579190e-14 1.318160e-16 2.770534e+01 16 0
5415.2957 5440.7476 1.600874e-14 1.294090e-16 2.806279e+01 16 0
5418.0210 5443.4857 1.538680e-14 1.533116e-16 2.694429e+01 0 0
5420.7462 5446.2237 1.581864e-14 1.186680e-16 2.767971e+01 16 0
5423.4713 5448.9616 1.545120e-14 1.343865e-16 2.701045e+01 0 0
5426.1965 5451.6996 1.590642e-14 1.393780e-16 2.778684e+01 0 0
5428.9215 5454.4375 1.617091e-14 1.203372e-16 2.822862e+01 0 0
5431.6466 5457.1753 1.636120e-14 1.345436e-16 2.853944e+01 0 0
5434.3716 5459.9131 1.650841e-14 1.322937e-16 2.877527e+01 0 0
5437.0966 5462.6509 1.656174e-14 1.429522e-16 2.884741e+01 0 0
5439.8215 5465.3887 1.660668e-14 1.589017e-16 2.890545e+01 0 0
5442.5464 5468.1264 1.751216e-14 1.427377e-16 3.046999e+01 16 0
5445.2713 5470.8641 1.765075e-14 1.369955e-16 3.069278e+01 0 0
5447.9961 5473.6017 1.754655e-14 1.501302e-16 3.049355e+01 16 0
5450.7209 5476.3393 1.826519e-14 1.418266e-16 3.173129e+01 0 0
5453.4457 5479.0769 1.897844e-14 1.408864e-16 3.296031e+01 0 0
5456.1704 5481.8144 3.705592e-14 2.167659e-16 6.449654e+01 16 0
5458.8951 5484.5519 1.905804e-14 1.493291e-16 3.306731e+01 0 0
5461.6197 5487.2893 1.940225e-14 1.503019e-16 3.365146e+01 0 0
5464.3443 5490.0267 2.009573e-14 1.686998e-16 3.484239e+01 0 0
5467.0689 5492.7641 2.048121e-14 1.465668e-16 3.549583e+01 16 0
5469.7934 5495.5014 2.098681e-14 1.522050e-16 3.635450e+01 0 0
5472.5179 5498.2387 2.129500e-14 1.546439e-16 3.686872e+01 16 0
5475.2423 5500.9760 2.122707e-14 1.602448e-16 3.672412e+01 16 0
5477.9667 5503.7132 2.162669e-14 1.822433e-16 3.739154e+01 16 0
5480.6911 5506.4504 2.230670e-14 1.536438e-16 3.854104e+01 16 0
5483.4155 5509.1875 2.258505e-14 1.541488e-16 3.899197e+01 0 0
5486.1398 5511.9246 2.236280e-14 1.672478e-16 3.857393e+01 16 0
5488.8640 5514.6617 2.288853e-14 1.674392e-16 3.945124e+01 16 0
5491.5883 5517.3987 2.325234e-14 1.645636e-16 4.004920e+01 0 0
5494.3124 5520.1357 2.361674e-14 1.573913e-16 4.064720e+01 0 0
5497.0366 5522.8727 2.322863e-14 1.724280e-16 3.995074e+01 16 0
5499.7607 5525.6096 2.357240e-14 1.713884e-16 4.051877e+01 16 0
5502.4848 5528.3464 2.406928e-14 1.659681e-16 4.135890e+01 0 0
5505.2088 5531.0833 2.428520e-14 1.464680e-16 4.171409e+01 272 0
5507.9328 5533.8201 2.410671e-14 1.731054e-16 4.139871e+01 16 0
5510.6567 5536.5568 2.404033e-14 1.541134e-16 4.127742e+01 256 0
5513.3807 5539.2936 2.399180e-14 1.593590e-16 4.119453e+01 16 0
5516.1045 5542.0302 2.377380e-14 1.586487e-16 4.082030e+01 0 0
5518.8284 5544.7669 2.349117e-14 1.620889e-16 4.033858e+01 0 0
5521.5522 5547.5035 2.356230e-14 1.619907e-16 4.046798e+01 0 0
5524.2759 5550.2400 2.326326e-14 1.609984e-16 3.995763e+01 16 0
5526.9997 5552.9766 2.313693e-14 1.769063e-16 3.974638e+01 16 0
5529.7233 5555.7130 2.293618e-14 1.856883e-16 3.940074e+01 0 0
5532.4470 5558.4495 2.328287e-14 1.691265e-16 4.000055e+01 0 0
5535.1706 5561.1859 2.290094e-14 1.564411e-16 3.933362e+01 16 0
5537.8942 5563.9223 2.271248e-14 1.594106e-16 3.900117e+01 16 0
5540.6177 5566.6586 2.293992e-14 1.622777e-16 3.937589e+01 16 0
5543.3412 5569.3949 2.324925e-14 1.695482e-16 3.989128e+01 0 0
5546.0646 5572.1311 2.312924e-14 1.679184e-16 3.965873e+01 0 0
5548.7880 5574.8673 2.368418e-14 1.587156e-16 4.058756e+01 16 0
5551.5114 5577.6035 2.346574e-14 1.666515e-16 4.018152e+01 16 0
5554.2347 5580.3396 2.417281e-14 1.508812e-16 4.136525e+01 16 0
5556.9580 5583.0757 2.399399e-14 1.653251e-16 4.102880e+01 16 0
5559.6813 5585.8118 2.389577e-14 1.675669e-16 4.082957e+01 16 0
5562.4045 5588.5478 2.402469e-14 1.606999e-16 4.102808e+01 0 0
5565.1276 5591.2837 2.399661e-14 1.458557e-16 4.095533e+01 16 0
5567.8508 5594.0197 2.394493e-14 1.449553e-16 4.085355e+01 0 0
5570.5739 5596.7556 2.396591e-14 1.723542e-16 4.087412e+01 16 0
5573.2969 5599.4914 2.402181e-14 1.639709e-16 4.096518e+01 0 0
5576.0199 5602.2272 2.394304e-14 1.647965e-16 4.082279e+01 16 0
5578.7429 5604.9630 2.424000e-14 1.674304e-16 4.133105e+01 16 0
5581.4658 5607.6987 2.489509e-14 1.856758e-16 4.245110e+01 16 0
5584.1887 5610.4344 2.429588e-14 1.728985e-16 4.142442e+01 0 0
5586.9116 5613.1701 2.477373e-14 1.635589e-16 4.224126e+01 16 0
5589.6344 5615.9057 2.416211e-14 1.732919e-16 4.118677e+01 16 0
5592.3571 5618.6412 2.626053e-14 2.628795e-16 4.477127e+01 16 0
5595.0799 5621.3767 2.487942e-14 1.677358e-16 4.238861e+01 0 0
5597.8026 5624.1122 2.455961e-14 1.568597e-16 4.182342e+01 16 0
5600.5252 5626.8477 2.452115e-14 1.662537e-16 4.172611e+01 0 0
5603.2478 5629.5831 2.476124e-14 1.692047e-16 4.210511e+01 16 0
5605.9704 5632.3184 2.447239e-14 1.652763e-16 4.156567e+01 16 0
5608.6929 5635.0538 2.472239e-14 1.709368e-16 4.194624e+01 16 0
5611.4154 5637.7890 2.435589e-14 1.710187e-16 4.126959e+01 0 0
5614.1378 5640.5243 2.410287e-14 1.598068e-16 4.078835e+01 0 0
5616.8602 5643.2595 2.445206e-14 1.611023e-16 4.133062e+01 16 0
5619.5826 5645.9946 2.387652e-14 1.978702e-16 4.030468e+01 16 0
5622.3049 5648.7297 2.374488e-14 1.606132e-16 4.004272e+01 16 0
5625.0272 5651.4648 2.418391e-14 1.636542e-16 4.074766e+01 0 0
5627.7494 5654.1998 2.305868e-14 1.977686e-16 3.882449e+01 0 0
5630.4716 5656.9348 2.318279e-14 1.884231e-16 3.901566e+01 0 0
5633.1938 5659.6698 2.339230e-14 1.532185e-16 3.937334e+01 16 0
5635.9159 5662.4047 2.284747e-14 1.481731e-16 3.845614e+01 0 0
5638.6380 5665.1396 2.297532e-14 1.440456e-16 3.869876e+01 0 0
5641.3600 5667.8744 2.200239e-14 1.624550e-16 3.707870e+01 0 0
5644.0820 5670.6092 2.160454e-14 1.649702e-16 3.644793e+01 0 0
5646.8039 5673.3439 2.166025e-14 1.435821e-16 3.658601e+01 0 0
5649.5258 5676.0786 2.091454e-14 1.887502e-16 3.537718e+01 0 0
5652.2477 5678.8133 2.125498e-14 1.558249e-16 3.600875e+01 0 0
5654.9695 5681.5479 2.060284e-14 1.547412e-16 3.495488e+01 0 0
5657.6913 5684.2824 2.120054e-14 1.423459e-16 3.603207e+01 16 0
5660.4130 5687.0170 2.052288e-14 1.451553e-16 3.492780e+01 16 0
5663.1347 5689.7515 2.028464e-14 1.568355e-16 3.457233e+01 16 0
5665.8564 5692.4859 1.980657e-14 1.557037e-16 3.380228e+01 16 0
5668.5780 5695.2203 1.931073e-14 1.471495e-16 3.298870e+01 16 0
5671.2996 5697.9547 2.797314e-14 1.468487e-15 4.790579e+01 528 0
