# obs_wvl flux error
1.138000000000000000e+03 2.367444043268381731e-14 4.166878495163411602e-18
1.138583011973692692e+03 2.347273739512910513e-14 4.109560607024895464e-18
1.139166023947385384e+03 8.983080097230723518e-15 1.667495886601537436e-18
1.139749035921078075e+03 5.457701241676184362e-15 3.084826813855415466e-17
1.140332047894770767e+03 6.543213830145176615e-15 2.712430066291502335e-15
1.140915059868463459e+03 2.893618283304939256e-15 6.069464099817358307e-19
1.141498071842156151e+03 2.233985306815433898e-15 1.147212435913039680e-17
1.142081083815848842e+03 3.214218264169955340e-15 1.520180549663416799e-15
1.142664095789541534e+03 1.325635818810862536e-15 2.866152543172919627e-19
1.143247107763234226e+03 1.034669677586426582e-15 2.427516498238700012e-19
1.143830119736926918e+03 8.201148625715464701e-16 2.064070453071950850e-19
1.144413131710619609e+03 6.624057918637925723e-16 9.487818250118928902e-19
1.144996143684312301e+03 1.572233773544774898e-15 7.294143623760346081e-16
1.145579155658004993e+03 3.253091443818816389e-16 2.356346563024079691e-17
1.146162167631697685e+03 3.755458494034189275e-16 1.089183868661677572e-19
1.146745179605390376e+03 3.187392697997010787e-16 9.362201866994091371e-20
1.147328191579083068e+03 9.073942875151107843e-16 4.492401730212093215e-16
1.147911203552775760e+03 6.828881429952142158e-16 3.592277024115109984e-16
1.148494215526468452e+03 4.464692641713036597e-16 2.391565161476433857e-16
1.149077227500161143e+03 1.799574845211979930e-16 1.760144030946437528e-18
1.149660239473853835e+03 5.907421794362655143e-16 3.069663336001824023e-16
1.150243251447546527e+03 3.589050872925174979e-16 2.195438477921828738e-16
1.150826263421239219e+03 4.862866895276384359e-16 2.575224976371229931e-16
1.151409275394931910e+03 4.666978408533576453e-16 2.548636629036592329e-16
1.151992287368624602e+03 3.926537093254916350e-16 2.104546186780174824e-16
1.152575299342317294e+03 2.369643964088054963e-16 1.556510749921398182e-16
1.153158311316009986e+03 2.135319268977959985e-16 1.441584211475835177e-16
1.153741323289702677e+03 1.963281198759475260e-16 1.371651224689425550e-16
1.154324335263395369e+03 1.730903001275323209e-16 1.210666250617484121e-16
1.154907347237088061e+03 4.057754386977174956e-16 2.088807353977100628e-16
1.155490359210780753e+03 1.596538429849902934e-16 1.169565429436384990e-16
1.156073371184473444e+03 3.105363778434438822e-16 1.773515124107334726e-16
1.156656383158166136e+03 1.907410050578520864e-16 1.294378946354365592e-16
1.157239395131858828e+03 1.304847993156987382e-16 1.076036263215265863e-16
1.157822407105551520e+03 2.133736441488792966e-16 1.386331385883835009e-16
1.158405419079244211e+03 4.167782581063492161e-16 2.007910367810274776e-16
1.158988431052936903e+03 3.156699081414443249e-16 1.724380373508347657e-16
1.159571443026629595e+03 9.863280429193734731e-17 8.710152926009892936e-17
1.160154455000322287e+03 1.049231770024146509e-16 1.238681070681425592e-16
1.160737466974014978e+03 4.396929265800688861e-16 1.972124876047873765e-16
1.161320478947707670e+03 2.535196314774532933e-16 1.424396840228493718e-16
1.161903490921400362e+03 3.344455690040565992e-16 1.686655734365333700e-16
1.162486502895093054e+03 3.664994296960042101e-16 1.732182735622531730e-16
1.163069514868785745e+03 2.948633534117312774e-16 1.489574236032628037e-16
1.163652526842478437e+03 1.501563565890801739e-16 1.119939290141214573e-16
1.164235538816171129e+03 4.090677696094907444e-16 1.733526577424436161e-16
1.164818550789863821e+03 6.946113588921561492e-17 7.674280877499306369e-17
1.165401562763556512e+03 1.219337957027484035e-16 1.024049450649219652e-16
1.165984574737249204e+03 1.427729714532795533e-16 1.037018415370589179e-16
1.166567586710941896e+03 4.728301743914597572e-17 7.111747276073734741e-17
1.167150598684634588e+03 1.787861625675973114e-16 1.204101719020748026e-16
1.167733610658327279e+03 2.369111513718628656e-16 1.310709671109542145e-16
1.168316622632019971e+03 1.993177737003286178e-16 1.191687496700876952e-16
1.168899634605712663e+03 3.589148802711442701e-16 1.579751861000768708e-16
1.169482646579405355e+03 1.030920284673377954e-16 8.790637853732000006e-17
1.170065658553098046e+03 8.898908293374600806e-17 8.842699279802006443e-17
1.170648670526790738e+03 2.740179845208452269e-16 1.393108103034944050e-16
1.171231682500483430e+03 4.450510095840931243e-16 1.675707928893254474e-16
1.171814694474176122e+03 2.372128998461265997e-16 1.212898385881787677e-16
1.172397706447868813e+03 3.152209771120260721e-16 1.424719084916094509e-16
1.172980718421561505e+03 3.667027159615389849e-16 1.497708958652225448e-16
1.173563730395254197e+03 8.325895353709437915e-17 7.814018197087588935e-17
1.174146742368946889e+03 4.604768197295594709e-16 1.685414506352840675e-16
1.174729754342639580e+03 2.676218133359380702e-16 1.239598649055965928e-16
1.175312766316332272e+03 1.689999359510331520e-16 1.023828298061136138e-16
1.175895778290024964e+03 3.097569040129112606e-16 1.328256523238908455e-16
1.176478790263717656e+03 4.924465314869472691e-16 1.624852059406263336e-16
1.177061802237410348e+03 2.808007869302013835e-16 1.238495221725385559e-16
1.177644814211103039e+03 6.275584410880588567e-16 1.809008893353436207e-16
1.178227826184795731e+03 3.892560533684488446e-16 1.380694583307786242e-16
1.178810838158488423e+03 4.335505413309075619e-16 1.471502708615406923e-16
1.179393850132181115e+03 6.419949579488040711e-16 1.790945730623802778e-16
1.179976862105873806e+03 3.530059191606979836e-16 1.297215187134088973e-16
1.180559874079566498e+03 4.512650834477251974e-16 1.468325887716783058e-16
1.181142886053259190e+03 6.663323911619842109e-16 1.734105727211283732e-16
1.181725898026951882e+03 6.256482646825901167e-16 1.704673526637708229e-16
1.182308910000644573e+03 7.113639526939799743e-16 1.737022888724862597e-16
1.182891921974337265e+03 6.012529300717045206e-16 1.631693183092723325e-16
1.183474933948029957e+03 8.652175434930115348e-16 1.883487377232649165e-16
1.184057945921722649e+03 6.905761265016427626e-16 1.661669231675883649e-16
1.184640957895415340e+03 4.790201236061989588e-16 1.416817908281663336e-16
1.185223969869108032e+03 6.584342827806378096e-16 1.658816967739991413e-16
1.185806981842800724e+03 7.485208761949250081e-16 1.683072792316117502e-16
1.186389993816493416e+03 6.461840096932803765e-16 1.599837441058378534e-16
1.186973005790186107e+03 6.653364524934750630e-16 1.575715819556669940e-16
1.187556017763878799e+03 4.937714137770975462e-16 1.398593631230815248e-16
1.188139029737571491e+03 6.922174065216313435e-16 1.604878964047219318e-16
1.188722041711264183e+03 5.755802039390686002e-16 1.455081433176833051e-16
1.189305053684956874e+03 4.749731011132388715e-16 1.312640973280337105e-16
1.189888065658649566e+03 4.650738999263786387e-16 1.311629026265484160e-16
1.190471077632342258e+03 7.905946817254785538e-16 1.666028062929473853e-16
1.191054089606034950e+03 5.882439910477422178e-16 1.434345815479952481e-16
1.191637101579727641e+03 6.144099419275865224e-16 1.448382271750315372e-16
1.192220113553420333e+03 5.575066891448200174e-16 1.379814835845687239e-16
1.192803125527113025e+03 3.665701227287274449e-16 1.107251333392711537e-16
1.193386137500805717e+03 3.554693324154968822e-16 1.125019847056742868e-16
1.193969149474498408e+03 2.614787119839777775e-16 9.601485269307290058e-17
1.194552161448191100e+03 4.666706033887883203e-16 1.274186150891728472e-16
1.195135173421883792e+03 7.074229600976919675e-16 1.486819025034014545e-16
1.195718185395576484e+03 5.249131936729980059e-16 1.269753124176548534e-16
1.196301197369269175e+03 6.888892033073527748e-16 1.445251659531625732e-16
1.196884209342961867e+03 5.495730787771811019e-16 1.294278374225581508e-16
1.197467221316654559e+03 4.770529033737865161e-16 1.196272555976378018e-16
1.198050233290347251e+03 3.104201732918710918e-16 1.000118201572422166e-16
1.198633245264039942e+03 6.037452395049891589e-16 1.368656332531197287e-16
1.199216257237732634e+03 3.875675219173313186e-16 1.050645514634603319e-16
1.199799269211425326e+03 4.051883285663631783e-16 1.121672852925715020e-16
1.200382281185118018e+03 2.893441575700980567e-16 9.338489024740034627e-17
1.200965293158810709e+03 2.188901508520532151e-16 8.332896536269079842e-17
1.201548305132503401e+03 3.344014929587288760e-16 1.014686587807887308e-16
1.202131317106196093e+03 5.484379548733150198e-16 1.253917531967007581e-16
1.202714329079888785e+03 3.463861312935239711e-16 9.620698002771124475e-17
1.203297341053581476e+03 3.428511851408743598e-16 1.007138672969371154e-16
1.203880353027274168e+03 3.756197835789101383e-16 1.016801476536364477e-16
1.204463365000966860e+03 3.811434022643791747e-16 1.020327344195621896e-16
1.205046376974659552e+03 1.815196566412530708e-16 7.353069081714993326e-17
1.205629388948352243e+03 2.646346244201241044e-16 8.726811693551027085e-17
1.206212400922044935e+03 1.688835937494234056e-16 7.270847249043441423e-17
1.206795412895737627e+03 1.980809151355249862e-16 7.844145952307125738e-17
1.207378424869430319e+03 -1.818389943356851038e-17 2.610812852910311538e-17
1.207961436843123010e+03 2.744447008230643071e-16 9.137947728035653444e-17
1.208544448816815702e+03 1.343858204689879783e-16 6.271273364246329565e-17
1.209127460790508394e+03 7.409666552076209663e-17 5.730957426976037515e-17
1.209710472764201086e+03 2.359347036904032119e-18 4.776836856252979608e-17
1.210293484737893777e+03 1.730062560079508340e-16 7.411160229619590435e-17
1.210876496711586469e+03 2.185672327813692068e-16 8.151638268985572288e-17
1.211459508685279161e+03 -3.534325459027187443e-17 5.738810758989008608e-17
1.212042520658971853e+03 9.181493759119732415e-18 7.970116982396918192e-17
1.212625532632664545e+03 -5.841579029942169871e-17 8.812565100916885963e-17
1.213208544606357236e+03 8.693301455850117690e-17 1.718795939676301760e-16
1.213791556580049928e+03 -2.068066419520368429e-16 2.703674410761013924e-16
1.214374568553742620e+03 3.705959964471950394e-16 3.008941165295620425e-16
1.214957580527435312e+03 -3.151998707165513487e-16 2.997633551699327195e-16
1.215540592501128003e+03 -1.256038179451341794e-16 2.924662688650092924e-16
1.216123604474820695e+03 2.187214477745740752e-16 2.915244457946705111e-16
1.216706616448513387e+03 -1.063324343227265139e-16 3.024183966119742343e-16
1.217289628422206079e+03 -1.419287004352351292e-16 2.923448497132502422e-16
1.217872640395898770e+03 -2.149893362657503376e-16 2.533708090253262270e-16
1.218455652369591462e+03 -2.431754099884744733e-16 1.430598707476776576e-16
1.219038664343284154e+03 1.794080649625134962e-16 1.101007450901704680e-16
1.219621676316976846e+03 -1.941752259723369084e-17 6.190184760803656455e-17
1.220204688290669537e+03 1.042700837347612451e-17 4.552319219492491565e-17
1.220787700264362229e+03 -9.177230789943697210e-17 3.226558380469012281e-17
1.221370712238054921e+03 3.727368018384907183e-17 4.895671140221700901e-17
1.221953724211747613e+03 1.511457600438207055e-17 3.664339403303880752e-17
1.222536736185440304e+03 -1.336544767707214119e-17 3.714530779074892700e-17
1.223119748159132996e+03 7.409501905646894442e-17 3.980503166222574428e-17
1.223702760132825688e+03 -1.420820773797999243e-17 1.927793554286658921e-17
1.224285772106518380e+03 1.128435986240617304e-17 2.574087101350935567e-17
1.224868784080211071e+03 1.996588297981086469e-17 3.862660262766851566e-17
1.225451796053903763e+03 5.883213470517586745e-17 4.535031284538251948e-17
1.226034808027596455e+03 2.852409198523670072e-17 4.010105521858767647e-17
1.226617820001289147e+03 7.348188004236883876e-17 4.753684610175168635e-17
1.227200831974981838e+03 1.600577880875428238e-16 6.142811764671773809e-17
1.227783843948674530e+03 2.038002930922280308e-16 6.530441801404934097e-17
1.228366855922367222e+03 3.362230602498383720e-16 7.979124205590177665e-17
1.228949867896059914e+03 4.153587788037680016e-16 8.438907434180159803e-17
1.229532879869752605e+03 4.608837961617477774e-16 8.933629726726480938e-17
1.230115891843445297e+03 5.922164350129359758e-16 9.862538966186429257e-17
1.230698903817137989e+03 4.939409927542639848e-16 8.918824933771834278e-17
1.231281915790830681e+03 5.590088307132173283e-16 9.522799965269280580e-17
1.231864927764523372e+03 6.441823577425017754e-16 1.019761986637777018e-16
1.232447939738216064e+03 8.722671974205621838e-16 1.178098819933039730e-16
1.233030951711908756e+03 9.260364092678629384e-16 1.182435339426290151e-16
1.233613963685601448e+03 8.652449596953509198e-16 1.124758078645948418e-16
1.234196975659294139e+03 9.502759802356320281e-16 1.200201527622483750e-16
1.234779987632986831e+03 8.980567349273082811e-16 1.127447725601875602e-16
1.235362999606679523e+03 1.021184169859952733e-15 1.222255679487649489e-16
1.235946011580372215e+03 1.150764727506622215e-15 1.260403048906215190e-16
1.236529023554064906e+03 1.078471528559753641e-15 1.221587042114041851e-16
1.237112035527757598e+03 1.081384460314801272e-15 1.208495384486934341e-16
1.237695047501450290e+03 1.261063982537582021e-15 1.319483093530713560e-16
1.238278059475142982e+03 1.077519635045925185e-15 1.209897332879144137e-16
1.238861071448835673e+03 1.271495531439526464e-15 1.289917818903639055e-16
1.239444083422528365e+03 1.295293673719908625e-15 1.313918091236035099e-16
1.240027095396221057e+03 1.235153693934440895e-15 1.256691744218583177e-16
1.240610107369913749e+03 9.199169734621954581e-16 1.084443593950788860e-16
1.241193119343606440e+03 1.022600069272587295e-15 1.175344267573270491e-16
1.241776131317299132e+03 1.196408783824793156e-15 1.261255160706022663e-16
1.242359143290991824e+03 1.295114964630947547e-15 1.287534189358587822e-16
1.242942155264684516e+03 1.377843925973598723e-15 1.338158570221554984e-16
1.243525167238377207e+03 1.263635173796468878e-15 1.238166448913730112e-16
1.244108179212069899e+03 1.593223885686162430e-15 1.430091285010629257e-16
1.244691191185762591e+03 1.325648470968008884e-15 1.255712930745516560e-16
1.245274203159455283e+03 1.297437459386241268e-15 1.256459238387847663e-16
1.245857215133147974e+03 1.266767210964415571e-15 1.257329069394431746e-16
1.246440227106840666e+03 1.023745883075361491e-15 1.112025312359312330e-16
1.247023239080533358e+03 1.363621540811441632e-15 1.299530393278018766e-16
1.247606251054226050e+03 1.130713254582474454e-15 1.159439653410380220e-16
1.248189263027918741e+03 1.202506740722590559e-15 1.196949246629114562e-16
1.248772275001611433e+03 1.240339132883119877e-15 1.220817376421208962e-16
1.249355286975304125e+03 1.288591593147859325e-15 1.256887445847601179e-16
1.249938298948996817e+03 1.386314430888504914e-15 1.286937042940574973e-16
1.250521310922689509e+03 1.106004650958186917e-15 1.110908842891135185e-16
1.251104322896382200e+03 9.279437071761802606e-16 1.051349105698739664e-16
1.251687334870074892e+03 1.153827240407608926e-15 1.188404660083509400e-16
1.252270346843767584e+03 1.043824314474965027e-15 1.101905191983569738e-16
1.252853358817460276e+03 1.052489389262543028e-15 1.117911951731091852e-16
1.253436370791152967e+03 1.092383738383199332e-15 1.135551016724787322e-16
1.254019382764845659e+03 1.067561620707054294e-15 1.118225628955781149e-16
1.254602394738538351e+03 9.804099175162577380e-16 1.060434605233845579e-16
1.255185406712231043e+03 1.000392981417707615e-15 1.079927364721288524e-16
1.255768418685923734e+03 9.968776130510741438e-16 1.073520870544195133e-16
1.256351430659616426e+03 1.270745649351874232e-15 1.243557239579084519e-16
1.256934442633309118e+03 1.129473840666519316e-15 1.113027033019706993e-16
1.257517454607001810e+03 9.397444720645978329e-16 1.048668106622011627e-16
1.258100466580694501e+03 9.302573843649828777e-16 1.020693633100800225e-16
1.258683478554387193e+03 1.141077494517999334e-15 1.147199185339759713e-16
1.259266490528079885e+03 8.123968521003958249e-16 9.337093741986239936e-17
1.259849502501772577e+03 5.403620859616061473e-16 7.986797707550797960e-17
1.260432514475465268e+03 5.452911116879395126e-16 7.902488224568728879e-17
1.261015526449157960e+03 4.668592167132024592e-16 7.634993751757976238e-17
1.261598538422850652e+03 5.583604420282739822e-16 8.147968803458112211e-17
1.262181550396543344e+03 6.890203143479780083e-16 9.199786991074388170e-17
1.262764562370236035e+03 6.900864370715152981e-16 8.751345817804803346e-17
1.263347574343928727e+03 8.237329551454736784e-16 9.836477244115270307e-17
1.263930586317621419e+03 6.642383986367876273e-16 8.374515455712121335e-17
1.264513598291314111e+03 6.294983774098788239e-16 8.507053454370084781e-17
1.265096610265006802e+03 7.916460653823794919e-16 9.408656502635551612e-17
1.265679622238699494e+03 7.473815846646357429e-16 9.183733630328086438e-17
1.266262634212392186e+03 7.412371619078919587e-16 8.984631776056094729e-17
1.266845646186084878e+03 7.430910030353889787e-16 9.112181591915459147e-17
1.267428658159777569e+03 7.024335737972982310e-16 8.794787968977414197e-17
1.268011670133470261e+03 6.328417714953802343e-16 8.207656578054311566e-17
1.268594682107162953e+03 8.221410431444164242e-16 9.598265393831421201e-17
1.269177694080855645e+03 1.018585994710763540e-15 1.061682440952621484e-16
1.269760706054548336e+03 7.392191238532822741e-16 8.605990466343036685e-17
1.270343718028241028e+03 7.923152766287534070e-16 9.526444745380127984e-17
1.270926730001933720e+03 8.219769740950648682e-16 9.374034143486809465e-17
1.271509741975626412e+03 8.137592167351899617e-16 9.468166604521085899e-17
1.272092753949319103e+03 9.064296606461655136e-16 9.811578471764121610e-17
1.272675765923011795e+03 7.133600261647319405e-16 8.619556282481619997e-17
1.273258777896704487e+03 6.702219622156486911e-16 8.484929963686759496e-17
1.273841789870397179e+03 7.726331911418822854e-16 9.196700807187974828e-17
1.274424801844089870e+03 8.684742880399894955e-16 9.624147315637511131e-17
1.275007813817782562e+03 7.768016107963202031e-16 8.960250333893415645e-17
1.275590825791475254e+03 6.973340229596408492e-16 8.529534888968305803e-17
1.276173837765167946e+03 7.464504799153876105e-16 9.141441934847467130e-17
1.276756849738860637e+03 6.195111122856911239e-16 8.184927152159273945e-17
1.277339861712553329e+03 6.287213528777986434e-16 8.257625787662429524e-17
1.277922873686246021e+03 6.596355765950753837e-16 8.521765257978825003e-17
1.278505885659938713e+03 6.858807811233693573e-16 8.537181049998014213e-17
1.279088897633631404e+03 6.338854853311222509e-16 8.111633892518725262e-17
1.279671909607324096e+03 8.863176373049165765e-16 9.894291356726928732e-17
1.280254921581016788e+03 9.193949018889330008e-16 9.624869872723889638e-17
1.280837933554709480e+03 7.757831216324857042e-16 9.012351741167569986e-17
1.281420945528402171e+03 6.891934016856042015e-16 8.480506631551416344e-17
1.282003957502094863e+03 6.805996013114817761e-16 8.432099100630746955e-17
1.282586969475787555e+03 9.138559938484436827e-16 9.965670705876527364e-17
1.283169981449480247e+03 8.979421683905205790e-16 9.398192018541110627e-17
1.283752993423172938e+03 8.861497326629399709e-16 9.627678442145401766e-17
1.284336005396865630e+03 8.449672851125385001e-16 9.222094401172907268e-17
1.284919017370558322e+03 8.144301849046058798e-16 9.057206185909530347e-17
1.285502029344251014e+03 9.271663297194500073e-16 9.869615215962685371e-17
1.286085041317943706e+03 9.166994796678568025e-16 9.836567228582867609e-17
1.286668053291636397e+03 9.592415657368758565e-16 9.832859631907846013e-17
1.287251065265329089e+03 9.632190379001758020e-16 9.928844013991159806e-17
1.287834077239021781e+03 9.414790079472467094e-16 9.605522667764950717e-17
1.288417089212714473e+03 9.263020792895223896e-16 9.682354078015967540e-17
1.289000101186407164e+03 8.953637614578513706e-16 9.559599068548095233e-17
1.289583113160099856e+03 1.149340953101820488e-15 1.091989828021220444e-16
1.290166125133792548e+03 9.756107439320175795e-16 9.672188385066805906e-17
1.290749137107485240e+03 1.101287635332422855e-15 1.056873147208834723e-16
1.291332149081177931e+03 1.133887778879985124e-15 1.058044957157856186e-16
1.291915161054870623e+03 1.145248636168810506e-15 1.060344646855343475e-16
1.292498173028563315e+03 1.423325037107369435e-15 1.191047425433368742e-16
1.293081185002256007e+03 1.259594900870792519e-15 1.103605021261105026e-16
1.293664196975948698e+03 1.287028821098555613e-15 1.114069623391221224e-16
1.294247208949641390e+03 1.210634340081876780e-15 1.064260754925027152e-16
1.294830220923334082e+03 1.416516908137467804e-15 1.182581322362109173e-16
1.295413232897026774e+03 1.326159150721342096e-15 1.117362002870219484e-16
1.295996244870719465e+03 1.328564860436791839e-15 1.130271463860924400e-16
1.296579256844412157e+03 1.228174026886776078e-15 1.078595230615699907e-16
1.297162268818104849e+03 1.546507140463260816e-15 1.257510370429262092e-16
1.297745280791797541e+03 1.675109845326199650e-15 1.238616389700980655e-16
1.298328292765490232e+03 1.601203540398096308e-15 1.241676759578080442e-16
1.298911304739182924e+03 1.515241268243384764e-15 1.195531004067785900e-16
1.299494316712875616e+03 1.602911928579609689e-15 1.273647547143107145e-16
1.300077328686568308e+03 1.706561474093734698e-15 1.243666009809706565e-16
1.300660340660260999e+03 1.623688227215347319e-15 1.289928393804227365e-16
1.301243352633953691e+03 1.273566142694538828e-15 1.094818635572057260e-16
1.301826364607646383e+03 1.120548876700790068e-15 1.059378916542758428e-16
1.302409376581339075e+03 1.174372351981383475e-15 1.083982147598688642e-16
1.302992388555031766e+03 1.209705159801338370e-15 1.096411365799505994e-16
1.303575400528724458e+03 1.085768061648334766e-15 1.019794106851080974e-16
1.304158412502417150e+03 1.334048635510784579e-15 1.181181180723962680e-16
1.304741424476109842e+03 1.307943273611519917e-15 1.121790981691929447e-16
1.305324436449802533e+03 1.662529581842433253e-15 1.296517503406590328e-16
1.305907448423495225e+03 1.441778962900489615e-15 1.167791275858305373e-16
1.306490460397187917e+03 1.491713980735712397e-15 1.209865643412018926e-16
1.307073472370880609e+03 1.415573802909125897e-15 1.164690216522827997e-16
1.307656484344573300e+03 1.848346473738822425e-15 1.367519636142168926e-16
1.308239496318265992e+03 1.839615203954079873e-15 1.299925592164891008e-16
1.308822508291958684e+03 1.779665467248530877e-15 1.319108105404933591e-16
1.309405520265651376e+03 1.826933064162738660e-15 1.301445762437745267e-16
1.309988532239344067e+03 1.796332200087816136e-15 1.312533237618183502e-16
1.310571544213036759e+03 1.901204216765604260e-15 1.345935537853749734e-16
1.311154556186729451e+03 1.904804232451134934e-15 1.338919639156859191e-16
1.311737568160422143e+03 1.960720460501864191e-15 1.353834674170092540e-16
1.312320580134114834e+03 2.038525427242873992e-15 1.387920405055631413e-16
1.312903592107807526e+03 1.919268509421882100e-15 1.338334558051623624e-16
1.313486604081500218e+03 2.084727676039171480e-15 1.410566992089158836e-16
1.314069616055192910e+03 1.977545399487946834e-15 1.360395225896572712e-16
1.314652628028885601e+03 2.025811778585909785e-15 1.385767216568270312e-16
1.315235640002578293e+03 2.159633415504262104e-15 1.428129407825450980e-16
1.315818651976270985e+03 2.185370132069497133e-15 1.450601969079315147e-16
1.316401663949963677e+03 1.995095324438172149e-15 1.339736319334572038e-16
1.316984675923656368e+03 1.810568607537429880e-15 1.320121417613656548e-16
1.317567687897349060e+03 1.885024423229322421e-15 1.354445297399882269e-16
1.318150699871041752e+03 1.868450952066548588e-15 1.327704733266900147e-16
1.318733711844734444e+03 2.018599118724273338e-15 1.378077701170416380e-16
1.319316723818427135e+03 2.003903899859135248e-15 1.377256731097947175e-16
1.319899735792119827e+03 1.964332821350601259e-15 1.351860721797393599e-16
1.320482747765812519e+03 2.194299289484857173e-15 1.469283511436972994e-16
1.321065759739505211e+03 2.162467643528851171e-15 1.438958370168661729e-16
1.321648771713197902e+03 2.053099150769099080e-15 1.378757248818463263e-16
1.322231783686890594e+03 1.873678498222571723e-15 1.327857631009854054e-16
1.322814795660583286e+03 2.130150503346385057e-15 1.411860528091387656e-16
1.323397807634275978e+03 2.204395220747508184e-15 1.455006829944056528e-16
1.323980819607968670e+03 2.021316718104155116e-15 1.368712545397347063e-16
1.324563831581661361e+03 2.120093460993252272e-15 1.399513078361203665e-16
1.325146843555354053e+03 2.298430311037027573e-15 1.482891912736896037e-16
1.325729855529046745e+03 2.199334701382410624e-15 1.454701290766241617e-16
1.326312867502739437e+03 2.158238148339427756e-15 1.428850447463608519e-16
1.326895879476432128e+03 2.444641309820575147e-15 1.547205246461292812e-16
1.327478891450124820e+03 2.379891366385813108e-15 1.475390512147524627e-16
1.328061903423817512e+03 2.366593668820608568e-15 1.485453274452555145e-16
1.328644915397510204e+03 2.321634562545095023e-15 1.495833235014878854e-16
1.329227927371202895e+03 2.419409954193724212e-15 1.518074528853245432e-16
1.329810939344895587e+03 2.404434304369357690e-15 1.494984188072138404e-16
1.330393951318588279e+03 2.437020104244310980e-15 1.518433594750018309e-16
1.330976963292280971e+03 2.432552285146588932e-15 1.526907437263626323e-16
1.331559975265973662e+03 2.594621500144079203e-15 1.575649685440688055e-16
1.332142987239666354e+03 2.364325221152921767e-15 1.493442966870705465e-16
1.332725999213359046e+03 2.411276425506775151e-15 1.505701358636670067e-16
1.333309011187051738e+03 2.318478149836253870e-15 1.453490547949798408e-16
1.333892023160744429e+03 2.036703683560604426e-15 1.393747215998974526e-16
1.334475035134437121e+03 1.668691978254751687e-15 1.265899879950730600e-16
1.335058047108129813e+03 1.073703707885087969e-15 9.867070888900820446e-17
1.335641059081822505e+03 1.194910053488740623e-15 1.130546153963254842e-16
1.336224071055515196e+03 1.766358194598810687e-15 1.334830409936201036e-16
1.336807083029207888e+03 2.311256187764985780e-15 1.531667017906662177e-16
1.337390095002900580e+03 2.675533460328420623e-15 1.581163021407190138e-16
1.337973106976593272e+03 2.684161617084588924e-15 1.615785268491701534e-16
1.338556118950285963e+03 2.660585983322671131e-15 1.576179084159902207e-16
1.339139130923978655e+03 2.323357296921431311e-15 1.485461942117134966e-16
1.339722142897671347e+03 2.531812844249879162e-15 1.567556322103398698e-16
1.340305154871364039e+03 2.772021784211641305e-15 1.681099642773048186e-16
1.340888166845056730e+03 2.884125847341051772e-15 1.657666495491175924e-16
1.341471178818749422e+03 3.244054963476972896e-15 1.789682560490030195e-16
1.342054190792442114e+03 3.185410037086559399e-15 1.743693184704017720e-16
1.342637202766134806e+03 3.223646722395189998e-15 1.768492277883342029e-16
1.343220214739827497e+03 3.402305409590230835e-15 1.795968720742779948e-16
1.343803226713520189e+03 3.600894136476955153e-15 1.881198042764833758e-16
1.344386238687212881e+03 3.008882960977911771e-15 1.650396880909807162e-16
1.344969250660905573e+03 3.209406054833525245e-15 1.806190085142010399e-16
1.345552262634598264e+03 3.672283459862273519e-15 1.894568473725227664e-16
1.346135274608290956e+03 3.631700673580072560e-15 1.876513650359816498e-16
1.346718286581983648e+03 3.623545948575718954e-15 1.881107045806459901e-16
1.347301298555676340e+03 3.593071693770205605e-15 1.848563369041981127e-16
1.347884310529369031e+03 3.281767812319893271e-15 1.760061486913674228e-16
1.348467322503061723e+03 3.564091756355806144e-15 1.878829651727452952e-16
1.349050334476754415e+03 3.126031605889087401e-15 1.697739894136076585e-16
1.349633346450447107e+03 3.366878727385799197e-15 1.829894800188853660e-16
1.350216358424139798e+03 3.310354629476717594e-15 1.782990044850205223e-16
1.350799370397832490e+03 3.173417602714790889e-15 1.748141388695668033e-16
1.351382382371525182e+03 3.093013683282855574e-15 1.733758284527870207e-16
1.351965394345217874e+03 3.471198618438561396e-15 1.856481569068446935e-16
1.352548406318910565e+03 3.776735932395960542e-15 1.914265864136363608e-16
1.353131418292603257e+03 3.701918139566679840e-15 1.908862578506809565e-16
1.353714430266295949e+03 3.495042011021255505e-15 1.821951139219643553e-16
1.354297442239988641e+03 3.401957583616336991e-15 1.826686945504028343e-16
1.354880454213681332e+03 3.449079144194861132e-15 1.825939632863150799e-16
1.355463466187374024e+03 3.754426032448616830e-15 1.949740855475961987e-16
1.356046478161066716e+03 3.681490147759522779e-15 1.882287685799922447e-16
1.356629490134759408e+03 3.241148803527468490e-15 1.773076179553505573e-16
1.357212502108452099e+03 3.654137234585251209e-15 1.965209041221546195e-16
1.357795514082144791e+03 3.452523957755775151e-15 1.809469278103215831e-16
1.358378526055837483e+03 3.706573178514891266e-15 1.938130491216880425e-16
1.358961538029530175e+03 3.917818566687492290e-15 1.988773889415273825e-16
1.359544550003222867e+03 3.432009689157127353e-15 1.808055636263341300e-16
1.360127561976915558e+03 3.751561970394055946e-15 1.972465122354186036e-16
1.360710573950608250e+03 3.830295172916094565e-15 1.968259080817663624e-16
1.361293585924300942e+03 3.767124098519783386e-15 1.942085657254471295e-16
1.361876597897993634e+03 3.641195525718784123e-15 1.911910753743365238e-16
1.362459609871686325e+03 3.781818864951139331e-15 1.925616943972260651e-16
1.363042621845379017e+03 3.770317780121320993e-15 1.947516470282061393e-16
1.363625633819071709e+03 4.070329420306045019e-15 2.028846972902813259e-16
1.364208645792764401e+03 3.787366177604348299e-15 1.904457771306608850e-16
1.364791657766457092e+03 3.832905287942705443e-15 2.007806601520958191e-16
1.365374669740149784e+03 3.772279430517760906e-15 1.944218078085915213e-16
1.365957681713842476e+03 4.044425304400868215e-15 2.017618033169151357e-16
1.366540693687535168e+03 4.034099331955567192e-15 2.022801843139319814e-16
1.367123705661227859e+03 4.157147244937890435e-15 2.025840892585580992e-16
1.367706717634920551e+03 3.764860383576368889e-15 1.941241065722861273e-16
1.368289729608613243e+03 3.585081033759855516e-15 1.914661147849307486e-16
1.368872741582305935e+03 3.746620711056307627e-15 1.967983502926220011e-16
1.369455753555998626e+03 3.766940539949135365e-15 1.950750408770243079e-16
1.370038765529691318e+03 3.639906724183463698e-15 1.903154413170752025e-16
1.370621777503384010e+03 3.496830542217061593e-15 1.869588054164100186e-16
1.371204789477076702e+03 3.758895331013522629e-15 1.990790081413738225e-16
1.371787801450769393e+03 4.062944848132544196e-15 2.063709798245300547e-16
1.372370813424462085e+03 4.180311573924378682e-15 2.082472821905680309e-16
1.372953825398154777e+03 4.181925852447305721e-15 2.078207145756145632e-16
1.373536837371847469e+03 3.787108365185393770e-15 1.942963319002009915e-16
1.374119849345540160e+03 3.826035226932566647e-15 2.017711356238083670e-16
1.374702861319232852e+03 4.160253034737650059e-15 2.051069181288874885e-16
1.375285873292925544e+03 4.042055653834917175e-15 2.072611176496903852e-16
1.375868885266618236e+03 3.875152630233287654e-15 1.958257543203965462e-16
1.376451897240310927e+03 4.100050359586051520e-15 2.074304317630783833e-16
1.377034909214003619e+03 3.784638692364912837e-15 1.953478515085131713e-16
1.377617921187696311e+03 3.742810553837832434e-15 2.016575856522664821e-16
1.378200933161389003e+03 3.658478452719719970e-15 1.924221972568132414e-16
1.378783945135081694e+03 3.885812127389737696e-15 2.040917054512318327e-16
1.379366957108774386e+03 4.240510026834996910e-15 2.078733504336806478e-16
1.379949969082467078e+03 4.183902139161179365e-15 2.110214285272778827e-16
1.380532981056159770e+03 4.280411422121677900e-15 2.107294029628318014e-16
1.381115993029852461e+03 4.273775319567492665e-15 2.135358623199888393e-16
1.381699005003545153e+03 4.128738004960438307e-15 2.080084281240920347e-16
1.382282016977237845e+03 4.456701061608710463e-15 2.202027288523325260e-16
1.382865028950930537e+03 4.400853754363287314e-15 2.129751085088227434e-16
1.383448040924623228e+03 4.362643424836623358e-15 2.185328480305133500e-16
1.384031052898315920e+03 3.970706500005667202e-15 2.015649492852645692e-16
1.384614064872008612e+03 4.112138505030046205e-15 2.118906472251751434e-16
1.385197076845701304e+03 3.947101432981329715e-15 2.051351101999812283e-16
1.385780088819393995e+03 3.875256385734677643e-15 2.057584073592226985e-16
1.386363100793086687e+03 4.301107279610289192e-15 2.188722126183203506e-16
1.386946112766779379e+03 4.506899877117578723e-15 2.186360408084471007e-16
1.387529124740472071e+03 4.380302242852727905e-15 2.172352876574448198e-16
1.388112136714164762e+03 4.245875860720197895e-15 2.132310022070405853e-16
1.388695148687857454e+03 4.219600467282188097e-15 2.148522805898096931e-16
1.389278160661550146e+03 4.350990704257031863e-15 2.192234393875251514e-16
1.389861172635242838e+03 4.194299649782774134e-15 2.137311535836616162e-16
1.390444184608935529e+03 4.341934200457288433e-15 2.202553439199454672e-16
1.391027196582628221e+03 4.534334506143118261e-15 2.220673894316047676e-16
1.391610208556320913e+03 4.399830083849070409e-15 2.228968533647457328e-16
1.392193220530013605e+03 4.070666477268342891e-15 2.098147745605902808e-16
1.392776232503706296e+03 4.161229676499443176e-15 2.184430957895931314e-16
1.393359244477398988e+03 4.093536952802562087e-15 2.104397948293471120e-16
1.393942256451091680e+03 4.013898462465357060e-15 2.109496017336832887e-16
1.394525268424784372e+03 3.852760225388913822e-15 2.053774558587568766e-16
1.395108280398477063e+03 3.926357604475530366e-15 2.106453911428279929e-16
1.395691292372169755e+03 4.569044271827676144e-15 2.267707664315139804e-16
1.396274304345862447e+03 4.907144512445702582e-15 2.370810333934289150e-16
1.396857316319555139e+03 4.787905284066170317e-15 2.325385300151580080e-16
1.397440328293247831e+03 4.770826006821274124e-15 2.273685616716513283e-16
1.398023340266940522e+03 4.756374706917650216e-15 2.290891160038266879e-16
1.398606352240633214e+03 4.858642915379206885e-15 2.352332427517176620e-16
1.399189364214325906e+03 4.565313874962836878e-15 2.225375618753021913e-16
1.399772376188018598e+03 4.481945722252934058e-15 2.242103813970905894e-16
1.400355388161711289e+03 4.813758011739197607e-15 2.374806753579372463e-16
1.400938400135403981e+03 4.866861746057203820e-15 2.322419848503135354e-16
1.401521412109096673e+03 5.201413932306045855e-15 2.451620161168478284e-16
1.402104424082789365e+03 5.023882208579372242e-15 2.341286873553709416e-16
1.402687436056482056e+03 4.697708986361386718e-15 2.307755773947433568e-16
1.403270448030174748e+03 4.081959558161013621e-15 2.120875904611812996e-16
1.403853460003867440e+03 4.069962017781862766e-15 2.148928870764682466e-16
1.404436471977560132e+03 4.518208680917502770e-15 2.310070067369556301e-16
1.405019483951252823e+03 4.758805968335096881e-15 2.391990514523325620e-16
1.405602495924945515e+03 4.514861375837755207e-15 2.266755485693410217e-16
1.406185507898638207e+03 4.587174830493170463e-15 2.318013359839136134e-16
1.406768519872330899e+03 4.874277289984418902e-15 2.365975397423469725e-16
1.407351531846023590e+03 5.084250772244901307e-15 2.427216117331783729e-16
1.407934543819716282e+03 4.584970492463359327e-15 2.267590712551651460e-16
1.408517555793408974e+03 4.817231275045579744e-15 2.430641107089731575e-16
1.409100567767101666e+03 4.894954892592503308e-15 2.420654943674674430e-16
1.409683579740794357e+03 4.858059959118147290e-15 2.374932887847013888e-16
1.410266591714487049e+03 4.866138523134817368e-15 2.423660586393037360e-16
1.410849603688179741e+03 4.803154816740828940e-15 2.377872868743654697e-16
1.411432615661872433e+03 4.992584213548374838e-15 2.472728729110261122e-16
1.412015627635565124e+03 4.694183736418738930e-15 2.341653987496699672e-16
1.412598639609257816e+03 4.951227764575590664e-15 2.458278375085758428e-16
1.413181651582950508e+03 5.219703113900793549e-15 2.491707693260444001e-16
1.413764663556643200e+03 5.255168729340808884e-15 2.522606343831622601e-16
1.414347675530335891e+03 5.010324578331003527e-15 2.432194779221565285e-16
1.414930687504028583e+03 4.973802292021365414e-15 2.494022469812890570e-16
1.415513699477721275e+03 5.219572218641933476e-15 2.520846018021123149e-16
1.416096711451413967e+03 4.797861899945663931e-15 2.382474755308100444e-16
1.416679723425106658e+03 5.029279006174464527e-15 2.475476256249877557e-16
1.417262735398799350e+03 5.015361345034625536e-15 2.452963125047799405e-16
1.417845747372492042e+03 4.876770437798197391e-15 2.436519496345858917e-16
1.418428759346184734e+03 4.728194009960038761e-15 2.415050935924763590e-16
1.419011771319877425e+03 4.791257074929984071e-15 2.401865702041170101e-16
1.419594783293570117e+03 5.009913816515938515e-15 2.559267814420185924e-16
1.420177795267262809e+03 5.128649179595683911e-15 2.486656880977537729e-16
1.420760807240955501e+03 4.916517167013009917e-15 2.482195070914869586e-16
1.421343819214648192e+03 5.178047173643520851e-15 2.523393659450477127e-16
1.421926831188340884e+03 4.399204448638119370e-15 2.291731494895966990e-16
1.422509843162033576e+03 4.686065969039464793e-15 2.450473689741813404e-16
1.423092855135726268e+03 4.964678043109459737e-15 2.489830327927285831e-16
1.423675867109418959e+03 4.992704966756412953e-15 2.496343246698507025e-16
1.424258879083111651e+03 4.671043383131632300e-15 2.404739900090812801e-16
1.424841891056804343e+03 4.785762158828288621e-15 2.460743140045079114e-16
1.425424903030497035e+03 4.591080568483259054e-15 2.387746472981861920e-16
1.426007915004189726e+03 5.050601316339456854e-15 2.569412285495454798e-16
1.426590926977882418e+03 5.369585029129090321e-15 2.569668925022508962e-16
1.427173938951575110e+03 4.943351006422661701e-15 2.494085194480086472e-16
1.427756950925267802e+03 5.145858943576845775e-15 2.592413671633708633e-16
1.428339962898960493e+03 5.181537288411632390e-15 2.543669665237405358e-16
1.428922974872653185e+03 4.565069056060310326e-15 2.413702382411113244e-16
1.429505986846345877e+03 4.969476732265279802e-15 2.529585976146133826e-16
1.430088998820038569e+03 4.958235752621185855e-15 2.540965872766406910e-16
1.430672010793731260e+03 5.044753167199001842e-15 2.536088110382067329e-16
1.431255022767423952e+03 5.247139395655396303e-15 2.630053805839531034e-16
1.431838034741116644e+03 5.047391306979556435e-15 2.522184604168650804e-16
1.432421046714809336e+03 5.132235440590156292e-15 2.605390529157166438e-16
1.433004058688502028e+03 4.797693394470052953e-15 2.494247681251850841e-16
1.433587070662194719e+03 5.046757611661824268e-15 2.612529468087926960e-16
1.434170082635887411e+03 5.476868258090612378e-15 2.683816016641425012e-16
1.434753094609580103e+03 4.916233239565044998e-15 2.516852039399277581e-16
1.435336106583272795e+03 5.213146993901379120e-15 2.662051608757954226e-16
1.435919118556965486e+03 4.767688120252022437e-15 2.520278655884208303e-16
1.436502130530658178e+03 4.601749864385969906e-15 2.517101864718475243e-16
1.437085142504350870e+03 4.877505186159190009e-15 2.520119225202353430e-16
1.437668154478043562e+03 5.058882546305953915e-15 2.610545701551624688e-16
1.438251166451736253e+03 5.246795658579456332e-15 2.654022111795310847e-16
1.438834178425428945e+03 4.963451998448265098e-15 2.541574588911618137e-16
1.439417190399121637e+03 4.581705374602097869e-15 2.510395553623638624e-16
1.440000202372814329e+03 4.730143294066604179e-15 2.540060482228008859e-16
1.440583214346507020e+03 5.536900891523600765e-15 2.756825074302049566e-16
1.441166226320199712e+03 4.889930997662638250e-15 2.540660539007672198e-16
1.441749238293892404e+03 4.788968155790218270e-15 2.530887356182827187e-16
1.442332250267585096e+03 4.944064630057672113e-15 2.613678487017123329e-16
1.442915262241277787e+03 4.680853327388407063e-15 2.509682747781286585e-16
1.443498274214970479e+03 4.758034953525574421e-15 2.534016735800974359e-16
1.444081286188663171e+03 4.727831827781587270e-15 2.602123529871437093e-16
1.444664298162355863e+03 4.502763187220424187e-15 2.488604858323970306e-16
1.445247310136048554e+03 4.899116902018916318e-15 2.582756680352008265e-16
1.445830322109741246e+03 5.115293312617343193e-15 2.698811224293156513e-16
1.446413334083433938e+03 4.585866541376191061e-15 2.516034074922153864e-16
1.446996346057126630e+03 4.360113966684955459e-15 2.437211530574057963e-16
1.447579358030819321e+03 4.214689284312917130e-15 2.454527887696079420e-16
1.448162370004512013e+03 4.246736883627958511e-15 2.458839968141960155e-16
1.448745381978204705e+03 4.228667003477767344e-15 2.463024263620086202e-16
1.449328393951897397e+03 3.989029007892274336e-15 2.339754663436017834e-16
1.449911405925590088e+03 4.090018461148835913e-15 2.434704388175801459e-16
1.450494417899282780e+03 3.987807144778023347e-15 2.357972577947526574e-16
1.451077429872975472e+03 3.661435806119498304e-15 2.255102808576752526e-16
1.451660441846668164e+03 3.493955066830224138e-15 2.248234286089329315e-16
1.452243453820360855e+03 3.793692694997675059e-15 2.359503192715926217e-16
1.452826465794053547e+03 3.503827695576299575e-15 2.207771585279138915e-16
1.453409477767746239e+03 3.661380327747364581e-15 2.328036566294612634e-16
1.453992489741438931e+03 3.559162694681543501e-15 2.261761259730748821e-16
1.454575501715131622e+03 3.413390501333172507e-15 2.231338225599959691e-16
1.455158513688824314e+03 3.235763059504550176e-15 2.164481246961657250e-16
1.455741525662517006e+03 2.771818914212878871e-15 2.017268711564930604e-16
1.456324537636209698e+03 2.819494527186956289e-15 2.057266024272412756e-16
1.456907549609902389e+03 3.329644008304621826e-15 2.282781717925188411e-16
1.457490561583595081e+03 3.314962192615105190e-15 2.192545639975011201e-16
1.458073573557287773e+03 2.685071849273533779e-15 2.006722493786959653e-16
1.458656585530980465e+03 2.920754291604077256e-15 2.086316571913848909e-16
1.459239597504673156e+03 2.909192192619124155e-15 2.099520097645737051e-16
1.459822609478365848e+03 2.674005959672985380e-15 2.007205471059664042e-16
1.460405621452058540e+03 2.813267435293329768e-15 2.088281730379746565e-16
1.460988633425751232e+03 2.465055821664854878e-15 1.910362453661284946e-16
1.461571645399443923e+03 2.683109504950364102e-15 2.023173973826970511e-16
1.462154657373136615e+03 2.596073677667203533e-15 1.956039416918278966e-16
1.462737669346829307e+03 2.714528550704562261e-15 2.028871420618936482e-16
1.463320681320521999e+03 2.479338023684998190e-15 1.932181600021989724e-16
1.463903693294214690e+03 2.331888281385425947e-15 1.908958812650540376e-16
1.464486705267907382e+03 2.854973183319927572e-15 2.161653143813855586e-16
1.465069717241600074e+03 2.933476702425870242e-15 2.139203608921968939e-16
1.465652729215292766e+03 2.716095891176405833e-15 2.052172930682225538e-16
1.466235741188985457e+03 2.602624251212607105e-15 2.005579390386985137e-16
1.466818753162678149e+03 2.622289624802258137e-15 2.026646449848409782e-16
1.467401765136370841e+03 2.624501363327183472e-15 2.059556077221176669e-16
1.467984777110063533e+03 2.690110640807364552e-15 2.055605372168191577e-16
1.468567789083756224e+03 2.912586916660079703e-15 2.190511402356480332e-16
1.469150801057448916e+03 2.820902969282219804e-15 2.155896301301551825e-16
1.469733813031141608e+03 2.678422556220532868e-15 2.082046182434149665e-16
1.470316825004834300e+03 3.149073615730343451e-15 2.268831355930539222e-16
1.470899836978526992e+03 2.977486604693014395e-15 2.172531927166329114e-16
1.471482848952219683e+03 2.607903120455187204e-15 2.034375134269474200e-16
1.472065860925912375e+03 3.171912581310239422e-15 2.311370139525879510e-16
1.472648872899605067e+03 3.139999971739261344e-15 2.228676013170815253e-16
1.473231884873297759e+03 3.256244947526294441e-15 2.334077082431347790e-16
1.473814896846990450e+03 2.592885395090547678e-15 1.973359105179559283e-16
1.474397908820683142e+03 2.386255362674015905e-15 1.998427325716433714e-16
1.474980920794375834e+03 2.913911022787753843e-15 2.214099344941270139e-16
1.475563932768068526e+03 3.239634294370053707e-15 2.336527753826626236e-16
1.476146944741761217e+03 3.080836409822588377e-15 2.263589749804814427e-16
1.476729956715453909e+03 3.239279787407044664e-15 2.295893825585402950e-16
1.477312968689146601e+03 3.284670445580161545e-15 2.307110003955161453e-16
1.477895980662839293e+03 3.190383667792269530e-15 2.285509969638753910e-16
1.478478992636531984e+03 2.910307676409416539e-15 2.157163504318840392e-16
1.479062004610224676e+03 3.065857312533751588e-15 2.268067163253915167e-16
1.479645016583917368e+03 3.455742310071849057e-15 2.446322165257192503e-16
1.480228028557610060e+03 3.543512165207357484e-15 2.410807024161930804e-16
1.480811040531302751e+03 3.691326071134173612e-15 2.527664471014130511e-16
1.481394052504995443e+03 3.258549056858528919e-15 2.293751653830198012e-16
1.481977064478688135e+03 3.308489315471513967e-15 2.387502119559974724e-16
1.482560076452380827e+03 3.603344150894985512e-15 2.441190493604870640e-16
1.483143088426073518e+03 3.366129689254016632e-15 2.356511050723093981e-16
1.483726100399766210e+03 3.545004264750882300e-15 2.510070069686125033e-16
1.484309112373458902e+03 3.377868306136315589e-15 2.383405247293321083e-16
1.484892124347151594e+03 3.222296676677402399e-15 2.317781979013166862e-16
1.485475136320844285e+03 3.423346730007320333e-15 2.416434750175100334e-16
1.486058148294536977e+03 3.596454920241769496e-15 2.466770203772190766e-16
1.486641160268229669e+03 3.686884829771024036e-15 2.468953720209289370e-16
1.487224172241922361e+03 4.103381802602495220e-15 2.674928273984919106e-16
1.487807184215615052e+03 3.680151166781862685e-15 2.480985145519739426e-16
1.488390196189307744e+03 3.996024347145523187e-15 2.644442159398865940e-16
1.488973208163000436e+03 3.804199358752200218e-15 2.494303378578129402e-16
1.489556220136693128e+03 3.707436349072024279e-15 2.570513966686857570e-16
1.490139232110385819e+03 3.984444460244171087e-15 2.625022747997793224e-16
1.490722244084078511e+03 3.547426412241971875e-15 2.437280027132372211e-16
1.491305256057771203e+03 3.862532803081182189e-15 2.651863188896876909e-16
1.491888268031463895e+03 4.453941423497630668e-15 2.806920918539963807e-16
1.492471280005156586e+03 4.211660726910275744e-15 2.692095261980179877e-16
1.493054291978849278e+03 4.370500210142579787e-15 2.803609950340868299e-16
1.493637303952541970e+03 3.872734221452579430e-15 2.580028889932491296e-16
1.494220315926234662e+03 4.073415897752312607e-15 2.742715126474361226e-16
1.494803327899927353e+03 3.726141699661656698e-15 2.539727710852607051e-16
1.495386339873620045e+03 4.493596725064894939e-15 2.934312970777924045e-16
1.495969351847312737e+03 4.939890358390071980e-15 2.957467359158893227e-16
1.496552363821005429e+03 4.440478054062911619e-15 2.794043569792590804e-16
1.497135375794698120e+03 4.757464460806412061e-15 2.979124825530419127e-16
1.497718387768390812e+03 5.035083626956852209e-15 3.069263200802183403e-16
1.498301399742083504e+03 4.437928913599889544e-15 2.777406661264027832e-16
1.498884411715776196e+03 4.668491086580841025e-15 3.005734904827345896e-16
1.499467423689468887e+03 4.723436263973829199e-15 2.952116305011374694e-16
1.500050435663161579e+03 4.504156185237678371e-15 2.899915898429348497e-16
1.500633447636854271e+03 5.357948992038733314e-15 3.241177370554326467e-16
1.501216459610546963e+03 5.031804300609178362e-15 3.031417344432396876e-16
1.501799471584239654e+03 4.574011355564817408e-15 2.926556980032732818e-16
1.502382483557932346e+03 4.750408831665791848e-15 3.039012879893144281e-16
1.502965495531625038e+03 4.607530879451866299e-15 2.903618678706547350e-16
1.503548507505317730e+03 5.165529120896546241e-15 3.217533451785133471e-16
1.504131519479010421e+03 4.618176419310725968e-15 2.916519450954049473e-16
1.504714531452703113e+03 4.826609588015319665e-15 3.103538713925314844e-16
1.505297543426395805e+03 5.091560275742457145e-15 3.124415621073075750e-16
1.505880555400088497e+03 5.432586524609637726e-15 3.245308764087777419e-16
1.506463567373781189e+03 5.232444885988139977e-15 3.147932233724816353e-16
1.507046579347473880e+03 4.918140905616864493e-15 3.119575038989146048e-16
1.507629591321166572e+03 5.545533481832364701e-15 3.296019632511979375e-16
1.508212603294859264e+03 5.099641824401822394e-15 3.141560522004261089e-16
1.508795615268551956e+03 5.140446569838821483e-15 3.194731846264158486e-16
1.509378627242244647e+03 5.528061697222156316e-15 3.319897654439457624e-16
1.509961639215937339e+03 5.649180225528728483e-15 3.338841589098966373e-16
1.510544651189630031e+03 4.769627127843101132e-15 3.043135644041007414e-16
1.511127663163322723e+03 5.360772278148848075e-15 3.259322768409481655e-16
1.511710675137015414e+03 5.618126957722273193e-15 3.356287780566189886e-16
1.512293687110708106e+03 5.577250618687005259e-15 3.343300047919971506e-16
1.512876699084400798e+03 5.240571987264584099e-15 3.268168030276434584e-16
1.513459711058093490e+03 5.599195058224577074e-15 3.376398520160325299e-16
1.514042723031786181e+03 5.694394040283702667e-15 3.446446139198318161e-16
1.514625735005478873e+03 6.140440947668294274e-15 3.501552317257395047e-16
1.515208746979171565e+03 6.121286218020149645e-15 3.564055182016688249e-16
1.515791758952864257e+03 5.718562039158526812e-15 3.442299565166878717e-16
1.516374770926556948e+03 5.638131556209351859e-15 3.353960321024587842e-16
1.516957782900249640e+03 5.009466910237649369e-15 3.181982868055868336e-16
1.517540794873942332e+03 5.468853462459584563e-15 3.410339248585702807e-16
1.518123806847635024e+03 5.547495163540764702e-15 3.345845588270195205e-16
1.518706818821327715e+03 5.860925534191019570e-15 3.601516516878812991e-16
1.519289830795020407e+03 6.701221660317597918e-15 3.780441485659560077e-16
1.519872842768713099e+03 6.300487062639316866e-15 3.563941188151714053e-16
1.520455854742405791e+03 5.376263563814216303e-15 3.409244524117701607e-16
1.521038866716098482e+03 5.471366763594626341e-15 3.416721398799329520e-16
1.521621878689791174e+03 5.528224436536864058e-15 3.439577760823663458e-16
1.522204890663483866e+03 5.954285817196386695e-15 3.618402175206157349e-16
1.522787902637176558e+03 5.589350860291435036e-15 3.393645255905636872e-16
1.523370914610869249e+03 5.708236677517248491e-15 3.625560090791838631e-16
1.523953926584561941e+03 5.986525226268681552e-15 3.642276876207456399e-16
1.524536938558254633e+03 5.571262472528321369e-15 3.487796118995098495e-16
1.525119950531947325e+03 5.821672273416675874e-15 3.605591610629276896e-16
1.525702962505640016e+03 5.590048864897349075e-15 3.489782859841279566e-16
1.526285974479332708e+03 4.840747201144388023e-15 3.253381625303739677e-16
1.526868986453025400e+03 3.693351833638716001e-15 2.871665569499464392e-16
1.527451998426718092e+03 3.972038364989553163e-15 3.060500457122935285e-16
1.528035010400410783e+03 4.806380122381648966e-15 3.343160597083308550e-16
1.528618022374103475e+03 4.983689275292596856e-15 3.389946020778397769e-16
1.529201034347796167e+03 5.973770043850158741e-15 3.771067891138425334e-16
1.529784046321488859e+03 6.473317052353982023e-15 3.883597947310187949e-16
1.530367058295181550e+03 6.368088139762457459e-15 3.811049318530052954e-16
1.530950070268874242e+03 6.391209388678476629e-15 3.885002670735559480e-16
1.531533082242566934e+03 6.337160357360917657e-15 3.816062284084774534e-16
1.532116094216259626e+03 5.112818342092909142e-15 3.376491165016628353e-16
1.532699106189952317e+03 4.840597683421288396e-15 3.391625583776280268e-16
1.533282118163645009e+03 5.307845963229556703e-15 3.563185873458202892e-16
1.533865130137337701e+03 6.007441820662301701e-15 3.831737237492543216e-16
1.534448142111030393e+03 6.222750663727369624e-15 3.857118205094251993e-16
1.535031154084723084e+03 6.343268141998934650e-15 3.898445566710880921e-16
1.535614166058415776e+03 6.317324736371472357e-15 3.869699582449221540e-16
1.536197178032108468e+03 5.760851490847906601e-15 3.672518449207827999e-16
1.536780190005801160e+03 5.602961057743047296e-15 3.643190604088409132e-16
1.537363201979493851e+03 5.295863503651155328e-15 3.575107768306518901e-16
1.537946213953186543e+03 5.622331860166599980e-15 3.730442720658420321e-16
1.538529225926879235e+03 5.752738519073657939e-15 3.799830104286285728e-16
1.539112237900571927e+03 5.978331084773614334e-15 3.853862473025135751e-16
1.539695249874264618e+03 6.368953136381897849e-15 4.078542240477674700e-16
1.540278261847957310e+03 6.330247441300117252e-15 4.009452264962756287e-16
1.540861273821650002e+03 5.413806154675132297e-15 3.642045743769905883e-16
1.541444285795342694e+03 6.257084991802523690e-15 4.021966668833296970e-16
1.542027297769035385e+03 6.718518836154110973e-15 4.179306071205786201e-16
1.542610309742728077e+03 6.308290293717271685e-15 3.922559275979047199e-16
1.543193321716420769e+03 6.562706854945254901e-15 4.162082489044845366e-16
1.543776333690113461e+03 6.903094556709298178e-15 4.237651202034432065e-16
1.544359345663806153e+03 6.323479978527451452e-15 4.022960843803900049e-16
1.544942357637498844e+03 6.185999627066371449e-15 4.040921397770500939e-16
1.545525369611191536e+03 6.858491269687086996e-15 4.236480569198804130e-16
1.546108381584884228e+03 6.304555747458785579e-15 3.997476708737495989e-16
1.546691393558576920e+03 5.746357332736399372e-15 3.901426014128223109e-16
1.547274405532269611e+03 5.161103561882479623e-15 3.681386608065311402e-16
1.547857417505962303e+03 5.803117477563772676e-15 4.084216661857619068e-16
1.548440429479654995e+03 4.804795007709448890e-15 3.486527911495108014e-16
1.549023441453347687e+03 4.432686014159619160e-15 3.480378601217422628e-16
1.549606453427040378e+03 3.826389879339635328e-15 3.211432469121060302e-16
1.550189465400733070e+03 4.358739972844274585e-15 3.558428076966589484e-16
1.550772477374425762e+03 4.676219989747214343e-15 3.596495994379878412e-16
1.551355489348118454e+03 5.547868959368639267e-15 4.030315885890142199e-16
1.551938501321811145e+03 5.317967134286095509e-15 3.807010202780645128e-16
1.552521513295503837e+03 4.958823244816976175e-15 3.749493392907979527e-16
1.553104525269196529e+03 5.597170556623763767e-15 4.009900268471949496e-16
1.553687537242889221e+03 6.548103366705737597e-15 4.389900578873564406e-16
1.554270549216581912e+03 6.186947165321046471e-15 4.213063686503391586e-16
1.554853561190274604e+03 5.927115183544880623e-15 4.154597159700827185e-16
1.555436573163967296e+03 6.311274447349098095e-15 4.353743308724630249e-16
1.556019585137659988e+03 5.991663507574456419e-15 4.114967613932693405e-16
1.556602597111352679e+03 5.441071452670375827e-15 3.927155636525974306e-16
1.557185609085045371e+03 6.063124322191240839e-15 4.182650877983404767e-16
1.557768621058738063e+03 6.331782089891897786e-15 4.312353385121123709e-16
1.558351633032430755e+03 6.029556543397413229e-15 4.299423439409027248e-16
1.558934645006123446e+03 5.769429932652388173e-15 4.089991213748933463e-16
1.559517656979816138e+03 5.714603829339472082e-15 4.128514366955246096e-16
1.560100668953508830e+03 5.424942379255217997e-15 4.044280090446495174e-16
1.560683680927201522e+03 4.983867075334204078e-15 3.899645099959621727e-16
1.561266692900894213e+03 6.028571415731372473e-15 4.333255395763818389e-16
1.561849704874586905e+03 6.097541127848618411e-15 4.312615397528946457e-16
1.562432716848279597e+03 5.882239150377496038e-15 4.152803624860264622e-16
1.563015728821972289e+03 5.487297003313541988e-15 4.208113323207274990e-16
1.563598740795664980e+03 5.223741212623605171e-15 4.066841020413202134e-16
1.564181752769357672e+03 5.497251316577746756e-15 4.144823979894148714e-16
1.564764764743050364e+03 5.941801958221674092e-15 4.412321614689837230e-16
1.565347776716743056e+03 5.264741717051193877e-15 4.036843694553818560e-16
1.565930788690435747e+03 5.372691201248561633e-15 4.096402606857348831e-16
1.566513800664128439e+03 5.562845913127066722e-15 4.211946242978342202e-16
1.567096812637821131e+03 5.293664882155625558e-15 4.109520876521004889e-16
1.567679824611513823e+03 5.190524421319574745e-15 4.045549329504535160e-16
1.568262836585206514e+03 5.402784129051392246e-15 4.199205851184105077e-16
1.568845848558899206e+03 5.836264423627212312e-15 4.376714824822259280e-16
1.569428860532591898e+03 5.607617796919431700e-15 4.252749764551249348e-16
1.570011872506284590e+03 5.511437627764066762e-15 4.275274438072030987e-16
1.570594884479977281e+03 5.617961016703837887e-15 4.302533511873889265e-16
1.571177896453669973e+03 5.356058548619715056e-15 4.157435821101856388e-16
1.571760908427362665e+03 5.371309141884111702e-15 4.225442502666052883e-16
1.572343920401055357e+03 4.555488567554692571e-15 3.904092601139733936e-16
1.572926932374748048e+03 4.858536930614899740e-15 4.066860092629318919e-16
1.573509944348440740e+03 4.558924740807024692e-15 3.918185461790782888e-16
1.574092956322133432e+03 5.640946206636403772e-15 4.540155256908073158e-16
1.574675968295826124e+03 5.981538244306342857e-15 4.509511290024792271e-16
1.575258980269518815e+03 5.559119313472974750e-15 4.398372338265291409e-16
1.575841992243211507e+03 4.957474279744445837e-15 4.130446840901725475e-16
1.576425004216904199e+03 4.422156070821463711e-15 3.902131962417926917e-16
1.577008016190596891e+03 5.002889626728756721e-15 4.299084276486834242e-16
1.577591028164289582e+03 5.035576307699412151e-15 4.157911734059132042e-16
1.578174040137982274e+03 4.678369421928898662e-15 4.145136565716332215e-16
1.578757052111674966e+03 5.179295942070761760e-15 4.283172891808256561e-16
1.579340064085367658e+03 5.414443564081694740e-15 4.469514099012786309e-16
1.579923076059060350e+03 5.119157314781749632e-15 4.254432455158789162e-16
1.580506088032753041e+03 4.611411558303636901e-15 4.033960259589418144e-16
1.581089100006445733e+03 4.958025043309575140e-15 4.252944286885753906e-16
1.581672111980138425e+03 5.402445358988043810e-15 4.508627317345135312e-16
1.582255123953831117e+03 5.209055566811289614e-15 4.288144178181834999e-16
1.582838135927523808e+03 5.396149804586232168e-15 4.530704633791436689e-16
1.583421147901216500e+03 4.820544158605407588e-15 4.215178917051352509e-16
1.584004159874909192e+03 4.809224290799717697e-15 4.282159436639688266e-16
1.584587171848601884e+03 4.895803189682759404e-15 4.363315907359174343e-16
1.585170183822294575e+03 5.333550549841903558e-15 4.541781222244063735e-16
1.585753195795987267e+03 5.355477574572580614e-15 4.503175072741532090e-16
1.586336207769679959e+03 4.651274149962340951e-15 4.178818657743324122e-16
1.586919219743372651e+03 4.373333936485493411e-15 4.146813090435912767e-16
1.587502231717065342e+03 4.369379598603281621e-15 4.200742445906708888e-16
1.588085243690758034e+03 4.354861407905050956e-15 4.136376811121033427e-16
1.588668255664450726e+03 4.232511859158500261e-15 4.140462182978389151e-16
1.589251267638143418e+03 4.142041841328815109e-15 4.028298969979935707e-16
1.589834279611836109e+03 3.379768509797376308e-15 3.660849553624504948e-16
1.590417291585528801e+03 4.450967531760342593e-15 4.312012367973254616e-16
1.591000303559221493e+03 4.439054276852209354e-15 4.230372087421223135e-16
1.591583315532914185e+03 4.887489088048090926e-15 4.522416651518422390e-16
1.592166327506606876e+03 4.881470809541420040e-15 4.502921446569579925e-16
1.592749339480299568e+03 3.945099710078460306e-15 3.929359854268014232e-16
1.593332351453992260e+03 3.754231984081735047e-15 4.066892260875568247e-16
1.593915363427684952e+03 4.325197654166852229e-15 4.238053916290507902e-16
1.594498375401377643e+03 4.123845568714487410e-15 4.150369471695107102e-16
1.595081387375070335e+03 4.137149545601702737e-15 4.324247233317733820e-16
1.595664399348763027e+03 3.969674494113899024e-15 4.103346732876153931e-16
1.596247411322455719e+03 3.569465633662262294e-15 3.880310622714009506e-16
1.596830423296148410e+03 3.740078594559673699e-15 4.120437299297375938e-16
1.597413435269841102e+03 3.622781469494905578e-15 3.982424108060269115e-16
1.597996447243533794e+03 4.051793631836910395e-15 4.360419496603376213e-16
1.598579459217226486e+03 4.325949588128059983e-15 4.443286036663050321e-16
1.599162471190919177e+03 3.354028066387109099e-15 3.816199741912793057e-16
1.599745483164611869e+03 3.676663194163894499e-15 4.180607438092956641e-16
1.600328495138304561e+03 3.835403096028225165e-15 4.152268866277534529e-16
1.600911507111997253e+03 4.136304827249816807e-15 4.409503579886469515e-16
1.601494519085689944e+03 3.538289257285191093e-15 4.008396874428780675e-16
1.602077531059382636e+03 4.084698191060414263e-15 4.339482624559711566e-16
1.602660543033075328e+03 3.611239248479902923e-15 4.130992387319282679e-16
1.603243555006768020e+03 3.271568449556352824e-15 3.979062206732304934e-16
1.603826566980460711e+03 4.035820041536626265e-15 4.411932275791371820e-16
1.604409578954153403e+03 3.492404714424732700e-15 4.120565626347172398e-16
1.604992590927846095e+03 3.534805622961242182e-15 4.120154164459645608e-16
1.605575602901538787e+03 3.884643956912653246e-15 4.375321249970031115e-16
1.606158614875231478e+03 4.910599258731958057e-15 5.030428843973113124e-16
1.606741626848924170e+03 3.790886867502545385e-15 4.223415599952726927e-16
1.607324638822616862e+03 3.581675892216565239e-15 4.240696620959851515e-16
1.607907650796309554e+03 2.997516085177712374e-15 3.842337563620361437e-16
1.608490662770002245e+03 2.754957672187526799e-15 3.735958690732124360e-16
1.609073674743694937e+03 2.016800134250865272e-15 3.212491307700952381e-16
1.609656686717387629e+03 3.099025474866754112e-15 4.094347167143869511e-16
1.610239698691080321e+03 3.153178607268894074e-15 4.031403947715563413e-16
1.610822710664773012e+03 3.423612287387465850e-15 4.168078058022877254e-16
1.611405722638465704e+03 3.407535702659511356e-15 4.203142201914642821e-16
1.611988734612158396e+03 3.258965625814900987e-15 4.083472219391654790e-16
1.612571746585851088e+03 3.231731439149433896e-15 4.098606360892053495e-16
1.613154758559543779e+03 4.736187216042563169e-15 5.037598601043892249e-16
1.613737770533236471e+03 4.183102465711343510e-15 4.625509198852792366e-16
1.614320782506929163e+03 3.928569132482834795e-15 4.538523336909891050e-16
1.614903794480621855e+03 2.978197663619253783e-15 3.870853973634108397e-16
1.615486806454314546e+03 3.350124164469231243e-15 4.265841780543909918e-16
1.616069818428007238e+03 3.622381495107315091e-15 4.368632831546135559e-16
1.616652830401699930e+03 3.377766855787291697e-15 4.340631092109142980e-16
1.617235842375392622e+03 2.824205701933392153e-15 3.830296356011171872e-16
1.617818854349085314e+03 4.066331589278762283e-15 4.932405254323605693e-16
1.618401866322778005e+03 5.028919872159330519e-15 5.217303013144836050e-16
1.618984878296470697e+03 4.406632703456177795e-15 4.865807339820085048e-16
1.619567890270163389e+03 4.343488882184042773e-15 4.901667852215911490e-16
1.620150902243856081e+03 4.130935552081610699e-15 4.749008899030063206e-16
1.620733914217548772e+03 4.426963331462979474e-15 4.891381050409501073e-16
1.621316926191241464e+03 4.670063009315343135e-15 5.115938411367002420e-16
1.621899938164934156e+03 4.949956982600524372e-15 5.256325307671495419e-16
1.622482950138626848e+03 3.471239849220082416e-15 4.332732023911392688e-16
1.623065962112319539e+03 4.490165917322842840e-15 5.089829641770521173e-16
1.623648974086012231e+03 3.438636943721755781e-15 4.283390642578421702e-16
1.624231986059704923e+03 3.455490514579845162e-15 4.538652418470089333e-16
1.624814998033397615e+03 4.352949870460111687e-15 5.012925431198270864e-16
1.625398010007090306e+03 5.213907468233177990e-15 5.468395128943243669e-16
1.625981021980782998e+03 3.934575447174829721e-15 4.680391890904880028e-16
1.626564033954475690e+03 3.891543378355415431e-15 4.660597364428443179e-16
1.627147045928168382e+03 3.939795074738430233e-15 4.841830416027654380e-16
1.627730057901861073e+03 4.069142052489370608e-15 4.890552772980978211e-16
1.628313069875553765e+03 4.350530464486569908e-15 5.005541931235905549e-16
1.628896081849246457e+03 4.588688812395323521e-15 5.317115812275876011e-16
1.629479093822939149e+03 5.372854038802688011e-15 5.731909238986421838e-16
1.630062105796631840e+03 5.286895783682712681e-15 5.508990664913595953e-16
1.630645117770324532e+03 5.354623991250953040e-15 5.659762696515609859e-16
1.631228129744017224e+03 5.914297789674058731e-15 5.794166593289873863e-16
1.631811141717709916e+03 5.046751083383239846e-15 5.360896071216924560e-16
1.632394153691402607e+03 5.664597099458537230e-15 5.799828038083928622e-16
1.632977165665095299e+03 6.273403709975783411e-15 6.239297945187394314e-16
1.633560177638787991e+03 6.293759467064505033e-15 6.018561137725040239e-16
1.634143189612480683e+03 5.075836989939565178e-15 5.515505510226121834e-16
1.634726201586173374e+03 5.165490148864632159e-15 5.620680663933313262e-16
1.635309213559866066e+03 6.189341008474724349e-15 6.169296210343048367e-16
1.635892225533558758e+03 6.268319909037161422e-15 6.078159964596246149e-16
1.636475237507251450e+03 6.184039441530268971e-15 6.199935194173722831e-16
1.637058249480944141e+03 5.292118534726414324e-15 5.586161109175082466e-16
1.637641261454636833e+03 7.291761385861681179e-15 6.916361838832840948e-16
1.638224273428329525e+03 5.596879190160962029e-15 5.835446381839473010e-16
1.638807285402022217e+03 6.792437335781127775e-15 6.573060482216998982e-16
1.639390297375714908e+03 6.698357539969644528e-15 6.539978838456467850e-16
1.639973309349407600e+03 5.837089882697627777e-15 5.942006389468617723e-16
1.640556321323100292e+03 5.822892451476274883e-15 6.094978135463571774e-16
1.641139333296792984e+03 6.360802306531268077e-15 6.352715204965507539e-16
1.641722345270485675e+03 6.007065111366134426e-15 6.143137218292163250e-16
1.642305357244178367e+03 6.966861815093654590e-15 6.810988007696286566e-16
1.642888369217871059e+03 6.024021395625081708e-15 6.183729594814951254e-16
1.643471381191563751e+03 5.462337697298312277e-15 5.950136543999695301e-16
1.644054393165256442e+03 6.168977975243832053e-15 6.349113774242692989e-16
1.644637405138949134e+03 7.050458591283015253e-15 6.822099156927180007e-16
1.645220417112641826e+03 6.038191076336962460e-15 6.139169856577485498e-16
1.645803429086334518e+03 6.770685652682181877e-15 6.693163993211406745e-16
1.646386441060027209e+03 6.235844718864848005e-15 6.431704199995835603e-16
1.646969453033719901e+03 5.667116457306377958e-15 6.060884728450757966e-16
1.647552465007412593e+03 5.609220991015689852e-15 6.130438190464602400e-16
1.648135476981105285e+03 5.361392793356493131e-15 5.921000436335210281e-16
1.648718488954797976e+03 6.042607639466490431e-15 6.525158195074661780e-16
1.649301500928490668e+03 5.939505125754355577e-15 6.174544403798072336e-16
1.649884512902183360e+03 5.600650586784393798e-15 6.318674947769174407e-16
1.650467524875876052e+03 7.505833117940530458e-15 7.100902519157453772e-16
1.651050536849568743e+03 7.225594669721947714e-15 7.035991405478249403e-16
1.651633548823261435e+03 6.833264335773627347e-15 6.869106281819926748e-16
1.652216560796954127e+03 4.858792148630188615e-15 5.697746158309129546e-16
1.652799572770646819e+03 7.787973253477987961e-15 7.520851631616055547e-16
1.653382584744339511e+03 6.882632447531972072e-15 6.848053371780311844e-16
1.653965596718032202e+03 7.710740781890500621e-15 7.351148717428021355e-16
1.654548608691724894e+03 6.121306848321623326e-15 6.407961342325069556e-16
1.655131620665417586e+03 6.882473000346948368e-15 7.028942847677349800e-16
1.655714632639110278e+03 7.272664187181376481e-15 7.162284698149757157e-16
1.656297644612802969e+03 5.790047942134646427e-15 6.345756527048994641e-16
1.656880656586495661e+03 6.882244567307401141e-15 6.931186324212465954e-16
1.657463668560188353e+03 7.501021880434780898e-15 7.470937102866031260e-16
1.658046680533881045e+03 6.219887704801908153e-15 6.552764354381488490e-16
1.658629692507573736e+03 7.340237155189844952e-15 7.289710480329838119e-16
1.659212704481266428e+03 7.089611677818948825e-15 7.246660226101406865e-16
1.659795716454959120e+03 6.256132830138899905e-15 6.709837152567575902e-16
1.660378728428651812e+03 8.153858046045293441e-15 7.712290976074370135e-16
1.660961740402344503e+03 7.195798510158637729e-15 7.240402972293393316e-16
1.661544752376037195e+03 7.896540703449625032e-15 7.633309128715703031e-16
1.662127764349729887e+03 7.795925014216992206e-15 7.689200685591284641e-16
1.662710776323422579e+03 7.366404127722252484e-15 7.332663444898638166e-16
1.663293788297115270e+03 7.097577160161221249e-15 7.345687902295157709e-16
1.663876800270807962e+03 7.352730826828748114e-15 7.405658930714323722e-16
1.664459812244500654e+03 7.060550221805468990e-15 7.302782334787316677e-16
1.665042824218193346e+03 7.623383203766034437e-15 7.548941355156086293e-16
1.665625836191886037e+03 8.311604329566466910e-15 7.945291683777051487e-16
1.666208848165578729e+03 6.391072443743847367e-15 6.913862837425903851e-16
1.666791860139271421e+03 7.054360948405711655e-15 7.530862425890456941e-16
1.667374872112964113e+03 7.147462495776493075e-15 7.355662238771848181e-16
1.667957884086656804e+03 8.504047462123763707e-15 8.267197974749537534e-16
1.668540896060349496e+03 8.015395516703395303e-15 7.759136951760369196e-16
1.669123908034042188e+03 7.047362093665540621e-15 7.372221398533316138e-16
1.669706920007734880e+03 5.469606438541692006e-15 6.462778251155379675e-16
1.670289931981427571e+03 5.712141761272301930e-15 6.819715467509828158e-16
1.670872943955120263e+03 4.233354732079543829e-15 5.633604569121349014e-16
1.671455955928812955e+03 4.277146793755265329e-15 5.935112881658402354e-16
1.672038967902505647e+03 5.856652202377554803e-15 6.788002678137573525e-16
1.672621979876198338e+03 5.052610214389124886e-15 6.485313069650335534e-16
1.673204991849891030e+03 6.236213990863815797e-15 6.999001476089440246e-16
1.673788003823583722e+03 6.766933549137975248e-15 7.570206709192857443e-16
1.674371015797276414e+03 7.946266267746126895e-15 8.085120528856271815e-16
1.674954027770969105e+03 6.012432487470713248e-15 6.865286898392588171e-16
1.675537039744661797e+03 6.239084302686725762e-15 7.152816105528449291e-16
1.676120051718354489e+03 8.140250080868664911e-15 8.294936528080966554e-16
1.676703063692047181e+03 5.630957903381499482e-15 6.607517970276854189e-16
1.677286075665739872e+03 5.839039036538062314e-15 7.084984496810870621e-16
1.677869087639432564e+03 7.317861916790595732e-15 7.827205156997362208e-16
1.678452099613125256e+03 6.428435936135532862e-15 7.257799634482235667e-16
1.679035111586817948e+03 7.622630395232700262e-15 8.143058360656865673e-16
1.679618123560510639e+03 5.523968604218557504e-15 6.732417020821008954e-16
1.680201135534203331e+03 6.756772578859165797e-15 7.638341164552894913e-16
1.680784147507896023e+03 7.967215948892115124e-15 8.322798246356812743e-16
1.681367159481588715e+03 5.458967987447822770e-15 6.648631693042325123e-16
1.681950171455281406e+03 7.016835881793477435e-15 7.963076568720947673e-16
1.682533183428974098e+03 7.839159192070376008e-15 8.293034998966282062e-16
1.683116195402666790e+03 7.543319945667566917e-15 8.026986011076442939e-16
1.683699207376359482e+03 6.189254661620445029e-15 7.317470804694465311e-16
1.684282219350052173e+03 7.139433188872401777e-15 7.935712877763867464e-16
1.684865231323744865e+03 6.121036157373392622e-15 7.258580278509277176e-16
1.685448243297437557e+03 7.553090849330849207e-15 8.204729256512691314e-16
1.686031255271130249e+03 7.131263116434587012e-15 8.073216696237707051e-16
1.686614267244822940e+03 8.077850348369862366e-15 8.504377208018126075e-16
1.687197279218515632e+03 6.502781380374896756e-15 7.657111158923302370e-16
1.687780291192208324e+03 7.191712163992645795e-15 8.058981281517575526e-16
1.688363303165901016e+03 6.142191533586317320e-15 7.515627553756752114e-16
1.688946315139593707e+03 8.068844551457804254e-15 8.620576438219310786e-16
1.689529327113286399e+03 7.549064697334209823e-15 8.243136760226530545e-16
1.690112339086979091e+03 6.662161894295213348e-15 7.764776268401998752e-16
1.690695351060671783e+03 6.738634490683531790e-15 7.854275625975826560e-16
1.691278363034364475e+03 7.827381109584116865e-15 8.646149972362693527e-16
1.691861375008057166e+03 6.758476727497191183e-15 7.876969753589970026e-16
1.692444386981749858e+03 7.220661210517905181e-15 8.292739656873850327e-16
1.693027398955442550e+03 6.992718241623768490e-15 8.198787842741375705e-16
1.693610410929135242e+03 6.114552980748154289e-15 7.821272485244353343e-16
1.694193422902827933e+03 7.440966578257441484e-15 8.457040030028696248e-16
1.694776434876520625e+03 7.510738379462453357e-15 8.572260450903052961e-16
1.695359446850213317e+03 6.307138061851269313e-15 7.805849644636208792e-16
1.695942458823906009e+03 6.922868948822021433e-15 8.277354527781449068e-16
1.696525470797598700e+03 6.355245527591550950e-15 7.839280347281635206e-16
1.697108482771291392e+03 8.659168762811359136e-15 9.434449971787944667e-16
1.697691494744984084e+03 7.348415263950354760e-15 8.419720605320949405e-16
1.698274506718676776e+03 5.814032714459735035e-15 7.604954460669128422e-16
1.698857518692369467e+03 7.850380024629328038e-15 8.992154040142828840e-16
1.699440530666062159e+03 7.071162105274141711e-15 8.345564659122594012e-16
1.700023542639754851e+03 5.451438414802204545e-15 7.357040376485446446e-16
1.700606554613447543e+03 6.113749125050308576e-15 7.942607875829323244e-16
1.701189566587140234e+03 7.000949857421503531e-15 8.418272366154308598e-16
1.701772578560832926e+03 5.596276411459578202e-15 7.718605611284961732e-16
1.702355590534525618e+03 7.361764198716318963e-15 8.909662231925639148e-16
1.702938602508218310e+03 6.506774032620888482e-15 8.269846743884286078e-16
1.703521614481911001e+03 7.165008409123058372e-15 8.915422518442608282e-16
1.704104626455603693e+03 5.400749602906542347e-15 7.567742745664076207e-16
1.704687638429296385e+03 8.060938202016816699e-15 9.379542488813518592e-16
1.705270650402989077e+03 6.095837594717237253e-15 8.022352108937326365e-16
1.705853662376681768e+03 7.171830092459464391e-15 8.749885547059348497e-16
1.706436674350374460e+03 7.140976070953064910e-15 8.718129678215343985e-16
1.707019686324067152e+03 6.291353786666533421e-15 8.457149070220118169e-16
1.707602698297759844e+03 7.950068066633590299e-15 9.298193827610024235e-16
1.708185710271452535e+03 6.387150820272870451e-15 8.504619724009339190e-16
1.708768722245145227e+03 6.235864715753218062e-15 8.363871681942164167e-16
1.709351734218837919e+03 6.056840693736008072e-15 8.178230804020190799e-16
1.709934746192530611e+03 6.402549425512690939e-15 8.662857826597399862e-16
1.710517758166223302e+03 5.702679306087082604e-15 7.961166788199357866e-16
1.711100770139915994e+03 6.016792165723822578e-15 8.236530930445150048e-16
1.711683782113608686e+03 6.864683509532187648e-15 8.784045259972833885e-16
1.712266794087301378e+03 5.943123862818090725e-15 8.345653151843536639e-16
1.712849806060994069e+03 5.646762209035215887e-15 7.940199981950810547e-16
