# obs_wvl flux error
2.967000000000000000e+03 7.901217352645258790e-15 1.863247808470201543e-15
2.969746720761332654e+03 6.360189921416842039e-15 1.519153305738995075e-15
2.972493441522665307e+03 7.461980825448575958e-15 1.465507835711506801e-15
2.975240162283997961e+03 1.039662330778689718e-14 1.479801957338642789e-15
2.977986883045330615e+03 1.038404531547112868e-14 1.417395605009059988e-15
2.980733603806663268e+03 9.449159899845141785e-15 1.919965412464967431e-15
2.983480324567995922e+03 9.538382664574440807e-15 1.455343362104792208e-15
2.986227045329328575e+03 9.945899871942908578e-15 1.338254613512786528e-15
2.988973766090661229e+03 9.213157090758861055e-15 1.303866662332434933e-15
2.991720486851993883e+03 7.874908770585846198e-15 1.270904258438929885e-15
2.994467207613326536e+03 8.712091583884185873e-15 1.263058990748013137e-15
2.997213928374659190e+03 9.378367345720351360e-15 1.277855200312078598e-15
2.999960649135991844e+03 6.942578924548180206e-15 1.254098758742158558e-15
3.002707369897324497e+03 8.298162453402774668e-15 1.797614290723658054e-15
3.005454090658657151e+03 7.260427593244413686e-15 1.228836984326323650e-15
3.008200811419989805e+03 8.707821091035235738e-15 1.215415724330779433e-15
3.010947532181322458e+03 9.021047338958544070e-15 1.196800836917011763e-15
3.013694252942655112e+03 6.116431278591039637e-15 1.399122547849974668e-15
3.016440973703987765e+03 5.076770879291587619e-15 1.159250014178814977e-15
3.019187694465320419e+03 5.628054740356471598e-15 1.150922930489880294e-15
3.021934415226653073e+03 6.316460232001168983e-15 1.143354939840234988e-15
3.024681135987985726e+03 7.551968592291819787e-15 1.161927649112905952e-15
3.027427856749318380e+03 7.617844441317078951e-15 1.079427376361374093e-15
3.030174577510651034e+03 6.245150305262055714e-15 1.071975477664852743e-15
3.032921298271983687e+03 7.893497687116814166e-15 1.041487218101925914e-15
3.035668019033316341e+03 6.566994434820506369e-15 1.048991011114750121e-15
3.038414739794648995e+03 9.176145264095139353e-15 1.055062232365632950e-15
3.041161460555981648e+03 1.080239197374772555e-14 1.073439921375949295e-15
3.043908181317314302e+03 1.053670476767354047e-14 1.002451888029516182e-15
3.046654902078646955e+03 8.417195453397121036e-15 1.001307821358585808e-15
3.049401622839979609e+03 7.838265367771232378e-15 9.455988350112988893e-16
3.052148343601312263e+03 9.696688944760484068e-15 9.587933323160565077e-16
3.054895064362644916e+03 1.018827704465705426e-14 9.837415596968484475e-16
3.057641785123977570e+03 7.754453194062635074e-15 9.072916350038461885e-16
3.060388505885310224e+03 9.472264868988169657e-15 9.207307886551950223e-16
3.063135226646642877e+03 8.976600685269825769e-15 8.988980850540291055e-16
3.065881947407975531e+03 8.476740614811132155e-15 9.054754623824578533e-16
3.068628668169308185e+03 7.740531584029742193e-15 8.674576291778623104e-16
3.071375388930640838e+03 9.767928949471028864e-15 8.861293796724390948e-16
3.074122109691973492e+03 8.151928871723312522e-15 8.548064545436762381e-16
3.076868830453306146e+03 7.476528692271372199e-15 9.124159563511430929e-16
3.079615551214638799e+03 7.885640827147145210e-15 9.331494032112433980e-16
3.082362271975971453e+03 9.277154822605043146e-15 9.950315816269221090e-16
3.085108992737304106e+03 8.547942383350456526e-15 8.488067588661131004e-16
3.087855713498636760e+03 7.979641286080225296e-15 8.117058151207409736e-16
3.090602434259969414e+03 7.385072674160384008e-15 8.238470694283127002e-16
3.093349155021302067e+03 7.702391360597943810e-15 8.227889927406269209e-16
3.096095875782634721e+03 7.740092726329282903e-15 8.327785523099632694e-16
3.098842596543967375e+03 7.081734017534761616e-15 7.896067425421826809e-16
3.101589317305300028e+03 8.345335964090569568e-16 8.048812008928407167e-16
3.104336038066632682e+03 5.266063627477658631e-15 8.087274102937012984e-16
3.107082758827965336e+03 8.042698919968421613e-15 7.998856988211555027e-16
3.109829479589297989e+03 9.074190990248188910e-15 8.028835547642093703e-16
3.112576200350630643e+03 7.765110357655350386e-15 9.625322617731300233e-16
3.115322921111963296e+03 8.324075003057854699e-15 7.952924725082526683e-16
3.118069641873295950e+03 8.301790593591697351e-15 7.784170284997100916e-16
3.120816362634628604e+03 7.425614812305583554e-15 7.815135585658819380e-16
3.123563083395961257e+03 9.427587067148231103e-15 8.072749786479381541e-16
3.126309804157293911e+03 9.313638136020499610e-15 8.101250101972231377e-16
3.129056524918626565e+03 8.002651543525381227e-15 7.667612629576711918e-16
3.131803245679959218e+03 7.566415710903698125e-15 7.840244949012227295e-16
3.134549966441291872e+03 9.704972278583005432e-15 7.816777186153469948e-16
3.137296687202624526e+03 9.264931011157057268e-15 9.395593065379077577e-16
3.140043407963957179e+03 8.925915556234880207e-15 8.939688284732680120e-16
3.142790128725289833e+03 9.333274411466828767e-15 7.730852977289748297e-16
3.145536849486622486e+03 9.285424071309349139e-15 7.853049070067769116e-16
3.148283570247955140e+03 1.067155520688661950e-14 7.778165350529226253e-16
3.151030291009287794e+03 1.087486147816247385e-14 7.966599334677727090e-16
3.153777011770620447e+03 9.884989939388537080e-15 7.601647618162639227e-16
3.156523732531953101e+03 8.304497685801574553e-15 7.475438823276654522e-16
3.159270453293285755e+03 9.311224846424987079e-15 8.000609247887460661e-16
3.162017174054618408e+03 1.041222779015412566e-14 7.459823294748572867e-16
3.164763894815951062e+03 9.900449009491850868e-15 7.693737660575587909e-16
3.167510615577283716e+03 1.046099821122829164e-14 7.967147941089249154e-16
3.170257336338616369e+03 9.250453318892760020e-15 7.430179430976933506e-16
3.173004057099949023e+03 1.020756372393469923e-14 7.788082770376866291e-16
3.175750777861281676e+03 1.048520344153610805e-14 7.303898441741090274e-16
3.178497498622614330e+03 9.959498138242335625e-15 7.226057550963917983e-16
3.181244219383946984e+03 1.005653160854654730e-14 7.134459431176325593e-16
3.183990940145279637e+03 9.923194940248563096e-15 7.313858013253331646e-16
3.186737660906612291e+03 1.012238594004660110e-14 7.086668134324054060e-16
3.189484381667944945e+03 1.113541796341801142e-14 7.090162311355981293e-16
3.192231102429277598e+03 1.043473774418919697e-14 6.961314394489521310e-16
3.194977823190610252e+03 1.128290427741504127e-14 7.044600331671183749e-16
3.197724543951942906e+03 1.143618942423180593e-14 7.093024037152824973e-16
3.200471264713275559e+03 1.154201635679379990e-14 7.034083849775453901e-16
3.203217985474608213e+03 1.257435738538727623e-14 8.471496726932391995e-16
3.205964706235940866e+03 1.186355855809347554e-14 7.315735481410435825e-16
3.208711426997273520e+03 1.008376420924720308e-14 6.710957623271910184e-16
3.211458147758606174e+03 1.040026200976352666e-14 6.840322828444114226e-16
3.214204868519938827e+03 1.032508669079671452e-14 6.899709871268409525e-16
3.216951589281271481e+03 9.503207563087654142e-15 6.533546942656550032e-16
3.219698310042604135e+03 8.894972436805990361e-15 6.458605844402264712e-16
3.222445030803936788e+03 1.096527298520070460e-14 7.031166608037622751e-16
3.225191751565269442e+03 1.046261118349505969e-14 6.504154002165966178e-16
3.227938472326602096e+03 1.023646333252785910e-14 6.442456910773070604e-16
3.230685193087934749e+03 9.114456918473961952e-15 6.747044629169577400e-16
3.233431913849267403e+03 9.994099480264655464e-15 6.407649332289026273e-16
3.236178634610600056e+03 9.710516326249604324e-15 6.599106512270275713e-16
3.238925355371932710e+03 9.170913616539196111e-15 6.301689037214765080e-16
3.241672076133265364e+03 9.166474005915332761e-15 6.182369945100516189e-16
3.244418796894598017e+03 9.530496281280324829e-15 6.241338028333961391e-16
3.247165517655930671e+03 9.368152987216740994e-15 6.235469879463223101e-16
3.249912238417263325e+03 8.502138090606302803e-15 6.119425798254240650e-16
3.252658959178595978e+03 1.113249449085310214e-14 6.465730075678122816e-16
3.255405679939928632e+03 9.575333548411719566e-15 6.119152831708805969e-16
3.258152400701261286e+03 8.958925467102766174e-15 6.173205834759104107e-16
3.260899121462593939e+03 8.173554168081886779e-15 6.037929390758158825e-16
3.263645842223926593e+03 8.561151597750297672e-15 6.140065276710667811e-16
3.266392562985259246e+03 9.421020536608955276e-15 6.105815356102767723e-16
3.269139283746591900e+03 9.832178065990197839e-15 6.244833382082412271e-16
3.271886004507924554e+03 1.225109914385167567e-14 6.349061749237996800e-16
3.274632725269257207e+03 1.032422003712134356e-14 6.026839538434165549e-16
3.277379446030589861e+03 8.326759443635724762e-15 6.059578545381345432e-16
3.280126166791922515e+03 9.899596766548959907e-15 6.183348761696377940e-16
3.282872887553255168e+03 1.072508667413358530e-14 6.104240209179979610e-16
3.285619608314587822e+03 1.092329147681113370e-14 6.065253811500999962e-16
3.288366329075920476e+03 1.060330446005465873e-14 5.953407383403957996e-16
3.291113049837253129e+03 1.062425244852717241e-14 6.003315225167849452e-16
3.293859770598585783e+03 1.080823998354090146e-14 5.987953457800941337e-16
3.296606491359918437e+03 1.099525027057932258e-14 5.945808393566920537e-16
3.299353212121251090e+03 1.035439818802590390e-14 5.910100487936334786e-16
3.302099932882583744e+03 1.159597724618556332e-14 5.989319430124433508e-16
3.304846653643916397e+03 1.065759286449063800e-14 5.898729175551594478e-16
3.307593374405249051e+03 1.087633334927699080e-14 5.854176666997623212e-16
3.310340095166581705e+03 1.172926351904587526e-14 6.137075094329897784e-16
3.313086815927914358e+03 1.262445712484823950e-14 6.034004568330479036e-16
3.315833536689247012e+03 1.159276611205915252e-14 5.833237988768672602e-16
3.318580257450579666e+03 1.124094216190674031e-14 5.833558083406415798e-16
3.321326978211912319e+03 1.150491304056281012e-14 5.962270145315892568e-16
3.324073698973244973e+03 1.265095682673261520e-14 7.026559301590300258e-16
3.326820419734577627e+03 1.207564116460204227e-14 5.904620062626690744e-16
3.329567140495910280e+03 1.281977409396908472e-14 5.990767357000176746e-16
3.332313861257242934e+03 1.200099298043961053e-14 5.780017601950671614e-16
3.335060582018575587e+03 1.217841471565489236e-14 5.777187446185081257e-16
3.337807302779908241e+03 1.255641428407560181e-14 5.846272127192910106e-16
3.340554023541240895e+03 1.167160879798814256e-14 5.701079227048842244e-16
3.343300744302573548e+03 1.232446798092328126e-14 5.821181612744256150e-16
3.346047465063906202e+03 2.081456870846366928e-14 9.170217444713860240e-16
3.348794185825238856e+03 1.422174730076570873e-14 5.873095459116763474e-16
3.351540906586571509e+03 1.276900605708140034e-14 5.773429638721376465e-16
3.354287627347904163e+03 1.396864217942782274e-14 5.858321304842887176e-16
3.357034348109236817e+03 1.363183896608208409e-14 5.859457960815404826e-16
3.359781068870569470e+03 1.368021802024315220e-14 5.739783700255713287e-16
3.362527789631902124e+03 1.303589441682993691e-14 5.615352858211319332e-16
3.365274510393234777e+03 1.322274261937250640e-14 5.627747380720864711e-16
3.368021231154567431e+03 1.371724753406134688e-14 5.673458961000730293e-16
3.370767951915900085e+03 1.212685631084720099e-14 5.484333200445945173e-16
3.373514672677232738e+03 1.331328866005912993e-14 5.623438537543240218e-16
3.376261393438565392e+03 1.340592060284085438e-14 5.693845185107285968e-16
3.379008114199898046e+03 1.360042860605898370e-14 5.679664505237936675e-16
3.381754834961230699e+03 1.333970139999644376e-14 5.615214386222928251e-16
3.384501555722563353e+03 1.329146506410566199e-14 5.570334628945356364e-16
3.387248276483896007e+03 3.717667831859647521e-14 7.805886367389663387e-16
3.389994997245228660e+03 1.791202951577636316e-14 5.948253562359879488e-16
3.392741718006561314e+03 1.415464508895767164e-14 5.672690190362005361e-16
3.395488438767893967e+03 1.481188348975991704e-14 5.615286192734314245e-16
3.398235159529226621e+03 1.317133234689994601e-14 5.674507013829051681e-16
3.400981880290559275e+03 1.442141182915403488e-14 5.607053440469107220e-16
3.403728601051891928e+03 1.528664211162391500e-14 5.546144926168241204e-16
3.406475321813224582e+03 1.600039299717313263e-14 5.579128261618598923e-16
3.409222042574557236e+03 1.544149665779601766e-14 5.899840048963078262e-16
3.411968763335889889e+03 1.667023492218254956e-14 5.627294796797403895e-16
3.414715484097222543e+03 1.454134982048668650e-14 5.383246659391740979e-16
3.417462204858555197e+03 1.612721694836389059e-14 5.868530403684043591e-16
3.420208925619887850e+03 1.632402325385729628e-14 5.490882393606245244e-16
3.422955646381220504e+03 1.805750979828370479e-14 5.660664071724201864e-16
3.425702367142553157e+03 1.752606535274729219e-14 5.561372658354714419e-16
3.428449087903885811e+03 1.692400190505052195e-14 5.759324549671475172e-16
3.431195808665218465e+03 1.797569344709599810e-14 6.685563648809723523e-16
3.433942529426551118e+03 1.857782879624300044e-14 5.778994669032770943e-16
3.436689250187883772e+03 1.839175551764691994e-14 5.635251592962880428e-16
3.439435970949216426e+03 1.868425505100775218e-14 5.558822061938321859e-16
3.442182691710549079e+03 1.731336455153965388e-14 5.477810731010269143e-16
3.444929412471881733e+03 1.818187704578620724e-14 5.676179275569240255e-16
3.447676133233214387e+03 1.846467968484971269e-14 5.665031389660794170e-16
3.450422853994547040e+03 1.780022355181425357e-14 5.442755395120073460e-16
3.453169574755879694e+03 1.731878486835066389e-14 5.475219405224257143e-16
3.455916295517212347e+03 1.798433671845660752e-14 5.426868745764086330e-16
3.458663016278545001e+03 1.846448249939473717e-14 5.439226654645538610e-16
3.461409737039877655e+03 1.884356406682273227e-14 5.459631512759305733e-16
3.464156457801210308e+03 1.817455515631771417e-14 5.454325178064552156e-16
3.466903178562542962e+03 1.830649723797273720e-14 5.397387056191953708e-16
3.469649899323875616e+03 1.804945763803242556e-14 5.461077080276106166e-16
3.472396620085208269e+03 1.929791550959961388e-14 5.443266835690689507e-16
3.475143340846540923e+03 1.958433655981655717e-14 5.439604433678781311e-16
3.477890061607873577e+03 1.869280277131469256e-14 5.341222117701878832e-16
3.480636782369206230e+03 1.919126998917731111e-14 5.385345127033156577e-16
3.483383503130538884e+03 1.833961189950171865e-14 5.281624863204300277e-16
3.486130223891871537e+03 1.847873927435149117e-14 5.315362063008376952e-16
3.488876944653204191e+03 1.870027370751236320e-14 5.635703983275031900e-16
3.491623665414536845e+03 1.841628743072877474e-14 5.399024139685235586e-16
3.494370386175869498e+03 1.751844094604638905e-14 5.351360210550385305e-16
3.497117106937202152e+03 1.888275083106364252e-14 5.457950802077392347e-16
3.499863827698534806e+03 1.785882159641666863e-14 5.377029566654279586e-16
3.502610548459867459e+03 1.803319821572662843e-14 5.304405584986993804e-16
3.505357269221200113e+03 1.832281065140778373e-14 5.280328131557615419e-16
3.508103989982532767e+03 1.875624343362052113e-14 5.416898534554232246e-16
3.510850710743865420e+03 1.878579379214591901e-14 5.258257640483052669e-16
3.513597431505198074e+03 2.070869209657278717e-14 5.402755193068869818e-16
3.516344152266530728e+03 2.080464179756828660e-14 5.345739745250481495e-16
3.519090873027863381e+03 2.220691414467966589e-14 5.507724880712011848e-16
3.521837593789196035e+03 2.236613187416622775e-14 5.545699463336737529e-16
3.524584314550528688e+03 2.372501722688222884e-14 5.586606161852791668e-16
3.527331035311861342e+03 2.334350547552186203e-14 5.624255747656787862e-16
3.530077756073193996e+03 2.414267821300931266e-14 5.573221715709751325e-16
3.532824476834526649e+03 2.680276253589840414e-14 5.879054282845969709e-16
3.535571197595859303e+03 2.600979533849462618e-14 5.669589043538212017e-16
3.538317918357191957e+03 2.662866806479467057e-14 5.696286400869721092e-16
3.541064639118524610e+03 2.618964193613451664e-14 5.655872080400460861e-16
3.543811359879857264e+03 2.727193547999030213e-14 5.844050006232507770e-16
3.546558080641189918e+03 2.575988674829576893e-14 5.649002159041594638e-16
3.549304801402522571e+03 2.650687543739569538e-14 5.666035071830588970e-16
3.552051522163855225e+03 2.786414522687094284e-14 5.757054799474451658e-16
3.554798242925187878e+03 2.751752614893252405e-14 5.769384081966727010e-16
3.557544963686520532e+03 2.816797341322239132e-14 5.848616655377423180e-16
3.560291684447853186e+03 2.779045476284627731e-14 5.715717473531777188e-16
3.563038405209185839e+03 2.667058572796518866e-14 5.764538191323771825e-16
3.565785125970518493e+03 2.883179668943815930e-14 5.788956450327718406e-16
3.568531846731851147e+03 2.732294572696084903e-14 5.688181190795491921e-16
3.571278567493183800e+03 2.840652988866047370e-14 5.749812638927598585e-16
3.574025288254516454e+03 2.683538743546892147e-14 5.567580028447295171e-16
3.576772009015849108e+03 2.742137136308308048e-14 5.693490504814193729e-16
3.579518729777181761e+03 2.800133097110826673e-14 5.684734440570418387e-16
3.582265450538514415e+03 2.739805719955354402e-14 5.658333668504227934e-16
3.585012171299847068e+03 2.841963393631080043e-14 5.706729589897823794e-16
3.587758892061179722e+03 2.749110868088242038e-14 5.589881250752470553e-16
3.590505612822512376e+03 2.826523657986221911e-14 5.784072414411390934e-16
3.593252333583845029e+03 2.683523960581512392e-14 5.492016353758657271e-16
3.595999054345177683e+03 2.701622695987865954e-14 5.518129876054050715e-16
3.598745775106510337e+03 2.785875528558654014e-14 5.969698256962742210e-16
3.601492495867842990e+03 2.939363912358423318e-14 5.814251068287271515e-16
3.604239216629175644e+03 2.856297884793631339e-14 6.713086743959613146e-16
3.606985937390508298e+03 2.815329063806198595e-14 6.197857519061911017e-16
3.609732658151840951e+03 2.791908007950330561e-14 6.781936581198638389e-16
3.612479378913173605e+03 2.768323263730042362e-14 5.588814795464653781e-16
3.615226099674506258e+03 2.910397271652149711e-14 5.626794063111658219e-16
3.617972820435838912e+03 2.873140704818722144e-14 6.283015241362966019e-16
3.620719541197171566e+03 2.674058068062766292e-14 5.513005467784301180e-16
3.623466261958504219e+03 2.595484092051239844e-14 6.139113519902434114e-16
3.626212982719836873e+03 2.625072358781397419e-14 5.441352192277922202e-16
3.628959703481169527e+03 2.679761466025639277e-14 5.511927453278720766e-16
3.631706424242502180e+03 2.752102678668492132e-14 5.386052980254283477e-16
3.634453145003834834e+03 2.772574959132152406e-14 5.405925019600583527e-16
3.637199865765167488e+03 2.742845624621678548e-14 5.340736465148260817e-16
3.639946586526500141e+03 2.768591492233856885e-14 5.368860824869869984e-16
3.642693307287832795e+03 2.850582372293537424e-14 5.395427135647157935e-16
3.645440028049165448e+03 2.767866751510195181e-14 5.322934235353763809e-16
3.648186748810498102e+03 2.884684775865237093e-14 5.425014136597576470e-16
3.650933469571830756e+03 2.811117563254861806e-14 5.380682524680635617e-16
3.653680190333163409e+03 2.997079411249134391e-14 5.452984139798987153e-16
3.656426911094496063e+03 3.066811092544300409e-14 5.466673199950515306e-16
3.659173631855828717e+03 3.245274583185997249e-14 5.620532176874244216e-16
3.661920352617161370e+03 3.366819224106376365e-14 5.656237115455308930e-16
3.664667073378494024e+03 3.450553207101558668e-14 5.727765730385448250e-16
3.667413794139826678e+03 3.674669012887310502e-14 5.821499430297740497e-16
3.670160514901159331e+03 3.789185730730167136e-14 5.986843705641184759e-16
3.672907235662491985e+03 4.043626474222040640e-14 6.146522333968060983e-16
3.675653956423824638e+03 4.244043458992363118e-14 6.121182530942000047e-16
3.678400677185157292e+03 4.345081238289478749e-14 6.120075208456987397e-16
3.681147397946489946e+03 4.560124913214949151e-14 6.424371621133908673e-16
3.683894118707822599e+03 4.574879834174333774e-14 6.238128411433746559e-16
3.686640839469155253e+03 4.787731595392732101e-14 6.314501743422113946e-16
3.689387560230487907e+03 5.032490459499361823e-14 6.476561063418430003e-16
3.692134280991820560e+03 5.231357855415159925e-14 6.928123335188164079e-16
3.694881001753153214e+03 5.251063631537022023e-14 6.580599693499162877e-16
3.697627722514485868e+03 5.384556944697261052e-14 6.691487032900208006e-16
3.700374443275818521e+03 5.337690081176572620e-14 6.617161851238613472e-16
3.703121164037151175e+03 5.371651883129280502e-14 6.631026239874846902e-16
3.705867884798483828e+03 5.417624233592632279e-14 6.570555962131384780e-16
3.708614605559816482e+03 5.328422729834247757e-14 6.484287824223276604e-16
3.711361326321149136e+03 4.899643078020764864e-14 6.120156628130606585e-16
3.714108047082481789e+03 4.858533715993924949e-14 6.106445140136195400e-16
3.716854767843814443e+03 4.734739115689897930e-14 6.023806430744336423e-16
3.719601488605147097e+03 4.666339588182775371e-14 5.971111273170219852e-16
3.722348209366479750e+03 4.520310509156299250e-14 5.886836562445525853e-16
3.725094930127812404e+03 4.381464942015503703e-14 5.860236372034845809e-16
3.727841650889145058e+03 4.053284388512645779e-14 5.575317763499116842e-16
3.730588371650477711e+03 4.022519624582100110e-14 5.576989746104414117e-16
3.733335092411810365e+03 3.807441330923015178e-14 5.365307816060849305e-16
3.736081813173143019e+03 3.700393647257383204e-14 5.313850429367194594e-16
3.738828533934475672e+03 3.487923062590070014e-14 5.137985435690816073e-16
3.741575254695808326e+03 3.433233398587285800e-14 5.119537069347120270e-16
3.744321975457140979e+03 3.306497022437295706e-14 5.022175882549237585e-16
3.747068696218473633e+03 3.293103604037165553e-14 4.992305472724683844e-16
3.749815416979806287e+03 3.227147658163174317e-14 4.948108664652885125e-16
3.752562137741138940e+03 3.240125983105475899e-14 5.004466114034318640e-16
3.755308858502471594e+03 3.111513105496536369e-14 4.813808500246516956e-16
3.758055579263804248e+03 3.060834351988770729e-14 4.886484580173768347e-16
3.760802300025136901e+03 2.982405040209317207e-14 4.711672625777457153e-16
3.763549020786469555e+03 3.012442647094908974e-14 4.775608481319136349e-16
3.766295741547802209e+03 3.048195823420288281e-14 4.720713691036934262e-16
3.769042462309134862e+03 2.957850611392037147e-14 4.694700383043885548e-16
3.771789183070467516e+03 2.953135785991998416e-14 4.619585497980837359e-16
3.774535903831800169e+03 3.017469040499572395e-14 4.857558647652755063e-16
3.777282624593132823e+03 2.762439240897360633e-14 4.528981182832010915e-16
3.780029345354465477e+03 2.740937077666882319e-14 4.546694817492475303e-16
3.782776066115798130e+03 2.623166069791151582e-14 4.693569616944454699e-16
3.785522786877130784e+03 2.462789107782774146e-14 4.284717719528012245e-16
3.788269507638463438e+03 2.478744376651460627e-14 4.253932614306353427e-16
3.791016228399796091e+03 2.452775720225387710e-14 4.200082322163028085e-16
3.793762949161128745e+03 2.418154722411883838e-14 4.144057016183571185e-16
3.796509669922461399e+03 2.417007109513954329e-14 4.154994535562011791e-16
3.799256390683794052e+03 2.374258734379512738e-14 4.152515100226765139e-16
3.802003111445126706e+03 2.361285165321260685e-14 4.098873661157279078e-16
3.804749832206459359e+03 2.446532605478667803e-14 4.105053176436561498e-16
3.807496552967792013e+03 2.413018736143887739e-14 4.097521707527841819e-16
3.810243273729124667e+03 2.315947113005259633e-14 4.068147617458223290e-16
3.812989994490457320e+03 2.369700571164386982e-14 4.012437490551566944e-16
3.815736715251789974e+03 2.357664716592865568e-14 4.023109563944562573e-16
3.818483436013122628e+03 2.352648858566644751e-14 3.952558316458387158e-16
3.821230156774455281e+03 2.313760667753309143e-14 3.901348682125957579e-16
3.823976877535787935e+03 2.400912631187384558e-14 3.954939504691167680e-16
3.826723598297120589e+03 2.467315294398579630e-14 3.981076332533501902e-16
3.829470319058453242e+03 2.468327213554667159e-14 3.992862680474927468e-16
3.832217039819785896e+03 2.459485935232410096e-14 3.936025048561948662e-16
3.834963760581118549e+03 2.427293243148107464e-14 4.434706239229247909e-16
3.837710481342451203e+03 2.550022956877948061e-14 4.557306405855160276e-16
3.840457202103783857e+03 2.628790623527844573e-14 4.058569772335452726e-16
3.843203922865116510e+03 2.688340956850395805e-14 4.051890192679846699e-16
3.845950643626449164e+03 2.821314783354321937e-14 4.070530619525019538e-16
3.848697364387781818e+03 2.790970617672537248e-14 4.056858146647720352e-16
3.851444085149114471e+03 2.986510748447597815e-14 4.118346203884213391e-16
3.854190805910447125e+03 3.169846989376393557e-14 4.186316025937665887e-16
3.856937526671779779e+03 3.236300226924168802e-14 4.355800557950330119e-16
3.859684247433112432e+03 3.332396784307894523e-14 4.405646478279991005e-16
3.862430968194445086e+03 3.458042887667738840e-14 4.323373843260336464e-16
3.865177688955777739e+03 3.619210804650795798e-14 4.367179381141812175e-16
3.867924409717110393e+03 3.761862752524927859e-14 4.560107963812359288e-16
3.870671130478443047e+03 3.856637664394446462e-14 4.455952105347859235e-16
3.873417851239775700e+03 4.088846428353127137e-14 4.588665471923253439e-16
3.876164572001108354e+03 4.234723528185888749e-14 4.804134732523622010e-16
3.878911292762441008e+03 4.395219057458816006e-14 4.685359584074889750e-16
3.881658013523773661e+03 4.488765020428445382e-14 4.685559202293555004e-16
3.884404734285106315e+03 4.679675823732946908e-14 4.862033172696527994e-16
3.887151455046438969e+03 4.755390591257081132e-14 5.828580268613984890e-16
3.889898175807771622e+03 5.008554211702849247e-14 5.017770398842171901e-16
3.892644896569104276e+03 5.245418054526115459e-14 4.931747555475115901e-16
3.895391617330436929e+03 5.385759318122867117e-14 4.985754253903923164e-16
3.898138338091769583e+03 5.503428977800665655e-14 5.006379317554434593e-16
3.900885058853102237e+03 5.676344848172691128e-14 5.062757740877636023e-16
3.903631779614434890e+03 5.857513578109567401e-14 5.121049495246299287e-16
3.906378500375767544e+03 6.008051048559582984e-14 5.198714310216285579e-16
3.909125221137100198e+03 6.163654767842613384e-14 5.213744616006509551e-16
3.911871941898432851e+03 6.346370429917740799e-14 5.287060516012702824e-16
3.914618662659765505e+03 6.312309163498917334e-14 5.247535831256246231e-16
3.917365383421098159e+03 6.378104821564312559e-14 5.230681492204939747e-16
3.920112104182430812e+03 6.518890722720199929e-14 5.256138246989994494e-16
3.922858824943763466e+03 6.509960041529868022e-14 5.245393392082536983e-16
3.925605545705096119e+03 6.607892830772630703e-14 5.276655445057951762e-16
3.928352266466428773e+03 6.461253213829497849e-14 5.190394069536338103e-16
3.931098987227761427e+03 6.513580591478115973e-14 5.216406126358232309e-16
3.933845707989094080e+03 6.466662573293981694e-14 5.153403826661748694e-16
3.936592428750426734e+03 6.557514223757882853e-14 5.201266141593962793e-16
3.939339149511759388e+03 6.675973610491348435e-14 5.243972422400354295e-16
3.942085870273092041e+03 6.698784120645718394e-14 5.216739067538620669e-16
3.944832591034424695e+03 6.671093946207785190e-14 5.188788445738298013e-16
3.947579311795757349e+03 6.567371603743933785e-14 5.154021986920713323e-16
3.950326032557090002e+03 6.684801595681629412e-14 5.146199987136585276e-16
3.953072753318422656e+03 6.675109909560851910e-14 5.135693050105058601e-16
3.955819474079755310e+03 6.744119440233981238e-14 5.170142908322059626e-16
3.958566194841087963e+03 6.847236148363822170e-14 5.168377584010523505e-16
3.961312915602420617e+03 6.925037678185390513e-14 5.212761736357793116e-16
3.964059636363753270e+03 6.940748159141048173e-14 5.174191017915202723e-16
3.966806357125085924e+03 6.913615480123532523e-14 5.148844548711787018e-16
3.969553077886418578e+03 6.888034824332474528e-14 5.254342257201944772e-16
3.972299798647751231e+03 6.980114129377978388e-14 5.174225494330562863e-16
3.975046519409083885e+03 6.995917758829486514e-14 5.120734733199722208e-16
3.977793240170416539e+03 6.949888616442297807e-14 5.099851834096796955e-16
3.980539960931749192e+03 6.871921991772130078e-14 5.136495156436746675e-16
3.983286681693081846e+03 6.915486729335038695e-14 5.076790526116768403e-16
3.986033402454414500e+03 6.630815031735202945e-14 4.943911759082703056e-16
3.988780123215747153e+03 6.483127596964662399e-14 4.926145994455481185e-16
3.991526843977079807e+03 6.288054545684709868e-14 4.811347584600353615e-16
3.994273564738412460e+03 6.117300280889509000e-14 4.744837775976474522e-16
3.997020285499745114e+03 5.910392427335123001e-14 4.666010734066007946e-16
3.999767006261077768e+03 5.788136912920658245e-14 4.652326518443737417e-16
4.002513727022410421e+03 5.624014304158650800e-14 4.591891439672805239e-16
4.005260447783743075e+03 5.482901332475100560e-14 4.481667485614327964e-16
4.008007168545075729e+03 5.290706785309933476e-14 4.412859338205712110e-16
4.010753889306408382e+03 5.134079553631532298e-14 4.360185748188736838e-16
4.013500610067741036e+03 5.055779381196419343e-14 4.305804575052235449e-16
4.016247330829073690e+03 4.976270268846499512e-14 4.400578578381528561e-16
4.018994051590406343e+03 4.917984552830124112e-14 4.261642855857573492e-16
4.021740772351738997e+03 4.791606171991179424e-14 4.165620895404326386e-16
4.024487493113071650e+03 4.725288811903159248e-14 4.333269975887241533e-16
4.027234213874404304e+03 4.632057655096765192e-14 4.134042703783996578e-16
4.029980934635736958e+03 4.605836919100525489e-14 4.071538541536985977e-16
4.032727655397069611e+03 4.538086618729103435e-14 4.027380240103282634e-16
4.035474376158402265e+03 4.515156077967432848e-14 4.028671560632820432e-16
4.038221096919734919e+03 4.478345664464656309e-14 4.011003419342507384e-16
4.040967817681067572e+03 4.451767744534117928e-14 4.009196030479761509e-16
4.043714538442400226e+03 4.526032016198630776e-14 4.159509598332610925e-16
4.046461259203732880e+03 4.622474780435147782e-14 4.127965754332460062e-16
4.049207979965065533e+03 4.560787186289143610e-14 4.028384899602616052e-16
4.051954700726398187e+03 4.533295067525849773e-14 4.001138571898851733e-16
4.054701421487730840e+03 4.562060819645942494e-14 4.005381150045923445e-16
4.057448142249063494e+03 4.600356802298324886e-14 4.007476559168579081e-16
4.060194863010396148e+03 4.607281020637206349e-14 3.984331560253535373e-16
4.062941583771728801e+03 4.763315235775663274e-14 4.077406244070938012e-16
4.065688304533061455e+03 4.881552420681101096e-14 4.095081952756341650e-16
4.068435025294394109e+03 4.974079086704997818e-14 4.187708463405404201e-16
4.071181746055726762e+03 5.020823635673560859e-14 4.144720189316422634e-16
4.073928466817059416e+03 5.137184203742782375e-14 4.189982375215244903e-16
4.076675187578392070e+03 5.186197157093670233e-14 4.180260449438390030e-16
4.079421908339724723e+03 5.214843369078221569e-14 4.181170750466475267e-16
4.082168629101057377e+03 5.184505862088369248e-14 4.188600677627711492e-16
4.084915349862390030e+03 5.082364890827191422e-14 4.142373348348743916e-16
4.087662070623722684e+03 5.034737078990307400e-14 4.103137978131265153e-16
4.090408791385055338e+03 4.978975673955070082e-14 4.597591019285382781e-16
4.093155512146387991e+03 4.952700801354165620e-14 4.266831451334232881e-16
4.095902232907720645e+03 4.867623661597465709e-14 4.047381564767273828e-16
4.098648953669053299e+03 4.894229799344631448e-14 4.049114489878044292e-16
4.101395674430385952e+03 4.804808389328461216e-14 3.994901232856281895e-16
4.104142395191718606e+03 4.763813568084133026e-14 3.973358825724200595e-16
4.106889115953051260e+03 4.631084688493721467e-14 4.416307481028671297e-16
4.109635836714383913e+03 4.656810532945936143e-14 4.084712688532509248e-16
4.112382557475716567e+03 4.581396997556882713e-14 3.911735778683096418e-16
4.115129278237049220e+03 4.580605279525311469e-14 3.905641087569459003e-16
4.117875998998381874e+03 4.625141173653746859e-14 3.914741098050921214e-16
4.120622719759714528e+03 4.557044322364477169e-14 3.899548826385093953e-16
4.123369440521047181e+03 4.533243944591572195e-14 3.873569799016268744e-16
4.126116161282379835e+03 4.494263585004457941e-14 3.842630417396375831e-16
4.128862882043712489e+03 4.461557304213299664e-14 3.823697294063308813e-16
4.131609602805045142e+03 4.510312732686130093e-14 3.886579934535936056e-16
4.134356323566377796e+03 4.527368745773884808e-14 3.872974604332931585e-16
4.137103044327710450e+03 4.534350978031522401e-14 3.841071961870989979e-16
4.139849765089043103e+03 4.507017635075953313e-14 3.810572437258240033e-16
4.142596485850375757e+03 4.569850197119519389e-14 3.841059385451847252e-16
4.145343206611708410e+03 4.515795857039677190e-14 3.826113298203237905e-16
4.148089927373041064e+03 4.488016340002766312e-14 3.810104555862349012e-16
4.150836648134373718e+03 4.522204649802896113e-14 3.818795833332322911e-16
4.153583368895706371e+03 4.536068662708497565e-14 3.867177521966549883e-16
4.156330089657039025e+03 4.576138960859744273e-14 3.820798921090442409e-16
4.159076810418371679e+03 4.639621334585271683e-14 3.856792322902282554e-16
4.161823531179704332e+03 4.572517183639169610e-14 3.791993626533334039e-16
4.164570251941036986e+03 4.576976016306623531e-14 3.792335014131565137e-16
4.167316972702369640e+03 4.579613860982431491e-14 3.776231819604318905e-16
4.170063693463702293e+03 4.611311812151222005e-14 3.804996686151203954e-16
4.172810414225034947e+03 4.696997241882472608e-14 3.844349197204595145e-16
4.175557134986367601e+03 4.698972781862297588e-14 3.839663980929577648e-16
4.178303855747700254e+03 4.678536217639573301e-14 3.790586549862067533e-16
4.181050576509032908e+03 4.697549249957891825e-14 3.801486514092975133e-16
4.183797297270365561e+03 4.792674639102147812e-14 3.841841189798304446e-16
4.186544018031698215e+03 4.822417864843031082e-14 3.848566692364885129e-16
4.189290738793030869e+03 5.001502945125290815e-14 3.913070014604486045e-16
4.192037459554363522e+03 5.100049007340030500e-14 3.938212246562394974e-16
4.194784180315696176e+03 5.111693293217027862e-14 3.928576562519257730e-16
4.197530901077028830e+03 4.976122446585897527e-14 4.447733714325932080e-16
4.200277621838361483e+03 4.976532260219230931e-14 4.057557554038506701e-16
4.203024342599694137e+03 5.040600233782209408e-14 3.879647864476540038e-16
4.205771063361026791e+03 5.039978371185231603e-14 3.895846288030562371e-16
4.208517784122359444e+03 4.977132912575055567e-14 3.885057282902364383e-16
4.211264504883692098e+03 5.026828542308060857e-14 3.878702756569394785e-16
4.214011225645024751e+03 5.068583384092337311e-14 3.891739527809067117e-16
4.216757946406357405e+03 5.014327609910721307e-14 3.871452483143066565e-16
4.219504667167690059e+03 4.985636696456219656e-14 3.838346016892696782e-16
4.222251387929022712e+03 4.988865710983809391e-14 3.848919660182897791e-16
4.224998108690355366e+03 4.991562356799284843e-14 3.833161160374353586e-16
4.227744829451688020e+03 4.924453464921083880e-14 3.996277576174343771e-16
4.230491550213020673e+03 4.912658662646726514e-14 3.859978712232457819e-16
4.233238270974353327e+03 4.884657032820883017e-14 3.780678232746437539e-16
4.235984991735685981e+03 4.842077467781991944e-14 3.770204246232840434e-16
4.238731712497018634e+03 4.824614643530853287e-14 3.758288484910694689e-16
4.241478433258351288e+03 4.742217406918461096e-14 3.854423762557203989e-16
4.244225154019683941e+03 4.751176038185859997e-14 3.762616946730062240e-16
4.246971874781016595e+03 4.727513085395850969e-14 3.716213117903291652e-16
4.249718595542349249e+03 4.684488287672595936e-14 3.703329218280703306e-16
4.252465316303681902e+03 4.673036447143195837e-14 3.688204690265598522e-16
4.255212037065014556e+03 4.681404704718917505e-14 3.685371398871304633e-16
4.257958757826347210e+03 4.610032947901279847e-14 3.647920157699556460e-16
4.260705478587679863e+03 4.604677315754547233e-14 3.694953969195473494e-16
4.263452199349012517e+03 4.604992003068427713e-14 3.657261971746688551e-16
4.266198920110345171e+03 4.571123546065684037e-14 3.631249747038526561e-16
4.268945640871677824e+03 4.576710226182357950e-14 3.630330527463577078e-16
4.271692361633010478e+03 4.572620376448088762e-14 3.631339671009090770e-16
4.274439082394343131e+03 4.565071336688426686e-14 3.612089961501063361e-16
4.277185803155675785e+03 4.599708768866116279e-14 3.610290890237329471e-16
4.279932523917008439e+03 4.607908458073833129e-14 3.618029796808920948e-16
4.282679244678341092e+03 4.447015944664879275e-14 3.552294354476736914e-16
4.285425965439673746e+03 4.451229801631962062e-14 3.676094507281871204e-16
4.288172686201006400e+03 4.540218130332881264e-14 3.616841933264687904e-16
4.290919406962339053e+03 4.541869180684369585e-14 4.266683084303489738e-16
4.293666127723671707e+03 4.458262015129914133e-14 4.528792538335139540e-16
4.296412848485004361e+03 4.448384180086598579e-14 3.815169130896966982e-16
4.299159569246337014e+03 4.583746214953606889e-14 3.570228976003041100e-16
4.301906290007669668e+03 4.577561318942578278e-14 3.555512051507655274e-16
4.304653010769002321e+03 4.555599880085299029e-14 3.552463524837320809e-16
4.307399731530334975e+03 4.527103921062311793e-14 3.533042587170927308e-16
4.310146452291667629e+03 4.465395226005552571e-14 3.500555381177642988e-16
4.312893173053000282e+03 4.450529328726080795e-14 3.528075079176970303e-16
4.315639893814332936e+03 4.394733425490066601e-14 3.536115092581871688e-16
4.318386614575665590e+03 4.337860384700001026e-14 3.467763710866450987e-16
4.321133335336998243e+03 4.280228940630083014e-14 3.427613984353136887e-16
4.323880056098330897e+03 4.193191279773088944e-14 3.381183960934491261e-16
4.326626776859663551e+03 4.146825057603827268e-14 3.364151640022143471e-16
4.329373497620996204e+03 4.141466747374660118e-14 3.472744584244279403e-16
4.332120218382328858e+03 4.134309497469202490e-14 3.390513907442614740e-16
4.334866939143661511e+03 4.070193584231907873e-14 3.347370435179934261e-16
4.337613659904994165e+03 4.001559137024616841e-14 3.315887475805239224e-16
4.340360380666326819e+03 3.942646337028130138e-14 3.275639993287742908e-16
4.343107101427659472e+03 4.046475044278558952e-14 3.684137844557910062e-16
4.345853822188992126e+03 3.925743956924838600e-14 3.388855648334869248e-16
4.348600542950324780e+03 3.769842674319059102e-14 3.239156140468864179e-16
4.351347263711657433e+03 3.719970268299492472e-14 3.190675864576441811e-16
4.354093984472990087e+03 3.643495704135309805e-14 3.138389705802916293e-16
4.356840705234322741e+03 3.619718753114889667e-14 3.133038590548727289e-16
4.359587425995655394e+03 3.593841823071743927e-14 3.115408779753791872e-16
4.362334146756988048e+03 3.516164666682354146e-14 3.074940489487189962e-16
4.365080867518320701e+03 3.435506484835236785e-14 3.054649767504153244e-16
4.367827588279653355e+03 3.338212707776859737e-14 3.013626861256158042e-16
4.370574309040986009e+03 3.323388434611357614e-14 3.035572488805222616e-16
4.373321029802318662e+03 3.264350035609109438e-14 2.978609488096033216e-16
4.376067750563651316e+03 3.276385658297772953e-14 2.976297818555896893e-16
4.378814471324983970e+03 3.252295898766275860e-14 2.988829933547589835e-16
4.381561192086316623e+03 3.134825531496774778e-14 2.916852332649997691e-16
4.384307912847649277e+03 3.097864671007921110e-14 2.904493053625548447e-16
4.387054633608981931e+03 3.117397534891022989e-14 2.932890279000847183e-16
4.389801354370314584e+03 2.998344235231488621e-14 2.860282649797824340e-16
4.392548075131647238e+03 2.985086174211066337e-14 2.853737369930791736e-16
4.395294795892979892e+03 2.911178213092631944e-14 2.794640595493039130e-16
4.398041516654312545e+03 2.890829536066647154e-14 2.792019107135467593e-16
4.400788237415645199e+03 2.888455236871284240e-14 2.789873121000342722e-16
4.403534958176977852e+03 2.860600561085710247e-14 2.771493566180796335e-16
4.406281678938310506e+03 2.898095551334664447e-14 2.794771439099899935e-16
4.409028399699643160e+03 2.851794215137850061e-14 2.798678077411960955e-16
4.411775120460975813e+03 2.796360709409573165e-14 2.784391333467822803e-16
4.414521841222308467e+03 2.830193851653456363e-14 2.810728915920499128e-16
4.417268561983641121e+03 2.771229550640016688e-14 2.839514603613796386e-16
4.420015282744973774e+03 2.721821446178226650e-14 2.762529073616351002e-16
4.422762003506306428e+03 2.691584109142242641e-14 2.700343871547694419e-16
4.425508724267639082e+03 2.696485508413550174e-14 2.706810949758493612e-16
4.428255445028971735e+03 2.706993946078329464e-14 2.733834419698763884e-16
4.431002165790304389e+03 2.742654779626430454e-14 2.721751690807690317e-16
4.433748886551637042e+03 2.744876267580865999e-14 2.695898634944653553e-16
4.436495607312969696e+03 2.772771381249201671e-14 2.731824346004578166e-16
4.439242328074302350e+03 2.781484039324215965e-14 2.734109992407830153e-16
4.441989048835635003e+03 2.758060197158441902e-14 2.937510555519091261e-16
4.444735769596967657e+03 2.768544936269469715e-14 2.791527413189914176e-16
4.447482490358300311e+03 2.821856770057589148e-14 2.715371714337632123e-16
4.450229211119632964e+03 2.789128107444331239e-14 2.696125818790232749e-16
4.452975931880965618e+03 2.836123241609921606e-14 2.735778240392385603e-16
4.455722652642298272e+03 2.918245491036671602e-14 2.917393251653625087e-16
4.458469373403630925e+03 2.962334870392733838e-14 2.835059072001643663e-16
4.461216094164963579e+03 2.914185070010583425e-14 2.980112481227323769e-16
4.463962814926296232e+03 3.027738837279400631e-14 2.899596875308848799e-16
4.466709535687628886e+03 3.143311417782878592e-14 2.830177033121842004e-16
4.469456256448961540e+03 3.136628681220800995e-14 2.818453298299964194e-16
4.472202977210294193e+03 3.192420728819094258e-14 2.862905188462404082e-16
4.474949697971626847e+03 3.207339680797729898e-14 3.103883654110021516e-16
4.477696418732959501e+03 3.240531606140189269e-14 3.226635649873640755e-16
4.480443139494292154e+03 3.335450823682739751e-14 3.017632014148992555e-16
4.483189860255624808e+03 3.418554340766992883e-14 2.938474849597590628e-16
4.485936581016957462e+03 3.444685196180637756e-14 2.935354631193272633e-16
4.488683301778290115e+03 3.458216426522620456e-14 2.943288554786809957e-16
4.491430022539622769e+03 3.503871199061887852e-14 2.964939786085306505e-16
4.494176743300955422e+03 3.560752942782057680e-14 3.009271255403056901e-16
4.496923464062288076e+03 3.697439074945577979e-14 3.039289724629884982e-16
4.499670184823620730e+03 3.745741208880739003e-14 3.048846782629016938e-16
4.502416905584953383e+03 3.811587934840204365e-14 3.082759589172024609e-16
4.505163626346286037e+03 3.978791276188153146e-14 3.135404717130448609e-16
4.507910347107618691e+03 4.108110308680705900e-14 3.167489562373982036e-16
4.510657067868951344e+03 4.162603787001476455e-14 3.181113964646719304e-16
4.513403788630283998e+03 4.322241793671693874e-14 3.244057944674806762e-16
4.516150509391616652e+03 4.430947587850177237e-14 3.287418153091449369e-16
4.518897230152949305e+03 4.499381399344305186e-14 3.337902663905569660e-16
4.521643950914281959e+03 4.630830478884982606e-14 3.350047945936122353e-16
4.524390671675614612e+03 4.751798497156627759e-14 3.371808030069420763e-16
4.527137392436947266e+03 4.876705560104396912e-14 3.416737887083891616e-16
4.529884113198279920e+03 5.009906018844686815e-14 3.458932622139956095e-16
4.532630833959612573e+03 5.080141119525686362e-14 3.481902489309428484e-16
4.535377554720945227e+03 5.085606392350696554e-14 3.490484604293406569e-16
4.538124275482277881e+03 5.193013140386298968e-14 3.520113473249436583e-16
4.540870996243610534e+03 5.274613750982875297e-14 3.533714851356194778e-16
4.543617717004943188e+03 5.316077549858456899e-14 3.551759245781074543e-16
4.546364437766275842e+03 5.416203809720845039e-14 3.582340437577557519e-16
4.549111158527608495e+03 5.478289576309580297e-14 4.458473382595418279e-16
4.551857879288941149e+03 5.579410766948580958e-14 5.048696471670710388e-16
4.554604600050273802e+03 5.693063985501865115e-14 3.676559115292504388e-16
4.557351320811606456e+03 5.773981543940408538e-14 3.677964867402372866e-16
4.560098041572939110e+03 5.752948557924244420e-14 4.045160211293494344e-16
4.562844762334271763e+03 5.881903282969379050e-14 3.865503580893732907e-16
4.565591483095604417e+03 6.070015440546127150e-14 3.766504504913252363e-16
4.568338203856937071e+03 6.040574567204154269e-14 3.799426501306613817e-16
4.571084924618269724e+03 5.961776365141458497e-14 3.740605953784763319e-16
4.573831645379602378e+03 6.030575213486328668e-14 3.748268651749531191e-16
4.576578366140935032e+03 6.111450656236142100e-14 3.820699886532442537e-16
4.579325086902267685e+03 6.080387756535648499e-14 3.781740729637601798e-16
4.582071807663600339e+03 6.065183167302148144e-14 3.761418819445669224e-16
4.584818528424932992e+03 6.158548232769281869e-14 3.786051487179784978e-16
4.587565249186265646e+03 6.158409243815593622e-14 3.787109058237608803e-16
4.590311969947598300e+03 6.089558893616717113e-14 3.770735484855942696e-16
4.593058690708930953e+03 6.076150291332535208e-14 3.762926840456094100e-16
4.595805411470263607e+03 6.085513990901873737e-14 3.758326020426883206e-16
4.598552132231596261e+03 6.073323656853028253e-14 3.774905366236185257e-16
4.601298852992928914e+03 6.088316703431270354e-14 3.768327679318295557e-16
4.604045573754261568e+03 6.159769014766824553e-14 3.782009433026497404e-16
4.606792294515594222e+03 6.176997858659068576e-14 3.787073780158453396e-16
4.609539015276926875e+03 6.249983304264006226e-14 3.821390073771583968e-16
4.612285736038259529e+03 6.300003879213869409e-14 3.827638322420003605e-16
4.615032456799592183e+03 6.275144486972784716e-14 3.825450627856165329e-16
4.617779177560924836e+03 6.378783972592400739e-14 3.871449436844275278e-16
4.620525898322257490e+03 6.347272234527809048e-14 3.979900391298427158e-16
4.623272619083590143e+03 6.406011987017351089e-14 3.944987706607580051e-16
4.626019339844922797e+03 6.551645583210408491e-14 3.919012625283579102e-16
4.628766060606255451e+03 6.562856067092538029e-14 3.903570912778177774e-16
4.631512781367588104e+03 6.556288325202056655e-14 3.906051189814643542e-16
4.634259502128920758e+03 6.590681715451831803e-14 3.935667118411769516e-16
4.637006222890253412e+03 6.491464500417175003e-14 3.887076299017901623e-16
4.639752943651586065e+03 6.453565408703756878e-14 4.314026234123815742e-16
4.642499664412918719e+03 6.427010142605624075e-14 4.357938718533140859e-16
4.645246385174251373e+03 6.383760472605005644e-14 3.998560227054192115e-16
4.647993105935584026e+03 6.370347614732748737e-14 3.870556843949856039e-16
4.650739826696916680e+03 6.240348971978228771e-14 3.806567222213930689e-16
4.653486547458249333e+03 6.178789390719256706e-14 3.803898303427501882e-16
4.656233268219581987e+03 6.023197862033009693e-14 3.745063530433283542e-16
4.658979988980914641e+03 5.941331086247617413e-14 3.739029037541810528e-16
4.661726709742247294e+03 5.983341058223214545e-14 3.980386027219218178e-16
4.664473430503579948e+03 5.810759291457788987e-14 4.073579138923649956e-16
4.667220151264912602e+03 5.654893004864949343e-14 3.776930682168313667e-16
4.669966872026245255e+03 5.545380867694866901e-14 3.616089860175732848e-16
4.672713592787577909e+03 5.446261693950452714e-14 3.580905967035038657e-16
4.675460313548910563e+03 5.344235725062337113e-14 3.614299045234167398e-16
4.678207034310243216e+03 5.276370751788199257e-14 3.562328353528608401e-16
4.680953755071575870e+03 5.165518884740894310e-14 3.505875381434974006e-16
4.683700475832908523e+03 4.965607480539573899e-14 3.457772749109441785e-16
4.686447196594241177e+03 4.818618454945535934e-14 3.413237079408912692e-16
4.689193917355573831e+03 4.711757998424295695e-14 3.433007465826802362e-16
4.691940638116906484e+03 4.647493275707791241e-14 3.377557909309260359e-16
4.694687358878239138e+03 4.552527447819877327e-14 3.378914313343252793e-16
4.697434079639571792e+03 4.430180947294476296e-14 3.302652309068395022e-16
4.700180800400904445e+03 4.352690911643910048e-14 3.253227134650190512e-16
4.702927521162237099e+03 4.332047999270544169e-14 3.254714313595589057e-16
4.705674241923569753e+03 4.259230145271186282e-14 3.220963304008307946e-16
4.708420962684902406e+03 4.252722325975782703e-14 3.475107909828279537e-16
4.711167683446235060e+03 4.203979272691914575e-14 3.605548917737522353e-16
4.713914404207567713e+03 4.240095994052737110e-14 3.348543225513915947e-16
4.716661124968900367e+03 4.233016684440072947e-14 3.211947056610674499e-16
4.719407845730233021e+03 4.214663355913848425e-14 3.212589489184912328e-16
4.722154566491565674e+03 4.189275855012490728e-14 3.209089413414979702e-16
4.724901287252898328e+03 4.237427024291624969e-14 3.231907354947559559e-16
4.727648008014230982e+03 4.259245924411116164e-14 3.232868349804861463e-16
4.730394728775563635e+03 4.281546575550057396e-14 3.239729866174633130e-16
4.733141449536896289e+03 4.215911555815325318e-14 3.205006281497645297e-16
4.735888170298228943e+03 4.260106511713972952e-14 3.247355089314659115e-16
4.738634891059561596e+03 4.229126204329796442e-14 3.227047746578247546e-16
4.741381611820894250e+03 4.175856224676882757e-14 3.218664157756078414e-16
4.744128332582226903e+03 4.076269408678632008e-14 3.194056104811986924e-16
4.746875053343559557e+03 4.004490280769651811e-14 3.172822800960604149e-16
4.749621774104892211e+03 3.966152056863898845e-14 3.146759114316105361e-16
4.752368494866224864e+03 3.915417472045779345e-14 3.121797155276250099e-16
4.755115215627557518e+03 3.771855292879362597e-14 3.073814233282019582e-16
4.757861936388890172e+03 3.668537961095127456e-14 3.035635851188741812e-16
4.760608657150222825e+03 3.602462328291210353e-14 3.007914950144064043e-16
4.763355377911555479e+03 3.632854512349580704e-14 3.031956769202293555e-16
4.766102098672888133e+03 3.556998527200454412e-14 3.298685564286937953e-16
4.768848819434220786e+03 3.465913991457281781e-14 3.289171692692238550e-16
4.771595540195553440e+03 3.420007427051160116e-14 3.019751808735647545e-16
4.774342260956886093e+03 3.456484754901427691e-14 3.019493220540898450e-16
4.777088981718218747e+03 3.405727277603111853e-14 2.959694712108300010e-16
4.779835702479551401e+03 3.287899619780423279e-14 2.883416547150485171e-16
4.782582423240884054e+03 3.303744013715493907e-14 2.903346986943575170e-16
4.785329144002216708e+03 3.352436621086009817e-14 2.915598753920364781e-16
4.788075864763549362e+03 3.322392065311912642e-14 3.113348071942469248e-16
4.790822585524882015e+03 3.278689185696901914e-14 2.956080894253857630e-16
4.793569306286214669e+03 3.341907141704334722e-14 2.915460707791354256e-16
4.796316027047547323e+03 3.379386722544461850e-14 2.917277936206075951e-16
4.799062747808879976e+03 3.358301090574759442e-14 2.908628785598212467e-16
4.801809468570212630e+03 3.373922424669226445e-14 2.916752837143576369e-16
4.804556189331545283e+03 3.456105645472659956e-14 2.999519932547861166e-16
4.807302910092877937e+03 3.523736651806424651e-14 2.987244402046012224e-16
4.810049630854210591e+03 3.576156238083405003e-14 2.994429662993585819e-16
4.812796351615543244e+03 3.660631580602137723e-14 3.030661637778677566e-16
4.815543072376875898e+03 3.780667319242253473e-14 3.075188532733808659e-16
4.818289793138208552e+03 3.874337381312268774e-14 3.105226989478458932e-16
4.821036513899541205e+03 3.919453934415938094e-14 3.126123394331672883e-16
4.823783234660873859e+03 3.978368931287303331e-14 3.182426080049664257e-16
4.826529955422206513e+03 3.988570809509706595e-14 3.149716438192118142e-16
4.829276676183539166e+03 3.990862644253193906e-14 3.151893960632140179e-16
4.832023396944871820e+03 3.977561318569837746e-14 3.134401716406237450e-16
4.834770117706204474e+03 3.914845576614522280e-14 3.120223907356018520e-16
4.837516838467537127e+03 3.842339954467345696e-14 3.098660368693239662e-16
4.840263559228869781e+03 3.806528728188105955e-14 3.078423924412828168e-16
4.843010279990202434e+03 3.760607600692593036e-14 3.061897547040165252e-16
4.845757000751535088e+03 3.679138686488410907e-14 3.055394969707176930e-16
4.848503721512867742e+03 3.709572903273302593e-14 3.059928015453610175e-16
4.851250442274200395e+03 3.695146880270158070e-14 3.035578218025286246e-16
4.853997163035533049e+03 3.557855101303099182e-14 2.997588264690135515e-16
4.856743883796865703e+03 3.540318915900260792e-14 3.007705231019596496e-16
4.859490604558198356e+03 3.537282940827520794e-14 2.999433784276425734e-16
4.862237325319531010e+03 3.466969918196074163e-14 2.960992423984796734e-16
4.864984046080863664e+03 3.335844261719365147e-14 2.909904272568173489e-16
4.867730766842196317e+03 3.354927698398037172e-14 2.925327035962466697e-16
4.870477487603528971e+03 3.298844464601743337e-14 2.887237897900684777e-16
4.873224208364861624e+03 3.244882105117659471e-14 2.882770549779242307e-16
4.875970929126194278e+03 3.164993322826786078e-14 2.845876168828502416e-16
4.878717649887526932e+03 3.105290163275718313e-14 2.822550423437552809e-16
4.881464370648859585e+03 3.110116979329317923e-14 2.824859567689382127e-16
4.884211091410192239e+03 3.038758585314879942e-14 2.783184734333319381e-16
4.886957812171524893e+03 3.048953991709004875e-14 2.803501679472955513e-16
4.889704532932857546e+03 2.994537808210282572e-14 2.765423523446813968e-16
4.892451253694190200e+03 2.957676039166564168e-14 2.779763133242782513e-16
4.895197974455522854e+03 2.896825023887649293e-14 2.732630790315041412e-16
4.897944695216855507e+03 2.903628752527628786e-14 2.781856083057802877e-16
4.900691415978188161e+03 2.953328950858804391e-14 2.768808289182923545e-16
4.903438136739520814e+03 2.915624773767741287e-14 2.741994217617271708e-16
4.906184857500853468e+03 2.825776437316523287e-14 2.764032606114574468e-16
4.908931578262186122e+03 2.866782009263053445e-14 2.733611339056805771e-16
4.911678299023518775e+03 2.987626920001459469e-14 2.949633329445775575e-16
4.914425019784851429e+03 3.012519442793829223e-14 2.822442459282857612e-16
4.917171740546184083e+03 3.015430091891900651e-14 2.780605342565379693e-16
4.919918461307516736e+03 3.068576127488472223e-14 2.803813117863564325e-16
4.922665182068849390e+03 3.187028979179582042e-14 2.847946424530323965e-16
4.925411902830182044e+03 3.239926900191897533e-14 2.866712924754972861e-16
4.928158623591514697e+03 3.265361100251778992e-14 2.887781655503356620e-16
4.930905344352847351e+03 3.326012526732968021e-14 2.911058651505723128e-16
4.933652065114180004e+03 3.443348337256697287e-14 3.045818035638631732e-16
4.936398785875512658e+03 3.527577809798330729e-14 3.106912115114778124e-16
4.939145506636845312e+03 3.564759342227245511e-14 3.020549801674083518e-16
4.941892227398177965e+03 3.593620532691878769e-14 3.030647531436050579e-16
4.944638948159510619e+03 3.605223511408482113e-14 3.033663296133243531e-16
4.947385668920843273e+03 3.679112836195743432e-14 3.146595014749822528e-16
4.950132389682175926e+03 3.684132697487149061e-14 3.152735455581569518e-16
4.952879110443508580e+03 3.765267359229258980e-14 3.094681718384716099e-16
4.955625831204841234e+03 3.897328332727996727e-14 3.129757384879575034e-16
4.958372551966173887e+03 3.880859531835592041e-14 3.108090152063357360e-16
4.961119272727506541e+03 3.888340135843954523e-14 3.115626339692720210e-16
4.963865993488839194e+03 3.856463375731158784e-14 3.112276672569136525e-16
4.966612714250171848e+03 3.850231574427314871e-14 3.110058308896296131e-16
4.969359435011504502e+03 3.808297550741455200e-14 3.093472143454309259e-16
4.972106155772837155e+03 3.863371127061756228e-14 3.122744799888956250e-16
4.974852876534169809e+03 3.835286158558843687e-14 3.101928424273651870e-16
4.977599597295502463e+03 3.839609578737540616e-14 3.108113661628281251e-16
4.980346318056835116e+03 3.737055559894245028e-14 3.058761732410459764e-16
4.983093038818167770e+03 3.590328912931998597e-14 3.042578989177626819e-16
4.985839759579500424e+03 3.553159760853272719e-14 3.013928080276017992e-16
4.988586480340833077e+03 3.601027791267145996e-14 3.071566045931558010e-16
4.991333201102165731e+03 3.476936353436647052e-14 2.991682349593308778e-16
4.994079921863498384e+03 3.457430403932315678e-14 3.004143572699337349e-16
4.996826642624831038e+03 3.404809551320625379e-14 2.960531808799568546e-16
4.999573363386163692e+03 3.363286431035857318e-14 2.949467000776354432e-16
5.002320084147496345e+03 3.380516972804162468e-14 3.039874748941393989e-16
5.005066804908828999e+03 3.329337242626708143e-14 2.949181962359860805e-16
5.007813525670161653e+03 3.351449968865307664e-14 2.951715300814477119e-16
5.010560246431494306e+03 3.262977778688368967e-14 2.903411366109293473e-16
5.013306967192826960e+03 3.212838101941718548e-14 2.923885889560694128e-16
5.016053687954159614e+03 3.238401484463626781e-14 2.915321738692974420e-16
5.018800408715492267e+03 3.177767816597080578e-14 2.884413311407828645e-16
5.021547129476824921e+03 3.119304743784902674e-14 2.856229196682348941e-16
5.024293850238157574e+03 3.069884321099690198e-14 2.836110340218075950e-16
5.027040570999490228e+03 2.985729754452090099e-14 2.811306186156745713e-16
5.029787291760822882e+03 3.030273021208246659e-14 2.862020542614094246e-16
5.032534012522155535e+03 3.063245388276026011e-14 2.861805249263127514e-16
5.035280733283488189e+03 3.036268167156861625e-14 2.837702988849354168e-16
5.038027454044820843e+03 2.942591081027929146e-14 2.792448254965356251e-16
5.040774174806153496e+03 2.924817860623760025e-14 2.784955293474606741e-16
5.043520895567486150e+03 2.941941447473432241e-14 2.801917091764194143e-16
5.046267616328818804e+03 2.971142129419996654e-14 2.825142886680509069e-16
5.049014337090151457e+03 2.930827049825597603e-14 2.793084724784179742e-16
5.051761057851484111e+03 2.988321119556072990e-14 2.830128703395666692e-16
5.054507778612816765e+03 3.021645506541724080e-14 2.859827859615009017e-16
5.057254499374149418e+03 3.056938987602138195e-14 2.862085238347090574e-16
5.060001220135482072e+03 2.997932813645682168e-14 2.826077392995871495e-16
5.062747940896814725e+03 3.023286332930437117e-14 2.891962709301995622e-16
5.065494661658147379e+03 3.025816695678046669e-14 2.877358698238520651e-16
5.068241382419480033e+03 2.976703516045743786e-14 3.071346108463929072e-16
5.070988103180812686e+03 2.986866906037135748e-14 3.228056566720396047e-16
5.073734823942145340e+03 3.042422650892015907e-14 2.908210449595282994e-16
5.076481544703477994e+03 3.001383420093581038e-14 2.856138884291771827e-16
5.079228265464810647e+03 3.047308316208224133e-14 2.876057818865943558e-16
5.081974986226143301e+03 3.111795849187660934e-14 2.919848823191446366e-16
5.084721706987475955e+03 3.066124463615308705e-14 2.932050674445035725e-16
5.087468427748808608e+03 2.999055549383582627e-14 2.854664887471003675e-16
5.090215148510141262e+03 2.992014679745969024e-14 2.890301347126052126e-16
5.092961869271473915e+03 2.933579687718075993e-14 2.839029249452527123e-16
5.095708590032806569e+03 2.986686043891486843e-14 2.864020526349935806e-16
5.098455310794139223e+03 3.064639735533336321e-14 2.897199982684795524e-16
5.101202031555471876e+03 3.113225812824046576e-14 2.961189619100846945e-16
5.103948752316804530e+03 3.074442749331305149e-14 2.910034546971721886e-16
5.106695473078137184e+03 3.063664799949309704e-14 2.902740227941154948e-16
5.109442193839469837e+03 3.086293360608519977e-14 2.925101160951753711e-16
5.112188914600802491e+03 3.068020565970846779e-14 2.913442329848805973e-16
5.114935635362135145e+03 3.031105091303390934e-14 3.260331407067653058e-16
5.117682356123467798e+03 3.071009357094657923e-14 2.956583565382738905e-16
5.120429076884800452e+03 3.071204087799453358e-14 2.915538795604022966e-16
5.123175797646133105e+03 3.091725359434844090e-14 2.941282524553861470e-16
5.125922518407465759e+03 3.134426280725824423e-14 3.073901593038059663e-16
5.128669239168798413e+03 3.105166641010055670e-14 2.962784547378250230e-16
5.131415959930131066e+03 3.142810011916679211e-14 2.984886011520093748e-16
5.134162680691463720e+03 3.106163585548835416e-14 2.950855923463982637e-16
5.136909401452796374e+03 3.109405082026662504e-14 2.959466331129876912e-16
5.139656122214129027e+03 3.077633356071746569e-14 2.954873135643295911e-16
5.142402842975461681e+03 3.104025651012650082e-14 2.970363443081600209e-16
5.145149563736794335e+03 3.153713693235095705e-14 2.998270430980499701e-16
5.147896284498126988e+03 3.118223868559612272e-14 3.201020935166477287e-16
5.150643005259459642e+03 3.109762155122094404e-14 3.025556242253795415e-16
5.153389726020792295e+03 3.105150118600858507e-14 2.996406303935860349e-16
5.156136446782124949e+03 3.167184933618174029e-14 3.019146411644217181e-16
5.158883167543457603e+03 3.107377362190022017e-14 3.379256353887163363e-16
5.161629888304790256e+03 3.185988000485724273e-14 3.064242293472864144e-16
5.164376609066122910e+03 3.213035017024048536e-14 3.048358810679795575e-16
5.167123329827455564e+03 3.288556665563658851e-14 3.108788784987893053e-16
5.169870050588788217e+03 3.276955144829431145e-14 3.086653349424024020e-16
5.172616771350120871e+03 3.312445773041153204e-14 3.123991763631651127e-16
5.175363492111453525e+03 3.371314592394276852e-14 3.151015533375407711e-16
5.178110212872786178e+03 3.392780206836822547e-14 3.225468833090181300e-16
5.180856933634118832e+03 3.444165962878552863e-14 3.174930680468424695e-16
5.183603654395451485e+03 3.386128653602956117e-14 3.194212564922902378e-16
5.186350375156784139e+03 3.498012989098375995e-14 3.211509120642581201e-16
5.189097095918116793e+03 3.506975852353043812e-14 3.205149784098527392e-16
5.191843816679449446e+03 3.579555088489897362e-14 3.271737002094430869e-16
5.194590537440782100e+03 3.586205489754985220e-14 3.259125791297584126e-16
5.197337258202114754e+03 3.646425356264591618e-14 3.298145525364343768e-16
5.200083978963447407e+03 3.686276669123572128e-14 3.330018390864030294e-16
5.202830699724780061e+03 3.680055147385648393e-14 3.329621485988718998e-16
5.205577420486112715e+03 3.763431520474822223e-14 3.432163338607620401e-16
5.208324141247445368e+03 3.801894738158925369e-14 3.401861934535566789e-16
5.211070862008778022e+03 3.834839236672452911e-14 3.415049637984975623e-16
5.213817582770110675e+03 3.932176218064572190e-14 3.477793332659897320e-16
5.216564303531443329e+03 3.866864476947584638e-14 3.433859653862317043e-16
5.219311024292775983e+03 3.982979261428017331e-14 3.502766161195747788e-16
5.222057745054108636e+03 4.101273921433581704e-14 3.560395679192212862e-16
5.224804465815441290e+03 4.064911267476755294e-14 3.531257138992951446e-16
5.227551186576773944e+03 4.171604094237914213e-14 3.598339859915594484e-16
5.230297907338106597e+03 4.235062631948130021e-14 3.624995025732043834e-16
5.233044628099439251e+03 4.290072198050748203e-14 3.680145061473939621e-16
5.235791348860771905e+03 4.269437961831847300e-14 3.645005646860102396e-16
5.238538069622104558e+03 4.381831922253780910e-14 3.710346089019453040e-16
5.241284790383437212e+03 4.376914120344250939e-14 3.696695119509505309e-16
5.244031511144769865e+03 4.352549987595074006e-14 3.694111039130128995e-16
5.246778231906102519e+03 4.444560255853014918e-14 3.749692044248565538e-16
5.249524952667435173e+03 4.496204048869633668e-14 3.779920665029769713e-16
5.252271673428767826e+03 4.509572624527592492e-14 3.816740604163726248e-16
5.255018394190100480e+03 4.559440019652849557e-14 3.819384982454495191e-16
5.257765114951433134e+03 4.609629632113754206e-14 3.850262040056181095e-16
5.260511835712765787e+03 4.497990646186112709e-14 3.898396662270809786e-16
5.263258556474098441e+03 4.546808645385898436e-14 3.934681029533562504e-16
5.266005277235431095e+03 4.591524151302572484e-14 3.933486651308317584e-16
5.268751997996763748e+03 4.612866365720378368e-14 3.938211041082822882e-16
5.271498718758096402e+03 4.553747505760410110e-14 3.927155939392872768e-16
5.274245439519429056e+03 4.608058580949549938e-14 3.949864621239534389e-16
5.276992160280761709e+03 4.551906393869504048e-14 3.896291455998454332e-16
5.279738881042094363e+03 4.503429906052965768e-14 3.901159638616850570e-16
5.282485601803427016e+03 4.430680878944253846e-14 3.877018070029449942e-16
5.285232322564759670e+03 4.477739139614646083e-14 3.914373293018783075e-16
5.287979043326092324e+03 4.320661325881598330e-14 3.911337365006461807e-16
5.290725764087424977e+03 4.310977847360921776e-14 3.906890149855071697e-16
5.293472484848757631e+03 4.185368596921701792e-14 3.808413724604853569e-16
5.296219205610090285e+03 4.148747127004242594e-14 3.814473699091450121e-16
5.298965926371422938e+03 4.069469424743993202e-14 3.791982506306404030e-16
5.301712647132755592e+03 4.024077970183336554e-14 3.786478124895640103e-16
5.304459367894088246e+03 4.044271830350508776e-14 3.819110561189137849e-16
5.307206088655420899e+03 4.038656323943727620e-14 4.729544212387505638e-16
5.309952809416753553e+03 3.941328154458338153e-14 3.773028485494178831e-16
5.312699530178086206e+03 3.839026118629140054e-14 3.754289059764193584e-16
5.315446250939418860e+03 3.811878043262893857e-14 3.753779193204430974e-16
5.318192971700751514e+03 3.796865101562779326e-14 3.755745080797623117e-16
5.320939692462084167e+03 3.799217258765990975e-14 3.823415092863128954e-16
5.323686413223416821e+03 3.751936553327878964e-14 3.752185743129083356e-16
5.326433133984749475e+03 3.800992119681828608e-14 3.780941048100331205e-16
5.329179854746082128e+03 3.737206391946204437e-14 3.769037799944364901e-16
5.331926575507414782e+03 3.730708493409899095e-14 3.800569037087583245e-16
5.334673296268747436e+03 3.670702153778440403e-14 3.868804257506640233e-16
5.337420017030080089e+03 3.719904266438602937e-14 3.806492212015747625e-16
5.340166737791412743e+03 3.702532902594813059e-14 3.809284392995221773e-16
5.342913458552745396e+03 3.794585559873513418e-14 3.924734302783071387e-16
5.345660179314078050e+03 3.763392553252829108e-14 3.903121631070518671e-16
5.348406900075410704e+03 3.757077347197362180e-14 3.868736197257080857e-16
5.351153620836743357e+03 3.813247964641557145e-14 4.120670726019814657e-16
5.353900341598076011e+03 3.861063818215087119e-14 3.938712238698687014e-16
5.356647062359408665e+03 3.761808476348165262e-14 3.914161721056328604e-16
5.359393783120741318e+03 3.856604486774230585e-14 3.977717598288070087e-16
5.362140503882073972e+03 3.839010716711647896e-14 3.980092360558257557e-16
5.364887224643406626e+03 3.742687925606886767e-14 3.953445957515016279e-16
5.367633945404739279e+03 3.907030536375883354e-14 4.064646515237201922e-16
5.370380666166071933e+03 3.713091856811269657e-14 3.939850860024078359e-16
5.373127386927404586e+03 3.749330493941519647e-14 3.980044040695885113e-16
5.375874107688737240e+03 3.695667831497069573e-14 3.976982105876619909e-16
5.378620828450069894e+03 3.802800548772815085e-14 4.035657934174536505e-16
5.381367549211402547e+03 3.830039442624192810e-14 4.382314539703365009e-16
5.384114269972735201e+03 3.722621361220814911e-14 4.039177516747052329e-16
5.386860990734067855e+03 3.817603456657389542e-14 4.074333975148478173e-16
5.389607711495400508e+03 3.779464642415305169e-14 4.065100943254890243e-16
5.392354432256733162e+03 3.789237535521894586e-14 4.077528318870036055e-16
5.395101153018065816e+03 3.702404626419479317e-14 4.196555090402456121e-16
5.397847873779398469e+03 3.880781642756658916e-14 4.099285129216895005e-16
5.400594594540731123e+03 3.938024868131484607e-14 4.087397671148918165e-16
5.403341315302063776e+03 3.916310483302515379e-14 4.073366213343606820e-16
5.406088036063396430e+03 3.896546409747004376e-14 4.038778472643566576e-16
5.408834756824729084e+03 3.920998701496304434e-14 4.042411573131165600e-16
5.411581477586061737e+03 3.982736074580406406e-14 4.062790654553376514e-16
5.414328198347394391e+03 3.920297303950604759e-14 4.024373632242192458e-16
5.417074919108727045e+03 3.873158227283482859e-14 4.077028261443659361e-16
5.419821639870059698e+03 3.858797860656556999e-14 3.993636490979979309e-16
5.422568360631392352e+03 3.915774456054049231e-14 4.013228538569154133e-16
5.425315081392725006e+03 3.903213558607723536e-14 3.987480792981398242e-16
5.428061802154057659e+03 3.836293932528899787e-14 3.923786098466544446e-16
5.430808522915390313e+03 3.900651631136206627e-14 3.961186238376517816e-16
5.433555243676722966e+03 3.880645798386838875e-14 3.948451286557249944e-16
5.436301964438055620e+03 3.855738649589068688e-14 3.913475970393527382e-16
5.439048685199388274e+03 3.800491843714538392e-14 3.882081496424503616e-16
5.441795405960720927e+03 3.823710902796265114e-14 3.892134676022189046e-16
5.444542126722053581e+03 3.829209377473291328e-14 3.865662625933413953e-16
5.447288847483386235e+03 3.849471162154798097e-14 3.878466590354703628e-16
5.450035568244718888e+03 3.768265641156361373e-14 3.822983149573411411e-16
5.452782289006051542e+03 3.860937635631780961e-14 3.864024809159124017e-16
5.455529009767384196e+03 3.711171888753379094e-14 3.791473371985050476e-16
5.458275730528716849e+03 3.707700021171796269e-14 3.772135500308725861e-16
5.461022451290049503e+03 3.677051296660600313e-14 3.733700644358227327e-16
5.463769172051382156e+03 3.648766045927480892e-14 3.706748383886642175e-16
5.466515892812714810e+03 3.621638174434840395e-14 3.700318169484329297e-16
5.469262613574047464e+03 3.501132852872816646e-14 3.628377470161636579e-16
5.472009334335380117e+03 3.501831651073458142e-14 3.629391987206905467e-16
5.474756055096712771e+03 3.655880266492015887e-14 3.606505115283064392e-16
5.477502775858045425e+03 5.199646918655185661e-14 4.572851735477029937e-16
5.480249496619378078e+03 3.283202193100199005e-14 3.480037724883990567e-16
5.482996217380710732e+03 3.432407615995861055e-14 3.536096084213688423e-16
5.485742938142043386e+03 3.353661617572801067e-14 3.502127933088510007e-16
5.488489658903376039e+03 3.277821881416577623e-14 3.456301984111618783e-16
5.491236379664708693e+03 3.220840345496666617e-14 3.423300132328307094e-16
5.493983100426041347e+03 3.161285230905620337e-14 3.483269840350181398e-16
5.496729821187374000e+03 3.176288229825912628e-14 3.403915383006072556e-16
5.499476541948706654e+03 3.096106594837673287e-14 3.886574056225149524e-16
5.502223262710039307e+03 3.122483293823002574e-14 3.333174088505354747e-16
5.504969983471371961e+03 3.058815008377169294e-14 3.295998570727980442e-16
5.507716704232704615e+03 3.015285074283694965e-14 3.254525017201456046e-16
5.510463424994037268e+03 3.052062990644206132e-14 3.262845844085264028e-16
5.513210145755369922e+03 3.073572144363807873e-14 3.262579168041211738e-16
5.515956866516702576e+03 3.087812986999572824e-14 3.266076511727843471e-16
5.518703587278035229e+03 3.003941257000496103e-14 3.235172032241744490e-16
5.521450308039367883e+03 3.069035186498502928e-14 3.229783772791309476e-16
5.524197028800700537e+03 3.065965978844138613e-14 3.217836020679686075e-16
5.526943749562033190e+03 3.112656024515979071e-14 3.237112292517893080e-16
5.529690470323365844e+03 3.113388421772917256e-14 3.219033936175193355e-16
5.532437191084698497e+03 3.173942287604393396e-14 3.229923670869413034e-16
5.535183911846031151e+03 3.227776497306081109e-14 3.282460338108164755e-16
5.537930632607363805e+03 3.315443077347506963e-14 3.274422020313464627e-16
5.540677353368696458e+03 3.400951229123762444e-14 3.311469168622552913e-16
5.543424074130029112e+03 3.475016523404336068e-14 3.332094318968346824e-16
5.546170794891361766e+03 3.483885820857550199e-14 3.337701707275163371e-16
5.548917515652694419e+03 3.513697975373433353e-14 3.514636482531326352e-16
5.551664236414027073e+03 3.526141076558440735e-14 3.314240481610876553e-16
5.554410957175359727e+03 3.578322667675157775e-14 3.323968230027346629e-16
5.557157677936692380e+03 3.613213975387402757e-14 3.337085926604590513e-16
5.559904398698025034e+03 3.633815067215326181e-14 3.343606821148278647e-16
5.562651119459357687e+03 3.721795809686383906e-14 3.352168463643987624e-16
5.565397840220690341e+03 3.732265400994551102e-14 3.343169792413152713e-16
5.568144560982022995e+03 3.673416523774060096e-14 3.294054695599207201e-16
5.570891281743355648e+03 3.791287681274705097e-14 3.332370220523056700e-16
5.573638002504688302e+03 3.821811392622962095e-14 3.352917831837591877e-16
5.576384723266020956e+03 3.788665866556951779e-14 3.338639873433964548e-16
5.579131444027353609e+03 3.734490875225765982e-14 3.297913307795168850e-16
5.581878164788686263e+03 3.800278079309751763e-14 3.318265187392936742e-16
5.584624885550018917e+03 3.779883082989685286e-14 3.298445342130914006e-16
5.587371606311351570e+03 3.778506977014808981e-14 3.272268377267724361e-16
5.590118327072684224e+03 3.840343907854848180e-14 3.287068501294074012e-16
5.592865047834016877e+03 3.869640481012901717e-14 3.329227692494081556e-16
5.595611768595349531e+03 3.830876739569021696e-14 3.285379220886109995e-16
5.598358489356682185e+03 3.816198857634878269e-14 3.343515749025388109e-16
5.601105210118014838e+03 3.776452491627954350e-14 3.263352967287901063e-16
5.603851930879347492e+03 3.792910423463668557e-14 3.410018208994989302e-16
5.606598651640680146e+03 3.839167748324042794e-14 3.231284489372383250e-16
5.609345372402012799e+03 3.868692968928515885e-14 3.257542861587851824e-16
5.612092093163345453e+03 3.876912409895385527e-14 3.336581795853749198e-16
5.614838813924678107e+03 3.927522189265594764e-14 3.350692271564749690e-16
5.617585534686010760e+03 3.871375897064590350e-14 3.226241610991428697e-16
5.620332255447343414e+03 3.811995736714367898e-14 3.201286816165717096e-16
5.623078976208676067e+03 3.826375036626489283e-14 3.195837260603411519e-16
5.625825696970008721e+03 3.803876253145168865e-14 3.176507611808126146e-16
5.628572417731341375e+03 3.817599111519409244e-14 3.232499292313731695e-16
5.631319138492674028e+03 3.706308221905399716e-14 3.337127556865046252e-16
5.634065859254006682e+03 3.734659908861428539e-14 3.264794351037840545e-16
5.636812580015339336e+03 3.834947609271536023e-14 3.601005613266017678e-16
5.639559300776671989e+03 3.850712559034349510e-14 3.518542981175940785e-16
5.642306021538004643e+03 3.803000675626189292e-14 3.128556456409445696e-16
5.645052742299337297e+03 3.821916747028313187e-14 3.127549383661654304e-16
5.647799463060669950e+03 3.860038038150769486e-14 3.150769344868992231e-16
5.650546183822002604e+03 3.801392036720843559e-14 3.116534502070003218e-16
5.653292904583335257e+03 3.790357231720984503e-14 3.096193174736818891e-16
5.656039625344667911e+03 3.781998003262002368e-14 3.096703104612562447e-16
5.658786346106000565e+03 3.706447715760605056e-14 3.059336220190362510e-16
5.661533066867333218e+03 3.740785333079824048e-14 3.056256983450873942e-16
5.664279787628665872e+03 3.767324341436336653e-14 3.065061362569127688e-16
5.667026508389998526e+03 3.674750829058948118e-14 3.019705311903949096e-16
5.669773229151331179e+03 3.624410569416690486e-14 2.993396647736688149e-16
5.672519949912663833e+03 3.624155082782822060e-14 2.998210999336180528e-16
5.675266670673996487e+03 3.588031855774183862e-14 2.979681504021803957e-16
5.678013391435329140e+03 3.538493579240484506e-14 2.952657242047276221e-16
5.680760112196661794e+03 3.545493856610399474e-14 2.952391949317956168e-16
5.683506832957994447e+03 3.493077758590072812e-14 2.933975170836188499e-16
5.686253553719327101e+03 3.445502167255958939e-14 2.907234153954229828e-16
5.689000274480659755e+03 3.466857430083582025e-14 2.900648213674190305e-16
