# obs_wvl flux error
1.579000000000000000e+03 -6.380577431806123100e-14 1.064211739560393875e-13
1.580548245650203171e+03 3.988754004297075756e-14 4.893374542422685917e-14
1.582096491300406342e+03 1.125322526361677905e-15 1.279079165506904921e-14
1.583644736950609513e+03 1.344643505863352108e-15 7.984311743817773848e-15
1.585192982600812684e+03 -2.133837665330050731e-15 5.567626355168611106e-15
1.586741228251015855e+03 -3.234814142943237122e-15 4.246815642091596697e-15
1.588289473901219026e+03 -3.102554181440142332e-16 3.594839619195230851e-15
1.589837719551422197e+03 -3.809623117920980746e-15 2.897820074297292376e-15
1.591385965201625368e+03 -5.342980988498274601e-16 2.566319055142645014e-15
1.592934210851828539e+03 2.770826283009643963e-15 2.371786917138648450e-15
1.594482456502031710e+03 1.791855964013743050e-15 2.106870359510119538e-15
1.596030702152234880e+03 -3.139840778851509650e-15 1.665227861348559526e-15
1.597578947802438051e+03 -1.523828487407011866e-15 1.511382021438322544e-15
1.599127193452641222e+03 -2.398876971483158486e-15 1.320640907128778952e-15
1.600675439102844393e+03 -5.961799183853278175e-16 1.234057813620115017e-15
1.602223684753047564e+03 -2.451958314263426390e-16 1.104813241090490459e-15
1.603771930403250735e+03 1.232780200281101364e-15 1.067430987201593929e-15
1.605320176053453906e+03 -3.458403843474446891e-16 8.984573188632466027e-16
1.606868421703657077e+03 -8.117093299985507169e-16 8.069512365511498218e-16
1.608416667353860248e+03 6.719328611211495622e-16 7.913793968023877825e-16
1.609964913004063419e+03 4.779411268929830962e-16 7.090332339465870125e-16
1.611513158654266590e+03 -3.699041204040934103e-16 6.324991097873254521e-16
1.613061404304469761e+03 -5.815806271311518245e-17 5.797847755187405881e-16
1.614609649954672932e+03 3.298919054846153233e-16 5.563792240416539287e-16
1.616157895604876103e+03 2.140864345449274626e-16 5.243644566175823519e-16
1.617706141255079274e+03 -4.139468334133531078e-17 4.687198370745773537e-16
1.619254386905282445e+03 -1.058821200350382256e-16 4.387991840970954456e-16
1.620802632555485616e+03 -7.661932369442939767e-16 3.934050738805208000e-16
1.622350878205688787e+03 -3.315419539443906138e-16 3.766105735281214963e-16
1.623899123855891958e+03 1.477291283805728591e-16 3.667421465626352182e-16
1.625447369506095129e+03 3.266719499794158433e-16 3.496658793916457268e-16
1.626995615156298300e+03 4.760825900324422640e-16 3.488046157709302203e-16
1.628543860806501471e+03 -3.314714195823582826e-16 2.919924353070691295e-16
1.630092106456704641e+03 -1.323624337260267151e-16 2.879570138036356829e-16
1.631640352106907812e+03 3.648877160828170445e-17 2.803778055501298357e-16
1.633188597757110983e+03 -4.715692345005161800e-16 2.420422976675307997e-16
1.634736843407314154e+03 -1.486319415271937726e-16 2.485880756890696693e-16
1.636285089057517325e+03 4.170597938450817543e-16 2.601414239517224944e-16
1.637833334707720496e+03 -3.152062685343552865e-17 2.272935091343500437e-16
1.639381580357923667e+03 -4.073722200315440288e-17 2.214062232966838636e-16
1.640929826008126838e+03 -3.384242322261119922e-16 2.047142792782353346e-16
1.642478071658330009e+03 -4.036156344845514669e-16 1.932170103644623249e-16
1.644026317308533180e+03 -3.039070597627874342e-16 1.884981542017329078e-16
1.645574562958736351e+03 -2.040296890873927681e-16 1.837312083165934427e-16
1.647122808608939522e+03 -4.099984671519104527e-17 1.852348236622256644e-16
1.648671054259142693e+03 -9.950749161572694429e-17 1.735718544973427513e-16
1.650219299909345864e+03 2.775078053056744281e-16 1.864901016865852868e-16
1.651767545559549035e+03 2.741333342080814900e-16 1.761591551813164163e-16
1.653315791209752206e+03 3.242644283664847779e-16 1.765014917664170791e-16
1.654864036859955377e+03 1.456975893303913664e-16 1.656024906302706402e-16
1.656412282510158548e+03 1.021630877870157412e-16 1.580688541440716758e-16
1.657960528160361719e+03 1.184689207196070060e-16 1.569497816190525077e-16
1.659508773810564890e+03 -3.025393708634408472e-16 1.376998480647466333e-16
1.661057019460768061e+03 -1.525466419130561509e-16 1.404013550811896888e-16
1.662605265110971231e+03 -5.460239235131062454e-17 1.392891740461744665e-16
1.664153510761174402e+03 -2.038716350145813903e-17 1.398081321490657983e-16
1.665701756411377573e+03 2.537860585164484762e-17 1.367318217026471278e-16
1.667250002061580744e+03 1.283908197737813677e-16 1.375996656752924648e-16
1.668798247711783915e+03 2.019632450639027767e-17 1.303854753299970688e-16
1.670346493361987086e+03 -1.987836490697756704e-16 1.183973220451402382e-16
1.671894739012190257e+03 -5.347465688345577179e-18 1.238350416927782950e-16
1.673442984662393428e+03 1.455472107195989206e-16 1.264876867884626566e-16
1.674991230312596599e+03 1.323017026097496127e-17 1.203353350599178816e-16
1.676539475962799770e+03 -1.637902894138828971e-16 1.100054284145342342e-16
1.678087721613002941e+03 -1.492009287799991171e-16 1.067773159630263770e-16
1.679635967263206112e+03 -1.226008737593502705e-16 1.083651442989660956e-16
1.681184212913409283e+03 -7.021919321889590224e-17 1.092445494841711095e-16
1.682732458563612454e+03 -1.677273151210469403e-16 1.047877630178002679e-16
1.684280704213815625e+03 -1.049839172000190788e-16 1.042979202360540840e-16
1.685828949864018796e+03 7.670507232937831539e-17 1.088106884934973272e-16
1.687377195514221967e+03 -2.657104013962068607e-17 1.030316868967183508e-16
1.688925441164425138e+03 -1.714142103264533124e-16 9.634885871050895611e-17
1.690473686814628309e+03 2.548924503908764138e-17 1.016819556742642777e-16
1.692021932464831480e+03 7.967082218231838760e-17 1.008860330525056035e-16
1.693570178115034651e+03 5.781062011292222983e-17 9.942471335857326907e-17
1.695118423765237821e+03 1.697642174831610504e-16 1.031165802621292089e-16
1.696666669415440992e+03 -3.103237035868441075e-17 9.357241472374862110e-17
1.698214915065644163e+03 -1.641199527735125230e-16 8.654602481443334972e-17
1.699763160715847334e+03 9.611378999899148402e-17 9.630885535478689136e-17
1.701311406366050505e+03 8.281099714047606459e-17 9.497097031517456223e-17
1.702859652016253676e+03 -1.025550596313883871e-17 9.157571091161085145e-17
1.704407897666456847e+03 1.082376699279206797e-16 9.347114554004840393e-17
1.705956143316660018e+03 1.047511858862778164e-17 8.720869325201779004e-17
1.707504388966863189e+03 -5.717463114446924938e-19 8.920955948453983693e-17
1.709052634617066360e+03 -1.709203065270943755e-17 8.504457997227585191e-17
1.710600880267269531e+03 4.973675458263111841e-17 8.590863866034112461e-17
1.712149125917472702e+03 -1.356897004388941753e-16 7.610831838343068492e-17
1.713697371567675873e+03 -1.935533825339425567e-16 7.476306013722129172e-17
1.715245617217879044e+03 -8.316213912203883439e-17 7.970214123125845453e-17
1.716793862868082215e+03 -8.863162082104889705e-17 7.804226501979976132e-17
1.718342108518285386e+03 -1.020840054376933033e-16 7.673302981497729759e-17
1.719890354168488557e+03 2.634255766109356461e-17 7.918639014845984577e-17
1.721438599818691728e+03 8.595858915489003645e-17 8.173798626021186916e-17
1.722986845468894899e+03 -2.630262110635490393e-18 7.769972112137235787e-17
1.724535091119098070e+03 -9.713536399813990366e-17 7.243264550752433038e-17
1.726083336769301241e+03 -5.868688003634124941e-17 7.461646203036361727e-17
1.727631582419504412e+03 -2.235573859848437143e-17 7.350714242550109244e-17
1.729179828069707582e+03 -6.000033339976664100e-17 7.036663812155506803e-17
1.730728073719910753e+03 3.527573129299131230e-17 7.525390710129229582e-17
1.732276319370113924e+03 -7.901353812872167965e-19 7.403745298395889918e-17
1.733824565020317095e+03 1.015248490253744783e-17 7.229030265136880678e-17
1.735372810670520266e+03 -6.607660936901063520e-17 6.814407691826509064e-17
1.736921056320723437e+03 -1.468265568251124021e-16 6.543578260706515551e-17
1.738469301970926608e+03 -5.768167717461657609e-18 6.974486994365581796e-17
1.740017547621129779e+03 -2.478614756510451342e-17 6.736360762214638720e-17
1.741565793271332950e+03 -3.496191629199640211e-17 6.627887298310836055e-17
1.743114038921536121e+03 -2.894726741280359237e-17 6.573775589825309174e-17
1.744662284571739292e+03 -3.345501965091439600e-17 6.517992282306947413e-17
1.746210530221942463e+03 2.799643656231294244e-18 6.700391525561004026e-17
1.747758775872145634e+03 3.565114015989633258e-17 6.664729257650489185e-17
1.749307021522348805e+03 4.498618032116930628e-17 6.668484862171876317e-17
1.750855267172551976e+03 4.942898155228825844e-17 6.565449956124807063e-17
1.752403512822755147e+03 -4.365360704958787333e-18 6.423805135419844582e-17
1.753951758472958318e+03 -8.734563198027594261e-17 6.045569176100966023e-17
1.755500004123161489e+03 5.343634645402329066e-17 6.405419735038195028e-17
1.757048249773364660e+03 -1.879408833815853337e-17 6.151784489007217640e-17
1.758596495423567831e+03 6.657039437503805562e-17 6.456983704199191825e-17
1.760144741073771002e+03 1.000367739220065929e-16 6.458574999265140947e-17
1.761692986723974172e+03 -4.609936023944015038e-17 5.738362898724617756e-17
1.763241232374177343e+03 -1.243753778258360843e-17 5.902210273223454836e-17
1.764789478024380514e+03 -4.142526526818642687e-17 5.761064182287050219e-17
1.766337723674583685e+03 -5.269805129360220763e-17 5.597469317839424111e-17
1.767885969324786856e+03 3.184246317584194700e-17 5.802971586145261818e-17
1.769434214974990027e+03 1.140338044067338345e-16 6.219383842799176581e-17
1.770982460625193198e+03 1.176097036840103122e-16 6.101102313205327198e-17
1.772530706275396369e+03 1.489601137507298323e-16 6.185621231209225993e-17
1.774078951925599540e+03 6.966879625162791394e-17 5.937113533838874751e-17
1.775627197575802711e+03 -4.382401398037973478e-17 5.331549269001243409e-17
1.777175443226005882e+03 2.456779827782576424e-17 5.550884189720901080e-17
1.778723688876209053e+03 -6.128366202911489934e-17 5.228819287036956657e-17
1.780271934526412224e+03 -4.406280732413181166e-18 5.411345998329532077e-17
1.781820180176615395e+03 -2.219606818516944231e-17 5.309715468117614909e-17
1.783368425826818566e+03 -7.343798969703679722e-18 5.311670110257121218e-17
1.784916671477021737e+03 9.003163496790688969e-17 5.607093508690159155e-17
1.786464917127224908e+03 9.312746790948370256e-17 5.696471317608332354e-17
1.788013162777428079e+03 -4.866444432571442907e-17 5.076067310785156914e-17
1.789561408427631250e+03 4.804444381386305553e-17 5.410299199404150576e-17
1.791109654077834421e+03 1.494102725086718334e-17 5.268595928144472616e-17
1.792657899728037592e+03 -5.365169225510195062e-17 4.950163229366684092e-17
1.794206145378240763e+03 -2.767921713534012541e-17 5.059446723163720179e-17
1.795754391028443933e+03 -5.054411050452353263e-17 4.821535952750950004e-17
1.797302636678647104e+03 1.001711160804132204e-17 4.926308977030562888e-17
1.798850882328850275e+03 9.171048235177830123e-17 5.347063662876654003e-17
1.800399127979053446e+03 6.025926872782986751e-18 4.948994099370506605e-17
1.801947373629256617e+03 -1.833845019777632948e-17 4.877003713907593469e-17
1.803495619279459788e+03 4.732996861668776665e-17 4.969305061224962180e-17
1.805043864929662959e+03 1.293714934017265357e-16 5.269351970687239659e-17
1.806592110579866130e+03 -5.538348712641972385e-18 4.656486195606425115e-17
1.808140356230069301e+03 -4.216811811691327865e-17 4.702812250944664242e-17
1.809688601880272472e+03 -6.681422628159895587e-17 4.424989075313059611e-17
1.811236847530475643e+03 3.769782063543455203e-17 4.763026312776912867e-17
1.812785093180678814e+03 4.478578178248825821e-17 4.777147068558570493e-17
1.814333338830881985e+03 -2.542466251873187564e-17 4.517955031861986814e-17
1.815881584481085156e+03 -3.458722592007648342e-17 4.444385387105751322e-17
1.817429830131288327e+03 2.746395473660261938e-18 4.569312748167086039e-17
1.818978075781491498e+03 8.689014255130643286e-17 4.840763783771512585e-17
1.820526321431694669e+03 7.269343966494728104e-17 4.764969533137466896e-17
1.822074567081897840e+03 1.105338176671553667e-17 4.507582472812220467e-17
1.823622812732101011e+03 -1.621438745541197745e-17 4.430652725312895219e-17
1.825171058382304182e+03 -2.812686800323651254e-17 4.289053129035799649e-17
1.826719304032507353e+03 -3.808405651755432709e-17 4.265478855085286662e-17
1.828267549682710523e+03 1.233868879332007568e-17 4.389701271438675989e-17
1.829815795332913694e+03 -1.553071625976417850e-17 4.318836962675180285e-17
1.831364040983116865e+03 -3.601289706859558215e-17 4.220517653139830734e-17
1.832912286633320036e+03 1.647999784592310801e-17 4.372531915942817984e-17
1.834460532283523207e+03 3.676903806429060658e-17 4.373403500674180093e-17
1.836008777933726378e+03 -6.282746780749916637e-17 3.986173762615474429e-17
1.837557023583929549e+03 -3.099169617676367159e-17 4.149227669359077313e-17
1.839105269234132720e+03 -5.287394530374277018e-17 4.025967273158946158e-17
1.840653514884335891e+03 2.703961890120974758e-17 4.296604186320179880e-17
1.842201760534539062e+03 6.471966622616357472e-17 4.339731385774677938e-17
1.843750006184742233e+03 1.514990186113116838e-17 4.132921855960160128e-17
1.845298251834945404e+03 -1.889984596124524901e-17 4.051886842315824726e-17
1.846846497485148575e+03 1.701009169856548695e-17 4.153373413732859021e-17
1.848394743135351746e+03 2.957293874399621997e-17 4.185964239906970949e-17
1.849942988785554917e+03 3.216746615709855131e-17 4.158353940643179886e-17
1.851491234435758088e+03 -2.254802029411544246e-17 3.894690526662322646e-17
1.853039480085961259e+03 1.352012945601933287e-18 4.006533814534102322e-17
1.854587725736164430e+03 9.744064350051706302e-17 4.322793582252175798e-17
1.856135971386367601e+03 2.787174954852224789e-17 4.045741851131144528e-17
1.857684217036570772e+03 2.798206612872591229e-18 4.000011364846943620e-17
1.859232462686773943e+03 1.840624271773343527e-17 4.028045269227549335e-17
1.860780708336977114e+03 -2.897722892467085852e-18 3.863301333432901596e-17
1.862328953987180284e+03 4.856747160316312067e-18 3.873243110459730839e-17
1.863877199637383455e+03 -7.656836628252402633e-18 3.813354277547779603e-17
1.865425445287586626e+03 -2.527427663257316991e-17 3.712156290069386217e-17
1.866973690937789797e+03 4.256950164129047461e-18 3.848581531840335980e-17
1.868521936587992968e+03 -5.366439657052046889e-17 3.603015464860480014e-17
1.870070182238196139e+03 -5.101617109508845078e-17 3.603601083270968899e-17
1.871618427888399310e+03 -1.063312953844430683e-17 3.765235491650534753e-17
1.873166673538602481e+03 -1.802712086023332176e-17 3.710268131531791647e-17
1.874714919188805652e+03 -1.087741218644927243e-17 3.632851643269649929e-17
1.876263164839008823e+03 -1.642808918374794125e-17 3.615507633053998437e-17
1.877811410489211994e+03 3.027207193439785402e-18 3.707707501315024309e-17
1.879359656139415165e+03 4.964139103698819767e-17 3.839054531948053184e-17
1.880907901789618336e+03 -2.809820050285229706e-17 3.555758191119074086e-17
1.882456147439821507e+03 -2.881717438234109899e-17 3.535854618361286781e-17
1.884004393090024678e+03 1.677899484859144969e-17 3.714814376740808805e-17
1.885552638740227849e+03 3.307042926551210619e-17 3.805390434264238298e-17
1.887100884390431020e+03 8.847822006255682760e-17 3.975322190344968728e-17
1.888649130040634191e+03 1.088266892594028490e-17 3.638080357124792365e-17
1.890197375690837362e+03 8.252369510442216088e-18 3.624504308362188747e-17
1.891745621341040533e+03 6.716918760867293668e-17 3.837047401510965812e-17
1.893293866991243704e+03 4.631012947277746254e-17 3.688301652418206165e-17
1.894842112641446874e+03 -3.179761703003118931e-17 3.373625566244685434e-17
1.896390358291650045e+03 1.335970349444745662e-17 3.562356433349786673e-17
1.897938603941853216e+03 -2.367129843648764652e-17 3.377886335037186478e-17
1.899486849592056387e+03 -2.911484206325951367e-17 3.401742860696884048e-17
1.901035095242259558e+03 -3.341667912684932175e-17 3.292023310258034669e-17
1.902583340892462729e+03 3.001994928460729040e-17 3.627009040583502507e-17
1.904131586542665900e+03 3.542148328274746345e-17 3.553577295761433192e-17
1.905679832192869071e+03 1.988471050868592449e-17 3.534202504375647248e-17
1.907228077843072242e+03 -1.907376785378626246e-17 3.343360042902200388e-17
1.908776323493275413e+03 -3.535226453401484372e-19 3.386916318728757472e-17
1.910324569143478584e+03 7.921005510662748668e-18 3.412860111500764913e-17
1.911872814793681755e+03 -1.618426214282172721e-17 3.330156408539637536e-17
1.913421060443884926e+03 2.088175668605281035e-17 3.505630101892105524e-17
1.914969306094088097e+03 6.969388510460121013e-18 3.363970981603127626e-17
1.916517551744291268e+03 -1.319139349405879873e-17 3.236456131910925853e-17
1.918065797394494439e+03 -1.518869613815189333e-17 3.251357536074044124e-17
1.919614043044697610e+03 2.568612057259581537e-18 3.318901728347559218e-17
1.921162288694900781e+03 -2.511780473011996343e-17 3.189007910035632878e-17
1.922710534345103952e+03 4.644842200497845045e-17 3.424239042671659809e-17
1.924258779995307123e+03 -3.297441841211844556e-17 3.080808582540031507e-17
1.925807025645510294e+03 -1.631788868432618078e-18 3.215925115130232178e-17
1.927355271295713464e+03 -1.805933419405531091e-17 3.126436535219939877e-17
1.928903516945916635e+03 -4.109682663305388570e-17 2.998401545578859045e-17
1.930451762596119806e+03 -5.263551955068353565e-17 2.963145511106583789e-17
1.932000008246322977e+03 3.249026543383830162e-17 3.308117088787627170e-17
1.933548253896526148e+03 2.409868024641668128e-18 3.127044546073258545e-17
1.935096499546729319e+03 -2.795104941008066194e-17 3.036299719223130255e-17
1.936644745196932490e+03 4.750322998644375740e-17 3.317225740772717280e-17
1.938192990847135661e+03 4.810192854024122510e-17 3.286556835093442379e-17
1.939741236497338832e+03 9.577064552135855033e-18 3.115206259912950305e-17
1.941289482147542003e+03 5.219694617413563280e-17 3.321235734786673433e-17
1.942837727797745174e+03 3.303988734953992328e-17 3.192533584314510246e-17
1.944385973447948345e+03 -5.621847529190489558e-17 2.796908259352270222e-17
1.945934219098151516e+03 -7.814211509646669395e-17 2.762256013759024170e-17
1.947482464748354687e+03 1.394098737897668153e-17 3.077081275270137938e-17
1.949030710398557858e+03 3.222814977689460742e-17 3.130398588235710838e-17
1.950578956048761029e+03 -2.739880576407268771e-17 2.867189258590631524e-17
1.952127201698964200e+03 1.379750428266415608e-17 3.081048819602251556e-17
1.953675447349167371e+03 1.571987596047646782e-17 3.076736009600922817e-17
1.955223692999370542e+03 -5.220891672436252313e-17 2.803793289488260974e-17
1.956771938649573713e+03 -2.615877170648394506e-17 2.889497422553189648e-17
1.958320184299776884e+03 4.368069096477142133e-17 3.186388311328632030e-17
1.959868429949980055e+03 4.136438076253594095e-17 3.175774582309191231e-17
1.961416675600183225e+03 -1.137062705594779583e-17 2.907747085581627144e-17
1.962964921250386396e+03 -4.391733655970057693e-18 2.940632503480498898e-17
1.964513166900589567e+03 -3.799101897184189568e-17 2.778219218867352750e-17
1.966061412550792738e+03 5.372519052865415419e-18 2.932211549472708105e-17
1.967609658200995909e+03 -1.052735715581062999e-17 2.919303707960451232e-17
1.969157903851199080e+03 -2.102083612300944679e-17 2.811829650900901209e-17
1.970706149501402251e+03 -1.574895263290111696e-17 2.809880263656467541e-17
1.972254395151605422e+03 -8.354971350950623649e-18 2.846046086496129517e-17
1.973802640801808593e+03 -3.498492551011554033e-17 2.660061155254832042e-17
1.975350886452011764e+03 7.274600799713008725e-18 2.905138445823414608e-17
1.976899132102214935e+03 -1.801542975308023932e-17 2.722086358668131029e-17
1.978447377752418106e+03 -1.512762698174708391e-17 2.752628625128778521e-17
1.979995623402621277e+03 1.144902951114643967e-17 2.890211916808672655e-17
1.981543869052824448e+03 4.665111020034225350e-17 2.953643654529208617e-17
1.983092114703027619e+03 -1.049801941973433931e-17 2.679105882622139890e-17
1.984640360353230790e+03 -9.762106792358312340e-18 2.777199438783120249e-17
1.986188606003433961e+03 4.600208048301300272e-18 2.760004910487560324e-17
1.987736851653637132e+03 -1.612353577445313309e-17 2.675307256675587050e-17
1.989285097303840303e+03 -1.522294992564528286e-18 2.753632295588231286e-17
1.990833342954043474e+03 -5.610137150880801903e-18 2.744238252536217829e-17
1.992381588604246645e+03 4.918039309718366318e-17 2.924454055221833461e-17
1.993929834254449815e+03 1.499440626872794900e-17 2.737432002130000891e-17
1.995478079904652986e+03 -5.019528583888917823e-18 2.654713586964656909e-17
1.997026325554856157e+03 5.076002169360965647e-17 2.867676900404399637e-17
1.998574571205059328e+03 2.222336782414893445e-17 2.731604626278953016e-17
2.000122816855262499e+03 2.220903640313413408e-17 2.729462634927393354e-17
2.001671062505465670e+03 2.942475993039375358e-17 2.711815037213307497e-17
2.003219308155668841e+03 -4.109892235280327279e-18 2.590429833586744311e-17
2.004767553805872012e+03 -2.982449958151688900e-17 2.491314353751972833e-17
2.006315799456075183e+03 2.388844567051892690e-20 2.612937698078315061e-17
2.007864045106278354e+03 -1.794925373989678677e-17 2.501080253543764616e-17
2.009412290756481525e+03 9.516415305092933146e-19 2.545070768647961968e-17
2.010960536406684696e+03 -2.068105006353128260e-17 2.412345363566780536e-17
2.012508782056887867e+03 -2.518043403599777002e-17 2.427046603509367149e-17
2.014057027707091038e+03 -1.402260135211124429e-17 2.455712172579869023e-17
2.015605273357294209e+03 -1.995419830523110500e-17 2.398713613058388521e-17
2.017153519007497380e+03 6.276345206612925362e-18 2.549932855243279593e-17
2.018701764657700551e+03 -3.136955528836573603e-17 2.345281687445290856e-17
2.020250010307903722e+03 8.393624664420132356e-20 2.563886833074094487e-17
2.021798255958106893e+03 -6.660692845193527539e-18 2.453245892141546795e-17
2.023346501608310064e+03 -1.228322808245361041e-17 2.390854343728379684e-17
2.024894747258513235e+03 -2.809496139780732514e-17 2.309283515873957485e-17
2.026442992908716406e+03 7.230491629499312674e-18 2.448587546422566529e-17
2.027991238558919576e+03 2.042636863335484539e-17 2.485918952342835145e-17
2.029539484209122747e+03 -2.510449490320099077e-17 2.273177467254481135e-17
2.031087729859325918e+03 2.866842650747866416e-17 2.553882436408793080e-17
2.032635975509529089e+03 4.374150346170463496e-17 2.593749594092277506e-17
2.034184221159732260e+03 3.644469706415707888e-17 2.518924972104628716e-17
2.035732466809935431e+03 6.724995515640758188e-18 2.379327930374276933e-17
2.037280712460138602e+03 -5.423415430237437242e-18 2.371895077036886357e-17
2.038828958110341773e+03 -1.270757486570611134e-17 2.268596612695554445e-17
2.040377203760544944e+03 9.816967928674344360e-18 2.387672960897891122e-17
2.041925449410748115e+03 -3.403882459717073907e-17 2.169626327721595131e-17
2.043473695060951286e+03 4.189534310260810381e-17 2.521434650515955050e-17
2.045021940711154457e+03 2.062063289528253005e-17 2.409266681802620156e-17
2.046570186361357628e+03 8.560641937863283119e-18 2.356656881074350235e-17
2.048118432011560799e+03 -2.280656763491895430e-17 2.194804983461459101e-17
2.049666677661763970e+03 -2.132116720472378251e-17 2.203576967873146624e-17
2.051214923311967141e+03 -2.315387000761309064e-17 2.243963204489383854e-17
2.052763168962170312e+03 2.505408571110201010e-17 2.364981881237055562e-17
2.054311414612373483e+03 3.449460641379960550e-17 2.393694578335962240e-17
2.055859660262576654e+03 -2.114676096224975663e-18 2.294634865541966337e-17
2.057407905912779825e+03 2.256083994276106612e-17 2.313623269647961864e-17
2.058956151562982996e+03 4.023428016102926667e-17 2.442220064829614647e-17
2.060504397213186166e+03 3.248078778145191969e-17 2.316912769377035306e-17
2.062052642863389337e+03 2.219153385487209417e-17 2.270989351945801738e-17
2.063600888513592508e+03 -2.363430343749281092e-17 2.089692807249705396e-17
2.065149134163795679e+03 -4.108009044864667109e-17 2.010661715022880027e-17
2.066697379813998850e+03 -2.363504653258254136e-17 2.170925805384657092e-17
2.068245625464202021e+03 -4.844792305435605281e-17 1.935113378214222570e-17
2.069793871114405192e+03 1.910640296178856263e-17 2.300748756998509810e-17
2.071342116764608363e+03 5.335092400944099715e-18 2.194573098358704065e-17
2.072890362414811534e+03 -1.066330735008925805e-17 2.076466924854695686e-17
2.074438608065014705e+03 -2.192982564685939445e-17 2.055433434360360875e-17
2.075986853715217876e+03 1.634284281932928653e-18 2.082190559216774844e-17
2.077535099365421047e+03 1.532218726785415375e-17 2.223221158015787375e-17
2.079083345015624218e+03 1.015732463400905922e-17 2.145992408060102632e-17
2.080631590665827389e+03 -2.427713268977055678e-17 1.953430377130707626e-17
2.082179836316030560e+03 -5.948945288560378321e-17 1.833464542744571348e-17
2.083728081966233731e+03 -9.910409597726159735e-18 2.063888665485173174e-17
2.085276327616436902e+03 1.454492090828222797e-17 2.149114888032740670e-17
2.086824573266640073e+03 6.808649982462941428e-18 2.035302484668565458e-17
2.088372818916843244e+03 -1.143242123400949531e-17 2.034109803993727409e-17
2.089921064567046415e+03 9.673525980965590439e-18 2.105213854497740327e-17
2.091469310217249586e+03 -8.462983987006744895e-18 1.952208277145265695e-17
2.093017555867452757e+03 -3.128222276005006241e-17 1.912274290770193339e-17
2.094565801517655927e+03 -1.116402673159673685e-17 1.943578093601789657e-17
2.096114047167859098e+03 -5.165664507965496780e-19 2.002405885832688422e-17
2.097662292818062269e+03 2.835782514315588688e-18 1.991994517840016284e-17
2.099210538468265440e+03 -3.277974663946053252e-17 1.800247082610999766e-17
2.100758784118468611e+03 -1.256368698427791955e-17 1.929181243824753552e-17
2.102307029768671782e+03 2.201175972167922891e-17 2.089789836607701804e-17
2.103855275418874953e+03 2.185044085498984013e-17 2.018138391942458046e-17
2.105403521069078124e+03 1.020261633459514631e-17 1.998581623255287483e-17
2.106951766719281295e+03 3.639903835866385216e-17 2.073639526639645820e-17
2.108500012369484466e+03 -8.050481311203615348e-18 1.895245103128128919e-17
2.110048258019687637e+03 -2.275189340900915546e-17 1.844019172941833596e-17
2.111596503669890808e+03 -1.249028768572751451e-17 1.841713639930721053e-17
2.113144749320093979e+03 -1.810580129340436668e-17 1.845278618863658741e-17
2.114692994970297150e+03 -4.026512956690140467e-17 1.704107469234657277e-17
2.116241240620500321e+03 -3.143761089941278260e-17 1.746177993446120596e-17
2.117789486270703492e+03 -2.730575468090227594e-17 1.769870055000083933e-17
2.119337731920906663e+03 -3.962885019427507394e-17 1.674610922082868131e-17
2.120885977571109834e+03 2.865711090809637089e-17 2.039671157992116696e-17
2.122434223221313005e+03 -6.924397347357291833e-18 1.791310017144799757e-17
2.123982468871516176e+03 -2.594821065159978263e-17 1.715839815473754767e-17
2.125530714521719347e+03 2.922794339475363031e-18 1.888975955310046156e-17
2.127078960171922517e+03 4.659990691846957613e-17 2.040901008148658390e-17
2.128627205822125688e+03 4.489518997982899459e-18 1.863361015280889367e-17
2.130175451472328859e+03 -5.230850270787152431e-18 1.811961772550938377e-17
2.131723697122532030e+03 -5.144514785088688656e-18 1.824476158438572339e-17
2.133271942772735201e+03 2.440030709897573264e-19 1.795267570041950576e-17
2.134820188422938372e+03 -2.501416749497510108e-17 1.718108264299880258e-17
2.136368434073141543e+03 -1.219974189607153486e-17 1.755720792483381391e-17
2.137916679723344714e+03 4.255303259774189869e-17 1.986610727778261729e-17
2.139464925373547885e+03 8.620187851793893980e-18 1.815198219636951474e-17
2.141013171023751056e+03 -6.656714354523591310e-18 1.751037378254341565e-17
2.142561416673954227e+03 -2.523270770466420408e-17 1.690312788232380919e-17
2.144109662324157398e+03 -1.771260963580284550e-17 1.675462787532022309e-17
2.145657907974360569e+03 -4.464027163646263720e-18 1.741154606437115081e-17
2.147206153624563740e+03 1.655300064863582688e-17 1.832026148825771202e-17
2.148754399274766911e+03 -1.876577833414531771e-17 1.645228999828003223e-17
2.150302644924970082e+03 8.859076843546344272e-18 1.824680453557443360e-17
2.151850890575173253e+03 -7.684740537413005218e-19 1.712969136984189123e-17
2.153399136225376424e+03 2.609047243939251643e-17 1.901313739826036750e-17
2.154947381875579595e+03 2.377540337492016667e-17 1.863102441798953349e-17
2.156495627525782766e+03 1.958067364486255473e-17 1.830381228802769186e-17
2.158043873175985937e+03 2.654626611640049095e-17 1.821344895033720129e-17
2.159592118826189107e+03 -6.670562783530667446e-18 1.674840001498352484e-17
2.161140364476392278e+03 3.090420145808635586e-19 1.730946695044987561e-17
2.162688610126595449e+03 -4.070324045805486232e-18 1.694416511524439660e-17
2.164236855776798620e+03 5.167275562627194122e-18 1.698391870272513819e-17
2.165785101427001791e+03 -1.469135466323996100e-17 1.622519422593612537e-17
2.167333347077204962e+03 -5.392517292484282832e-18 1.638779417962903440e-17
2.168881592727408133e+03 2.691968858886106754e-17 1.794055709946556033e-17
2.170429838377611304e+03 1.654652094465296912e-18 1.663042070161735108e-17
2.171978084027814475e+03 -4.848606966524831742e-18 1.642834154518158119e-17
2.173526329678017646e+03 1.637576218006041864e-17 1.740349126362090371e-17
2.175074575328220817e+03 2.349260418894392232e-18 1.638494662644650774e-17
2.176622820978423988e+03 -1.230883145128775086e-17 1.546102639039585204e-17
2.178171066628627159e+03 4.939078833307529694e-18 1.662282352508192564e-17
2.179719312278830330e+03 -3.100736675611404258e-17 1.488549282332528669e-17
2.181267557929033501e+03 -1.324410713627924807e-17 1.563583987895936455e-17
2.182815803579236672e+03 2.165442386679565459e-17 1.738968586902684745e-17
2.184364049229439843e+03 1.726160564270653733e-17 1.685550460804490359e-17
2.185912294879643014e+03 -1.386201569507702655e-18 1.617900930607410252e-17
2.187460540529846185e+03 6.435429243355437333e-19 1.636014248659188966e-17
2.189008786180049356e+03 -1.403319729926166605e-17 1.522716790359997593e-17
2.190557031830252527e+03 1.602128128470074007e-17 1.667123131423903747e-17
2.192105277480455698e+03 9.543845970773400547e-19 1.587195914300283748e-17
2.193653523130658868e+03 -7.477822294154953734e-18 1.559067239869376468e-17
2.195201768780862039e+03 -9.343762516962306867e-19 1.566844853279687130e-17
2.196750014431065210e+03 3.112874477255443842e-17 1.719913494245231297e-17
2.198298260081268381e+03 -1.004494826494709870e-17 1.525185809841959327e-17
2.199846505731471552e+03 2.304771883625976209e-17 1.676561474945436527e-17
2.201394751381674723e+03 6.282059171382205511e-18 1.597004965349832396e-17
2.202942997031877894e+03 6.113648740912626715e-18 1.611803542791151201e-17
2.204491242682081065e+03 -2.650631552434576962e-17 1.446031198119628037e-17
2.206039488332284236e+03 -2.177029334314622688e-17 1.460526340780201624e-17
2.207587733982487407e+03 -7.913098803289776028e-18 1.501688466040607788e-17
2.209135979632690578e+03 -6.511990939989821616e-19 1.541156155869320966e-17
2.210684225282893749e+03 1.097962478953306666e-18 1.538729936252625854e-17
2.212232470933096920e+03 1.733406990020394025e-17 1.612478276244146222e-17
2.213780716583300091e+03 -2.167436276665932647e-17 1.443378803593326816e-17
2.215328962233503262e+03 -2.957810022349423666e-17 1.352118429989915054e-17
2.216877207883706433e+03 1.774633320957452289e-17 1.614391545241311855e-17
2.218425453533909604e+03 -3.720083403931599439e-18 1.519698340680909531e-17
2.219973699184112775e+03 -6.939019141500183626e-18 1.462357161296976019e-17
2.221521944834315946e+03 -1.957210174739179584e-17 1.391893508479135593e-17
2.223070190484519117e+03 1.123303377805019314e-17 1.567309720569867359e-17
2.224618436134722288e+03 2.198085252430214821e-18 1.492640185743261059e-17
2.226166681784925458e+03 1.631382465356691589e-17 1.543682561252791744e-17
2.227714927435128629e+03 1.095722992523043194e-17 1.532208496936360907e-17
2.229263173085331800e+03 2.544801512944105986e-18 1.488181255472743301e-17
2.230811418735534971e+03 1.905540612491304100e-17 1.577341778826389367e-17
2.232359664385738142e+03 -8.343381771715754414e-18 1.406667611661463155e-17
2.233907910035941313e+03 7.229705442301539875e-18 1.531425208297135519e-17
2.235456155686144484e+03 -1.464352693225831219e-17 1.385769194830921038e-17
2.237004401336347655e+03 -3.120870009082340202e-18 1.450849062642094921e-17
2.238552646986550826e+03 5.787692590255148716e-18 1.481032766312513243e-17
2.240100892636753997e+03 1.312322582166329756e-17 1.504028318727008675e-17
2.241649138286957168e+03 1.249250504715370555e-17 1.509647677823719437e-17
2.243197383937160339e+03 -2.545757216784676741e-17 1.365091901297326466e-17
2.244745629587363510e+03 -7.703237985726608757e-18 1.409575159947455889e-17
2.246293875237566681e+03 1.849114991349988760e-17 1.508486434848551523e-17
2.247842120887769852e+03 -9.788615604252753980e-18 1.371379662185879332e-17
2.249390366537973023e+03 -4.652254345758789788e-18 1.407741933609638295e-17
2.250938612188176194e+03 -1.445540381811475592e-17 1.356233870233697462e-17
2.252486857838379365e+03 -2.858126767794025470e-17 1.321694592434948567e-17
2.254035103488582536e+03 1.565858140818086446e-17 1.509944315355005625e-17
2.255583349138785707e+03 -1.529087535847461698e-17 1.331816681465941184e-17
2.257131594788988878e+03 -3.324453018583605929e-18 1.408156210637183556e-17
2.258679840439192049e+03 5.028948679139348104e-18 1.424145378038799588e-17
2.260228086089395219e+03 -6.892847023822947022e-18 1.377839492957168623e-17
2.261776331739598390e+03 -4.782833505880637092e-18 1.433928955260522660e-17
2.263324577389801561e+03 -5.515876104418182529e-18 1.371717013474310070e-17
2.264872823040004732e+03 -1.371407568084802701e-17 1.349684797903750687e-17
2.266421068690207903e+03 -2.444716179133857266e-18 1.400475014117533738e-17
2.267969314340411074e+03 2.167779170133189755e-17 1.504596622546777690e-17
2.269517559990614245e+03 1.065578591239389250e-17 1.461648871306858742e-17
2.271065805640817416e+03 1.989123762566369670e-17 1.471398033976073191e-17
2.272614051291020587e+03 7.445760827816952486e-18 1.436428453394710888e-17
2.274162296941223758e+03 2.062637999448928313e-18 1.433982081307413176e-17
2.275710542591426929e+03 -2.527289832798762442e-17 1.263771785854159561e-17
2.277258788241630100e+03 -8.736718941538853233e-18 1.372539698387049627e-17
2.278807033891833271e+03 -1.166849451847567664e-17 1.343268808641562984e-17
2.280355279542036442e+03 -7.799086201369398133e-18 1.370486856243563908e-17
2.281903525192239613e+03 -5.601585691900882299e-19 1.375482186418974684e-17
2.283451770842442784e+03 -1.007319001653966097e-18 1.359251642656556804e-17
2.285000016492645955e+03 -2.234859118154302879e-18 1.341260067084549783e-17
2.286548262142849126e+03 2.651130626295183004e-17 1.504757944454747560e-17
2.288096507793052297e+03 3.767066083786905271e-18 1.379270821381317381e-17
2.289644753443255468e+03 -9.681533812546261050e-18 1.314878243025967832e-17
2.291192999093458639e+03 -1.169603543809928232e-17 1.327621764219700244e-17
2.292741244743661809e+03 -1.340497183931371643e-17 1.308055523843149834e-17
2.294289490393864980e+03 -1.026445770611127189e-17 1.282717673139536497e-17
2.295837736044068151e+03 8.945703213390263128e-18 1.403234100411854001e-17
2.297385981694271322e+03 3.497860775032315268e-18 1.367260716531429566e-17
2.298934227344474493e+03 8.139803195458479766e-18 1.383175252240664946e-17
2.300482472994677664e+03 -9.142675884276281558e-18 1.310409299410859090e-17
2.302030718644880835e+03 5.660383191338438431e-18 1.358461182033506573e-17
2.303578964295084006e+03 2.276026012967149346e-17 1.444196256419470680e-17
2.305127209945287177e+03 6.215251648663311403e-18 1.362794305065202409e-17
2.306675455595490348e+03 5.948578392568828915e-19 1.335935130685762841e-17
2.308223701245693519e+03 -4.133723764343368043e-18 1.330770053162688605e-17
2.309771946895896690e+03 -1.167096691611914082e-18 1.304371218751556334e-17
2.311320192546099861e+03 1.872508919788540044e-17 1.418284150993872171e-17
2.312868438196303032e+03 6.839213947142268618e-18 1.375697928243954564e-17
2.314416683846506203e+03 -1.955714778257124547e-17 1.217377601526863398e-17
2.315964929496709374e+03 -1.916208858058364305e-17 1.215298917298892189e-17
2.317513175146912545e+03 -4.117326606843250713e-18 1.286185728079501023e-17
2.319061420797115716e+03 -6.985903181077653625e-18 1.275763625333281121e-17
2.320609666447318887e+03 -1.930508619875573070e-19 1.317805918753573428e-17
2.322157912097522058e+03 9.526857424172108735e-18 1.362408578377288275e-17
2.323706157747725229e+03 -6.552544617976099182e-18 1.271612165762884792e-17
2.325254403397928399e+03 6.392021343885944162e-19 1.310466702353905783e-17
2.326802649048131570e+03 -1.831168927448315835e-17 1.200927440855691311e-17
2.328350894698334741e+03 -2.034719568390491544e-17 1.243944504342653382e-17
2.329899140348537912e+03 -2.578464256888125651e-17 1.177433375710124180e-17
2.331447385998741083e+03 1.884206027255606840e-17 1.387984304590566313e-17
2.332995631648944254e+03 -2.618869788658131858e-18 1.254589812973172711e-17
2.334543877299147425e+03 7.616569191467580832e-18 1.324482101429298205e-17
2.336092122949350596e+03 1.368628038300945834e-17 1.384552816870552916e-17
2.337640368599553767e+03 -1.001638284281388014e-17 1.253468492036721376e-17
2.339188614249756938e+03 -1.572002248827533190e-18 1.295882555080218144e-17
2.340736859899960109e+03 1.861873566816597021e-17 1.357644051246968679e-17
2.342285105550163280e+03 4.191792122200337753e-18 1.303101791620472167e-17
2.343833351200366451e+03 -1.144189868964537013e-17 1.258228693300594280e-17
2.345381596850569622e+03 -3.169784822693614545e-17 1.153410063879703473e-17
2.346929842500772793e+03 3.909119957440537126e-18 1.288398593085629935e-17
2.348478088150975964e+03 9.817240508233962100e-18 1.317760432915071766e-17
2.350026333801179135e+03 -8.137526139896745132e-18 1.221889549953415493e-17
2.351574579451382306e+03 -1.000893751375891453e-17 1.240355747760261568e-17
2.353122825101585477e+03 3.398527701255845547e-18 1.294304196365524669e-17
2.354671070751788648e+03 -3.497518756396429893e-18 1.246848260692083084e-17
2.356219316401991819e+03 3.984606595524627129e-18 1.314405300570958482e-17
2.357767562052194990e+03 -1.585001873408207279e-17 1.190147595564671195e-17
2.359315807702398160e+03 -1.200848108726816415e-18 1.265126281670223623e-17
2.360864053352601331e+03 -3.707509040291944577e-19 1.246770065745129883e-17
2.362412299002804502e+03 9.186189109980693685e-18 1.304187118021438037e-17
2.363960544653007673e+03 7.252966731286849894e-18 1.300486747618735738e-17
2.365508790303210844e+03 1.650583423289069884e-17 1.359527029445055698e-17
2.367057035953414015e+03 -1.218006649141493826e-17 1.209000527548269451e-17
2.368605281603617186e+03 -1.496509543408033807e-17 1.169454236573585594e-17
2.370153527253820357e+03 -7.583496610014590867e-19 1.240241200276597579e-17
2.371701772904023528e+03 1.558306539917406897e-17 1.349127322124595641e-17
2.373250018554226699e+03 4.457462435242229738e-18 1.292049432441220306e-17
2.374798264204429870e+03 -9.321429788033801170e-19 1.221783225153117117e-17
2.376346509854633041e+03 1.418923882688190072e-17 1.351248348921898381e-17
2.377894755504836212e+03 -2.235409922391934050e-18 1.227150224105765055e-17
2.379443001155039383e+03 1.676509144465778268e-18 1.283872655652110681e-17
2.380991246805242554e+03 7.477904285212278628e-18 1.282484122200444199e-17
2.382539492455445725e+03 4.879050149432292182e-18 1.285448764540391093e-17
2.384087738105648896e+03 -7.503915327988377270e-18 1.221363900609851772e-17
2.385635983755852067e+03 1.010314534605158139e-18 1.254194510966215276e-17
2.387184229406055238e+03 -1.118341581282511029e-17 1.207742022454763236e-17
2.388732475056258409e+03 -1.137026032718804126e-17 1.175465856444138230e-17
2.390280720706461580e+03 8.533293801029119571e-18 1.280948919022523024e-17
2.391828966356664750e+03 -1.067722874350194002e-17 1.160911684431254442e-17
2.393377212006867921e+03 1.267442170926873632e-17 1.314861715117986042e-17
2.394925457657071092e+03 -4.888604162564420817e-18 1.215254399188120143e-17
2.396473703307274263e+03 5.580485608900249462e-18 1.276676963433464822e-17
2.398021948957477434e+03 2.482771942692269882e-18 1.249733594659455572e-17
2.399570194607680605e+03 3.097841301320996867e-17 1.353996280155172858e-17
2.401118440257883776e+03 1.814178291869593510e-18 1.221056191987355553e-17
2.402666685908086947e+03 2.132363140198843785e-17 1.353814263131850295e-17
2.404214931558290118e+03 -1.045856525505401108e-17 1.158804059587464745e-17
2.405763177208493289e+03 1.815145199063051760e-18 1.234010905319463164e-17
2.407311422858696460e+03 1.816846103151774399e-17 1.296866284812017441e-17
2.408859668508899631e+03 3.920904684171565109e-18 1.243218745118140752e-17
2.410407914159102802e+03 1.802105372331233889e-17 1.313588945839397293e-17
2.411956159809305973e+03 -3.765682861278879572e-19 1.245317927493113139e-17
2.413504405459509144e+03 -4.010278155384408579e-18 1.180282673057433462e-17
2.415052651109712315e+03 6.296268083730011161e-18 1.250911265857911642e-17
2.416600896759915486e+03 -2.692787076495301701e-17 1.102926043604976000e-17
2.418149142410118657e+03 -3.938261959731542124e-18 1.231643726871681362e-17
2.419697388060321828e+03 -1.667667236206469897e-17 1.151242909344661103e-17
2.421245633710524999e+03 -9.833015171728532902e-18 1.169839014148050811e-17
2.422793879360728170e+03 1.581232166186600988e-17 1.293107245628895612e-17
2.424342125010931341e+03 -9.918755108331189666e-19 1.213688024077943140e-17
2.425890370661134511e+03 5.919942845160004333e-18 1.245179185372990353e-17
2.427438616311337682e+03 2.154627913759527935e-17 1.326856788110622532e-17
2.428986861961540853e+03 3.169806511076000559e-18 1.256726083452811890e-17
2.430535107611744024e+03 7.441929856105632222e-18 1.231160856502744813e-17
2.432083353261947195e+03 -5.983554975125603938e-18 1.183828337606557375e-17
2.433631598912150366e+03 -8.725287615947962257e-18 1.170672625306387968e-17
2.435179844562353537e+03 1.268005954210832408e-17 1.249570845461973043e-17
2.436728090212556708e+03 9.702426474545115128e-18 1.253054872235041619e-17
2.438276335862759879e+03 -3.068617860816100200e-18 1.211867095334642439e-17
2.439824581512963050e+03 -1.632206707486916719e-17 1.139360823994308985e-17
2.441372827163166221e+03 5.484045070395889368e-18 1.242574310059051429e-17
2.442921072813369392e+03 -7.508968097364435475e-18 1.144823274068403445e-17
2.444469318463572563e+03 2.014224315028376751e-17 1.285484377871975562e-17
2.446017564113775734e+03 -4.475344132426453478e-18 1.187169936993009408e-17
2.447565809763978905e+03 -2.604123751862822222e-17 1.077092485094650877e-17
2.449114055414182076e+03 -5.559444253454593912e-18 1.194898533448141776e-17
2.450662301064385247e+03 2.985028712265630667e-18 1.223708753013257770e-17
2.452210546714588418e+03 9.553671367660650923e-18 1.227059828731912173e-17
2.453758792364791589e+03 5.983344862274748979e-18 1.235851712958353422e-17
2.455307038014994760e+03 -1.645268709841071887e-17 1.132219284611657357e-17
2.456855283665197931e+03 1.581456674521826864e-18 1.191075342840202146e-17
2.458403529315401101e+03 -5.263952140435669397e-18 1.167118524104843616e-17
2.459951774965604272e+03 -2.025498196234578467e-17 1.088982202761316740e-17
2.461500020615807443e+03 -3.937651670773446192e-18 1.178349529550668329e-17
2.463048266266010614e+03 -8.011434280544542702e-18 1.154200267944466477e-17
2.464596511916213785e+03 -1.956755783084570498e-18 1.178373977177256886e-17
2.466144757566416956e+03 1.332019375472680271e-17 1.247500921548406515e-17
2.467693003216620127e+03 2.185750188478065406e-17 1.305654190780223542e-17
2.469241248866823298e+03 -3.948195596655751132e-18 1.160153880998132879e-17
2.470789494517026469e+03 1.136533642931690484e-17 1.244457561294525220e-17
2.472337740167229640e+03 -1.141486736121843740e-18 1.203545647816913040e-17
2.473885985817432811e+03 -4.561641521624568116e-18 1.146021111257587855e-17
2.475434231467635982e+03 -2.017861104570296148e-18 1.178033810156764302e-17
2.476982477117839153e+03 4.658622016069367857e-18 1.198379636332997019e-17
2.478530722768042324e+03 1.902582220996949027e-17 1.237473521185744379e-17
2.480078968418245495e+03 2.084790268222137573e-17 1.288002041476508376e-17
2.481627214068448666e+03 -5.239604273984762000e-18 1.177015316785590091e-17
2.483175459718651837e+03 -8.418126704245808986e-18 1.143117611984771676e-17
2.484723705368855008e+03 -1.424351741071886714e-17 1.130175730385714475e-17
2.486271951019058179e+03 1.063310273862594681e-17 1.221363087493090418e-17
2.487820196669261350e+03 8.108260579900363089e-19 1.168266653660535739e-17
2.489368442319464521e+03 2.432848377940126603e-17 1.294882709879712535e-17
2.490916687969667692e+03 1.597924080263532662e-17 1.261082078887797224e-17
2.492464933619870862e+03 2.260520779440565074e-18 1.161719957296885060e-17
2.494013179270074033e+03 2.153576956950964444e-17 1.283263882203844790e-17
2.495561424920277204e+03 -1.513645398757397014e-18 1.167370658751564069e-17
2.497109670570480375e+03 -1.491346323697363835e-17 1.074298893925724320e-17
2.498657916220683546e+03 8.548735871855235105e-18 1.236443860073767851e-17
2.500206161870886717e+03 -2.665792232528170034e-18 1.168925925632206547e-17
2.501754407521089888e+03 1.168609456581352378e-17 1.247799713397300490e-17
2.503302653171293059e+03 -1.489383487888675521e-17 1.100604583388948418e-17
2.504850898821496230e+03 5.020220102359615046e-18 1.192261837127176181e-17
2.506399144471699401e+03 -9.372540825466969904e-18 1.135897864854779772e-17
2.507947390121902572e+03 -1.875425686566088269e-17 1.073523977140091807e-17
2.509495635772105743e+03 -1.770469928271416212e-17 1.083175361368994956e-17
2.511043881422308914e+03 -1.146559894275088863e-17 1.119048300733931043e-17
2.512592127072512085e+03 1.112322474402793864e-17 1.200243479828305115e-17
2.514140372722715256e+03 1.126955071297087939e-17 1.218925446495701459e-17
2.515688618372918427e+03 -3.758111451358692359e-18 1.158402854493894992e-17
2.517236864023121598e+03 -3.817228582043140317e-18 1.157159930667281061e-17
2.518785109673324769e+03 -1.248201422712206605e-17 1.104932547817559076e-17
2.520333355323527940e+03 1.893932078819818972e-17 1.247545423691210962e-17
2.521881600973731111e+03 1.406656587805907070e-17 1.214537345103473487e-17
2.523429846623934282e+03 2.175239366867986015e-17 1.255298831103118469e-17
2.524978092274137452e+03 -1.057945518740059663e-17 1.101477097576802150e-17
2.526526337924340623e+03 -2.042637221816278359e-18 1.152866637887767524e-17
2.528074583574543794e+03 -1.331851049408223427e-18 1.150273338557757253e-17
2.529622829224746965e+03 -2.839672404758814879e-18 1.170140334826743109e-17
2.531171074874950136e+03 -2.508430565040976790e-17 1.051954146630738935e-17
2.532719320525153307e+03 -1.566429420824212795e-17 1.092429583443700876e-17
2.534267566175356478e+03 8.616476789376276096e-18 1.221522603610772357e-17
2.535815811825559649e+03 -1.159005431239782915e-18 1.143574399404256253e-17
2.537364057475762820e+03 -1.241855301303000475e-17 1.109524955702238433e-17
2.538912303125965991e+03 4.868871015144311162e-18 1.192041657553037232e-17
2.540460548776169162e+03 -9.217554566974414919e-18 1.110445569690837393e-17
2.542008794426372333e+03 -3.743284339306749363e-19 1.163367959649018718e-17
2.543557040076575504e+03 -3.598914131358686135e-18 1.112552670926052528e-17
2.545105285726778675e+03 -2.214956778274034331e-17 1.059905338094130931e-17
2.546653531376981846e+03 2.874616339078613167e-18 1.169958654537523322e-17
2.548201777027185017e+03 1.277065735692581998e-18 1.152896245303593163e-17
2.549750022677388188e+03 7.085701269629648589e-18 1.203267008957421278e-17
2.551298268327591359e+03 -8.060669639572224006e-18 1.104344618567210201e-17
2.552846513977794530e+03 -3.763470865826985388e-18 1.124843005232593749e-17
2.554394759627997701e+03 1.919891356631999768e-17 1.257377436469910212e-17
2.555943005278200872e+03 1.100641217566840487e-17 1.188235455307670710e-17
2.557491250928404042e+03 1.366682977417560278e-18 1.157315505761862372e-17
2.559039496578607213e+03 3.547488023079871716e-18 1.166637573561081856e-17
2.560587742228810384e+03 1.453641370591814424e-17 1.203901617033424277e-17
2.562135987879013555e+03 8.760105969831937775e-18 1.202421442744147313e-17
2.563684233529216726e+03 -2.247252756570732485e-18 1.131643058447307988e-17
2.565232479179419897e+03 2.966148657837989845e-18 1.175051003628109250e-17
2.566780724829623068e+03 -6.752880071756404411e-18 1.132972314273311818e-17
2.568328970479826239e+03 -4.192505418242615486e-18 1.118986383319968175e-17
2.569877216130029410e+03 1.751115494778593619e-17 1.237890983441614944e-17
2.571425461780232581e+03 -1.024826023799498624e-17 1.114590632346728226e-17
2.572973707430435752e+03 -1.020927945735685270e-17 1.096489119205100758e-17
2.574521953080638923e+03 -1.282814377590131506e-18 1.179989617197065922e-17
2.576070198730842094e+03 -5.073820466943603368e-18 1.122099412746500064e-17
2.577618444381045265e+03 -7.396569323643805300e-19 1.145048820725453570e-17
2.579166690031248436e+03 1.460804041393091558e-17 1.193249664991020957e-17
2.580714935681451607e+03 1.426382439320529555e-18 1.154647473182889003e-17
2.582263181331654778e+03 -2.952337144205546217e-18 1.149855223251525589e-17
2.583811426981857949e+03 1.888284865126099206e-17 1.249254827348426619e-17
2.585359672632061120e+03 -1.758645647813249841e-18 1.149191879090156989e-17
2.586907918282264291e+03 3.975719438716580195e-19 1.166000302352215553e-17
2.588456163932467462e+03 -4.884619646089150949e-18 1.111250341661144024e-17
2.590004409582670633e+03 1.056072974817767131e-17 1.173246803125581691e-17
2.591552655232873803e+03 5.794545607044903848e-18 1.172758802111470374e-17
2.593100900883076974e+03 1.041504364899579378e-17 1.230660050880938480e-17
2.594649146533280145e+03 2.383285213886284547e-18 1.169285634824489640e-17
2.596197392183483316e+03 -1.649221945570750134e-17 1.059860773564020206e-17
2.597745637833686487e+03 -1.490832444223226502e-17 1.094377138621184758e-17
2.599293883483889658e+03 -2.711872358405067282e-19 1.145544491229886447e-17
2.600842129134092829e+03 -4.098240476635404995e-18 1.138615209141042746e-17
2.602390374784296000e+03 1.733540609765276596e-17 1.232407872144341216e-17
2.603938620434499171e+03 -1.967544980727707188e-18 1.126859961768215711e-17
2.605486866084702342e+03 1.400119182292236184e-17 1.220853079277939629e-17
2.607035111734905513e+03 -1.310081572763769582e-18 1.142738953782433761e-17
2.608583357385108684e+03 4.119173171120231890e-18 1.189954739688107434e-17
2.610131603035311855e+03 -1.773758108743285024e-18 1.132238044398772666e-17
2.611679848685515026e+03 -3.620317881882892523e-18 1.121208490488824883e-17
2.613228094335718197e+03 -8.941805918061007587e-19 1.146210823466679451e-17
2.614776339985921368e+03 -5.414907992296389923e-18 1.119984246602745047e-17
2.616324585636124539e+03 1.679884252657306808e-17 1.241264253381760397e-17
2.617872831286327710e+03 -1.534148520529176682e-17 1.088509242840471504e-17
2.619421076936530881e+03 -6.957838450214474190e-18 1.129363263193377863e-17
2.620969322586734052e+03 -3.075866686214468463e-19 1.175118753952684965e-17
2.622517568236937223e+03 -1.842612146378461806e-17 1.076499588481379521e-17
2.624065813887140393e+03 5.866187091411021567e-19 1.174276036375554845e-17
2.625614059537343564e+03 1.128351869392311823e-17 1.215419007278522967e-17
2.627162305187546735e+03 -8.849794953637553585e-19 1.154707729547647525e-17
2.628710550837749906e+03 -1.126234692443913763e-17 1.116759641914095908e-17
2.630258796487953077e+03 -1.664385407655213364e-17 1.061039353750408783e-17
2.631807042138156248e+03 -8.830068158155674463e-18 1.135387324446185794e-17
2.633355287788359419e+03 1.049823879489769108e-17 1.213276370586151851e-17
2.634903533438562590e+03 -1.004328576991388255e-18 1.136945659327443417e-17
2.636451779088765761e+03 -7.242699088135213170e-18 1.134887167740734247e-17
2.638000024738968932e+03 1.034444850623842030e-17 1.205880597058329930e-17
2.639548270389172103e+03 1.345699302217409626e-17 1.247959842687110051e-17
2.641096516039375274e+03 1.743162756396013056e-17 1.235345259278785255e-17
2.642644761689578445e+03 -1.312964876346629969e-17 1.095481235462415383e-17
2.644193007339781616e+03 -1.724454949052946820e-18 1.160808575318757536e-17
2.645741252989984787e+03 -1.249890596611271639e-17 1.090750930421271585e-17
2.647289498640187958e+03 2.826675774312147042e-19 1.150190070555444997e-17
2.648837744290391129e+03 5.816965258459022080e-18 1.171473204077541393e-17
2.650385989940594300e+03 -4.465820221310643900e-19 1.176554357299057770e-17
2.651934235590797471e+03 -6.298028391114653100e-18 1.103963852666875086e-17
2.653482481241000642e+03 -6.254204911281011818e-18 1.150436717802775571e-17
2.655030726891203813e+03 -9.438936850255884154e-18 1.115360259469307276e-17
2.656578972541406984e+03 -2.659978975062487414e-18 1.141173348998489208e-17
2.658127218191610154e+03 5.638172691453149089e-19 1.179292916995281391e-17
2.659675463841813325e+03 1.815201429216796935e-18 1.166914559012314364e-17
2.661223709492016496e+03 -6.865213722842710783e-18 1.159040693253410476e-17
2.662771955142219667e+03 -1.165229979193045517e-17 1.092995391482177205e-17
2.664320200792422838e+03 4.512537678939147854e-18 1.201089866698924855e-17
2.665868446442626009e+03 -2.627127458469571897e-18 1.165553270866000764e-17
2.667416692092829180e+03 1.328522169978813958e-17 1.215083848190823528e-17
2.668964937743032351e+03 -1.034216968844475146e-17 1.138689449211138733e-17
2.670513183393235522e+03 -8.389025439076994588e-18 1.132330372682095526e-17
2.672061429043438693e+03 -2.724921624662519600e-17 1.033790238964490504e-17
2.673609674693641864e+03 -1.303768617117453211e-17 1.126793117335737492e-17
2.675157920343845035e+03 3.661124975922972779e-18 1.181428930790834989e-17
2.676706165994048206e+03 -5.467931865451130562e-19 1.173080830881767115e-17
2.678254411644251377e+03 -8.251073436364068913e-18 1.133108686970176112e-17
2.679802657294454548e+03 3.518311685476766264e-18 1.219398933643972126e-17
2.681350902944657719e+03 8.926729362212652308e-18 1.221086736953408660e-17
2.682899148594860890e+03 -1.232079440973538935e-17 1.134249182377977550e-17
2.684447394245064061e+03 -2.441969176406192802e-17 1.045833812692788064e-17
2.685995639895267232e+03 2.963525403789819048e-18 1.198816149248969463e-17
2.687543885545470403e+03 1.441040016490636288e-18 1.219148930400849409e-17
2.689092131195673574e+03 -1.218811751875365405e-17 1.114441034526735325e-17
2.690640376845876744e+03 -1.470506863128682444e-17 1.109691756674589230e-17
2.692188622496079915e+03 -6.406140003269119582e-18 1.171016373165712416e-17
2.693736868146283086e+03 1.892195847137905801e-17 1.281038274106211309e-17
2.695285113796486257e+03 1.380930472091416201e-17 1.261671783616815669e-17
2.696833359446689428e+03 -1.762819695158087304e-17 1.086754338322077223e-17
2.698381605096892599e+03 5.324090265239387326e-18 1.227308812067395654e-17
2.699929850747095770e+03 -1.318102426016145475e-17 1.136901029267231377e-17
2.701478096397298941e+03 -9.618527602910707401e-18 1.167992465710028122e-17
2.703026342047502112e+03 2.127238737651092897e-18 1.191731989595471162e-17
2.704574587697705283e+03 4.860985783087214907e-19 1.185923574285773032e-17
2.706122833347908454e+03 1.806821930771430040e-18 1.211949534763027508e-17
2.707671078998111625e+03 9.657976591615236820e-18 1.266467457306187753e-17
2.709219324648314796e+03 5.723867786440542026e-18 1.236341835616495837e-17
2.710767570298517967e+03 5.635024024238736903e-18 1.215116124343873392e-17
2.712315815948721138e+03 2.298636631510492042e-18 1.215921759254039987e-17
2.713864061598924309e+03 -4.050852451217830618e-18 1.201078199042187929e-17
2.715412307249127480e+03 2.145212761060940710e-19 1.205001080351626253e-17
2.716960552899330651e+03 -1.685794630978506363e-17 1.120953089523774859e-17
2.718508798549533822e+03 8.959023723658426193e-18 1.253242185831261548e-17
2.720057044199736993e+03 -7.464842369585617414e-18 1.170926753775342331e-17
2.721605289849940164e+03 8.369873499035166376e-18 1.257503448278247810e-17
2.723153535500143335e+03 -3.728799587486957773e-18 1.142356287350403473e-17
2.724701781150346505e+03 2.396146744551880342e-17 1.345591979144749014e-17
2.726250026800549676e+03 -1.618822377880808191e-17 1.093728095322447836e-17
2.727798272450752847e+03 -5.230799503316529347e-18 1.190270546331625946e-17
2.729346518100956018e+03 -7.442254856968317909e-18 1.185887349392351457e-17
2.730894763751159189e+03 -1.945568243599753354e-17 1.162404269685521991e-17
2.732443009401362360e+03 -7.482170700998433628e-18 1.154173458941695538e-17
2.733991255051565531e+03 -1.431516998072700557e-18 1.224238125567811829e-17
2.735539500701768702e+03 -2.007608240580911186e-17 1.106808265481409646e-17
2.737087746351971873e+03 -4.350211590239852702e-18 1.226104416145767119e-17
2.738635992002175044e+03 -2.018635059434012854e-19 1.219068617223218639e-17
2.740184237652378215e+03 -6.046658642567363759e-18 1.244448523985537220e-17
2.741732483302581386e+03 -2.565227451032062983e-18 1.188980682564784951e-17
2.743280728952784557e+03 1.151205125060213515e-17 1.275364129626565821e-17
2.744828974602987728e+03 -1.039856902547825743e-18 1.267864959883367052e-17
2.746377220253190899e+03 -1.162630440244913500e-17 1.154407365307525845e-17
2.747925465903394070e+03 8.553369816792432230e-18 1.311754403725394836e-17
2.749473711553597241e+03 -8.719150819186208641e-18 1.188387136098097904e-17
2.751021957203800412e+03 -4.346212129394202228e-18 1.208693792873740264e-17
2.752570202854003583e+03 -1.175489402273204579e-17 1.216294835581650928e-17
2.754118448504206754e+03 -5.999816526125952939e-18 1.178366855165645394e-17
2.755666694154409925e+03 -1.230133487792438431e-17 1.210474305048950207e-17
2.757214939804613095e+03 3.426304869952846886e-18 1.274490315174802081e-17
2.758763185454816266e+03 -1.421285702934152140e-17 1.120965776462518687e-17
2.760311431105019437e+03 -7.630165893512154129e-18 1.229520940873763083e-17
2.761859676755222608e+03 -1.782876142448726798e-18 1.226473529253357969e-17
2.763407922405425779e+03 -1.052364938089991109e-17 1.199070415334287964e-17
2.764956168055628950e+03 -2.114806407904720209e-18 1.286561790596164563e-17
2.766504413705832121e+03 9.956592581418060978e-18 1.269559032649151809e-17
2.768052659356035292e+03 3.821952736203735384e-18 1.250689962991931470e-17
2.769600905006238463e+03 8.490398218699813110e-18 1.277225444836156659e-17
2.771149150656441634e+03 1.502497528321173583e-17 1.299238043400603040e-17
2.772697396306644805e+03 2.357394871096340711e-17 1.358858548258769858e-17
2.774245641956847976e+03 2.348162863471277748e-17 1.352195179392512126e-17
2.775793887607051147e+03 2.587424107513620151e-19 1.232650213391968085e-17
2.777342133257254318e+03 1.864770996952307489e-17 1.322132792563363960e-17
2.778890378907457489e+03 -6.540692234789568167e-18 1.220519059112067873e-17
2.780438624557660660e+03 -7.106415801517406324e-18 1.215353893310894044e-17
2.781986870207863831e+03 9.665450297574609541e-18 1.280262749518862758e-17
2.783535115858067002e+03 -1.783169082068149792e-17 1.128377179358622394e-17
2.785083361508270173e+03 2.287460194858060076e-18 1.263839067339740294e-17
2.786631607158473344e+03 -7.940464854932384148e-18 1.206418385973742897e-17
2.788179852808676515e+03 1.321697055977582070e-17 1.319549190198079972e-17
2.789728098458879685e+03 1.383276444838336156e-17 1.298028524441586326e-17
2.791276344109082856e+03 7.503995910287864297e-18 1.272822899515525957e-17
2.792824589759286027e+03 7.841766425324895524e-19 1.275983216125017504e-17
2.794372835409489198e+03 3.382588370952937969e-18 1.250748541324267620e-17
2.795921081059692369e+03 -7.165137420379966754e-18 1.217406917532026430e-17
2.797469326709895540e+03 9.940293390949963807e-20 1.286475701822456094e-17
2.799017572360098711e+03 -1.908422548146920858e-17 1.127349841624509474e-17
2.800565818010301882e+03 -1.197517687134406454e-17 1.227032273181245224e-17
2.802114063660505053e+03 5.887509649558361437e-18 1.283178399634077613e-17
2.803662309310708224e+03 -1.491374073976687090e-17 1.183409431293367383e-17
2.805210554960911395e+03 -1.397663971241868832e-17 1.107376756259032737e-17
2.806758800611114566e+03 -1.140479367917743990e-17 1.223264783707664389e-17
2.808307046261317737e+03 -2.016496715694595373e-19 1.287598810587830181e-17
2.809855291911520908e+03 -2.678183697847018855e-18 1.217474079848990411e-17
2.811403537561724079e+03 5.089033894888746377e-18 1.289518136588316398e-17
2.812951783211927250e+03 -1.254802218821148362e-17 1.198874512925807600e-17
2.814500028862130421e+03 -9.346756403439043977e-18 1.234788662162974679e-17
2.816048274512333592e+03 -6.065094614826225683e-18 1.244270592295897599e-17
2.817596520162536763e+03 1.032307565913338885e-17 1.302680638316126725e-17
2.819144765812739934e+03 -9.037851180093184781e-18 1.211136831766656004e-17
2.820693011462943105e+03 -1.838627749088923891e-17 1.167439599558715417e-17
2.822241257113146276e+03 -8.696470466030764708e-18 1.245939465098994529e-17
2.823789502763349446e+03 3.419669440794790224e-18 1.265804150254019272e-17
2.825337748413552617e+03 -2.902562933151755313e-18 1.216195811746485948e-17
2.826885994063755788e+03 5.467232429311027857e-18 1.301318614576328997e-17
2.828434239713958959e+03 3.838698053870921227e-17 1.416353173141914374e-17
2.829982485364162130e+03 -8.771433539223738082e-18 1.194245583374989625e-17
2.831530731014365301e+03 -2.095119614383447439e-17 1.129104277328618147e-17
2.833078976664568472e+03 -2.570890612424845889e-17 1.126537108618582306e-17
2.834627222314771643e+03 -2.400985655658343434e-17 1.156275656236138229e-17
2.836175467964974814e+03 -1.882940010636907937e-17 1.157588159684021724e-17
2.837723713615177985e+03 -4.752074067609370785e-18 1.218118340083691081e-17
2.839271959265381156e+03 -5.096332154271765784e-18 1.238806384073913695e-17
2.840820204915584327e+03 -1.647593687142970471e-17 1.161498053187818783e-17
2.842368450565787498e+03 9.233663838575347779e-18 1.303304660608984283e-17
2.843916696215990669e+03 -1.125086370873705990e-17 1.169295866617395215e-17
2.845464941866193840e+03 -1.853628891526779661e-17 1.153859358599078800e-17
2.847013187516397011e+03 -1.697303331038694588e-19 1.276820464203328249e-17
2.848561433166600182e+03 3.230816132257183102e-18 1.248491915049116637e-17
2.850109678816803353e+03 8.853677612713093570e-18 1.306543769841216789e-17
2.851657924467006524e+03 -2.335071385674189684e-18 1.237475748584098960e-17
2.853206170117209695e+03 1.218704954265225087e-18 1.276104222991432091e-17
2.854754415767412866e+03 5.739684081105401692e-18 1.282613740807817952e-17
2.856302661417616036e+03 1.005235818442603713e-17 1.312516729466320084e-17
2.857850907067819207e+03 -8.800007142059112416e-18 1.202009980739006940e-17
2.859399152718022378e+03 -1.153499211456926747e-17 1.206362367702883770e-17
2.860947398368225549e+03 5.312628115368137856e-18 1.313190525522262700e-17
2.862495644018428720e+03 4.442751498919429801e-18 1.307413222503457888e-17
2.864043889668631891e+03 -1.204395545580981261e-17 1.212739133519014064e-17
2.865592135318835062e+03 3.683886083283829829e-18 1.313683346548035650e-17
2.867140380969038233e+03 -2.049702245991276990e-17 1.166348383036191776e-17
2.868688626619241404e+03 -3.189516718849072850e-17 1.109984576338004128e-17
2.870236872269444575e+03 -8.260453436765917916e-18 1.258700356073242119e-17
2.871785117919647746e+03 -1.139382621852748369e-17 1.242548843801632451e-17
2.873333363569850917e+03 -3.752919649248995209e-19 1.277496894688630641e-17
2.874881609220054088e+03 4.814767519572720336e-18 1.318410699208319405e-17
2.876429854870257259e+03 1.498546274191475215e-17 1.345661354204467007e-17
2.877978100520460430e+03 1.515498737259093864e-17 1.341596875141271386e-17
2.879526346170663601e+03 2.705756983244224672e-18 1.286777019023059582e-17
2.881074591820866772e+03 1.429070786591719764e-17 1.369754483223889788e-17
2.882622837471069943e+03 -9.845518913136758959e-18 1.226486416309019206e-17
2.884171083121273114e+03 -4.972220300219567147e-18 1.291765017417108777e-17
2.885719328771476285e+03 9.351725530282877137e-18 1.349954347914871072e-17
2.887267574421679456e+03 -1.112934153075566710e-17 1.242466793536194234e-17
2.888815820071882627e+03 1.127380419471927390e-17 1.353820867597443057e-17
2.890364065722085797e+03 9.693332860230197527e-19 1.288679353490496186e-17
2.891912311372288968e+03 3.275983236445603021e-18 1.337843626976208352e-17
2.893460557022492139e+03 -6.528057951180837944e-18 1.269214033578315654e-17
2.895008802672695310e+03 1.812562525984081452e-18 1.339388363309095625e-17
2.896557048322898481e+03 -1.612931078188974552e-18 1.279747133182261798e-17
2.898105293973101652e+03 -1.261531155084006155e-17 1.274007303080848791e-17
2.899653539623304823e+03 -1.137850117254436056e-17 1.261147363911955041e-17
2.901201785273507994e+03 7.420262998923599552e-19 1.321213089323555687e-17
2.902750030923711165e+03 7.530385780392085130e-18 1.382185889417345790e-17
2.904298276573914336e+03 1.985822530080056075e-17 1.392707316954303934e-17
2.905846522224117507e+03 -8.656388646354320635e-18 1.265654540929785217e-17
2.907394767874320678e+03 -1.438642951192257699e-18 1.343201205917125104e-17
2.908943013524523849e+03 1.466818885015177754e-18 1.320934296660085424e-17
2.910491259174727020e+03 -1.571193365545134164e-17 1.247701036859672212e-17
2.912039504824930191e+03 7.252234511091982063e-18 1.385608168358838328e-17
2.913587750475133362e+03 -2.071341619668893607e-18 1.330285221361897931e-17
2.915135996125336533e+03 2.183489553429144991e-17 1.450180491018801030e-17
2.916684241775539704e+03 1.376108413668071056e-17 1.382162791415502298e-17
2.918232487425742875e+03 -7.271308987077672025e-18 1.317367431566234594e-17
2.919780733075946046e+03 -4.440743447624045634e-18 1.362226858470042631e-17
2.921328978726149217e+03 -1.881919266860284124e-17 1.278707292834460046e-17
2.922877224376352387e+03 2.187634720476504487e-18 1.410347470389975612e-17
2.924425470026555558e+03 1.136752203237874408e-17 1.409463308320702969e-17
2.925973715676758729e+03 1.064687855555311841e-17 1.403509922309929244e-17
2.927521961326961900e+03 -1.177644057423737235e-18 1.383085467232308326e-17
2.929070206977165071e+03 1.118392363488412408e-17 1.429526902595405942e-17
2.930618452627368242e+03 -9.505457131612160782e-18 1.330845943921148358e-17
2.932166698277571413e+03 1.738009725893767528e-18 1.413340338106459655e-17
2.933714943927774584e+03 -2.003694526813981792e-17 1.286270755854298279e-17
2.935263189577977755e+03 -1.048519520806701994e-17 1.378819386031412709e-17
2.936811435228180926e+03 1.684385430424928015e-17 1.468370810289617289e-17
2.938359680878384097e+03 -5.241657457826289171e-18 1.379171651222237127e-17
2.939907926528587268e+03 3.305592234773860602e-17 1.554157937216545140e-17
2.941456172178790439e+03 6.810012527368514558e-19 1.389550039045930653e-17
2.943004417828993610e+03 -1.012787578312649785e-17 1.371860031826315612e-17
2.944552663479196781e+03 1.066430565838987681e-17 1.468125698834883877e-17
2.946100909129399952e+03 -1.903693407408536919e-18 1.399541928388795968e-17
2.947649154779603123e+03 3.570534054297964745e-18 1.457350068719702027e-17
2.949197400429806294e+03 -1.469347085906530921e-17 1.362476745379760757e-17
2.950745646080009465e+03 -1.163758225440749857e-17 1.423156076761930781e-17
2.952293891730212636e+03 8.761181784766634759e-18 1.490109617018658722e-17
2.953842137380415807e+03 -9.645221038791121697e-18 1.400539531633146843e-17
2.955390383030618978e+03 4.692312627514201648e-18 1.501072348056005745e-17
2.956938628680822148e+03 7.614871048349709857e-18 1.462293917054416308e-17
2.958486874331025319e+03 -7.478044142671474233e-18 1.442056804173289774e-17
2.960035119981228490e+03 -7.328718556050434286e-18 1.447207233915226345e-17
2.961583365631431661e+03 1.167345226524419094e-17 1.534861004103370303e-17
2.963131611281634832e+03 5.709185741355995815e-18 1.505183761232020478e-17
2.964679856931838003e+03 -2.345568309301173716e-17 1.374204680672446207e-17
2.966228102582041174e+03 8.113738113591172812e-19 1.537198330302341250e-17
2.967776348232244345e+03 -8.373184293117545341e-18 1.474346737781827541e-17
2.969324593882447516e+03 -1.222472812136576449e-17 1.447500551286573591e-17
2.970872839532650687e+03 -2.731410703142732386e-18 1.512911637250499335e-17
2.972421085182853858e+03 1.424870069263821610e-17 1.556574058140496941e-17
2.973969330833057029e+03 2.064035317941835768e-18 1.502605502903801858e-17
2.975517576483260200e+03 -2.833902506319846215e-17 1.403082049245870324e-17
2.977065822133463371e+03 -2.562323004791511723e-17 1.440463869414981613e-17
2.978614067783666542e+03 -1.050169694471861692e-17 1.507162210604486514e-17
2.980162313433869713e+03 -1.432098173202843544e-18 1.544840340232009266e-17
2.981710559084072884e+03 -2.994982838473738211e-17 1.414670110989295239e-17
2.983258804734276055e+03 -3.299389852206610632e-17 1.429203286019474697e-17
2.984807050384479226e+03 -2.287476517124415454e-17 1.477663290333922130e-17
2.986355296034682397e+03 -1.376085126234453149e-17 1.524974652712863018e-17
2.987903541684885568e+03 2.778986482140497686e-18 1.603910873685006273e-17
2.989451787335088738e+03 3.745822614532365509e-18 1.604735379956597848e-17
2.991000032985291909e+03 -3.167484798760506466e-17 1.440756624548203972e-17
2.992548278635495080e+03 -3.058328847150285881e-17 1.493331878858227187e-17
2.994096524285698251e+03 -8.009187926111566908e-18 1.596611103611223969e-17
2.995644769935901422e+03 3.916050348238023659e-18 1.656123692549476818e-17
2.997193015586104593e+03 6.349733130262059313e-18 1.684836047599136854e-17
2.998741261236307764e+03 1.445639060967317037e-17 1.715821507700327263e-17
3.000289506886510935e+03 2.644226308719356877e-18 1.645300303368752870e-17
3.001837752536714106e+03 -4.108888462665634617e-18 1.654707280930614470e-17
3.003385998186917277e+03 4.880302878387004425e-18 1.702613086627512906e-17
3.004934243837120448e+03 -6.987400827390586955e-18 1.655887861794626501e-17
3.006482489487323619e+03 -4.100971969032327405e-18 1.718264184643177973e-17
3.008030735137526790e+03 1.910656081820004818e-17 1.782423786254338256e-17
3.009578980787729961e+03 4.807411049481693512e-18 1.707867880298676612e-17
3.011127226437933132e+03 -1.412087019395140918e-17 1.651171303804724173e-17
3.012675472088136303e+03 -4.043456548431033895e-17 1.573630041642659249e-17
3.014223717738339474e+03 -1.277980915931307350e-17 1.706427720789668322e-17
3.015771963388542645e+03 1.126818199722905153e-17 1.794900908058203594e-17
3.017320209038745816e+03 5.834511089214976905e-18 1.803757064295929916e-17
3.018868454688948987e+03 6.320910588004828283e-19 1.772542782800737613e-17
3.020416700339152158e+03 -1.548672379229349684e-17 1.723960180129634503e-17
3.021964945989355328e+03 -2.757532829191228661e-18 1.810186933883682275e-17
3.023513191639558499e+03 5.947417180020900295e-18 1.831826105907959392e-17
3.025061437289761670e+03 8.307648071025752450e-19 1.840362742224811361e-17
3.026609682939964841e+03 -5.650360584229718371e-19 1.824737209266590536e-17
3.028157928590168012e+03 -2.307825146061284956e-17 1.745939714462296486e-17
3.029706174240371183e+03 2.177536938575809196e-17 1.956343703202721106e-17
3.031254419890574354e+03 3.969740254370398102e-17 1.978799290549936478e-17
3.032802665540777525e+03 3.562839234380566332e-19 1.868418046421973050e-17
3.034350911190980696e+03 -4.258293616680224666e-18 1.883677363785756431e-17
3.035899156841183867e+03 4.333705022889959505e-18 1.916838030307961807e-17
3.037447402491387038e+03 1.454882043808124826e-17 1.998644757232102457e-17
3.038995648141590209e+03 -1.599725340922415860e-17 1.848231548721015193e-17
3.040543893791793380e+03 2.731678950406052963e-18 1.974708382903258610e-17
3.042092139441996551e+03 7.816368121595813113e-18 1.984257899978016868e-17
3.043640385092199722e+03 -7.110579988262438705e-18 1.940304202703685958e-17
3.045188630742402893e+03 -1.276528074168644060e-17 1.929570019629148993e-17
3.046736876392606064e+03 -6.641192762205916737e-18 1.992806920758965242e-17
3.048285122042809235e+03 -1.140135627624496805e-17 1.972958825339273834e-17
3.049833367693012406e+03 -1.873523062250098664e-17 1.972954750844106782e-17
3.051381613343215577e+03 -1.583766705242482307e-17 1.984781719020348181e-17
3.052929858993418748e+03 -1.792191472564570245e-17 2.028298046501714361e-17
3.054478104643621919e+03 -3.869347696111236086e-18 2.086636213508692823e-17
3.056026350293825089e+03 -1.424935786807176149e-17 2.038316411180471390e-17
3.057574595944028260e+03 -2.675510053057069354e-17 2.047444465025506701e-17
3.059122841594231431e+03 1.318774001743546060e-19 2.147753095180244624e-17
3.060671087244434602e+03 -1.653876776576276026e-18 2.162458467747611796e-17
3.062219332894637773e+03 -1.650209328940817362e-17 2.134557904206225849e-17
3.063767578544840944e+03 -1.386385122703583088e-17 2.135808418800618940e-17
3.065315824195044115e+03 -2.187837772009293524e-17 2.103305544422715687e-17
3.066864069845247286e+03 -1.738787445203840083e-17 2.154216294609172981e-17
3.068412315495450457e+03 -2.491351418627390281e-17 2.157537985324652691e-17
3.069960561145653628e+03 1.224168610084943030e-17 2.307549717175008151e-17
3.071508806795856799e+03 2.323404456330515358e-18 2.264356248212422626e-17
3.073057052446059970e+03 -1.534785646833452147e-18 2.300791957354273309e-17
3.074605298096263141e+03 2.527840049890596394e-17 2.370047979758885361e-17
3.076153543746466312e+03 4.964892006207922440e-17 2.465355526921509569e-17
3.077701789396669483e+03 5.408175891601818063e-17 2.516911769178168135e-17
3.079250035046872654e+03 5.661272499086312883e-17 2.555668299213404563e-17
3.080798280697075825e+03 7.110542397047163106e-18 2.405093351819087696e-17
3.082346526347278996e+03 -2.327866607449490906e-17 2.353476710918504350e-17
3.083894771997482167e+03 5.355426792127540907e-18 2.454537293358850408e-17
3.085443017647685338e+03 -1.226233742991566742e-17 2.427627647486947762e-17
3.086991263297888509e+03 -1.094235672865002075e-17 2.465725366688876237e-17
3.088539508948091679e+03 1.298146848241685953e-17 2.543884843346948577e-17
3.090087754598294850e+03 1.845447133443615732e-17 2.594401889595630472e-17
3.091636000248498021e+03 1.607409217366725133e-17 2.627385864780713555e-17
3.093184245898701192e+03 2.451598807191392912e-17 2.703042197567030238e-17
3.094732491548904363e+03 2.375938026264196680e-17 2.704259119452635177e-17
3.096280737199107534e+03 3.753295372148932309e-17 2.754729825088572542e-17
3.097828982849310705e+03 5.453738716484468203e-17 2.816557679415149945e-17
3.099377228499513876e+03 6.953521840155447061e-17 2.919529479689009833e-17
3.100925474149717047e+03 6.631501311161030285e-18 2.730716522878334041e-17
3.102473719799920218e+03 -1.925343307028758409e-17 2.695235715773581579e-17
3.104021965450123389e+03 4.511775243942248794e-18 2.824536165002691535e-17
3.105570211100326560e+03 -1.225160346148113552e-18 2.830316653514209618e-17
3.107118456750529731e+03 -1.113102869324079974e-17 2.780616081153720217e-17
3.108666702400732902e+03 -8.282873270753027991e-18 2.811378727762743681e-17
3.110214948050936073e+03 -1.048461791343721370e-17 2.847397503547022724e-17
3.111763193701139244e+03 -7.370862856037477143e-18 2.899261868084047257e-17
3.113311439351342415e+03 -2.361677116750585031e-18 2.936227023864526635e-17
3.114859685001545586e+03 -5.239909281656585080e-18 2.956461753452674753e-17
3.116407930651748757e+03 -2.839029973901870526e-17 2.941549187044027024e-17
3.117956176301951928e+03 -6.247221308372249899e-17 2.840352327117488763e-17
3.119504421952155099e+03 -5.290746045862034270e-17 2.854595638810066238e-17
3.121052667602358270e+03 -5.045492457463343602e-17 2.918417696573437478e-17
3.122600913252561440e+03 -7.971579659833083557e-17 2.863436824586028720e-17
3.124149158902764611e+03 -1.835089834164682742e-17 3.093560887537006338e-17
3.125697404552967782e+03 5.711166871656336674e-17 3.397587377441686867e-17
3.127245650203170953e+03 6.344260899081468117e-17 3.394935000173029430e-17
3.128793895853374124e+03 3.419511142595766693e-17 3.350720473278460866e-17
3.130342141503577295e+03 -1.275817689384542630e-17 3.238875537774972087e-17
3.131890387153780466e+03 -2.286516182616032539e-17 3.243969436889380626e-17
3.133438632803983637e+03 -5.162224782641378391e-17 3.210872519025413987e-17
3.134986878454186808e+03 -5.748298450221267524e-17 3.210089454688990024e-17
3.136535124104389979e+03 -2.964446385452111484e-17 3.388067081998458440e-17
3.138083369754593150e+03 2.318506881899556303e-17 3.581249285475813012e-17
3.139631615404796321e+03 3.409459501755324726e-17 3.649451428702881716e-17
3.141179861054999492e+03 4.005183550597263709e-17 3.747066198143310063e-17
3.142728106705202663e+03 -1.633126663629704267e-17 3.588901411488925229e-17
