# obs_wvl flux error  |  merged epoch (native): STIS CCD
5.300000000000000000e+03 -6.626145971756232984e-17 1.583426634477264267e-11
5.304878539403958712e+03 -4.917016630188744970e-17 1.091644111721058974e-11
5.309757078807917424e+03 -5.759415377310932928e-17 1.065246498008853288e-11
5.314635618211876135e+03 -6.820448800589954008e-17 1.372005235339522263e-11
5.319514157615834847e+03 1.246161052560960782e-16 9.481702192226399029e-18
5.324392697019793559e+03 1.215542322860613664e-16 8.038195224297789006e-18
5.329271236423752271e+03 1.508944988198933854e-17 6.721869453504812398e-18
5.334149775827710982e+03 8.981127029457378750e-18 7.035785328202439926e-18
5.339028315231669694e+03 1.747132331112343993e-18 7.471781848869858402e-18
5.343906854635628406e+03 -5.979608929728244736e-18 8.695282496391485535e-18
5.348785394039587118e+03 -3.528406891753217726e-18 7.975353621576062925e-18
5.353663933443545830e+03 4.798428929889867178e-17 7.998282347489712350e-18
5.358542472847504541e+03 5.297662925976720783e-17 8.421052831723028630e-18
5.363421012251463253e+03 -3.374690252590550479e-17 9.292573941654579164e-18
5.368299551655421965e+03 1.041191819544686058e-16 8.829088220607542098e-18
5.373178091059380677e+03 1.375214231068113370e-16 1.103649828475687200e-17
5.378056630463339388e+03 2.038755082949805844e-16 1.306616590479341146e-17
5.382935169867298100e+03 5.755568763155441065e-18 7.708831978759118875e-18
5.387813709271256812e+03 2.595545343819557599e-18 7.744910921039681368e-18
5.392692248675215524e+03 -4.638083403341771113e-18 7.854877638969104262e-18
5.397570788079174235e+03 1.116376732553492565e-16 9.494573270416146899e-18
5.402449327483132947e+03 2.389799797224794176e-16 1.007914653255041335e-17
5.407327866887091659e+03 2.073225713387438590e-16 9.337198704366664730e-18
5.412206406291050371e+03 1.369722990668099813e-16 8.763414697440628442e-18
5.417084945695009083e+03 4.922084056220329276e-17 7.752230739254934337e-18
5.421963485098967794e+03 -2.649243692337826821e-17 7.001379495411435277e-18
5.426842024502926506e+03 -1.596113796729390129e-17 7.017994941124771570e-18
5.431720563906885218e+03 1.053501719506345639e-17 6.551091025541958241e-18
5.436599103310843930e+03 9.060947172753453672e-17 7.409965160782782406e-18
5.441477642714802641e+03 6.616422992565981107e-16 1.119395726319061443e-17
5.446356182118761353e+03 2.807847091094348959e-16 9.530290133051658721e-18
5.451234721522720065e+03 1.634137234515402667e-16 7.715654810917170144e-18
5.456113260926678777e+03 1.656160164299694150e-16 7.593126455605940662e-18
5.460991800330637489e+03 2.170265993866362844e-16 7.833814458303427687e-18
5.465870339734596200e+03 2.208029417969083381e-16 8.266828029004407893e-18
5.470748879138554912e+03 3.350392276184344937e-17 6.133702475714787887e-18
5.475627418542513624e+03 -1.819405205252928901e-18 5.394079190342900348e-18
5.480505957946472336e+03 -2.738522134052740769e-18 5.522054344309528839e-18
5.485384497350431047e+03 2.465892798806550903e-18 5.363681908593548818e-18
5.490263036754389759e+03 9.395963706800206802e-18 5.287597072358941577e-18
5.495141576158348471e+03 9.065853399399940689e-18 5.326641368136418103e-18
5.500020115562307183e+03 5.346910632264868371e-19 5.156778708721683084e-18
5.504898654966265894e+03 -5.221907670338285482e-18 5.243652995385710572e-18
5.509777194370224606e+03 8.747857889092379146e-17 5.927042680029766091e-18
5.514655733774183318e+03 1.655573414245691080e-16 6.843759167378614567e-18
5.519534273178142030e+03 1.160676133169070715e-16 6.714187849426293113e-18
5.524412812582100742e+03 1.389820078465573631e-17 5.248704285917496733e-18
5.529291351986059453e+03 4.497258526839698403e-17 5.461077122302346811e-18
5.534169891390018165e+03 7.639340466833363643e-17 5.958847101567394230e-18
5.539048430793976877e+03 4.674738057891125017e-17 6.043035932187479220e-18
5.543926970197935589e+03 1.187740165312396367e-19 5.741993412585403313e-18
5.548805509601894300e+03 3.807828166887849441e-18 5.010295981200797376e-18
5.553684049005853012e+03 5.697393546388483576e-18 4.948462068631616318e-18
5.558562588409811724e+03 1.106629544590053319e-17 5.057539277965714545e-18
5.563441127813770436e+03 5.777942427034848236e-18 5.001124838695565249e-18
5.568319667217729148e+03 -1.659016980136391093e-18 4.868603197420983917e-18
5.573198206621687859e+03 -8.800125248329195950e-18 4.943197557906201166e-18
5.578076746025646571e+03 -1.391376641463064924e-17 5.194508057458873738e-18
5.582955285429605283e+03 -1.301029488514792134e-17 4.917515671244300176e-18
5.587833824833563995e+03 -3.406769868550030687e-18 5.261145455955191469e-18
5.592712364237522706e+03 8.732813685059421147e-18 4.963475259497884491e-18
5.597590903641481418e+03 8.941462721999153211e-18 4.980161574259483912e-18
5.602469443045440130e+03 9.613455280567769592e-18 5.000380622820139667e-18
5.607347982449398842e+03 2.339174117442044192e-18 4.733408319303504363e-18
5.612226521853357553e+03 -5.058350097169604977e-18 4.744418571582296435e-18
5.617105061257316265e+03 -4.101158616240296553e-19 4.602785654023473991e-18
5.621983600661274977e+03 4.303027641122251630e-17 4.880871902666403142e-18
5.626862140065233689e+03 1.076747853054005315e-16 6.417290519164225284e-18
5.631740679469192401e+03 2.098015354377520959e-17 5.217513112092265861e-18
5.636619218873151112e+03 -1.433789603794482181e-18 4.506692369786511233e-18
5.641497758277109824e+03 -6.722658020609295978e-19 4.553051710127777550e-18
5.646376297681068536e+03 -1.471203982457720152e-18 4.688615077299854784e-18
5.651254837085027248e+03 3.392609996234817751e-17 4.991884553032345560e-18
5.656133376488985959e+03 5.838428390099145751e-17 5.247646010563875570e-18
5.661011915892944671e+03 2.332614984373982806e-16 6.600442750088178579e-18
5.665890455296903383e+03 2.206441832911504342e-16 7.078028328254073584e-18
5.670768994700862095e+03 2.602830833231209324e-18 4.645314907835547573e-18
5.675647534104820807e+03 -4.100259688292952343e-18 4.561081032682393647e-18
5.680526073508779518e+03 2.100696629211517514e-16 6.501185065326180279e-18
5.685404612912738230e+03 3.071957903227302055e-16 7.614175902972395181e-18
5.690283152316696942e+03 1.863846864163239536e-16 6.496267499711485229e-18
5.695161691720655654e+03 1.236975327841908114e-17 4.470368310713360896e-18
5.700040231124614365e+03 1.022070344173343207e-17 4.650105013951654796e-18
5.704918770528573077e+03 -3.274596627626958622e-18 4.602492173781204100e-18
5.709797309932531789e+03 1.428096296552854499e-17 4.310645484584060293e-18
5.714675849336490501e+03 7.726617512849810229e-17 5.098497558842791928e-18
5.719554388740449212e+03 8.968038484923332487e-17 5.383319926814451750e-18
5.724432928144407924e+03 1.474896274348750790e-18 4.348499349789300203e-18
5.729311467548366636e+03 -1.615218646604964288e-18 4.240512093154428223e-18
5.734190006952325348e+03 1.215261339415799714e-19 4.263430852209350197e-18
5.739068546356284060e+03 4.070858835798126900e-19 4.288831860678403882e-18
5.743947085760242771e+03 1.343582666359675475e-16 5.594004083480625996e-18
5.748825625164201483e+03 1.243755957309182493e-16 5.555500510638912479e-18
5.753704164568160195e+03 -8.398240851641874433e-18 4.121181261972281169e-18
5.758582703972118907e+03 -1.185917542297096784e-17 4.273066259063180495e-18
5.763461243376077618e+03 2.997841175021556176e-19 4.337624024675548863e-18
5.768339782780036330e+03 5.810933550328490596e-17 5.102302543596418468e-18
5.773218322183995042e+03 1.713637803282531062e-16 5.618361009014368128e-18
5.778096861587953754e+03 2.911089537385233086e-16 7.091747884659182038e-18
5.782975400991912466e+03 8.953572310482021780e-19 4.257874625776965353e-18
5.787853940395871177e+03 -2.878750546373996375e-17 4.512275707499877751e-18
5.792732479799829889e+03 -2.420233700957071540e-18 4.557400907271273757e-18
5.797611019203788601e+03 -6.711360990667194768e-18 4.168382741613709511e-18
5.802489558607747313e+03 -4.270739356738340518e-18 4.181274439244899373e-18
5.807368098011706024e+03 -3.541926008210168501e-18 4.074893673700852618e-18
5.812246637415664736e+03 3.076400457329061296e-18 4.084096921584221202e-18
5.817125176819623448e+03 -3.374725776593773217e-17 3.977142929330678512e-18
5.822003716223582160e+03 -3.096492206834577411e-17 4.145218788997052846e-18
5.826882255627540872e+03 2.011014797284264544e-18 3.947608867513729838e-18
5.831760795031499583e+03 1.445223643598078126e-17 4.102132986722501825e-18
5.836639334435458295e+03 5.373315174117449235e-17 4.583021926056972232e-18
5.841517873839417007e+03 3.849506839096920330e-17 4.323630247201969030e-18
5.846396413243375719e+03 -3.594848942343205960e-18 3.857951293598458784e-18
5.851274952647334430e+03 4.863475712569090636e-17 4.425106492039572593e-18
5.856153492051293142e+03 1.178765648295229002e-16 5.073640284734648544e-18
5.861032031455251854e+03 1.072294978343110408e-16 5.044802855840349961e-18
5.865910570859210566e+03 6.074737332787247396e-17 4.786520718516130049e-18
5.870789110263169277e+03 6.260885944501571104e-17 4.518887131778812927e-18
5.875667649667127989e+03 3.740805507194795961e-17 4.553792988919249827e-18
5.880546189071086701e+03 1.973073281361415400e-19 3.848151208018689600e-18
5.885424728475045413e+03 1.564794930817633624e-18 4.202489509631741572e-18
5.890303267879004125e+03 9.769551206213445606e-17 4.875723776817130554e-18
5.895181807282962836e+03 1.218214840871991161e-16 5.288429405110519943e-18
5.900060346686921548e+03 6.392340703770761094e-18 4.041318176017975932e-18
5.904938886090880260e+03 9.148474509796510382e-17 4.995834720469701920e-18
5.909817425494838972e+03 1.124613967248206320e-16 5.718591802412680756e-18
5.914695964898797683e+03 5.315579301669508305e-17 4.414929424841022016e-18
5.919574504302756395e+03 1.152681834158233637e-16 4.902886037981656766e-18
5.924453043706715107e+03 2.432348966601644965e-16 5.999719428602367536e-18
5.929331583110673819e+03 1.538299085608714791e-16 5.487388566712713364e-18
5.934210122514632531e+03 9.971743811048240321e-18 4.002066677717556682e-18
5.939088661918591242e+03 -7.501604959266604092e-18 3.805580891099053990e-18
5.943967201322549954e+03 -1.075792445540573766e-16 3.838674392758160531e-18
5.948845740726508666e+03 -2.991665259894738762e-16 4.403844897644605758e-18
5.953724280130467378e+03 7.379632566562996737e-17 4.374872635658956240e-18
5.958602819534426089e+03 6.784484716522352838e-17 4.760161197785135242e-18
5.963481358938384801e+03 6.513385651387323163e-19 4.084131692284449414e-18
5.968359898342343513e+03 4.549728128788588939e-19 3.858645143788753299e-18
5.973238437746302225e+03 2.846528779050898126e-17 4.217203370171024825e-18
5.978116977150260936e+03 6.410048355227229313e-17 4.568852280208952485e-18
5.982995516554219648e+03 4.277777938731002766e-17 4.516973328693837533e-18
5.987874055958178360e+03 -5.011062552237336138e-18 3.768285890667716633e-18
5.992752595362137072e+03 -3.463476129280603870e-18 3.786685811904809201e-18
5.997631134766095784e+03 -7.758218256638081175e-18 3.783261917722725668e-18
6.002509674170054495e+03 -8.710778189786287284e-18 3.899004602557568294e-18
6.007388213574013207e+03 -3.191363243908879134e-18 3.790497680238711250e-18
6.012266752977971919e+03 -3.709491192037976813e-18 3.821256406393991755e-18
6.017145292381930631e+03 -5.407298453984777808e-18 3.770382057073631884e-18
6.022023831785889342e+03 2.095780355745837589e-18 3.827956885203726327e-18
6.026902371189848054e+03 -6.914688132430575244e-19 3.842554492363254569e-18
6.031780910593806766e+03 6.166878129653115453e-17 4.677644656264436258e-18
6.036659449997765478e+03 1.396368111823541857e-16 6.313025695566202051e-18
6.041537989401724190e+03 1.957201667309004402e-17 4.166573038510543810e-18
6.046416528805682901e+03 -6.952704681752145968e-18 4.117830290126508516e-18
6.051295068209641613e+03 -3.994107264835326772e-18 3.734980688263569451e-18
6.056173607613600325e+03 -4.378582903274854492e-18 3.691195180394008750e-18
6.061052147017559037e+03 -3.047164187288051319e-18 3.573075947593127439e-18
6.065930686421517748e+03 1.970398778138730275e-18 3.660327296445096251e-18
6.070809225825476460e+03 1.518654093813822274e-17 3.864938741696826915e-18
6.075687765229435172e+03 3.850072121866218894e-17 4.385592634431460677e-18
6.080566304633393884e+03 4.029327131427288614e-17 4.287167864995927045e-18
6.085444844037352595e+03 -7.198047116475981838e-19 3.862118012998759976e-18
6.090323383441311307e+03 8.250591347851409731e-18 3.586369669372908265e-18
6.095201922845270019e+03 3.863412083377196088e-17 4.096073084983529450e-18
6.100080462249228731e+03 5.662656567589816571e-17 4.203869687869259024e-18
6.104959001653187443e+03 1.172409498808133078e-16 5.212798640196198748e-18
6.109837541057146154e+03 4.966249093681129118e-17 4.056825543720872828e-18
6.114716080461104866e+03 -1.477607553081199013e-17 3.549997447476768919e-18
6.119594619865063578e+03 -4.539310768743445213e-18 3.502654145435428759e-18
6.124473159269022290e+03 1.218983493371217981e-18 3.492882754420426437e-18
6.129351698672981001e+03 -4.938237484124857438e-18 3.445703826730866087e-18
6.134230238076939713e+03 4.664251601164330881e-19 3.522019791718991601e-18
6.139108777480898425e+03 5.006888265024820163e-17 4.081046574045837719e-18
6.143987316884857137e+03 9.034430497277742698e-17 4.416314402992849266e-18
6.148865856288815849e+03 5.177195322989460111e-17 4.017542163831469332e-18
6.153744395692774560e+03 -7.245115537927177591e-18 3.519941553035219391e-18
6.158622935096733272e+03 -8.496383405858053005e-18 3.422343570922177059e-18
6.163501474500691984e+03 -8.835597752521239649e-18 3.825120159150455118e-18
6.168380013904650696e+03 -5.447202133722274513e-18 3.456042775099543979e-18
6.173258553308609407e+03 -1.876732522741686738e-18 3.398772709444437249e-18
6.178137092712568119e+03 -1.921547340022964341e-18 3.411205230677604527e-18
6.183015632116526831e+03 4.122994162121207113e-19 3.437936431349258308e-18
6.187894171520485543e+03 -1.556958876136906226e-18 3.404894030638234475e-18
6.192772710924444254e+03 1.795211638441068351e-18 3.509425818199879609e-18
6.197651250328402966e+03 4.768209175537368706e-19 3.400735198379316713e-18
6.202529789732361678e+03 3.712311807106244826e-18 3.396800840056888185e-18
6.207408329136320390e+03 3.209875103948932134e-17 3.566390207504262843e-18
6.212286868540279102e+03 6.873120406975066931e-17 4.209691168225071629e-18
6.217165407944237813e+03 5.297865637067889520e-17 4.079137373571699708e-18
6.222043947348196525e+03 1.768454234624209812e-17 3.803801519382987068e-18
6.226922486752155237e+03 -2.926624963488343777e-18 3.463989978901932509e-18
6.231801026156113949e+03 4.514919572088616562e-18 3.401972203934904000e-18
6.236679565560072660e+03 1.434751194515600368e-17 3.791001233272956251e-18
6.241558104964031372e+03 1.758059697220035084e-17 3.734339797951724875e-18
6.246436644367990084e+03 -6.463097265074584265e-18 3.370180725530722773e-18
6.251315183771948796e+03 -3.201164967329336495e-18 3.440001271259760911e-18
6.256193723175907508e+03 -1.761532897398344619e-17 3.533093041582256202e-18
6.261072262579866219e+03 -2.258564765363696769e-17 3.407732281427830609e-18
6.265950801983824931e+03 -1.122896332222513618e-17 3.347055417911917525e-18
6.270829341387783643e+03 -8.524373940631682061e-18 3.397970268315453396e-18
6.275707880791742355e+03 -7.548849484685184526e-18 3.350039174760127032e-18
6.280586420195701066e+03 -1.958885844766068290e-17 3.376400567962289203e-18
6.285464959599659778e+03 -1.257194615507646690e-17 3.572764785096016304e-18
6.290343499003618490e+03 2.166844112055019929e-18 4.285980648736623358e-18
6.295222038407577202e+03 2.110288104368367687e-18 3.546820848790875165e-18
6.300100577811535913e+03 2.201027986561706989e-18 4.110349394163127716e-18
6.304979117215494625e+03 1.204943306558974296e-18 3.361494816411921666e-18
6.309857656619453337e+03 -7.055728131544400549e-18 3.376380316757980043e-18
6.314736196023412049e+03 -2.120796145345780926e-18 3.561316453032771796e-18
6.319614735427370761e+03 -6.922442803185317093e-18 3.296987201601564160e-18
6.324493274831329472e+03 -4.963206908487986882e-18 3.330963503291254363e-18
6.329371814235288184e+03 -9.472297247203571527e-19 3.287396300518996180e-18
6.334250353639246896e+03 -2.467978950640306142e-18 3.358464066926260599e-18
6.339128893043205608e+03 -4.616332016511497790e-18 3.373783506250730121e-18
6.344007432447164319e+03 2.967553598398437015e-18 3.457980501905153684e-18
6.348885971851123031e+03 -1.487402011508958163e-18 3.444108946250466363e-18
6.353764511255081743e+03 -8.127597839163748392e-18 3.290437843703613783e-18
6.358643050659040455e+03 -1.070159561333839957e-17 3.216704004260940857e-18
6.363521590062999167e+03 -5.467503170808367568e-18 3.201723065663565734e-18
6.368400129466957878e+03 -7.691206437070798601e-18 3.242708162300338969e-18
6.373278668870916590e+03 1.003910897789231279e-18 3.290878369816273576e-18
6.378157208274875302e+03 1.050385026860659720e-17 3.344824912052564931e-18
6.383035747678834014e+03 1.014193749878081328e-17 4.414386887808972791e-18
6.387914287082792725e+03 3.894574734967781349e-17 4.368780713105005479e-18
6.392792826486751437e+03 7.282822451397588512e-17 3.940320139565554848e-18
6.397671365890710149e+03 2.889109676767286005e-17 3.494060852464998973e-18
6.402549905294668861e+03 -1.630892375565216672e-17 3.149766430178088229e-18
6.407428444698627573e+03 -4.871006233867761974e-17 3.302216029057517657e-18
6.412306984102586284e+03 6.957828276257741118e-18 3.381119458197392592e-18
6.417185523506544996e+03 6.966873133797358619e-19 3.244193690277522184e-18
6.422064062910503708e+03 1.164411121682005486e-17 3.625660583487524578e-18
6.426942602314462420e+03 1.267247949361248633e-16 4.571347795850567853e-18
6.431821141718421131e+03 1.305399432349636431e-16 4.371797104797596710e-18
6.436699681122379843e+03 -2.219364445908485569e-18 3.098344669953711585e-18
6.441578220526338555e+03 -3.078604181294349528e-18 3.135043479329120849e-18
6.446456759930297267e+03 -2.592696530557173367e-18 3.151508919062866871e-18
6.451335299334255978e+03 -7.016523146267101503e-18 3.112732163404470900e-18
6.456213838738214690e+03 -1.027089909741775234e-17 3.161261137411278999e-18
6.461092378142173402e+03 1.522113957182895416e-18 3.206692028369972776e-18
6.465970917546132114e+03 -4.815559954296472062e-19 3.156773883977700743e-18
6.470849456950090826e+03 -4.732736894683739508e-18 3.483721226095940148e-18
6.475727996354049537e+03 -6.365998142074847507e-18 3.329696908503517250e-18
6.480606535758008249e+03 1.331193911476247246e-17 3.287495922561970041e-18
6.485485075161966961e+03 1.009488719865954926e-16 4.172665998612130766e-18
6.490363614565925673e+03 1.049367148882768940e-16 4.126004846383815641e-18
6.495242153969884384e+03 3.349575076874620928e-18 3.186720776027405574e-18
6.500120693373843096e+03 -5.004123310565508617e-18 3.132959525331176026e-18
6.504999232777801808e+03 2.897614147508313959e-17 5.913495566161919009e-18
6.509877772181760520e+03 9.258921275631956768e-17 1.380217760490523750e-17
6.514756311585719232e+03 -4.693285464354026205e-18 3.673524227709911448e-18
6.519634850989677943e+03 -3.911560149807742283e-18 3.103388606254456577e-18
6.524513390393636655e+03 -2.047141361951470734e-18 3.108763947455661664e-18
6.529391929797595367e+03 -5.314495069154060530e-18 3.240069688508838185e-18
6.534270469201554079e+03 -6.940190953145598081e-18 3.198318398216690899e-18
6.539149008605512790e+03 3.634720927912684230e-18 3.140180513632468951e-18
6.544027548009471502e+03 1.186176977165783417e-17 3.207778255824963381e-18
6.548906087413430214e+03 -4.748559866885024197e-17 4.322964971765351806e-18
6.553784626817388926e+03 5.618705927319347586e-17 4.732134574670208829e-18
6.558663166221347637e+03 1.510452869972632045e-16 4.510795164870493258e-18
6.563541705625306349e+03 4.390628557963367999e-17 3.788793765151957807e-18
6.568420245029265061e+03 2.574652385060463885e-17 4.907674600718124817e-18
6.573298784433223773e+03 1.841650798424781565e-17 4.643291381575240335e-18
6.578177323837182485e+03 4.151005134693226234e-17 3.603700110396219880e-18
6.583055863241141196e+03 1.264143043613425805e-16 4.404749633471850734e-18
6.587934402645099908e+03 1.026664687437616457e-16 4.095540520469290120e-18
6.592812942049058620e+03 2.849778646120721406e-17 3.471060089345273171e-18
6.597691481453017332e+03 7.869623051631545248e-18 3.233415234390050392e-18
6.602570020856976043e+03 1.757782968751880924e-17 3.382503317224500220e-18
6.607448560260934755e+03 3.874561245719889923e-17 3.767856213641322277e-18
6.612327099664893467e+03 -6.382522695465426049e-18 3.580277569430680005e-18
6.617205639068852179e+03 -5.324843336217916735e-18 3.443554888166793199e-18
6.622084178472810891e+03 -7.310273747198411749e-18 3.292071733866305277e-18
6.626962717876769602e+03 -6.745408324258445021e-18 3.313212058310512078e-18
6.631841257280728314e+03 -1.451380276576298352e-17 3.201313664963856542e-18
6.636719796684687026e+03 -4.802119385873488106e-18 3.172732420961072300e-18
6.641598336088645738e+03 -2.747872505816989608e-18 3.179167677856817425e-18
6.646476875492604449e+03 7.032913945278307374e-18 3.226184343451260636e-18
6.651355414896563161e+03 3.766744745222465560e-17 3.387845946954528767e-18
6.656233954300521873e+03 5.489975543555529082e-17 4.012993025653726299e-18
6.661112493704480585e+03 3.748598205272080557e-17 3.713799459535821756e-18
6.665991033108439296e+03 3.104124612562156321e-17 3.521771115472369532e-18
6.670869572512398008e+03 9.214293008425141150e-17 4.163787939526350396e-18
6.675748111916356720e+03 1.079447420806780462e-16 4.222097536024411489e-18
6.680626651320315432e+03 1.180919043441100699e-16 4.348518096367475524e-18
6.685505190724274144e+03 9.044130637033361443e-17 4.198186176978124937e-18
6.690383730128232855e+03 5.302963764434380201e-17 3.770676726578449014e-18
6.695262269532191567e+03 4.891921018620805036e-19 3.105348932180067120e-18
6.700140808936150279e+03 3.858856496293321319e-18 3.187688498308680894e-18
6.705019348340108991e+03 3.123074860997309580e-18 3.349040981864802375e-18
6.709897887744067702e+03 2.677129544769554305e-19 2.972579401687021264e-18
6.714776427148026414e+03 5.616300094072600411e-19 3.131593858162604516e-18
6.719654966551985126e+03 -2.507001742704266275e-18 3.196304823497055120e-18
6.724533505955943838e+03 8.755082864760169649e-18 3.447470787647757287e-18
6.729412045359902550e+03 -1.654306502653410726e-18 3.218521913956812821e-18
6.734290584763861261e+03 -8.044626788451987876e-18 3.093051182775817085e-18
6.739169124167819973e+03 -4.624803653706445925e-18 3.071250780354446411e-18
6.744047663571778685e+03 5.351331299764624084e-17 3.923854622714428424e-18
6.748926202975737397e+03 1.114066377577201762e-16 5.260124302905506986e-18
6.753804742379696108e+03 1.119719011941606390e-17 3.272539730342212521e-18
6.758683281783654820e+03 -4.142924449085409658e-18 3.097112234779081425e-18
6.763561821187613532e+03 -5.705596168350979429e-18 3.003916611168661806e-18
6.768440360591572244e+03 -8.504683418331541847e-18 3.054132439524750992e-18
6.773318899995530955e+03 -6.797378660701398997e-18 3.080135502367710817e-18
6.778197439399489667e+03 -4.029122295658795146e-19 3.142261209368651604e-18
6.783075978803448379e+03 -5.830869939722671603e-20 3.098194800882515686e-18
6.787954518207407091e+03 -3.402402664925681152e-18 3.052181338412119944e-18
6.792833057611365803e+03 -7.394043987045313307e-18 3.028516256825515240e-18
6.797711597015324514e+03 -7.476929629061519937e-18 2.981265717071778550e-18
6.802590136419283226e+03 -1.678744107452967835e-18 3.085162433043930150e-18
6.807468675823241938e+03 6.283153754921435537e-18 3.198052031738471417e-18
6.812347215227200650e+03 -1.139114281283506154e-18 3.497128645720158664e-18
6.817225754631159361e+03 5.122903338275935562e-17 3.585795277942645246e-18
6.822104294035118073e+03 5.212506708095100713e-17 3.801667913831885720e-18
6.826982833439076785e+03 5.156643151013301631e-17 3.786889952183108909e-18
6.831861372843035497e+03 5.575865423039662021e-17 3.813248182109913855e-18
6.836739912246994209e+03 7.291405780074759111e-18 3.180022097412530554e-18
6.841618451650952920e+03 1.164098921928395438e-17 3.209470286930282178e-18
6.846496991054911632e+03 1.267263308704414560e-17 3.190042602212460226e-18
6.851375530458870344e+03 6.490481194338842353e-17 3.858915099978996923e-18
6.856254069862829056e+03 7.383392023544483626e-17 3.904053588015288374e-18
6.861132609266787767e+03 4.307731044603574787e-17 3.489792583579045146e-18
6.866011148670746479e+03 2.245169699147908699e-17 3.496751001965150921e-18
6.870889688074705191e+03 -1.084680370753812198e-17 3.393329496861708062e-18
6.875768227478663903e+03 -6.390314174882622365e-17 3.206212046522085663e-18
6.880646766882622615e+03 5.120382597832802478e-19 3.110563245624757543e-18
6.885525306286581326e+03 -3.371627169634397113e-19 3.066342762569620239e-18
6.890403845690540038e+03 -5.559275308254682608e-18 3.076324326579600345e-18
6.895282385094498750e+03 1.020667901388772947e-18 3.288706780660689018e-18
6.900160924498457462e+03 4.864888521405335413e-17 3.793050837755041088e-18
6.905039463902416173e+03 5.892263221105963744e-17 3.842006683931285478e-18
6.909918003306374885e+03 1.457218614965326796e-16 5.497934504231258021e-18
6.914796542710333597e+03 6.479905438697081434e-17 3.853901494667764815e-18
6.919675082114292309e+03 -1.758583821724969020e-18 3.125818086034089410e-18
6.924553621518251020e+03 -5.069960222547540096e-18 3.325301232245968982e-18
6.929432160922209732e+03 2.490960208850964672e-18 3.376833223159559244e-18
6.934310700326168444e+03 4.359441299423617653e-17 3.604201380793857053e-18
6.939189239730127156e+03 1.620591885415314389e-16 4.755706483004766747e-18
6.944067779134085868e+03 1.504072739927128139e-16 4.535639095295036172e-18
6.948946318538044579e+03 5.027510971059780386e-17 3.702206506160077043e-18
6.953824857942003291e+03 -7.153439169803317723e-18 3.124585380566583817e-18
6.958703397345962003e+03 -3.266139192963342413e-18 3.049321364433550399e-18
6.963581936749920715e+03 -3.522862876781861304e-18 3.040693149777409220e-18
6.968460476153879426e+03 -6.582192257388792335e-18 3.664791275463271359e-18
6.973339015557838138e+03 -1.565990429977263648e-18 3.700596399285536922e-18
6.978217554961796850e+03 4.357072936399812642e-18 3.172863359190552855e-18
6.983096094365755562e+03 6.409427855344022185e-18 3.589845514927167409e-18
6.987974633769714274e+03 3.772496007127739788e-18 3.372239577494775647e-18
6.992853173173672985e+03 -2.175656749567107794e-18 3.026959519567113013e-18
6.997731712577631697e+03 2.671032737913157641e-18 3.102715643457184618e-18
7.002610251981590409e+03 -2.170851528100300429e-19 3.079375156002169991e-18
7.007488791385549121e+03 2.793638313910162977e-20 3.114026335851350254e-18
7.012367330789507832e+03 1.518750560040103901e-17 3.091337397512212764e-18
7.017245870193466544e+03 9.414456441001500032e-17 4.712857357598602402e-18
7.022124409597425256e+03 5.671671680272246808e-17 3.749176324490527987e-18
7.027002949001383968e+03 6.485835472904454184e-17 3.888409806540714357e-18
7.031881488405342679e+03 6.362188761876740152e-17 3.822383525010230392e-18
7.036760027809301391e+03 3.026916978370450708e-17 3.573831439779911791e-18
7.041638567213260103e+03 -2.830129072138362852e-18 3.120757678700304499e-18
7.046517106617218815e+03 -3.166835258637482358e-18 3.071018056815748553e-18
7.051395646021177527e+03 -2.984848500165408504e-19 3.698374660315982852e-18
7.056274185425136238e+03 4.874064550403729558e-18 3.782048235346466801e-18
7.061152724829094950e+03 8.128098170543597015e-17 3.938799253782279283e-18
7.066031264233053662e+03 9.157045820407087460e-17 4.034509864782212084e-18
7.070909803637012374e+03 7.661397826063334218e-17 3.815574428561675542e-18
7.075788343040971085e+03 4.557360431805306639e-17 3.613097490229460921e-18
7.080666882444929797e+03 3.984665270414757731e-18 3.096764320079574095e-18
7.085545421848888509e+03 2.770667129213118090e-17 3.170876732109161220e-18
7.090423961252847221e+03 6.750037795355695145e-17 4.671462344662614988e-18
7.095302500656805933e+03 2.049844146844486971e-17 4.151782153925038197e-18
7.100181040060764644e+03 4.692416333488780448e-17 3.581903118092426920e-18
7.105059579464723356e+03 4.123516474601463371e-17 3.619578670448616581e-18
7.109938118868682068e+03 -2.270239602533269706e-18 3.498602212584068489e-18
7.114816658272640780e+03 -8.484299196441600832e-17 3.074671783592188169e-18
7.119695197676599491e+03 -3.580661030685622581e-16 4.181253808776718818e-18
7.124573737080558203e+03 5.004050027464445522e-17 3.639840566503861614e-18
7.129452276484516915e+03 -1.478760167430216142e-18 3.228834659026147695e-18
7.134330815888475627e+03 7.517803673812776844e-17 3.309663551387757824e-18
7.139209355292434338e+03 6.205656044646483442e-17 3.936498266331684375e-18
7.144087894696393050e+03 2.139602295078316414e-17 3.371617413057271668e-18
7.148966434100351762e+03 -1.832316289714938449e-18 3.046928861910446312e-18
7.153844973504310474e+03 -5.629248863940094501e-18 3.055132713717861279e-18
7.158723512908269186e+03 -2.827722971406148294e-18 3.086863241521004779e-18
7.163602052312227897e+03 -8.413788950613310486e-18 3.047408565984216633e-18
7.168480591716186609e+03 6.851550765635479841e-19 3.119309238941846194e-18
7.173359131120145321e+03 -1.230367701059963656e-17 3.108022207916896776e-18
7.178237670524104033e+03 -1.579780066606829970e-17 3.107135536272324218e-18
7.183116209928062744e+03 -4.186353231592123007e-18 3.096274165857318366e-18
7.187994749332021456e+03 -5.921230099758338306e-18 3.094576739755516278e-18
7.192873288735980168e+03 -1.906140853306300540e-19 3.130766499384291093e-18
7.197751828139938880e+03 3.967605058198967097e-17 3.680413627808999419e-18
7.202630367543897592e+03 1.159490983239444394e-16 4.312965751245352766e-18
7.207508906947856303e+03 1.232276646858253805e-16 4.464574813245459095e-18
7.212387446351815015e+03 1.090293331336417892e-16 4.477945340507983550e-18
7.217265985755773727e+03 -9.386673965905502436e-18 3.198105733608735569e-18
7.222144525159732439e+03 -7.616629097434844763e-18 3.280280247031088278e-18
7.227023064563691150e+03 -3.705301042939367052e-18 3.235425512344276878e-18
7.231901603967649862e+03 1.041906481893954844e-17 3.281229440931409827e-18
7.236780143371608574e+03 6.662303810986331832e-17 3.916028200148909884e-18
7.241658682775567286e+03 8.709664504693837054e-17 4.095863533585367861e-18
7.246537222179525997e+03 4.018139282671108497e-17 3.672618574623041732e-18
7.251415761583484709e+03 4.181067274353083936e-18 3.273120078470034378e-18
7.256294300987443421e+03 6.569924348304633845e-19 3.303930746091628907e-18
7.261172840391402133e+03 -2.028993111662456574e-18 3.326085620061364279e-18
7.266051379795360845e+03 6.030780410826428756e-17 3.844631309072909898e-18
7.270929919199319556e+03 7.446851118896444090e-17 4.177978655192980413e-18
7.275808458603278268e+03 2.758152463456776388e-18 4.051383236194605172e-18
7.280686998007236980e+03 -1.817930302433098182e-17 3.263360043120181494e-18
7.285565537411195692e+03 -1.135342249806477070e-17 3.305907399329112740e-18
7.290444076815154403e+03 -2.946962718206640896e-18 3.286437456474197310e-18
7.295322616219113115e+03 1.101193940126286827e-16 4.325976222448036386e-18
7.300201155623071827e+03 1.295112602722329679e-16 4.968038297264585995e-18
7.305079695027030539e+03 3.270850136874874533e-18 3.468454681263760018e-18
7.309958234430989251e+03 2.469292016204700137e-17 3.448063303563423199e-18
7.314836773834947962e+03 6.509846508324059585e-17 4.017733998664765260e-18
7.319715313238906674e+03 6.331959007086057594e-17 4.141385086532799476e-18
7.324593852642865386e+03 3.535461474666985907e-19 3.685020934187733415e-18
7.329472392046824098e+03 -6.854369960083129471e-19 3.364433651994411435e-18
7.334350931450782809e+03 -4.950661601444454507e-18 3.300965284013456645e-18
7.339229470854741521e+03 -5.572037039161952447e-18 3.348365697332400388e-18
7.344108010258700233e+03 -2.675829252696737584e-18 3.349175580378003566e-18
7.348986549662658945e+03 -1.937940205566696825e-18 3.419241162965186024e-18
7.353865089066617656e+03 8.888517909966487329e-18 3.470143591090653186e-18
7.358743628470576368e+03 3.807564936785174442e-17 3.861145750157830551e-18
7.363622167874535080e+03 -1.737561345481413957e-18 3.456332010255983740e-18
7.368500707278493792e+03 -5.850935493055591785e-18 3.322182553446300852e-18
7.373379246682452504e+03 -2.587890229085629604e-18 3.518224154519695322e-18
7.378257786086411215e+03 2.388975557397972616e-18 3.724384130108438509e-18
7.383136325490369927e+03 -8.963378184417247297e-18 3.518203875549779547e-18
7.388014864894328639e+03 1.307351420761939405e-17 3.684860423523880660e-18
7.392893404298287351e+03 9.945663827186449015e-19 4.475949768351736718e-18
7.397771943702246062e+03 9.963719069097689052e-17 4.488943035635426922e-18
7.402650483106204774e+03 4.522302317511689655e-17 3.969307635590534375e-18
7.407529022510163486e+03 -9.479862478314559347e-18 3.443203844057105229e-18
7.412407561914122198e+03 -4.060068557901761472e-18 3.460056870059464922e-18
7.417286101318080910e+03 4.100141165262510348e-18 3.723580471862016616e-18
7.422164640722039621e+03 -1.313782118755437697e-18 3.451073349639608881e-18
7.427043180125998333e+03 4.258075750934796695e-18 3.860180307460537134e-18
7.431921719529957045e+03 4.419568033331655728e-17 4.034472393235011891e-18
7.436800258933915757e+03 2.073980590986604541e-17 3.971102013221311263e-18
7.441678798337874468e+03 1.967180801686251999e-18 4.284879936619433523e-18
7.446557337741833180e+03 7.416042114651186857e-20 4.506828236735039109e-18
7.451435877145791892e+03 -5.694305498232085114e-18 3.366148583239302289e-18
7.456314416549750604e+03 -5.030726302069768635e-19 3.501540596193398799e-18
7.461192955953709316e+03 -8.091383777581123888e-18 3.478504623773697883e-18
7.466071495357668027e+03 -5.608624750767051102e-18 3.530124199191786666e-18
7.470950034761626739e+03 -1.968703809574574754e-18 3.527908461944762921e-18
7.475828574165585451e+03 -1.070759030138174370e-17 3.549117608343809730e-18
7.480707113569544163e+03 -2.226813144391843785e-17 3.551494239208160998e-18
7.485585652973502874e+03 -1.766752291201368568e-19 5.391659498514345448e-18
7.490464192377461586e+03 2.610242518048347032e-17 5.363293490833111850e-18
7.495342731781420298e+03 1.867240726579010724e-16 6.034115186434094382e-18
7.500221271185379010e+03 1.965609337886680018e-16 5.735504788636131092e-18
7.505099810589337721e+03 1.625853872226690832e-16 5.460165843093259528e-18
7.509978349993296433e+03 2.044287942593946243e-16 6.011970985167626526e-18
7.514856889397255145e+03 1.359953453676309653e-16 5.014096375091311608e-18
7.519735428801213857e+03 1.524697614512058114e-16 5.105729118992724395e-18
7.524613968205172569e+03 1.473435480151459136e-16 5.104932672157683663e-18
7.529492507609131280e+03 1.290549835422880294e-16 5.486466328758313499e-18
7.534371047013089992e+03 1.435375116351168558e-17 3.822471486600890461e-18
7.539249586417048704e+03 1.319236280742295578e-19 3.551557453919777587e-18
7.544128125821007416e+03 -1.957160057964547667e-18 3.625857771911025640e-18
7.549006665224966127e+03 -7.544643893488554463e-18 3.489572586923713245e-18
7.553885204628924839e+03 -6.244333349585708530e-18 3.648267852058995961e-18
7.558763744032883551e+03 -1.709868452258890763e-17 3.602381319913604012e-18
7.563642283436842263e+03 -6.880252117677699058e-18 3.462437902935510192e-18
7.568520822840800975e+03 3.873154685126667283e-18 3.567853984265983028e-18
7.573399362244759686e+03 4.308306595692672123e-17 4.125874702247273593e-18
7.578277901648718398e+03 2.419886828810514683e-17 3.891992774014515858e-18
7.583156441052677110e+03 -3.719666574136838681e-18 3.600086437213895198e-18
7.588034980456635822e+03 9.315006372500514151e-18 3.823671192081441466e-18
7.592913519860594533e+03 2.689699828617934352e-17 3.958208707397354403e-18
7.597792059264553245e+03 -1.069081911010680595e-18 3.581268154113443189e-18
7.602670598668511957e+03 -4.591651868328703659e-18 3.617129680354294394e-18
7.607549138072470669e+03 -1.414394957749040184e-17 3.575204104214229052e-18
7.612427677476429380e+03 -7.992320169390279179e-18 3.557296349740440751e-18
7.617306216880388092e+03 -4.982851972103938803e-18 3.720028938438995112e-18
7.622184756284346804e+03 2.892057760436184041e-19 3.943037988461993739e-18
7.627063295688305516e+03 -8.904329064503114125e-19 3.794418963911581479e-18
7.631941835092264228e+03 -2.662802415027215245e-18 4.215626810285410363e-18
7.636820374496222939e+03 -2.457553396043977219e-18 4.397007878009520908e-18
7.641698913900181651e+03 -2.141725845886313121e-18 3.642995312719769278e-18
7.646577453304140363e+03 1.840048506993590546e-19 3.674754811969816615e-18
7.651455992708099075e+03 -2.437053174957732863e-18 3.650435403541827748e-18
7.656334532112057786e+03 -4.713265926079034321e-19 3.771023011733482960e-18
7.661213071516016498e+03 -5.208397429715835819e-19 3.992781271911797586e-18
7.666091610919975210e+03 -6.280927050391894731e-18 3.774681394044369584e-18
7.670970150323933922e+03 3.058911317816804864e-17 3.804733732530060838e-18
7.675848689727892634e+03 5.186635164084582202e-17 4.813558137668749624e-18
7.680727229131851345e+03 4.294178241515590254e-16 6.797283836316052329e-18
7.685605768535810057e+03 1.904511561582075852e-16 6.012880034031479798e-18
7.690484307939768769e+03 2.111370338663575327e-16 5.934836880723472160e-18
7.695362847343727481e+03 1.048719981542256708e-16 5.185800482379805917e-18
7.700241386747686192e+03 4.542312233516856043e-18 3.901865395226979640e-18
7.705119926151644904e+03 6.091454922078056118e-18 3.896030290473735344e-18
7.709998465555603616e+03 -1.619677443830279889e-18 3.832106902689338367e-18
7.714877004959562328e+03 -2.849940048598926876e-18 3.889248345887363463e-18
7.719755544363521039e+03 -6.907712352657990608e-18 3.861019869175348275e-18
7.724634083767479751e+03 8.931484859070551072e-19 3.950954316852755816e-18
7.729512623171438463e+03 5.644533907942450565e-18 4.029721863065785714e-18
7.734391162575397175e+03 -5.394779701681534859e-18 3.885325566909909630e-18
7.739269701979355887e+03 -3.423289032146713682e-18 3.923037274201036692e-18
7.744148241383314598e+03 -3.911305897331567698e-18 3.936853738094661507e-18
7.749026780787273310e+03 1.084339312591385424e-18 3.998260052635159262e-18
7.753905320191232022e+03 -4.636937121158386957e-18 4.303011620773661570e-18
7.758783859595190734e+03 -1.404197717479098393e-18 4.081247944362953803e-18
7.763662398999149445e+03 -4.897123117701249749e-18 4.246919626348280345e-18
7.768540938403108157e+03 -6.552394466349502085e-18 3.951494447766610265e-18
7.773419477807066869e+03 -1.279549625549124393e-17 4.031382690250620712e-18
7.778298017211025581e+03 -1.325444003901905550e-18 4.161247571700448763e-18
7.783176556614984293e+03 6.147064236726887123e-18 4.510004885934893667e-18
7.788055096018943004e+03 6.333250661322051738e-17 4.933434136342918458e-18
7.792933635422901716e+03 6.132829239745490045e-17 4.865108698351300131e-18
7.797812174826860428e+03 3.488384551762915009e-17 4.698734981235717072e-18
7.802690714230819140e+03 7.956091951871113570e-18 4.333569082671290426e-18
7.807569253634777851e+03 1.449617916035987072e-17 4.529491066450938086e-18
7.812447793038736563e+03 2.380857605359628915e-17 4.612065114006018982e-18
7.817326332442695275e+03 4.613824044671106173e-17 4.970718335255111583e-18
7.822204871846653987e+03 6.074869174057832601e-17 5.016666090342487188e-18
7.827083411250612698e+03 6.524512291027952193e-17 5.246589264094084488e-18
7.831961950654571410e+03 -6.729199292449456922e-18 4.382178652202111396e-18
7.836840490058530122e+03 -4.512148479270255609e-18 4.552163169354678944e-18
7.841719029462488834e+03 -4.557588678648039591e-18 4.556929141687998686e-18
7.846597568866447546e+03 -8.038131306366397531e-18 4.309140501575401374e-18
7.851476108270406257e+03 -1.120953909111796874e-17 4.415547544621289290e-18
7.856354647674364969e+03 5.386455868158185377e-17 4.823655585395168429e-18
7.861233187078323681e+03 9.846788770606909185e-17 5.791899108242265361e-18
7.866111726482282393e+03 1.208917173648721349e-16 5.617874218502638174e-18
7.870990265886241104e+03 1.179614531693246965e-16 6.364981920294883073e-18
7.875868805290199816e+03 2.113148749140896513e-19 4.576898936887021107e-18
7.880747344694158528e+03 -8.425699401252412593e-18 4.382835169919401912e-18
7.885625884098117240e+03 -5.069873243724095968e-18 4.479276760591858870e-18
7.890504423502075952e+03 5.023062907296275697e-17 4.994928050571092843e-18
7.895382962906034663e+03 7.147650744501564803e-17 5.544744903559466945e-18
7.900261502309993375e+03 -5.882911592911254217e-18 4.519817986201901491e-18
7.905140041713952087e+03 -6.528782175490508311e-18 4.474547566166331150e-18
7.910018581117910799e+03 -5.833988659613518130e-18 4.650269715217670876e-18
7.914897120521869510e+03 -3.402464729083343920e-18 4.775037402584404019e-18
7.919775659925828222e+03 -9.344049874407440509e-18 4.737587771828120534e-18
7.924654199329786934e+03 -2.516483954003541582e-20 4.828136567744877419e-18
7.929532738733745646e+03 7.184260550254549981e-18 4.747553638604926072e-18
7.934411278137704358e+03 6.518887586284571484e-17 5.309524646552834581e-18
7.939289817541663069e+03 8.549525603495491493e-17 6.159808320678370644e-18
7.944168356945621781e+03 -1.154086195833353182e-17 4.812290776441448590e-18
7.949046896349580493e+03 -9.410465966576769791e-18 4.789879887899703730e-18
7.953925435753539205e+03 -4.414173729011913504e-18 4.695122957477157120e-18
7.958803975157497916e+03 -1.659269008654491898e-18 4.860679051505049088e-18
7.963682514561456628e+03 -1.237896993748708057e-17 4.876474025721108522e-18
7.968561053965415340e+03 -5.794770374988882560e-18 4.843800591589638579e-18
7.973439593369374052e+03 -4.653183721675187160e-18 4.871419833703037879e-18
7.978318132773332763e+03 6.606008096315755827e-18 5.039407175379435482e-18
7.983196672177291475e+03 4.245947050603542882e-19 5.369104650079937031e-18
7.988075211581250187e+03 1.844540325710022197e-18 4.985142596244663330e-18
7.992953750985208899e+03 -1.272614366840609843e-17 5.362733074470456286e-18
7.997832290389167611e+03 2.018485047305552308e-20 5.126055046687775519e-18
8.002710829793126322e+03 -5.579554100308893454e-18 5.069170056157438562e-18
8.007589369197085034e+03 -9.427420943264395075e-18 4.937178943063668779e-18
8.012467908601043746e+03 3.526393068822438957e-18 5.167807724128728861e-18
8.017346448005002458e+03 -4.949742818033340725e-18 5.905665752691765450e-18
8.022224987408961169e+03 -1.082654378341231453e-17 5.058143648963198211e-18
8.027103526812919881e+03 -6.706276879180535837e-18 5.122270213401095252e-18
8.031982066216878593e+03 -1.178209611352679587e-17 5.337185653658899033e-18
8.036860605620837305e+03 -1.383499891992870419e-17 5.200078647958458901e-18
8.041739145024796017e+03 -9.283644564176593617e-18 5.389274128512841532e-18
8.046617684428754728e+03 -9.489909022449732681e-18 5.422505455148474923e-18
8.051496223832713440e+03 -1.194426459718553428e-17 5.171874544311174783e-18
8.056374763236672152e+03 -5.664246394311213038e-18 5.336222312935999869e-18
8.061253302640630864e+03 7.384630422292014727e-17 6.616734585174727607e-18
8.066131842044589575e+03 8.860101555149619856e-18 5.791950749649156658e-18
8.071010381448548287e+03 -9.479045609315759680e-19 5.696868953960902574e-18
8.075888920852506999e+03 -1.103757589999248526e-17 5.364607731039562910e-18
8.080767460256465711e+03 -1.265824998385336815e-17 5.346901474239298466e-18
8.085645999660424422e+03 -2.871580211829482721e-18 5.553562477904598526e-18
8.090524539064383134e+03 1.623428087699926969e-16 7.328563501199937317e-18
8.095403078468341846e+03 2.628431787179281370e-16 8.302130193388414965e-18
8.100281617872300558e+03 1.750427986817171313e-16 7.792423380592822931e-18
8.105160157276259270e+03 9.864339615734869725e-17 6.853604260174896781e-18
8.110038696680217981e+03 -5.866083350836650594e-18 5.484114018588608268e-18
8.114917236084176693e+03 -8.218503110747165503e-18 5.887727888388291465e-18
8.119795775488135405e+03 -4.317067543206918275e-18 5.503746449870530946e-18
8.124674314892094117e+03 -2.096971340974598758e-18 5.526324467537499373e-18
8.129552854296052828e+03 -1.250289559892442536e-17 5.732080445895886989e-18
8.134431393700011540e+03 -3.207664302550576647e-18 5.596904221429986850e-18
8.139309933103970252e+03 1.633211515538001883e-17 5.799061016312836932e-18
8.144188472507928964e+03 1.571614654064208796e-17 6.037706823668866503e-18
8.149067011911887676e+03 -9.875747748478557763e-20 5.800089444620728177e-18
8.153945551315846387e+03 -3.451571489272769967e-18 5.631971797292058042e-18
8.158824090719805099e+03 9.136542016482687959e-18 6.004575677880611469e-18
8.163702630123763811e+03 2.220090292643062970e-18 6.086275390697686447e-18
8.168581169527722523e+03 -4.622872529802810448e-18 6.204954867708247413e-18
8.173459708931681234e+03 -6.026416465362056919e-18 5.631573237308571281e-18
8.178338248335639946e+03 3.700483540560051538e-18 5.904094429574986211e-18
8.183216787739598658e+03 -9.163495922102513424e-18 5.697033790947385183e-18
8.188095327143557370e+03 1.964363315136619684e-18 5.942332482045314600e-18
8.192973866547516081e+03 1.243274139768766865e-17 5.925419544372179253e-18
8.197852405951474793e+03 5.852840331821224095e-17 6.661240589490843109e-18
8.202730945355433505e+03 6.774152250424126312e-17 6.872176687219476009e-18
8.207609484759392217e+03 1.137823152397464148e-16 7.311080001552678639e-18
8.212488024163350929e+03 7.849606207294293829e-17 6.774112702076479266e-18
8.217366563567309640e+03 4.582398723645668442e-17 6.462541847558601602e-18
8.222245102971268352e+03 1.743551870404410897e-17 6.496520782519716479e-18
8.227123642375227064e+03 6.811715978191728670e-17 6.834923522157930143e-18
8.232002181779185776e+03 6.783507995482295382e-17 6.614078278412251790e-18
8.236880721183144487e+03 4.778057736442341046e-16 1.106524363624796932e-17
8.241759260587103199e+03 3.460831028367173060e-17 6.362169491352647152e-18
8.246637799991061911e+03 -2.130946482904060904e-17 5.911526665903817669e-18
8.251516339395020623e+03 -3.378891441616355808e-17 5.930479511632437505e-18
8.256394878798979335e+03 -8.538442368301947099e-17 6.587341372862681542e-18
8.261273418202938046e+03 -1.027038993904668609e-17 6.085467701541358162e-18
8.266151957606896758e+03 -2.071619614064765593e-17 6.064523642375148113e-18
8.271030497010855470e+03 -2.299925256606530109e-17 6.586634823341783922e-18
8.275909036414814182e+03 -8.081148890474556588e-18 6.119443170386737684e-18
8.280787575818772893e+03 -1.317006646395352393e-17 5.872880920800558169e-18
8.285666115222731605e+03 -1.178720265628215481e-17 5.922806436478729445e-18
8.290544654626690317e+03 -1.538962939483316595e-17 6.051819745523424307e-18
8.295423194030649029e+03 1.186879942593956906e-18 6.094886706058740179e-18
8.300301733434607740e+03 6.219190376606180778e-18 6.346353200234681761e-18
8.305180272838566452e+03 1.546831341824028171e-17 6.348479337245689863e-18
8.310058812242525164e+03 1.063358417861514246e-16 7.531276644007317113e-18
8.314937351646483876e+03 5.805534556646569556e-17 6.579815366073091530e-18
8.319815891050442588e+03 5.576563067801397267e-18 6.218507299701506105e-18
8.324694430454401299e+03 -6.606061789700053324e-18 6.135466641730835900e-18
8.329572969858360011e+03 4.476547965562343136e-18 6.254182491093552650e-18
8.334451509262318723e+03 -2.199112084612423387e-18 6.186275173982119248e-18
8.339330048666277435e+03 8.402628995826468183e-17 6.780446762983715701e-18
8.344208588070236146e+03 1.326451884849159386e-16 8.168748021828701048e-18
8.349087127474194858e+03 -1.055555183044094534e-18 6.760451683113228434e-18
8.353965666878153570e+03 1.891379733423509481e-18 6.230791341431607461e-18
8.358844206282112282e+03 -1.535742756326363639e-17 6.313946718989857658e-18
8.363722745686070994e+03 -1.114040152841029057e-17 6.249857070304054592e-18
8.368601285090029705e+03 -7.439902483160077940e-18 6.166391372925904370e-18
8.373479824493988417e+03 -6.876839416320837079e-18 6.283195905433522737e-18
8.378358363897947129e+03 6.976329124028429431e-18 6.270284245225642826e-18
8.383236903301905841e+03 9.378117865998432916e-17 7.808586408444265466e-18
8.388115442705864552e+03 8.256117195426316902e-17 7.387000986533599266e-18
8.392993982109823264e+03 8.754362658641870776e-17 7.331783447074107111e-18
8.397872521513781976e+03 9.268255992939448807e-17 7.466746528486015478e-18
8.402751060917740688e+03 3.973635751598238572e-17 7.000819043066988015e-18
8.407629600321699400e+03 -3.953450444331370214e-18 6.594228031826705055e-18
8.412508139725658111e+03 9.921978760657138766e-17 7.746698166163520959e-18
8.417386679129616823e+03 1.669029192494556735e-16 8.735584367425780980e-18
8.422265218533575535e+03 1.327263442820631201e-16 7.682595870587625687e-18
8.427143757937534247e+03 -1.832841757786646857e-16 6.834589585132471765e-18
8.432022297341492958e+03 -2.586498472254826605e-17 6.360994771985100597e-18
8.436900836745451670e+03 -1.253548214349715014e-17 7.067263319974700938e-18
8.441779376149410382e+03 1.354896787520212760e-16 7.221460471244690036e-18
8.446657915553369094e+03 1.513907398801782365e-16 8.551645090558079169e-18
8.451536454957327805e+03 5.082833341725158253e-17 7.092116706853397719e-18
8.456414994361286517e+03 -8.313061144804735897e-18 6.244757947974958969e-18
8.461293533765245229e+03 5.889750409565735110e-17 6.494596266257105918e-18
8.466172073169203941e+03 1.090893442656172577e-16 8.076521748934174870e-18
8.471050612573162653e+03 3.073399718802140977e-17 8.796473417359474669e-18
8.475929151977121364e+03 3.597815662815962358e-17 7.153693937415779172e-18
8.480807691381080076e+03 -3.782996683295532186e-18 6.344677647759814410e-18
8.485686230785038788e+03 -1.234550675274689888e-17 6.318818290421073109e-18
8.490564770188997500e+03 1.219933312939403966e-18 6.252327023607058710e-18
8.495443309592956211e+03 -7.322249160313414970e-18 7.022600232764655879e-18
8.500321848996914923e+03 5.121309389463560876e-17 7.383201576129782179e-18
8.505200388400873635e+03 8.166031372313814960e-17 8.465700564816022975e-18
8.510078927804832347e+03 1.652465657532345604e-17 1.017370813004965438e-17
8.514957467208791059e+03 -7.560888238658080993e-18 6.403114819925133272e-18
8.519836006612749770e+03 -1.692010783402030379e-18 6.424810599890679398e-18
8.524714546016708482e+03 1.562843959737279118e-18 6.334447688951066204e-18
8.529593085420667194e+03 -2.166886117406386684e-19 6.397438455035363689e-18
8.534471624824625906e+03 -1.251932287679441926e-17 6.204161691653404097e-18
8.539350164228584617e+03 -9.193959601062047056e-18 6.337343438869419441e-18
8.544228703632543329e+03 -1.045142216047936500e-17 6.340340155717114222e-18
8.549107243036502041e+03 4.413856797064781275e-18 6.407477200176937219e-18
8.553985782440460753e+03 2.008634656255278871e-15 1.395560018862676812e-17
8.558864321844419464e+03 2.276318858773472445e-15 2.356447198998524389e-17
8.563742861248378176e+03 2.089270532265275650e-15 2.109097273480144249e-17
8.568621400652336888e+03 1.447002245001292189e-15 1.798244500493832042e-17
8.573499940056295600e+03 2.384408602572343556e-16 9.490001699476458728e-18
8.578378479460254312e+03 9.851822279818336622e-17 7.690181626294564685e-18
8.583257018864213023e+03 5.912163839526220601e-17 6.991116184892944330e-18
8.588135558268171735e+03 6.582558170943945290e-17 6.920760770631234569e-18
8.593014097672130447e+03 1.772265293045712194e-16 8.009027574385444118e-18
8.597892637076089159e+03 1.913712330295313545e-16 8.957851312425982564e-18
8.602771176480047870e+03 2.694706422980347661e-17 6.850969868021671582e-18
8.607649715884006582e+03 -1.829183707860394452e-18 6.471216489799813104e-18
8.612528255287965294e+03 1.657762394430775281e-16 8.117575248001948598e-18
8.617406794691924006e+03 4.870701827873383555e-16 9.577073429422657353e-18
8.622285334095882718e+03 4.053293062481491331e-16 1.113906953389974257e-17
8.627163873499841429e+03 1.516752358015021069e-16 8.708407529000686242e-18
8.632042412903800141e+03 5.518552551611271843e-18 6.524668881570363945e-18
8.636920952307758853e+03 -1.169470924574580081e-19 6.523608215688718253e-18
8.641799491711717565e+03 4.353259535108374292e-18 6.615404305615969657e-18
8.646678031115676276e+03 1.262391267237210225e-16 9.127289384869783472e-18
8.651556570519634988e+03 5.118120989323068224e-17 7.093009693233466207e-18
8.656435109923593700e+03 -4.700763894806284513e-18 6.646781892792226288e-18
8.661313649327552412e+03 -9.752749234125140280e-18 6.389531886226285911e-18
8.666192188731511123e+03 -1.900072688918263970e-17 6.392422010273602137e-18
8.671070728135469835e+03 -1.682175451044482267e-17 6.560309842871180661e-18
8.675949267539428547e+03 5.798319642066959504e-18 6.638564980522316668e-18
8.680827806943387259e+03 1.165839984123340655e-18 7.466759518117292267e-18
8.685706346347345971e+03 -1.215794466324699713e-17 6.523203686230982143e-18
8.690584885751304682e+03 -1.191707153028413324e-17 6.403296042723979470e-18
8.695463425155263394e+03 -1.355172529124035899e-17 6.612510325777152779e-18
8.700341964559222106e+03 -1.639559776460660935e-18 6.943412200606340470e-18
8.705220503963180818e+03 -1.217006991710344894e-17 6.515015411758484198e-18
8.710099043367139529e+03 -4.231557541908023571e-18 6.281497095273819147e-18
8.714977582771098241e+03 -3.359949528844351403e-18 6.419562469317588588e-18
8.719856122175056953e+03 -9.517936141910906278e-18 6.238124924505874321e-18
8.724734661579015665e+03 -1.859653968191929537e-18 6.500995311744595959e-18
8.729613200982974377e+03 -9.552842404258701179e-18 6.388727274795019076e-18
8.734491740386933088e+03 -2.005569446805582403e-17 6.261221908640871769e-18
8.739370279790891800e+03 -3.544524305518271134e-17 6.554507214914026869e-18
8.744248819194850512e+03 -2.392776774434007539e-17 7.261627354160885125e-18
8.749127358598809224e+03 -1.962190703634536721e-18 9.986213152319109044e-18
8.754005898002767935e+03 -2.765743319538266211e-17 9.051320847335678960e-18
8.758884437406726647e+03 1.253803467897376600e-16 8.188828383179158424e-18
8.763762976810685359e+03 1.039585135799106529e-18 6.899904708338089464e-18
8.768641516214644071e+03 -7.851279952459050746e-18 6.500119746652232027e-18
8.773520055618602782e+03 -1.952553400896658304e-17 6.476327487610612484e-18
8.778398595022561494e+03 -1.482528414696498011e-17 6.420314068162341317e-18
8.783277134426520206e+03 -6.517484444501653964e-18 6.646888318204772506e-18
8.788155673830478918e+03 -1.047872352736138746e-17 6.395378013099106812e-18
8.793034213234437630e+03 -4.731503271936363028e-18 6.634422505433846199e-18
8.797912752638396341e+03 -8.862141344707673099e-18 6.644418485890596477e-18
8.802791292042355053e+03 -7.936240587663707742e-18 6.613155987187764422e-18
8.807669831446313765e+03 -5.611054685427611375e-18 6.485555433030946662e-18
8.812548370850272477e+03 -5.903045090787724062e-18 6.492938997528864486e-18
8.817426910254231188e+03 -4.013066173244004712e-18 6.607414110790096967e-18
8.822305449658189900e+03 -8.637939248781279800e-18 6.435530220295005451e-18
8.827183989062148612e+03 -1.551898253394904090e-17 6.667935929770614752e-18
8.832062528466107324e+03 -8.321912894381965066e-18 6.421802582173806549e-18
8.836941067870066036e+03 -4.390955186171210215e-18 6.711068621789086290e-18
8.841819607274024747e+03 -1.334278410022026488e-17 6.850600250431308008e-18
8.846698146677983459e+03 -3.724226075770689978e-19 6.477230630579554221e-18
8.851576686081942171e+03 1.816117041176524170e-16 7.230670680080803182e-18
8.856455225485900883e+03 1.864244181812239146e-16 9.347326388933365488e-18
8.861333764889859594e+03 1.131902849486327987e-16 8.138593010599162395e-18
8.866212304293818306e+03 1.455428061502603105e-17 6.689451083737050217e-18
8.871090843697777018e+03 1.373795601920372234e-16 8.352087645968625928e-18
8.875969383101735730e+03 2.155356753019664820e-17 7.195968590432096050e-18
8.880847922505694441e+03 -3.066006748746412080e-17 6.571791072798332781e-18
8.885726461909653153e+03 4.990372722663578260e-18 7.043595315407360058e-18
8.890605001313611865e+03 -1.065671457432391640e-17 6.699202595410312220e-18
8.895483540717570577e+03 -2.709294781140150115e-17 6.510372704415991002e-18
8.900362080121529289e+03 -1.532964307067437386e-18 6.494415796498377135e-18
8.905240619525488000e+03 -1.011978610089083524e-17 6.581830232207168488e-18
8.910119158929446712e+03 -3.226308826964335809e-17 7.803174904816265124e-18
8.914997698333405424e+03 -1.266371328750935208e-16 7.188620577866512867e-18
8.919876237737364136e+03 5.716585455445873537e-18 7.151023064069558115e-18
8.924754777141322847e+03 1.134690073363468926e-17 8.755579676386735992e-18
8.929633316545281559e+03 -3.907616008405636309e-18 7.295939123455284186e-18
8.934511855949240271e+03 -1.223848626515645639e-17 6.488713214839744608e-18
8.939390395353198983e+03 -2.638593751384667683e-18 7.566246662782121353e-18
8.944268934757157695e+03 -1.298930463697481470e-18 8.925975074119138109e-18
8.949147474161116406e+03 1.122318773092816680e-16 8.070724820260290554e-18
8.954026013565075118e+03 7.877788474166011460e-17 7.784370197843496210e-18
8.958904552969033830e+03 2.502494117762115404e-17 6.984000843960014466e-18
8.963783092372992542e+03 1.133156994449350541e-16 8.584740329241420982e-18
8.968661631776951253e+03 3.363010277575220024e-17 6.958251632409662734e-18
8.973540171180909965e+03 1.149170534267397299e-16 8.246082599706591583e-18
8.978418710584868677e+03 -1.387993720085669919e-17 6.954126278411345242e-18
8.983297249988827389e+03 -6.614699141480585998e-18 6.477760208598274808e-18
8.988175789392786101e+03 -4.240225691676718486e-18 6.459799325401446229e-18
8.993054328796744812e+03 1.128489344515884288e-17 6.883502913933693361e-18
8.997932868200703524e+03 -1.020913234684934610e-17 6.846111273862352526e-18
9.002811407604662236e+03 -1.939473369387754535e-17 6.377529403006818813e-18
9.007689947008620948e+03 -9.393546628645183625e-18 6.477120227301327606e-18
9.012568486412579659e+03 -4.900476190527797042e-19 6.696148489763316761e-18
9.017447025816538371e+03 -5.758416851072256156e-19 6.686621278244721307e-18
9.022325565220497083e+03 -2.021345983386883678e-18 6.771995326786099139e-18
9.027204104624455795e+03 6.493959942434716394e-18 6.655219515390593395e-18
9.032082644028414506e+03 -1.124779887071590205e-18 6.690540845274770287e-18
9.036961183432373218e+03 1.843084465358250421e-18 6.623278531643039515e-18
9.041839722836331930e+03 6.815941264239512073e-18 7.311348165409730701e-18
9.046718262240290642e+03 8.391230007289361643e-17 6.811382498506891120e-18
9.051596801644249354e+03 2.070002432029929932e-16 9.543988602179192893e-18
9.056475341048208065e+03 1.179691448830994697e-16 8.927950842289010977e-18
9.061353880452166777e+03 1.529803560308591568e-16 8.205119847254321068e-18
9.066232419856125489e+03 1.553639926614684827e-16 9.516513775609650535e-18
9.071110959260084201e+03 1.050298698981005920e-17 6.979534763462393693e-18
9.075989498664042912e+03 -3.846001515608592064e-17 7.373511547029827066e-18
9.080868038068001624e+03 -1.622803779681140816e-16 8.140992600978898082e-18
9.085746577471960336e+03 1.635650689321622947e-16 8.511221269520932255e-18
9.090625116875919048e+03 6.382621338613400768e-16 1.308005834062772214e-17
9.095503656279877760e+03 1.872865346672171437e-16 8.686959507617303118e-18
9.100382195683836471e+03 -8.072902358637613315e-18 6.629720502303602747e-18
9.105260735087795183e+03 -1.714304107755974350e-19 6.703902156856564673e-18
9.110139274491753895e+03 1.304523119797242146e-18 7.063531605636239249e-18
9.115017813895712607e+03 2.134216858116049980e-19 6.790184382845559134e-18
9.119896353299671318e+03 9.225203471110123169e-18 6.960920816711800423e-18
9.124774892703630030e+03 3.073430975278667975e-17 8.085451398870645466e-18
9.129653432107588742e+03 -6.837692328659623264e-18 6.745751631359287288e-18
9.134531971511547454e+03 -3.652965887837915472e-18 6.803693216759818183e-18
9.139410510915506165e+03 -6.816498782412280196e-18 6.786290857895012935e-18
9.144289050319464877e+03 9.498488053992401788e-18 6.895150145534194956e-18
9.149167589723423589e+03 -1.920118443209529837e-17 6.696687811020376435e-18
9.154046129127382301e+03 3.225745733008168475e-18 6.835627387607587674e-18
9.158924668531341013e+03 -6.351022727571275081e-18 6.952057191800443036e-18
9.163803207935299724e+03 -1.176993659116186703e-17 6.850256706732089826e-18
9.168681747339258436e+03 1.081840930481034677e-17 7.319815290558199542e-18
9.173560286743217148e+03 3.840173037916907747e-16 1.027330059972664741e-17
9.178438826147175860e+03 4.706983028131806849e-16 1.216176385183180924e-17
9.183317365551134571e+03 2.285713210112184041e-17 7.214525896405589571e-18
9.188195904955093283e+03 -3.229007530151752652e-18 6.834192580183376139e-18
9.193074444359051995e+03 -7.697740135144022595e-18 6.867617407151419937e-18
9.197952983763010707e+03 4.250682019158062133e-18 6.875523147400223676e-18
9.202831523166969419e+03 1.152300275812561204e-16 8.573065495881514506e-18
9.207710062570928130e+03 4.935952532228849580e-17 8.428689471302530060e-18
9.212588601974886842e+03 -5.112277010216491942e-18 6.918309612906079508e-18
9.217467141378845554e+03 -1.923219232482105132e-17 7.926209948662215709e-18
9.222345680782804266e+03 -1.238485095484744789e-17 6.798752507298842758e-18
9.227224220186762977e+03 -2.083174004041475740e-17 8.208214200935836451e-18
9.232102759590721689e+03 -3.789308769307622853e-18 8.355645570022046281e-18
9.236981298994680401e+03 -2.082019165148740929e-18 8.010024488222319895e-18
9.241859838398639113e+03 -9.231888379225627671e-18 6.892597318886817877e-18
9.246738377802597824e+03 -3.308759243894758095e-18 7.186670534211185897e-18
9.251616917206556536e+03 4.412789437063886437e-18 7.320563219117145581e-18
9.256495456610515248e+03 -1.240042176121627594e-17 7.127999644935544025e-18
9.261373996014473960e+03 -1.317617630837955623e-17 7.009596388084165697e-18
9.266252535418432672e+03 1.484103692880446140e-16 1.124953607691284074e-17
9.271131074822391383e+03 6.766836301877405829e-17 8.239268889454041951e-18
9.276009614226350095e+03 -9.906041797908962153e-18 6.947093422178996396e-18
9.280888153630308807e+03 -8.946835480206018914e-18 6.946937539687076549e-18
9.285766693034267519e+03 -8.687882620545720797e-18 7.082589448555811267e-18
9.290645232438226230e+03 -4.014344463429006214e-17 7.296316573651424364e-18
9.295523771842184942e+03 -1.245473678710610676e-16 7.443747756624440297e-18
9.300402311246143654e+03 1.400879945752435062e-16 1.105495327995053582e-17
9.305280850650102366e+03 -1.408610698112575612e-17 7.118083783441231767e-18
9.310159390054061078e+03 -3.217312400851150437e-19 7.282539606859435195e-18
9.315037929458019789e+03 3.393833930372676478e-19 7.240340962047767727e-18
9.319916468861978501e+03 3.342002920806005677e-17 7.394086179722496603e-18
9.324795008265937213e+03 2.150465180122238775e-16 1.097264997817328796e-17
9.329673547669895925e+03 1.592473609847287140e-16 9.604943691020196816e-18
9.334552087073854636e+03 5.263614495033918560e-17 8.325225528771023780e-18
9.339430626477813348e+03 -1.836230005858915831e-17 7.534519026509352763e-18
9.344309165881772060e+03 5.439342860605136294e-18 7.701091899194725758e-18
9.349187705285730772e+03 1.768010719711604559e-16 1.010162880159977052e-17
9.354066244689689483e+03 2.096906963013437608e-16 1.011717837459740047e-17
9.358944784093648195e+03 -6.917349717927286941e-18 7.396745698321913635e-18
9.363823323497606907e+03 -3.990809341855627952e-18 7.557050753308293312e-18
9.368701862901565619e+03 -1.866432621400519367e-17 7.431933248692604079e-18
9.373580402305524331e+03 7.628569123982711712e-18 7.859810594192653562e-18
9.378458941709483042e+03 3.103560982557521452e-17 1.035962273738353724e-17
9.383337481113441754e+03 2.080967683590944828e-16 9.517388730363996757e-18
9.388216020517400466e+03 3.842778029051115856e-16 1.361179381566117316e-17
9.393094559921359178e+03 2.241799003712455786e-16 1.050588594735100678e-17
9.397973099325317889e+03 1.716258110351241059e-16 1.064388850124183142e-17
9.402851638729276601e+03 6.783134885445437999e-17 1.003454494399562394e-17
9.407730178133235313e+03 1.981568628212297293e-16 1.024412559028899626e-17
9.412608717537194025e+03 1.444175503283013623e-16 1.213806897053627309e-17
9.417487256941152737e+03 1.344025915596128692e-16 9.913177837892091994e-18
9.422365796345111448e+03 -3.094448457316829990e-19 7.787990867522516239e-18
9.427244335749070160e+03 -2.422173241317082034e-18 7.946478770691125920e-18
9.432122875153028872e+03 -9.638380102752175890e-18 7.684418002718489587e-18
9.437001414556987584e+03 -1.498976708737829458e-17 7.709241037373846720e-18
9.441879953960946295e+03 -1.033345874922191761e-17 8.221419988134041593e-18
9.446758493364905007e+03 -6.251908960016414061e-18 7.777685119387324351e-18
9.451637032768863719e+03 5.019646925718679342e-18 8.666374398158808726e-18
9.456515572172822431e+03 3.989015647488993439e-18 8.175572370972375944e-18
9.461394111576781143e+03 -5.940163467937607750e-18 7.989509038529649845e-18
9.466272650980739854e+03 3.844620619942586856e-17 8.889048046710983240e-18
9.471151190384698566e+03 1.217641517020808242e-16 1.018154680541493559e-17
9.476029729788657278e+03 -8.302540939370570117e-18 8.574315991585763626e-18
9.480908269192615990e+03 1.199322138123760986e-17 8.333909038029734931e-18
9.485786808596574701e+03 3.948440491213405298e-18 8.116093065051049358e-18
9.490665348000533413e+03 -1.761245895504603492e-17 8.178496331125858406e-18
9.495543887404492125e+03 -1.438217189122108109e-17 8.545677251636445572e-18
9.500422426808450837e+03 -7.060866274484240137e-18 8.257204746505621842e-18
9.505300966212409548e+03 3.882564404714857790e-17 8.404689905557749531e-18
9.510179505616368260e+03 5.241363000248650424e-16 1.337355192861057154e-17
9.515058045020326972e+03 9.554881121982644666e-16 1.776690301061960610e-17
9.519936584424285684e+03 1.526689731370072876e-16 1.079011183450145756e-17
9.524815123828244396e+03 2.764423013405956805e-17 8.736733588015642979e-18
9.529693663232203107e+03 9.144348733900610821e-19 8.750456787250919918e-18
9.534572202636161819e+03 -5.253980025786438253e-18 1.016881486732400632e-17
9.539450742040120531e+03 1.550947644774641648e-17 9.236904983043667110e-18
9.544329281444079243e+03 1.021905045465006144e-16 9.473454774140152726e-18
9.549207820848037954e+03 1.168549798205605771e-15 1.601458619318270667e-17
9.554086360251996666e+03 3.163814948189527763e-16 1.277707733678724461e-17
9.558964899655955378e+03 1.537371753489621127e-16 1.177587303535727574e-17
9.563843439059914090e+03 5.200293522575503157e-16 1.415611253802829312e-17
9.568721978463872802e+03 2.086489393441741182e-15 2.521403952476228836e-17
9.573600517867831513e+03 2.836454959381818781e-16 1.362345518961264440e-17
9.578479057271790225e+03 8.923792229898136800e-17 1.023987088968486596e-17
9.583357596675748937e+03 -1.013237430224106156e-17 9.015313021698378694e-18
9.588236136079707649e+03 -1.041397624860902700e-17 9.000992545086586901e-18
9.593114675483666360e+03 -5.498763704381797742e-18 9.139452090844941538e-18
9.597993214887625072e+03 1.698984879272049038e-17 1.082716590087888471e-17
9.602871754291583784e+03 7.478916899305868734e-17 9.918642289566691810e-18
9.607750293695542496e+03 1.154525363146194369e-16 1.086207574356381104e-17
9.612628833099501207e+03 9.759438120137064408e-17 9.550469550768145433e-18
9.617507372503459919e+03 2.364392725832437928e-16 1.251831524750223192e-17
9.622385911907418631e+03 1.563194780770797709e-16 1.133004092236613122e-17
9.627264451311377343e+03 4.341908578562785304e-16 1.118062061356482927e-17
9.632142990715336055e+03 2.509551645541086227e-16 1.390714466569237186e-17
9.637021530119294766e+03 7.138470387872468753e-17 1.064261730102338810e-17
9.641900069523253478e+03 1.343243102429722225e-17 1.000230154568540441e-17
9.646778608927212190e+03 -1.178472717340401386e-17 1.013535403593844299e-17
9.651657148331170902e+03 2.607267010757975727e-18 9.907117829408144303e-18
9.656535687735129613e+03 -1.331660051704988747e-17 9.683938973827708270e-18
9.661414227139088325e+03 1.711277478096706759e-17 1.019816082422148865e-17
9.666292766543047037e+03 8.674304705923941259e-17 1.021460211515318498e-17
9.671171305947005749e+03 2.208108713454074003e-16 1.267151615036740780e-17
9.676049845350964461e+03 1.380316279517678517e-17 9.867594095389568739e-18
9.680928384754923172e+03 1.025824501752811930e-16 1.132379355553814415e-17
9.685806924158881884e+03 6.961968313009190546e-17 1.134919175694809449e-17
9.690685463562840596e+03 -6.739920417588390580e-17 1.046473207435796502e-17
9.695564002966799308e+03 -1.344426340711807824e-17 1.043024537462107961e-17
9.700442542370758019e+03 -2.343122395041342955e-17 1.017272115031110258e-17
9.705321081774716731e+03 -5.476713323487043198e-17 9.914037294631410103e-18
9.710199621178675443e+03 -3.968961526010390086e-17 1.019041075024520772e-17
9.715078160582634155e+03 4.876669641405459553e-18 1.053163457093900829e-17
9.719956699986592866e+03 -9.124746191465826092e-17 1.058380584610213136e-17
9.724835239390551578e+03 -1.610619443418766297e-17 1.047531772940346907e-17
9.729713778794510290e+03 -5.452123088776766919e-18 1.074961022965895365e-17
9.734592318198469002e+03 -2.198364744702368671e-17 1.042324486296819832e-17
9.739470857602427714e+03 -1.861066547285745000e-17 1.058199341317111911e-17
9.744349397006386425e+03 -2.509009792891578666e-17 1.064949749672555615e-17
9.749227936410345137e+03 -1.132832245586093571e-17 1.060857014125827618e-17
9.754106475814303849e+03 6.939490273802569413e-18 1.198831494036384581e-17
9.758985015218262561e+03 1.328224769559405784e-17 1.118145479148143441e-17
9.763863554622221272e+03 1.406498309206271550e-17 1.110102662762647464e-17
9.768742094026179984e+03 -1.563924030501404783e-18 1.123374316385156185e-17
9.773620633430138696e+03 -1.517520842819217854e-17 1.185736650677248793e-17
9.778499172834097408e+03 -6.241616824173231213e-18 1.142996173233194069e-17
9.783377712238056120e+03 -2.016719763991981398e-17 1.136670440679108884e-17
9.788256251642014831e+03 -3.234984937897330191e-17 1.184348162320015849e-17
9.793134791045973543e+03 -1.462773829870042639e-17 1.171555799315305094e-17
9.798013330449932255e+03 -1.711385111442177245e-17 1.177298518310403012e-17
9.802891869853890967e+03 -2.242844172832273946e-17 1.153840271321072133e-17
9.807770409257849678e+03 -2.987957873194510632e-17 1.259033295722665441e-17
9.812648948661808390e+03 -2.482579863829577923e-17 1.186577099144365175e-17
9.817527488065767102e+03 -1.160326549106398666e-17 1.201051558890011763e-17
9.822406027469725814e+03 -2.934669962690865512e-17 1.208430701038154755e-17
9.827284566873684525e+03 -1.632307545668735265e-17 1.233053729681407980e-17
9.832163106277643237e+03 1.102724475092066657e-16 1.271061838613101773e-17
9.837041645681601949e+03 8.353997386601245585e-16 1.899139136190803041e-17
9.841920185085560661e+03 3.161738633988901523e-16 1.644609662388295387e-17
9.846798724489519373e+03 2.854253300347430497e-16 1.657327826329569404e-17
9.851677263893478084e+03 2.984335560239490977e-16 1.965669887919091362e-17
9.856555803297436796e+03 1.982923098618775965e-16 1.518599224556959871e-17
9.861434342701395508e+03 4.071965467231418802e-16 1.610423305105373912e-17
9.866312882105354220e+03 3.453312770381976700e-16 1.775219249604388875e-17
9.871191421509312931e+03 -1.023246976050250301e-16 1.851100870957720290e-17
9.876069960913271643e+03 -5.201186000890426890e-16 1.397668079583550902e-17
9.880948500317230355e+03 -1.217853307452814210e-17 1.330419183839331835e-17
9.885827039721189067e+03 9.675106191158677758e-17 1.387773128035909959e-17
9.890705579125147779e+03 2.910063138060930320e-16 1.738748039945850243e-17
9.895584118529106490e+03 2.797493931999239092e-16 1.687662647081738366e-17
9.900462657933065202e+03 2.311964021262283815e-15 2.605260490052584029e-17
9.905341197337023914e+03 1.261382651978412381e-15 2.721522638224531518e-17
9.910219736740982626e+03 3.878159703429556462e-16 1.924728395833509656e-17
9.915098276144941337e+03 6.868275591311975879e-17 1.577424383280468179e-17
9.919976815548900049e+03 -1.049348140052746811e-17 1.443912677313582753e-17
9.924855354952858761e+03 -2.836718178808585821e-17 1.511969934214554708e-17
9.929733894356817473e+03 -1.003000183508232801e-17 1.471086260353776719e-17
9.934612433760776184e+03 1.260096894747775102e-17 1.572530100766663880e-17
9.939490973164734896e+03 3.746329481582194230e-16 2.329245915858321776e-17
9.944369512568693608e+03 2.687299061897186491e-16 1.999119897224209026e-17
9.949248051972652320e+03 -2.202111424455182945e-17 1.525723514938629595e-17
9.954126591376611032e+03 -2.500967663005294948e-17 1.554182699314654507e-17
9.959005130780569743e+03 -1.381927600190891347e-17 1.632955451043977715e-17
9.963883670184528455e+03 1.509124901720129521e-18 1.687580037569644592e-17
9.968762209588487167e+03 -4.250714096485185643e-17 1.586281274000362047e-17
9.973640748992445879e+03 -3.244790382608614951e-17 1.608692975380196675e-17
9.978519288396404590e+03 -3.124933353691218882e-17 1.633978912440439154e-17
9.983397827800363302e+03 1.909536865584429596e-17 1.993237594517133801e-17
9.988276367204322014e+03 -3.170045476228806349e-17 1.679992499130362010e-17
9.993154906608280726e+03 -1.165447578835013003e-16 1.878042960370939164e-17
9.998033446012239438e+03 -3.144622028577864347e-18 1.734503584087379074e-17
1.000291198541619815e+04 2.205821765471336534e-17 2.007189361537428582e-17
1.000779052482015686e+04 1.799063978695068301e-17 1.779620476966371209e-17
1.001266906422411557e+04 3.019424345321746555e-16 2.263417252702644360e-17
1.001754760362807428e+04 1.838427586533862247e-16 2.671464264745941439e-17
1.002242614303203300e+04 2.048092268871026647e-17 1.843989652081303435e-17
1.002730468243599171e+04 1.138502161526612959e-16 2.202644219250062342e-17
1.003218322183995042e+04 1.346835205979521127e-16 2.616263961715391302e-17
1.003706176124390913e+04 7.654091589659661548e-17 2.000647073922632694e-17
1.004194030064786784e+04 -3.816062835622518747e-17 1.948618224393357198e-17
1.004681884005182656e+04 -3.443798928428208984e-17 1.903373099001370749e-17
1.005169737945578527e+04 3.140767312426500986e-16 2.060768929625205000e-17
1.005657591885974398e+04 4.329437007505276046e-16 2.563891852414963713e-17
1.006145445826370269e+04 1.265710082818065607e-16 2.175218953428443287e-17
1.006633299766766140e+04 -1.207478372951001563e-17 2.021405583633350966e-17
1.007121153707162011e+04 9.173258869828605187e-19 2.132774728809049375e-17
1.007609007647557883e+04 -2.540835210635189443e-17 2.087746590102737659e-17
1.008096861587953754e+04 8.704501605369752464e-17 2.203809697217803737e-17
1.008584715528349625e+04 2.542067251978693804e-16 2.482885925430976968e-17
1.009072569468745496e+04 2.332455075479382528e-16 2.529194983812948363e-17
1.009560423409141367e+04 6.506522198869611735e-18 2.349221860883348755e-17
1.010048277349537238e+04 1.091635951973352548e-17 2.252903104233046064e-17
1.010536131289933110e+04 1.348869385267529668e-17 2.530904619503951614e-17
1.011023985230328981e+04 -3.244423915883974069e-17 2.299797404044707801e-17
1.011511839170724852e+04 -1.843297442150291477e-17 2.452505851340189169e-17
1.011999693111120723e+04 -8.799012544644846149e-17 2.383207373043381807e-17
1.012487547051516594e+04 -2.094367247394666118e-16 2.466690196445501986e-17
1.012975400991912466e+04 -5.538793696607244505e-17 2.551666788633418714e-17
1.013463254932308337e+04 -1.375030318523933047e-16 2.608011097851520648e-17
1.013951108872704208e+04 -1.900872162384572090e-17 2.509393245214649159e-17
1.014438962813100079e+04 2.402667196999228891e-16 2.714001891763046034e-17
1.014926816753495950e+04 4.298126434403110507e-16 3.318925926984799126e-17
1.015414670693891821e+04 5.593928484307384818e-18 2.877973818946001274e-17
1.015902524634287693e+04 -4.074759734670975454e-17 3.106140913081910006e-17
1.016390378574683564e+04 -2.757364824059547080e-17 2.861437771725179898e-17
1.016878232515079435e+04 -1.357761191504174564e-16 2.934901263622102887e-17
1.017366086455475306e+04 1.332905836309651680e-17 3.219777453134842711e-17
1.017853940395871177e+04 -2.769246174606070075e-17 3.205489997258326594e-17
1.018341794336267048e+04 2.148894356107734657e-16 3.290078899088686987e-17
1.018829648276662920e+04 7.088316353215916950e-16 4.096152680461910596e-17
1.019317502217058791e+04 5.057948144056134255e-16 4.040421999699850036e-17
1.019805356157454662e+04 3.526314481729666464e-17 3.641899842845985472e-17
1.020293210097850533e+04 -1.076113437773018517e-16 3.637908485870615919e-17
1.020781064038246404e+04 -1.115123450623743526e-16 4.039886413619986196e-17
1.021268917978642276e+04 1.874712843078554153e-17 3.617421071470159934e-17
1.021756771919038147e+04 -7.516866452121502669e-17 3.659492858648677924e-17
1.022244625859434018e+04 -4.878548632707238752e-17 3.782669027252296462e-17
1.022732479799829889e+04 -3.811911184392603883e-17 4.162585090600319310e-17
1.023220333740225760e+04 -8.810063460344080090e-18 3.893467736202457376e-17
1.023708187680621631e+04 9.858073128551442227e-16 4.521583664213943010e-17
1.024196041621017503e+04 8.220503518786205286e-16 5.143126389231207148e-17
1.024683895561413374e+04 4.444525080186918186e-16 4.794744195899626341e-17
1.025171749501809245e+04 2.549530293921533151e-16 5.913628327396382348e-17
1.025659603442205116e+04 -2.315166048443572336e-16 7.339137254825029002e-17
1.026147457382600987e+04 3.188511109866965500e-17 1.067044389888359349e-11
