# AT2022ACKO oezi13010 G230L MAMA z=0.0053 a2center=512.8 extrsize=11 exptime=2278.0 mode=fixed flags=none
# rest_wvl obs_wvl flux error net dq mask
1567.6247 1575.9331 0.000000e+00 0.000000e+00 8.934831e-04 2564 0
1569.1600 1577.4766 0.000000e+00 0.000000e+00 -3.451368e-03 2564 0
1570.6953 1579.0200 0.000000e+00 0.000000e+00 -2.178661e-03 2564 0
1572.2307 1580.5635 -5.738181e-14 4.728654e-14 -3.035448e-03 2564 0
1573.7660 1582.1070 -5.462367e-14 2.002336e-14 -6.806335e-03 2048 0
1575.3014 1583.6505 -1.892097e-15 1.279073e-14 -3.717891e-04 0 0
1576.8368 1585.1940 -1.120398e-14 9.623033e-15 -3.009101e-03 0 0
1578.3721 1586.7375 -1.076542e-15 7.837471e-15 -3.669281e-04 0 0
1579.9075 1588.2810 6.601171e-16 6.293552e-15 2.728212e-04 0 0
1581.4429 1589.8246 5.253785e-15 5.759104e-15 2.552981e-03 0 0
1582.9783 1591.3681 -4.491105e-15 4.552114e-15 -2.509656e-03 0 0
1584.5138 1592.9117 2.294507e-16 4.241241e-15 1.449859e-04 0 0
1586.0492 1594.4552 -1.047684e-15 3.724904e-15 -7.553399e-04 0 0
1587.5846 1595.9988 1.290189e-15 3.428585e-15 1.047006e-03 0 0
1589.1201 1597.5424 1.879589e-15 3.148180e-15 1.725503e-03 0 0
1590.6555 1599.0860 -2.488002e-16 2.729046e-15 -2.553975e-04 0 0
1592.1910 1600.6296 3.500335e-15 2.650980e-15 4.022803e-03 0 0
1593.7264 1602.1732 -2.845529e-16 2.111487e-15 -3.626039e-04 0 0
1595.2619 1603.7168 -1.191766e-16 1.955591e-15 -1.683242e-04 0 0
1596.7974 1605.2604 -1.671850e-15 1.586670e-15 -2.596513e-03 0 0
1598.3329 1606.8041 -3.238005e-15 1.327225e-15 -5.525482e-03 0 0
1599.8684 1608.3477 -2.293745e-15 1.250722e-15 -4.272800e-03 0 0
1601.4039 1609.8914 -4.589263e-16 1.291313e-15 -9.324157e-04 0 0
1602.9394 1611.4350 3.974298e-16 1.261307e-15 8.759833e-04 0 0
1604.4750 1612.9787 -2.733419e-15 8.767098e-16 -6.528449e-03 0 0
1606.0105 1614.5224 1.511845e-16 1.064609e-15 3.895150e-04 0 0
1607.5461 1616.0661 -1.148100e-15 8.931161e-16 -3.185779e-03 0 0
1609.0816 1617.6098 3.913798e-16 9.560240e-16 1.165147e-03 0 0
1610.6172 1619.1535 -2.283848e-16 8.347580e-16 -7.280484e-04 0 0
1612.1528 1620.6972 3.666647e-16 8.065931e-16 1.247468e-03 0 0
1613.6884 1622.2409 -1.917541e-16 7.348746e-16 -6.947769e-04 0 0
1615.2240 1623.7846 -3.907996e-16 6.795038e-16 -1.503612e-03 0 0
1616.7596 1625.3284 9.792545e-16 7.407904e-16 3.991934e-03 0 0
1618.2952 1626.8721 4.316663e-17 6.272460e-16 1.859645e-04 0 0
1619.8308 1628.4159 8.199557e-16 6.783589e-16 3.724744e-03 0 0
1621.3664 1629.9597 3.145391e-16 5.932598e-16 1.503204e-03 0 0
1622.9021 1631.5034 -1.118777e-15 4.590747e-16 -5.612961e-03 0 0
1624.4377 1633.0472 -4.855084e-17 4.973761e-16 -2.551931e-04 0 0
1625.9734 1634.5910 -2.922325e-17 4.961723e-16 -1.606024e-04 0 0
1627.5090 1636.1348 -2.814816e-16 4.466831e-16 -1.614483e-03 0 0
1629.0447 1637.6786 -5.169557e-16 4.107302e-16 -3.088838e-03 0 0
1630.5804 1639.2225 4.039643e-16 4.677625e-16 2.510317e-03 0 0
1632.1161 1640.7663 -4.623195e-16 3.805871e-16 -2.982998e-03 0 0
1633.6518 1642.3101 1.227727e-16 4.116317e-16 8.212868e-04 0 0
1635.1875 1643.8540 -1.307938e-16 3.751810e-16 -9.057934e-04 0 0
1636.7232 1645.3978 2.320628e-16 3.946852e-16 1.661577e-03 0 0
1638.2589 1646.9417 -3.605992e-16 3.365009e-16 -2.666048e-03 0 0
1639.7947 1648.4856 4.614377e-17 3.609239e-16 3.518651e-04 0 0
1641.3304 1650.0295 2.959862e-18 3.470083e-16 2.325280e-05 0 0
1642.8662 1651.5734 -1.347134e-16 3.167407e-16 -1.088775e-03 0 0
1644.4019 1653.1173 -2.112204e-16 3.046669e-16 -1.754595e-03 0 0
1645.9377 1654.6612 4.349165e-16 3.512087e-16 3.709842e-03 0 0
1647.4735 1656.2051 1.605000e-16 3.168591e-16 1.404630e-03 0 0
1649.0093 1657.7490 -6.357456e-17 3.042683e-16 -5.703296e-04 0 0
1650.5451 1659.2930 1.267057e-16 3.016074e-16 1.164295e-03 0 0
1652.0809 1660.8369 6.708152e-17 2.899679e-16 6.308669e-04 0 0
1653.6167 1662.3809 1.890354e-17 2.845929e-16 1.818244e-04 0 0
1655.1525 1663.9249 1.289743e-16 2.909905e-16 1.267812e-03 0 0
1656.6884 1665.4688 -2.327274e-16 2.506816e-16 -2.336605e-03 0 0
1658.2242 1667.0128 2.339042e-16 2.837514e-16 2.396951e-03 0 0
1659.7601 1668.5568 -2.234176e-16 2.363224e-16 -2.335604e-03 0 0
1661.2959 1670.1008 -2.107829e-17 2.532918e-16 -2.246492e-04 0 0
1662.8318 1671.6448 -2.441003e-16 2.294770e-16 -2.651154e-03 0 0
1664.3677 1673.1888 9.417232e-17 2.495450e-16 1.041710e-03 0 0
1665.9036 1674.7329 -1.547521e-16 2.281949e-16 -1.742828e-03 0 0
1667.4395 1676.2769 4.023854e-16 2.664069e-16 4.611550e-03 0 0
1668.9754 1677.8210 8.767467e-17 2.362343e-16 1.022163e-03 0 0
1670.5113 1679.3650 -2.902319e-16 2.036678e-16 -3.440644e-03 0 0
1672.0472 1680.9091 -1.861961e-16 2.099058e-16 -2.243784e-03 0 0
1673.5832 1682.4532 -1.128462e-16 2.107580e-16 -1.381739e-03 0 0
1675.1191 1683.9972 -1.068628e-16 2.129427e-16 -1.329151e-03 0 0
1676.6551 1685.5413 -2.495585e-16 1.896282e-16 -3.151729e-03 0 0
1678.1910 1687.0854 -5.402145e-17 2.091055e-16 -6.925690e-04 0 0
1679.7270 1688.6295 -1.604212e-16 1.881888e-16 -2.086919e-03 0 0
1681.2630 1690.1737 -1.391277e-16 1.898028e-16 -1.836144e-03 0 0
1682.7990 1691.7178 -6.268844e-18 2.015792e-16 -8.390052e-05 0 0
1684.3350 1693.2619 -1.011403e-16 1.867187e-16 -1.372456e-03 0 0
1685.8710 1694.8061 -2.137407e-16 1.727755e-16 -2.939687e-03 0 0
1687.4070 1696.3502 1.412071e-17 1.986882e-16 1.968034e-04 0 0
1688.9430 1697.8944 4.458908e-17 1.932725e-16 6.295345e-04 0 0
1690.4790 1699.4386 1.399693e-16 1.912619e-16 2.001572e-03 0 0
1692.0151 1700.9828 1.191600e-16 1.953489e-16 1.725266e-03 0 0
1693.5511 1702.5269 1.512768e-16 1.935300e-16 2.217198e-03 0 0
1695.0872 1704.0711 2.234821e-16 1.992963e-16 3.314839e-03 0 0
1696.6233 1705.6154 1.002757e-16 1.852793e-16 1.505036e-03 0 0
1698.1593 1707.1596 1.346075e-16 1.845792e-16 2.043821e-03 0 0
1699.6954 1708.7038 -3.302070e-17 1.746033e-16 -5.071443e-04 0 0
1701.2315 1710.2480 -2.869878e-18 1.701474e-16 -4.457450e-05 0 0
1702.7676 1711.7923 1.525693e-16 1.846732e-16 2.396184e-03 0 0
1704.3037 1713.3365 -2.208110e-16 1.504322e-16 -3.506131e-03 0 0
1705.8398 1714.8808 1.620916e-16 1.803575e-16 2.601815e-03 0 0
1707.3760 1716.4251 -1.768614e-16 1.468845e-16 -2.869453e-03 0 0
1708.9121 1717.9694 4.559667e-16 1.992975e-16 7.476620e-03 0 0
1710.4483 1719.5136 -3.463929e-17 1.588846e-16 -5.739946e-04 0 0
1711.9844 1721.0579 -7.945323e-17 1.547058e-16 -1.330379e-03 0 0
1713.5206 1722.6023 1.594503e-16 1.690220e-16 2.697682e-03 0 0
1715.0568 1724.1466 1.668744e-16 1.679130e-16 2.852449e-03 0 0
1716.5930 1725.6909 1.071959e-16 1.628431e-16 1.851233e-03 0 0
1718.1291 1727.2352 1.450677e-17 1.578976e-16 2.530890e-04 0 0
1719.6654 1728.7796 4.126341e-17 1.535579e-16 7.272372e-04 0 0
1721.2016 1730.3239 -7.396560e-17 1.436449e-16 -1.316785e-03 0 0
1722.7378 1731.8683 3.937133e-18 1.481901e-16 7.079798e-05 0 0
1724.2740 1733.4127 -4.101653e-17 1.446797e-16 -7.449405e-04 0 0
1725.8103 1734.9570 1.755488e-16 1.585435e-16 3.219998e-03 0 0
1727.3465 1736.5014 -2.860150e-16 1.214568e-16 -5.297943e-03 0 0
1728.8828 1738.0458 9.517474e-18 1.432353e-16 1.780194e-04 0 0
1730.4190 1739.5902 -8.039704e-17 1.340160e-16 -1.518372e-03 0 0
1731.9553 1741.1347 -3.733391e-17 1.365078e-16 -7.118548e-04 0 0
1733.4916 1742.6791 -1.986473e-16 1.186320e-16 -3.823700e-03 0 0
1735.0279 1744.2235 1.052859e-16 1.470429e-16 2.045683e-03 0 0
1736.5642 1745.7680 3.290687e-17 1.395148e-16 6.453333e-04 0 0
1738.1005 1747.3124 1.906849e-16 1.484770e-16 3.773882e-03 0 0
1739.6368 1748.8569 -2.911715e-16 1.093594e-16 -5.815076e-03 0 0
1741.1731 1750.4013 -2.810540e-16 1.052074e-16 -5.664030e-03 0 0
1742.7095 1751.9458 1.798271e-16 1.454565e-16 3.657520e-03 0 0
1744.2458 1753.4903 7.673480e-18 1.329143e-16 1.574934e-04 0 0
1745.7822 1755.0348 2.919077e-17 1.289930e-16 6.045225e-04 0 0
1747.3185 1756.5793 6.763632e-17 1.318635e-16 1.413155e-03 0 0
1748.8549 1758.1238 -1.485264e-16 1.126705e-16 -3.130513e-03 0 0
1750.3913 1759.6684 -9.008540e-17 1.160190e-16 -1.915215e-03 0 0
1751.9277 1761.2129 -4.180469e-17 1.208522e-16 -8.963943e-04 0 0
1753.4641 1762.7574 2.446281e-17 1.260899e-16 5.289862e-04 0 0
1755.0005 1764.3020 8.479621e-17 1.256287e-16 1.849013e-03 0 0
1756.5369 1765.8465 -1.389860e-17 1.209838e-16 -3.055739e-04 0 0
1758.0733 1767.3911 -1.832420e-16 1.015877e-16 -4.061765e-03 0 0
1759.6098 1768.9357 -4.565896e-17 1.134130e-16 -1.020282e-03 0 0
1761.1462 1770.4803 -1.100228e-16 1.077012e-16 -2.478250e-03 0 0
1762.6827 1772.0249 -4.925831e-17 1.123120e-16 -1.118340e-03 0 0
1764.2191 1773.5695 3.817609e-17 1.191054e-16 8.735403e-04 0 0
1765.7556 1775.1141 -2.011524e-17 1.125020e-16 -4.638531e-04 0 0
1767.2921 1776.6587 2.933441e-17 1.153869e-16 6.816537e-04 0 0
1768.8286 1778.2033 6.624268e-17 1.209000e-16 1.551055e-03 0 0
1770.3651 1779.7480 -2.253507e-16 9.135817e-17 -5.316461e-03 0 0
1771.9016 1781.2926 -1.094313e-16 1.037937e-16 -2.601103e-03 0 0
1773.4381 1782.8373 -1.158585e-18 1.113551e-16 -2.774433e-05 0 0
1774.9746 1784.3820 4.590567e-17 1.115328e-16 1.107455e-03 0 0
1776.5111 1785.9266 -1.053706e-16 1.017073e-16 -2.560804e-03 0 0
1778.0477 1787.4713 -1.018902e-16 9.839661e-17 -2.494446e-03 0 0
1779.5842 1789.0160 -1.291928e-16 9.703791e-17 -3.186076e-03 0 0
1781.1208 1790.5607 -3.537931e-17 1.029774e-16 -8.788914e-04 0 0
1782.6574 1792.1054 -1.559664e-16 9.068557e-17 -3.902859e-03 0 0
1784.1939 1793.6502 -1.084906e-17 1.008056e-16 -2.734677e-04 0 0
1785.7305 1795.1949 4.148079e-17 1.058405e-16 1.053245e-03 0 0
1787.2671 1796.7396 -3.899841e-17 9.963461e-17 -9.974642e-04 0 0
1788.8037 1798.2844 -9.018970e-17 9.534009e-17 -2.323757e-03 0 0
1790.3403 1799.8291 1.226629e-16 1.090231e-16 3.183692e-03 0 0
1791.8770 1801.3739 -1.839555e-16 8.521988e-17 -4.809900e-03 0 0
1793.4136 1802.9187 -2.006425e-17 9.865253e-17 -5.285039e-04 0 0
1794.9502 1804.4635 3.491279e-17 1.014562e-16 9.264620e-04 0 0
1796.4869 1806.0083 -9.733604e-17 9.181258e-17 -2.602105e-03 0 0
1798.0235 1807.5531 -6.606500e-17 9.269138e-17 -1.779243e-03 0 0
1799.5602 1809.0979 -1.007582e-16 8.964187e-17 -2.733645e-03 0 0
1801.0969 1810.6427 6.184140e-18 9.807225e-17 1.690168e-04 0 0
1802.6336 1812.1875 -1.416761e-16 8.176145e-17 -3.900469e-03 0 0
1804.1703 1813.7324 7.401654e-17 1.006576e-16 2.052562e-03 0 0
1805.7070 1815.2772 4.776684e-18 9.316943e-17 1.334194e-04 0 0
1807.2437 1816.8221 6.551719e-17 1.001484e-16 1.843042e-03 0 0
1808.7804 1818.3669 7.874900e-18 9.221478e-17 2.230941e-04 0 0
1810.3171 1819.9118 -2.121280e-16 6.983660e-17 -6.051306e-03 0 0
1811.8539 1821.4567 5.173076e-18 9.000892e-17 1.485876e-04 0 0
1813.3906 1823.0016 2.406135e-16 1.099755e-16 6.957687e-03 0 0
1814.9274 1824.5465 -1.159679e-16 7.822223e-17 -3.375742e-03 0 0
1816.4642 1826.0914 3.711777e-17 9.374207e-17 1.087460e-03 0 0
1818.0009 1827.6363 -8.197474e-17 8.184773e-17 -2.417076e-03 0 0
1819.5377 1829.1813 -8.860007e-17 8.260317e-17 -2.628689e-03 0 0
1821.0745 1830.7262 -3.554603e-17 8.320021e-17 -1.061143e-03 0 0
1822.6113 1832.2712 -3.303924e-17 8.661126e-17 -9.922476e-04 0 0
1824.1481 1833.8161 -4.568849e-17 8.488578e-17 -1.380353e-03 0 0
1825.6849 1835.3611 1.397937e-16 9.723140e-17 4.248216e-03 0 0
1827.2218 1836.9060 9.884450e-17 9.305022e-17 3.021313e-03 0 0
1828.7586 1838.4510 -7.699899e-17 7.973910e-17 -2.367063e-03 0 0
1830.2955 1839.9960 4.589722e-17 8.846646e-17 1.419002e-03 0 0
1831.8323 1841.5410 -7.861763e-17 7.803982e-17 -2.444328e-03 0 0
1833.3692 1843.0860 -2.624487e-16 5.752724e-17 -8.205737e-03 0 0
1834.9061 1844.6311 -9.300312e-17 7.593288e-17 -2.924094e-03 0 0
1836.4429 1846.1761 1.262883e-17 8.529105e-17 3.992715e-04 0 0
1837.9798 1847.7211 1.416459e-16 9.250361e-17 4.503231e-03 0 0
1839.5167 1849.2662 -6.123746e-18 8.199533e-17 -1.957689e-04 0 0
1841.0536 1850.8112 6.168285e-17 8.572901e-17 1.982414e-03 0 0
1842.5906 1852.3563 -5.163159e-17 7.660011e-17 -1.667870e-03 0 0
1844.1275 1853.9014 4.021845e-17 8.338572e-17 1.305884e-03 0 0
1845.6644 1855.4464 -1.395827e-16 6.752963e-17 -4.555507e-03 0 0
1847.2014 1856.9915 1.652338e-16 9.375995e-17 5.420494e-03 0 0
1848.7383 1858.5366 -4.038560e-17 7.545833e-17 -1.331663e-03 0 0
1850.2753 1860.0817 -7.030191e-17 7.201982e-17 -2.330069e-03 0 0
1851.8123 1861.6269 1.168495e-16 8.753327e-17 3.892736e-03 0 0
1853.3492 1863.1720 3.382442e-17 8.078509e-17 1.132620e-03 0 0
1854.8862 1864.7171 1.794344e-17 8.002480e-17 6.039178e-04 0 0
1856.4232 1866.2623 2.406334e-17 8.020055e-17 8.140285e-04 0 0
1857.9602 1867.8074 3.726433e-17 7.890683e-17 1.267010e-03 0 0
1859.4973 1869.3526 -6.017352e-17 7.165330e-17 -2.056293e-03 0 0
1861.0343 1870.8978 1.362660e-17 7.557503e-17 4.680053e-04 0 0
1862.5713 1872.4429 -3.831967e-17 7.152349e-17 -1.322678e-03 0 0
1864.1084 1873.9881 1.567582e-17 7.599650e-17 5.437768e-04 0 0
1865.6454 1875.5333 -9.464725e-17 6.596144e-17 -3.299421e-03 0 0
1867.1825 1877.0785 1.265839e-16 8.455610e-17 4.434405e-03 0 0
1868.7196 1878.6238 -1.130384e-16 6.257904e-17 -3.979188e-03 0 0
1870.2566 1880.1690 -2.356641e-17 7.141611e-17 -8.336089e-04 0 0
1871.7937 1881.7142 1.795607e-17 7.504055e-17 6.382174e-04 0 0
1873.3308 1883.2595 -3.213761e-17 6.886922e-17 -1.147756e-03 0 0
1874.8679 1884.8047 3.890475e-18 7.149875e-17 1.396076e-04 0 0
1876.4050 1886.3500 1.110282e-17 7.225448e-17 4.003148e-04 0 0
1877.9422 1887.8953 -3.554165e-17 6.955208e-17 -1.287553e-03 0 0
1879.4793 1889.4405 -1.467287e-19 7.112131e-17 -5.340669e-06 0 0
1881.0164 1890.9858 -1.172058e-16 5.973998e-17 -4.286299e-03 0 0
1882.5536 1892.5311 1.287851e-17 7.218890e-17 4.732037e-04 0 0
1884.0908 1894.0764 6.506939e-17 7.455572e-17 2.402214e-03 0 0
1885.6279 1895.6218 -1.170099e-16 6.001485e-17 -4.340194e-03 0 0
1887.1651 1897.1671 -6.524426e-17 6.202171e-17 -2.431566e-03 0 0
1888.7023 1898.7124 -8.721873e-17 6.279279e-17 -3.265968e-03 0 0
1890.2395 1900.2578 5.619647e-17 7.505725e-17 2.114356e-03 0 0
1891.7767 1901.8031 -3.797161e-17 6.456687e-17 -1.435486e-03 0 0
1893.3139 1903.3485 -4.683314e-17 6.450601e-17 -1.778973e-03 0 0
1894.8511 1904.8938 -1.053323e-16 5.601928e-17 -4.020277e-03 0 0
1896.3884 1906.4392 5.618344e-17 7.322784e-17 2.154666e-03 0 0
1897.9256 1907.9846 -3.412232e-17 6.546355e-17 -1.314878e-03 0 0
1899.4629 1909.5300 4.061577e-17 7.023395e-17 1.572574e-03 0 0
1901.0001 1911.0754 -9.491188e-17 5.652283e-17 -3.692334e-03 0 0
1902.5374 1912.6208 -2.228241e-17 6.413821e-17 -8.709540e-04 0 0
1904.0747 1914.1663 8.423622e-17 7.292860e-17 3.308058e-03 0 0
1905.6120 1915.7117 7.010836e-19 6.589646e-17 2.766121e-05 0 0
1907.1492 1917.2571 3.808589e-17 6.836390e-17 1.509654e-03 0 0
1908.6865 1918.8026 -5.606048e-17 5.920093e-17 -2.232355e-03 0 0
1910.2239 1920.3480 -1.056271e-16 5.553237e-17 -4.225259e-03 0 0
1911.7612 1921.8935 1.646952e-17 6.830672e-17 6.617716e-04 0 0
1913.2985 1923.4390 2.602780e-17 6.697391e-17 1.050475e-03 0 0
1914.8359 1924.9845 1.747886e-17 6.506748e-17 7.085316e-04 0 0
1916.3732 1926.5300 2.664819e-17 6.576324e-17 1.084872e-03 0 0
1917.9106 1928.0755 -4.410062e-17 6.007612e-17 -1.803009e-03 0 0
1919.4479 1929.6210 3.885717e-17 6.537808e-17 1.595266e-03 0 0
1920.9853 1931.1665 3.097650e-17 6.673916e-17 1.276981e-03 0 0
1922.5227 1932.7121 8.977179e-17 6.907270e-17 3.715793e-03 0 0
1924.0601 1934.2576 -2.737257e-17 5.963947e-17 -1.137550e-03 0 0
1925.5975 1935.8032 9.251008e-19 6.070383e-17 3.859750e-05 0 0
1927.1349 1937.3487 4.555436e-17 6.605276e-17 1.908103e-03 0 0
1928.6723 1938.8943 6.275130e-17 6.682291e-17 2.638590e-03 0 0
1930.2098 1940.4399 -5.908137e-17 5.582201e-17 -2.493826e-03 0 0
1931.7472 1941.9855 1.398591e-17 6.150572e-17 5.925873e-04 0 0
1933.2846 1943.5310 5.833096e-17 6.620867e-17 2.480834e-03 0 0
1934.8221 1945.0767 -6.955702e-17 5.538661e-17 -2.969337e-03 0 0
1936.3596 1946.6223 2.560881e-17 6.284964e-17 1.097288e-03 0 0
1937.8970 1948.1679 6.250007e-17 6.325696e-17 2.687889e-03 0 0
1939.4345 1949.7135 2.145588e-17 6.177764e-17 9.261284e-04 0 0
1940.9720 1951.2592 -1.099084e-17 5.932390e-17 -4.762609e-04 0 0
1942.5095 1952.8048 4.246466e-17 6.167719e-17 1.847306e-03 0 0
1944.0470 1954.3505 -2.942509e-17 5.780158e-17 -1.285068e-03 0 0
1945.5845 1955.8961 -1.812514e-18 5.802201e-17 -7.946673e-05 0 0
1947.1221 1957.4418 -7.144002e-17 5.058369e-17 -3.144497e-03 0 0
1948.6596 1958.9875 1.055132e-16 6.712888e-17 4.662530e-03 0 0
1950.1972 1960.5332 -3.328941e-17 5.451486e-17 -1.476890e-03 0 0
1951.7347 1962.0789 8.719202e-17 6.523995e-17 3.883704e-03 0 0
1953.2723 1963.6246 -2.692913e-17 5.439815e-17 -1.204345e-03 0 0
1954.8098 1965.1703 1.192971e-17 5.775253e-17 5.356957e-04 0 0
1956.3474 1966.7161 -2.701108e-17 5.430483e-17 -1.217962e-03 0 0
1957.8850 1968.2618 -8.618368e-17 4.902192e-17 -3.902289e-03 0 0
1959.4226 1969.8076 7.934820e-17 6.240167e-17 3.608197e-03 0 0
1960.9602 1971.3533 -6.123507e-17 4.959871e-17 -2.796473e-03 0 0
1962.4979 1972.8991 1.461437e-16 6.792163e-17 6.703747e-03 0 0
1964.0355 1974.4449 2.139869e-17 5.732844e-17 9.859346e-04 0 0
1965.5731 1975.9907 2.979645e-17 5.816984e-17 1.379206e-03 0 0
1967.1108 1977.5364 -1.842821e-17 5.437498e-17 -8.569302e-04 0 0
1968.6484 1979.0823 -2.890019e-17 5.199344e-17 -1.350326e-03 0 0
1970.1861 1980.6281 2.544531e-17 5.887177e-17 1.194576e-03 0 0
1971.7237 1982.1739 -3.908849e-17 5.020377e-17 -1.844120e-03 0 0
1973.2614 1983.7197 3.502826e-18 5.487109e-17 1.660683e-04 0 0
1974.7991 1985.2656 -6.466478e-17 4.736278e-17 -3.081182e-03 0 0
1976.3368 1986.8114 -9.260041e-17 4.553289e-17 -4.434432e-03 0 0
1977.8745 1988.3573 -6.129126e-17 4.812477e-17 -2.950136e-03 0 0
1979.4122 1989.9031 -2.396589e-18 5.147996e-17 -1.159445e-04 0 0
1980.9500 1991.4490 1.856195e-17 5.502861e-17 9.026593e-04 0 0
1982.4877 1992.9949 -2.601613e-17 4.930524e-17 -1.271690e-03 0 0
1984.0254 1994.5408 -7.688877e-17 4.515992e-17 -3.777969e-03 0 0
1985.5632 1996.0867 -5.938309e-17 4.692665e-17 -2.932982e-03 0 0
1987.1010 1997.6326 4.204052e-17 5.460918e-17 2.087254e-03 0 0
1988.6387 1999.1785 5.851308e-17 5.631223e-17 2.920211e-03 0 0
1990.1765 2000.7244 -6.705139e-17 4.504293e-17 -3.363591e-03 0 0
1991.7143 2002.2704 -1.877439e-17 4.857241e-17 -9.466396e-04 0 0
1993.2521 2003.8163 -4.051099e-17 4.756245e-17 -2.053079e-03 0 0
1994.7899 2005.3623 -2.846306e-17 4.823477e-17 -1.449839e-03 0 0
1996.3277 2006.9083 1.237561e-17 5.105639e-17 6.335789e-04 0 0
1997.8655 2008.4542 1.950729e-18 5.076897e-17 1.003733e-04 0 0
1999.4034 2010.0002 6.574793e-17 5.427492e-17 3.400004e-03 0 0
2000.9412 2011.5462 2.560942e-17 5.216016e-17 1.330958e-03 0 0
2002.4791 2013.0922 -2.490073e-17 4.668029e-17 -1.300558e-03 0 0
2004.0169 2014.6382 -6.067177e-17 4.353939e-17 -3.184545e-03 0 0
2005.5548 2016.1842 3.988465e-17 5.172820e-17 2.103742e-03 0 0
2007.0927 2017.7303 -4.680056e-17 4.321923e-17 -2.480575e-03 0 0
2008.6306 2019.2763 -6.717500e-17 4.243538e-17 -3.577701e-03 0 0
2010.1685 2020.8224 4.172737e-17 5.107566e-17 2.233060e-03 0 0
2011.7064 2022.3684 4.872042e-17 5.124009e-17 2.619705e-03 0 0
2013.2443 2023.9145 4.901486e-17 5.160859e-17 2.648001e-03 0 0
2014.7822 2025.4606 -5.213095e-18 4.591093e-17 -2.829509e-04 0 0
2016.3201 2027.0066 2.545450e-17 4.919039e-17 1.388002e-03 0 0
2017.8581 2028.5527 4.579998e-17 5.006341e-17 2.508883e-03 0 0
2019.3960 2030.0988 -8.300450e-18 4.627722e-17 -4.567646e-04 0 0
2020.9340 2031.6449 9.358821e-17 5.250721e-17 5.173322e-03 0 0
2022.4720 2033.1911 8.401257e-18 4.606028e-17 4.664842e-04 0 0
2024.0099 2034.7372 -4.964337e-17 4.113964e-17 -2.768747e-03 0 0
2025.5479 2036.2833 1.802019e-17 4.605160e-17 1.009483e-03 0 0
2027.0859 2037.8295 1.578237e-17 4.679306e-17 8.880097e-04 0 0
2028.6239 2039.3756 2.081127e-17 4.596812e-17 1.176088e-03 0 0
2030.1619 2040.9218 6.049975e-17 5.057744e-17 3.433852e-03 0 0
2031.7000 2042.4680 -4.500729e-17 3.997864e-17 -2.565603e-03 0 0
2033.2380 2044.0142 1.709327e-17 4.550780e-17 9.785960e-04 0 0
2034.7760 2045.5603 -5.834816e-17 3.912154e-17 -3.354829e-03 0 0
2036.3141 2047.1065 -1.991676e-17 4.203407e-17 -1.150066e-03 0 0
2037.8521 2048.6528 4.544962e-17 4.701666e-17 2.635665e-03 0 0
2039.3902 2050.1990 -1.360013e-17 4.284111e-17 -7.921099e-04 0 0
2040.9283 2051.7452 -3.060485e-17 4.075688e-17 -1.790672e-03 0 0
2042.4664 2053.2914 2.349404e-17 4.561448e-17 1.380919e-03 0 0
2044.0045 2054.8377 -1.348514e-17 4.247765e-17 -7.962554e-04 0 0
2045.5426 2056.3839 -3.922596e-17 3.955377e-17 -2.326810e-03 0 0
2047.0807 2057.9302 3.644965e-18 4.299006e-17 2.172088e-04 0 0
2048.6188 2059.4765 1.552681e-17 4.373505e-17 9.295442e-04 0 0
2050.1569 2061.0228 3.322031e-17 4.422878e-17 1.998052e-03 0 0
2051.6951 2062.5691 -1.794123e-17 4.109736e-17 -1.084126e-03 0 0
2053.2332 2064.1154 -1.948715e-17 3.895318e-17 -1.183085e-03 0 0
2054.7714 2065.6617 -4.361336e-17 3.745421e-17 -2.660354e-03 0 0
2056.3095 2067.2080 -3.412213e-17 3.718390e-17 -2.091363e-03 0 0
2057.8477 2068.7543 1.461467e-16 5.181982e-17 9.000554e-03 0 0
2059.3859 2070.3006 5.410464e-19 4.044745e-17 3.348337e-05 0 0
2060.9241 2071.8470 3.394273e-17 4.369691e-17 2.110914e-03 0 0
2062.4623 2073.3933 -9.629824e-18 3.921544e-17 -6.018721e-04 0 0
2064.0005 2074.9397 7.197686e-18 4.063731e-17 4.521224e-04 0 0
2065.5387 2076.4861 4.803050e-17 4.401074e-17 3.032467e-03 0 0
2067.0769 2078.0325 3.522659e-17 4.281780e-17 2.235503e-03 0 0
2068.6152 2079.5788 4.247415e-18 4.079622e-17 2.709487e-04 0 0
2070.1534 2081.1252 -4.424998e-17 3.496931e-17 -2.837507e-03 0 0
2071.6917 2082.6717 4.221689e-17 4.280885e-17 2.721400e-03 0 0
2073.2300 2084.2181 -9.342875e-19 3.841471e-17 -6.054342e-05 0 0
2074.7682 2085.7645 -2.082682e-17 3.751963e-17 -1.356746e-03 0 0
2076.3065 2087.3109 1.488954e-17 4.012937e-17 9.750773e-04 0 0
2077.8448 2088.8574 -1.694825e-18 3.791044e-17 -1.115734e-04 0 0
2079.3831 2090.4038 -4.861374e-17 3.430240e-17 -3.217081e-03 0 0
2080.9214 2091.9503 -6.147701e-17 3.200987e-17 -4.089455e-03 0 0
2082.4597 2093.4968 -4.119879e-17 3.400482e-17 -2.754694e-03 0 0
2083.9981 2095.0432 -6.654330e-17 3.060401e-17 -4.471964e-03 0 0
2085.5364 2096.5897 5.511674e-18 3.829734e-17 3.722771e-04 0 0
2087.0747 2098.1362 -8.546405e-18 3.774500e-17 -5.801057e-04 0 0
2088.6131 2099.6827 -2.802323e-17 3.483553e-17 -1.911463e-03 0 0
2090.1515 2101.2293 5.331717e-17 4.106417e-17 3.654073e-03 0 0
2091.6898 2102.7758 -4.415270e-17 3.217566e-17 -3.040287e-03 0 0
2093.2282 2104.3223 7.680955e-19 3.637367e-17 5.313195e-05 0 0
2094.7666 2105.8689 -3.665854e-17 3.261265e-17 -2.547335e-03 0 0
2096.3050 2107.4154 4.485154e-17 3.998557e-17 3.130377e-03 0 0
2097.8434 2108.9620 2.885658e-17 3.808009e-17 2.022840e-03 0 0
2099.3818 2110.5086 2.683706e-17 3.855735e-17 1.889242e-03 0 0
2100.9203 2112.0551 -6.226143e-18 3.518906e-17 -4.401482e-04 0 0
2102.4587 2113.6017 6.461126e-17 4.165617e-17 4.586251e-03 0 0
2103.9971 2115.1483 -2.735574e-17 3.197187e-17 -1.949668e-03 0 0
2105.5356 2116.6949 3.470393e-17 3.859096e-17 2.483116e-03 0 0
2107.0741 2118.2415 4.946341e-18 3.546458e-17 3.553064e-04 0 0
2108.6125 2119.7882 1.101998e-17 3.623352e-17 7.945972e-04 0 0
2110.1510 2121.3348 6.777401e-18 3.623801e-17 4.905376e-04 0 0
2111.6895 2122.8814 8.785026e-18 3.554360e-17 6.381832e-04 0 0
2113.2280 2124.4281 1.981024e-17 3.626905e-17 1.444381e-03 0 0
2114.7665 2125.9748 -4.689657e-17 2.963039e-17 -3.431445e-03 0 0
2116.3050 2127.5214 2.014588e-17 3.676992e-17 1.479320e-03 0 0
2117.8435 2129.0681 -2.211835e-17 3.216492e-17 -1.629807e-03 0 0
2119.3821 2130.6148 2.238267e-17 3.583329e-17 1.655003e-03 0 0
2120.9206 2132.1615 -4.495261e-18 3.404041e-17 -3.335238e-04 0 0
2122.4592 2133.7082 7.269834e-17 3.939999e-17 5.412250e-03 0 0
2123.9977 2135.2549 -2.432317e-17 3.176321e-17 -1.816987e-03 0 0
2125.5363 2136.8016 5.809546e-17 3.847966e-17 4.354609e-03 0 0
2127.0749 2138.3484 7.185530e-19 3.421887e-17 5.404442e-05 0 0
2128.6135 2139.8951 -5.274590e-17 2.819646e-17 -3.980744e-03 0 0
2130.1521 2141.4419 7.152277e-17 3.935471e-17 5.416587e-03 0 0
2131.6907 2142.9886 2.547431e-17 3.530906e-17 1.935933e-03 0 0
2133.2293 2144.5354 -3.754232e-17 2.882258e-17 -2.863198e-03 0 0
2134.7679 2146.0822 4.275025e-17 3.635862e-17 3.272013e-03 0 0
2136.3065 2147.6290 3.374290e-17 3.487852e-17 2.592098e-03 0 0
2137.8452 2149.1758 -1.573784e-17 3.077740e-17 -1.213425e-03 0 0
2139.3838 2150.7226 -3.311855e-18 3.217766e-17 -2.563642e-04 0 0
2140.9225 2152.2694 -2.097574e-17 3.069578e-17 -1.630357e-03 0 0
2142.4612 2153.8162 -1.226367e-18 3.268451e-17 -9.572064e-05 0 0
2143.9998 2155.3630 5.314832e-18 3.189782e-17 4.165834e-04 0 0
2145.5385 2156.9099 9.095082e-17 3.945978e-17 7.159218e-03 0 0
2147.0772 2158.4567 -2.983233e-17 2.887729e-17 -2.358280e-03 0 0
2148.6159 2160.0036 2.953263e-17 3.485365e-17 2.344538e-03 0 0
2150.1546 2161.5505 -1.008805e-17 3.071562e-17 -8.042771e-04 0 0
2151.6934 2163.0973 1.086414e-17 3.255402e-17 8.697934e-04 0 0
2153.2321 2164.6442 -2.636548e-17 2.838549e-17 -2.119673e-03 0 0
2154.7708 2166.1911 2.221514e-17 3.330463e-17 1.793309e-03 0 0
2156.3096 2167.7380 7.110605e-17 3.591507e-17 5.763250e-03 0 0
2157.8484 2169.2849 3.254228e-17 3.377413e-17 2.647931e-03 0 0
2159.3871 2170.8319 -4.461806e-17 2.763664e-17 -3.644518e-03 0 0
2160.9259 2172.3788 -5.629344e-18 3.084671e-17 -4.615139e-04 0 0
2162.4647 2173.9257 2.307125e-17 3.295912e-17 1.898272e-03 0 0
2164.0035 2175.4727 6.938309e-18 3.104243e-17 5.728194e-04 0 0
2165.5423 2177.0197 -4.272973e-17 2.783267e-17 -3.539361e-03 0 0
2167.0811 2178.5666 1.332287e-17 3.165976e-17 1.107011e-03 0 0
2168.6199 2180.1136 4.532972e-17 3.347532e-17 3.777929e-03 0 0
2170.1587 2181.6606 1.512605e-17 3.102977e-17 1.264336e-03 0 0
2171.6976 2183.2076 3.468122e-17 3.364596e-17 2.907126e-03 0 0
2173.2364 2184.7546 -2.791415e-17 2.692832e-17 -2.346362e-03 0 0
2174.7753 2186.3016 5.580249e-17 3.443546e-17 4.703302e-03 0 0
2176.3142 2187.8486 -1.333964e-17 2.891667e-17 -1.127349e-03 0 0
2177.8530 2189.3957 -1.021612e-17 2.782264e-17 -8.656741e-04 0 0
2179.3919 2190.9427 -7.806694e-18 2.962903e-17 -6.632730e-04 0 0
2180.9308 2192.4897 -2.722733e-18 2.879312e-17 -2.319473e-04 0 0
2182.4697 2194.0368 5.750480e-17 3.357813e-17 4.912091e-03 0 0
2184.0086 2195.5839 3.713958e-17 3.226870e-17 3.181227e-03 0 0
2185.5476 2197.1310 1.527411e-17 3.042700e-17 1.312025e-03 0 0
2187.0865 2198.6780 -8.913275e-18 2.856072e-17 -7.678634e-04 0 0
2188.6254 2200.2251 -5.448728e-18 2.793426e-17 -4.708094e-04 0 0
2190.1644 2201.7722 -1.085552e-17 2.728123e-17 -9.409129e-04 0 0
2191.7033 2203.3194 -2.181613e-17 2.730797e-17 -1.896979e-03 0 0
2193.2423 2204.8665 -5.284354e-18 2.848239e-17 -4.610049e-04 0 0
2194.7813 2206.4136 3.119925e-17 3.115568e-17 2.730938e-03 0 0
2196.3203 2207.9607 -5.820032e-18 2.811384e-17 -5.111862e-04 0 0
2197.8592 2209.5079 -3.535025e-18 2.833697e-17 -3.115640e-04 0 0
2199.3982 2211.0551 -2.984934e-17 2.545198e-17 -2.640047e-03 0 0
2200.9373 2212.6022 7.200220e-18 2.877191e-17 6.390716e-04 0 0
2202.4763 2214.1494 -1.458927e-17 2.736540e-17 -1.299488e-03 0 0
2204.0153 2215.6966 6.176826e-18 2.894731e-17 5.521225e-04 0 0
2205.5543 2217.2438 2.656053e-17 3.045723e-17 2.382506e-03 0 0
2207.0934 2218.7910 3.707059e-17 3.082880e-17 3.336890e-03 0 0
2208.6324 2220.3382 1.574701e-17 2.855534e-17 1.422350e-03 0 0
2210.1715 2221.8854 1.821363e-17 3.012312e-17 1.650754e-03 0 0
2211.7106 2223.4326 -3.229682e-17 2.456858e-17 -2.936901e-03 0 0
2213.2497 2224.9799 -2.246297e-17 2.646608e-17 -2.049354e-03 0 0
2214.7888 2226.5271 -1.099934e-17 2.688295e-17 -1.006674e-03 0 0
2216.3279 2228.0744 1.940210e-17 2.819954e-17 1.781232e-03 0 0
2217.8670 2229.6217 2.705933e-18 2.760646e-17 2.491645e-04 0 0
2219.4061 2231.1689 -1.517574e-17 2.566724e-17 -1.401509e-03 0 0
2220.9452 2232.7162 5.364728e-17 3.215575e-17 4.968436e-03 0 0
2222.4844 2234.2635 2.251882e-17 2.854727e-17 2.091341e-03 0 0
2224.0235 2235.8108 -1.555380e-17 2.563923e-17 -1.448345e-03 0 0
2225.5627 2237.3581 -4.442632e-17 2.293620e-17 -4.147778e-03 0 0
2227.1018 2238.9055 -2.487171e-17 2.462745e-17 -2.327936e-03 0 0
2228.6410 2240.4528 -4.158366e-17 2.204010e-17 -3.901789e-03 0 0
2230.1802 2242.0001 1.131061e-17 2.735961e-17 1.063785e-03 0 0
2231.7194 2243.5475 2.842107e-17 2.886504e-17 2.679304e-03 0 0
2233.2586 2245.0948 3.155863e-17 2.842768e-17 2.981711e-03 0 0
2234.7978 2246.6422 2.293251e-18 2.673663e-17 2.171469e-04 0 0
2236.3370 2248.1896 -1.948294e-17 2.420362e-17 -1.848688e-03 0 0
2237.8762 2249.7370 -1.147143e-18 2.605174e-17 -1.090749e-04 0 0
2239.4155 2251.2844 6.177094e-18 2.658716e-17 5.883968e-04 0 0
2240.9547 2252.8318 8.801111e-18 2.669801e-17 8.398280e-04 0 0
2242.4940 2254.3792 1.532988e-17 2.736107e-17 1.465284e-03 0 0
2244.0332 2255.9266 2.274155e-18 2.654317e-17 2.177359e-04 0 0
2245.5725 2257.4740 -2.739651e-17 2.394470e-17 -2.627295e-03 0 0
2247.1118 2259.0215 3.146297e-17 2.876045e-17 3.022144e-03 0 0
2248.6511 2260.5689 8.938342e-18 2.725920e-17 8.599267e-04 0 0
2250.1904 2262.1164 -2.255413e-17 2.382926e-17 -2.173299e-03 0 0
2251.7297 2263.6638 -3.599562e-18 2.494083e-17 -3.474024e-04 0 0
2253.2690 2265.2113 -2.458724e-18 2.631822e-17 -2.376749e-04 0 0
2254.8083 2266.7588 4.934190e-17 2.960918e-17 4.777437e-03 0 0
2256.3476 2268.3063 -5.538465e-17 2.006456e-17 -5.371243e-03 0 0
2257.8870 2269.8538 -5.189518e-18 2.534277e-17 -5.041363e-04 0 0
2259.4263 2271.4013 2.503751e-17 2.740891e-17 2.436397e-03 0 0
2260.9657 2272.9488 -4.309932e-17 2.143943e-17 -4.201516e-03 0 0
2262.5051 2274.4963 1.882390e-17 2.709014e-17 1.838329e-03 0 0
2264.0444 2276.0439 -1.090335e-17 2.474449e-17 -1.066863e-03 0 0
2265.5838 2277.5914 -1.622461e-17 2.433007e-17 -1.590587e-03 0 0
2267.1232 2279.1390 1.539716e-17 2.655793e-17 1.512538e-03 0 0
2268.6626 2280.6866 1.801316e-17 2.640657e-17 1.773122e-03 0 0
2270.2021 2282.2341 3.856906e-17 2.849881e-17 3.804554e-03 0 0
2271.7415 2283.7817 4.709783e-17 2.808725e-17 4.655670e-03 0 0
2273.2809 2285.3293 4.632574e-18 2.622625e-17 4.589244e-04 0 0
2274.8204 2286.8769 7.916102e-18 2.582530e-17 7.859018e-04 0 0
2276.3598 2288.4245 -1.769016e-18 2.483485e-17 -1.760093e-04 0 0
2277.8993 2289.9721 -8.118032e-18 2.462838e-17 -8.094709e-04 0 0
2279.4387 2291.5198 2.791527e-17 2.722784e-17 2.789555e-03 0 0
2280.9782 2293.0674 1.756699e-17 2.654342e-17 1.759267e-03 0 0
2282.5177 2294.6151 -2.703404e-17 2.290532e-17 -2.713131e-03 0 0
2284.0572 2296.1627 2.071750e-17 2.683656e-17 2.083626e-03 0 0
2285.5967 2297.7104 4.589704e-17 2.832807e-17 4.625538e-03 0 0
2287.1362 2299.2581 2.660296e-17 2.639042e-17 2.686566e-03 0 0
2288.6758 2300.8057 1.951744e-17 2.629732e-17 1.974899e-03 0 0
2290.2153 2302.3534 -1.892361e-17 2.280064e-17 -1.918549e-03 0 0
2291.7548 2303.9011 -3.607835e-18 2.387523e-17 -3.664617e-04 0 0
2293.2944 2305.4488 -5.052288e-18 2.369022e-17 -5.141322e-04 0 0
2294.8339 2306.9966 -1.630378e-17 2.275984e-17 -1.662085e-03 0 0
2296.3735 2308.5443 8.641790e-18 2.541115e-17 8.825506e-04 0 0
2297.9131 2310.0920 -9.978245e-18 2.315032e-17 -1.020797e-03 0 0
2299.4527 2311.6398 3.135161e-17 2.724321e-17 3.212833e-03 0 0
2300.9923 2313.1875 -1.583234e-17 2.219468e-17 -1.625173e-03 0 0
2302.5319 2314.7353 1.483529e-17 2.510672e-17 1.525357e-03 0 0
2304.0715 2316.2831 -1.395169e-17 2.287714e-17 -1.436853e-03 0 0
2305.6111 2317.8308 2.509532e-17 2.560016e-17 2.588714e-03 0 0
2307.1507 2319.3786 1.969108e-17 2.539023e-17 2.034519e-03 0 0
2308.6904 2320.9264 2.409416e-17 2.589281e-17 2.493460e-03 0 0
2310.2300 2322.4743 2.347241e-17 2.578078e-17 2.433019e-03 0 0
2311.7697 2324.0221 2.906005e-17 2.584892e-17 3.017036e-03 0 0
2313.3094 2325.5699 1.551785e-17 2.528616e-17 1.613667e-03 0 0
2314.8490 2327.1177 -1.286499e-17 2.266466e-17 -1.339958e-03 0 0
2316.3887 2328.6656 8.716598e-18 2.493819e-17 9.093450e-04 0 0
2317.9284 2330.2134 3.687287e-17 2.644949e-17 3.852908e-03 0 0
2319.4681 2331.7613 -4.443287e-18 2.416266e-17 -4.650312e-04 0 0
2321.0078 2333.3092 3.434550e-17 2.536098e-17 3.600324e-03 0 0
2322.5476 2334.8571 4.161396e-17 2.732203e-17 4.369156e-03 0 0
2324.0873 2336.4050 -2.025196e-17 2.214299e-17 -2.129647e-03 0 0
2325.6270 2337.9529 7.083994e-18 2.442385e-17 7.460893e-04 0 0
2327.1668 2339.5008 -4.706131e-19 2.425066e-17 -4.964112e-05 0 0
2328.7065 2341.0487 -7.612715e-18 2.209771e-17 -8.042071e-04 0 0
2330.2463 2342.5966 1.877570e-17 2.568691e-17 1.986392e-03 0 0
2331.7861 2344.1445 2.082172e-17 2.542048e-17 2.206023e-03 0 0
2333.3259 2345.6925 2.403004e-17 2.560742e-17 2.549530e-03 0 0
2334.8657 2347.2404 3.200330e-17 2.620768e-17 3.400112e-03 0 0
2336.4055 2348.7884 1.856903e-17 2.445121e-17 1.975439e-03 0 0
2337.9453 2350.3364 2.113792e-17 2.525823e-17 2.251526e-03 0 0
2339.4851 2351.8844 3.748562e-17 2.685723e-17 3.997313e-03 0 0
2341.0249 2353.4324 -1.392080e-18 2.338465e-17 -1.486074e-04 0 0
2342.5648 2354.9804 1.575841e-17 2.450235e-17 1.684012e-03 0 0
2344.1046 2356.5284 3.178565e-18 2.377548e-17 3.400244e-04 0 0
2345.6445 2358.0764 1.595424e-17 2.399069e-17 1.708400e-03 0 0
2347.1843 2359.6244 3.781222e-17 2.626192e-17 4.052993e-03 0 0
2348.7242 2361.1725 3.682671e-17 2.609022e-17 3.951223e-03 0 0
2350.2641 2362.7205 4.783039e-17 2.666884e-17 5.136855e-03 0 0
2351.8040 2364.2686 -1.739657e-17 2.136363e-17 -1.870174e-03 0 0
2353.3439 2365.8166 3.668435e-17 2.602822e-17 3.947562e-03 0 0
2354.8838 2367.3647 2.390682e-17 2.480527e-17 2.575172e-03 0 0
2356.4237 2368.9128 4.593956e-18 2.336390e-17 4.953553e-04 0 0
2357.9637 2370.4609 -2.023410e-17 2.133345e-17 -2.184103e-03 0 0
2359.5036 2372.0090 -1.949209e-17 2.125307e-17 -2.106297e-03 0 0
2361.0435 2373.5571 5.301675e-17 2.720647e-17 5.735436e-03 0 0
2362.5835 2375.1052 -1.124444e-17 2.193309e-17 -1.217864e-03 0 0
2364.1235 2376.6533 -8.726847e-18 2.145644e-17 -9.463495e-04 0 0
2365.6634 2378.2015 2.041969e-17 2.355661e-17 2.217119e-03 0 0
2367.2034 2379.7496 2.953568e-17 2.580946e-17 3.211115e-03 0 0
2368.7434 2381.2978 1.411094e-17 2.374326e-17 1.536178e-03 0 0
2370.2834 2382.8459 4.089035e-17 2.555569e-17 4.457578e-03 0 0
2371.8234 2384.3941 2.335695e-18 2.315349e-17 2.549710e-04 0 0
2373.3634 2385.9423 3.387425e-18 2.260595e-17 3.702966e-04 0 0
2374.9035 2387.4905 6.526085e-17 2.800538e-17 7.143955e-03 0 0
2376.4435 2389.0387 4.810931e-17 2.594481e-17 5.273781e-03 0 0
2377.9836 2390.5869 -7.191525e-19 2.283996e-17 -7.894379e-05 0 0
2379.5236 2392.1351 2.602084e-17 2.455684e-17 2.860325e-03 0 0
2381.0637 2393.6833 -9.351701e-18 2.185031e-17 -1.029381e-03 0 0
2382.6037 2395.2315 2.672120e-17 2.505779e-17 2.945215e-03 0 0
2384.1438 2396.7798 1.203134e-18 2.234714e-17 1.327831e-04 0 0
2385.6839 2398.3280 -1.514509e-17 2.158730e-17 -1.673570e-03 0 0
2387.2240 2399.8763 1.033535e-18 2.239543e-17 1.143492e-04 0 0
2388.7641 2401.4246 2.250219e-17 2.405233e-17 2.492401e-03 0 0
2390.3043 2402.9729 4.969733e-17 2.651329e-17 5.510673e-03 0 0
2391.8444 2404.5212 5.130126e-17 2.578055e-17 5.694436e-03 0 0
2393.3845 2406.0695 3.417035e-17 2.535411e-17 3.796804e-03 0 0
2394.9247 2407.6178 3.824645e-17 2.493612e-17 4.253860e-03 0 0
2396.4648 2409.1661 2.442245e-17 2.492115e-17 2.718952e-03 0 0
2398.0050 2410.7144 -2.118677e-17 2.044232e-17 -2.360923e-03 0 0
2399.5452 2412.2627 2.530885e-17 2.429409e-17 2.822884e-03 0 0
2401.0853 2413.8111 -1.950705e-17 2.089543e-17 -2.177753e-03 0 0
2402.6255 2415.3594 2.579519e-17 2.438141e-17 2.882384e-03 0 0
2404.1657 2416.9078 -1.786589e-17 2.022721e-17 -1.998176e-03 0 0
2405.7059 2418.4562 -1.946274e-18 2.201072e-17 -2.178762e-04 0 0
2407.2462 2420.0046 3.635732e-17 2.529492e-17 4.073826e-03 0 0
2408.7864 2421.5529 3.107906e-17 2.446059e-17 3.485659e-03 0 0
2410.3266 2423.1013 -4.321220e-18 2.134568e-17 -4.851173e-04 0 0
2411.8669 2424.6498 2.150003e-17 2.415301e-17 2.416041e-03 0 0
2413.4071 2426.1982 5.490433e-17 2.642462e-17 6.176192e-03 0 0
2414.9474 2427.7466 -2.757869e-17 1.993427e-17 -3.105543e-03 0 0
2416.4877 2429.2950 2.476736e-17 2.398079e-17 2.791993e-03 0 0
2418.0279 2430.8435 2.651630e-17 2.416580e-17 2.992391e-03 0 0
2419.5682 2432.3919 1.295576e-17 2.300122e-17 1.463705e-03 0 0
2421.1085 2433.9404 1.849907e-17 2.362812e-17 2.092309e-03 0 0
2422.6488 2435.4889 -2.884555e-17 1.952250e-17 -3.266230e-03 0 0
2424.1891 2437.0373 6.956955e-18 2.325679e-17 7.886400e-04 0 0
2425.7295 2438.5858 3.051078e-17 2.413776e-17 3.462639e-03 0 0
2427.2698 2440.1343 2.011175e-17 2.364551e-17 2.285061e-03 0 0
2428.8102 2441.6828 4.996218e-17 2.649283e-17 5.682972e-03 0 0
2430.3505 2443.2314 1.243093e-18 2.219004e-17 1.415544e-04 0 0
2431.8909 2444.7799 8.304553e-18 2.263153e-17 9.466932e-04 0 0
2433.4312 2446.3284 4.510275e-17 2.507520e-17 5.147168e-03 0 0
2434.9716 2447.8770 4.130093e-17 2.570686e-17 4.718212e-03 0 0
2436.5120 2449.4255 -4.997549e-18 2.165692e-17 -5.715120e-04 0 0
2438.0524 2450.9741 2.913983e-17 2.432988e-17 3.336207e-03 0 0
2439.5928 2452.5227 2.208550e-18 2.185637e-17 2.531597e-04 0 0
2441.1332 2454.0712 8.979086e-18 2.236167e-17 1.030425e-03 0 0
2442.6737 2455.6198 1.106266e-17 2.250376e-17 1.270976e-03 0 0
2444.2141 2457.1684 3.649855e-17 2.435795e-17 4.197841e-03 0 0
2445.7545 2458.7170 2.358198e-17 2.401237e-17 2.715188e-03 0 0
2447.2950 2460.2656 6.390239e-17 2.635019e-17 7.365213e-03 0 0
2448.8354 2461.8143 7.037763e-18 2.208231e-17 8.119848e-04 0 0
2450.3759 2463.3629 1.927945e-17 2.323414e-17 2.226568e-03 0 0
2451.9164 2464.9116 -1.018344e-18 2.128832e-17 -1.177228e-04 0 0
2453.4569 2466.4602 -7.818947e-18 2.111267e-17 -9.047389e-04 0 0
2454.9974 2468.0089 3.713159e-17 2.466588e-17 4.300548e-03 0 0
2456.5379 2469.5575 -4.233810e-18 2.136156e-17 -4.907981e-04 0 0
2458.0784 2471.1062 -2.620605e-17 1.892095e-17 -3.040611e-03 0 0
2459.6189 2472.6549 -1.888692e-18 2.092214e-17 -2.193290e-04 0 0
2461.1595 2474.2036 1.263825e-17 2.235417e-17 1.468907e-03 0 0
2462.7000 2475.7523 2.306149e-17 2.393898e-17 2.682610e-03 0 0
2464.2406 2477.3010 4.558575e-17 2.435896e-17 5.307129e-03 0 0
2465.7811 2478.8498 5.304245e-18 2.190280e-17 6.180243e-04 0 0
2467.3217 2480.3985 -8.808498e-18 2.085223e-17 -1.027146e-03 0 0
2468.8623 2481.9472 3.061020e-17 2.282766e-17 3.572241e-03 0 0
2470.4029 2483.4960 8.573251e-18 2.233383e-17 1.001297e-03 0 0
2471.9434 2485.0447 -5.130644e-18 2.066431e-17 -5.996934e-04 0 0
2473.4841 2486.5935 2.952214e-17 2.370417e-17 3.453378e-03 0 0
2475.0247 2488.1423 2.212178e-17 2.272273e-17 2.589734e-03 0 0
2476.5653 2489.6911 1.982259e-17 2.258343e-17 2.322385e-03 0 0
2478.1059 2491.2399 5.069424e-17 2.521332e-17 5.943927e-03 0 0
2479.6466 2492.7887 7.021510e-17 2.660998e-17 8.239245e-03 0 0
2481.1872 2494.3375 -1.110001e-17 2.025402e-17 -1.303546e-03 0 0
2482.7279 2495.8863 1.385963e-17 2.198882e-17 1.628935e-03 0 0
2484.2685 2497.4352 2.311262e-17 2.313404e-17 2.718669e-03 0 0
2485.8092 2498.9840 4.524622e-17 2.438539e-17 5.326581e-03 0 0
2487.3499 2500.5329 4.294090e-18 2.099938e-17 5.059453e-04 0 0
2488.8906 2502.0817 1.617605e-17 2.276470e-17 1.907549e-03 0 0
2490.4313 2503.6306 3.369958e-17 2.417727e-17 3.977459e-03 0 0
2491.9720 2505.1795 3.499004e-17 2.366694e-17 4.133413e-03 0 0
2493.5128 2506.7284 -1.459637e-17 1.994185e-17 -1.725826e-03 0 0
2495.0535 2508.2773 3.081752e-17 2.382459e-17 3.647047e-03 0 0
2496.5942 2509.8262 -5.592526e-18 2.053724e-17 -6.624389e-04 0 0
2498.1350 2511.3751 9.207094e-18 2.148912e-17 1.091584e-03 0 0
2499.6757 2512.9240 1.398563e-17 2.182108e-17 1.659645e-03 0 0
2501.2165 2514.4730 1.313972e-17 2.184419e-17 1.560700e-03 0 0
2502.7573 2516.0219 -4.775990e-18 2.047203e-17 -5.678023e-04 0 0
2504.2981 2517.5708 -2.140971e-17 1.911942e-17 -2.547679e-03 0 0
2505.8389 2519.1198 -2.563977e-17 1.841736e-17 -3.053850e-03 0 0
2507.3797 2520.6688 -3.053487e-18 2.014936e-17 -3.640226e-04 0 0
2508.9205 2522.2178 -2.738466e-17 1.860229e-17 -3.267651e-03 0 0
2510.4613 2523.7667 -1.198225e-17 1.979750e-17 -1.431067e-03 0 0
2512.0021 2525.3157 4.219200e-17 2.418852e-17 5.043610e-03 0 0
2513.5430 2526.8648 4.352743e-17 2.425544e-17 5.207878e-03 0 0
2515.0838 2528.4138 -8.016913e-18 2.024562e-17 -9.600344e-04 0 0
2516.6247 2529.9628 1.999565e-17 2.272927e-17 2.396578e-03 0 0
2518.1656 2531.5118 -2.235892e-17 1.828224e-17 -2.682124e-03 0 0
2519.7064 2533.0609 3.399669e-17 2.312063e-17 4.081608e-03 0 0
2521.2473 2534.6099 1.592439e-17 2.224944e-17 1.913457e-03 0 0
2522.7882 2536.1590 -1.467778e-17 1.920743e-17 -1.765105e-03 0 0
2524.3291 2537.7081 3.028309e-17 2.325778e-17 3.644674e-03 0 0
2525.8700 2539.2571 3.025960e-17 2.297922e-17 3.644694e-03 0 0
2527.4109 2540.8062 -9.752790e-18 1.996979e-17 -1.175602e-03 0 0
2528.9519 2542.3553 5.839564e-18 2.137059e-17 7.044263e-04 0 0
2530.4928 2543.9044 2.398688e-18 2.055905e-17 2.895652e-04 0 0
2532.0338 2545.4535 -4.542872e-18 2.003833e-17 -5.487947e-04 0 0
2533.5747 2547.0027 -1.958257e-17 1.868804e-17 -2.367279e-03 0 0
2535.1157 2548.5518 3.795269e-17 2.337042e-17 4.591036e-03 0 0
2536.6567 2550.1009 8.524737e-18 2.122226e-17 1.031872e-03 0 0
2538.1977 2551.6501 1.820290e-17 2.159477e-17 2.204580e-03 0 0
2539.7386 2553.1993 -6.850065e-18 2.055667e-17 -8.300713e-04 0 0
2541.2796 2554.7484 7.728192e-18 2.120936e-17 9.369631e-04 0 0
2542.8207 2556.2976 1.216156e-17 2.143560e-17 1.475208e-03 0 0
2544.3617 2557.8468 1.006255e-17 2.128725e-17 1.221185e-03 0 0
2545.9027 2559.3960 1.278642e-17 2.145419e-17 1.552490e-03 0 0
2547.4437 2560.9452 2.532320e-17 2.214192e-17 3.076069e-03 0 0
2548.9848 2562.4944 3.456484e-18 2.112576e-17 4.200565e-04 0 0
2550.5259 2564.0436 2.488727e-17 2.222174e-17 3.025797e-03 0 0
2552.0669 2565.5929 1.485236e-17 2.160803e-17 1.806534e-03 0 0
2553.6080 2567.1421 4.514672e-17 2.387882e-17 5.493664e-03 0 0
2555.1491 2568.6914 5.674954e-17 2.465155e-17 6.908484e-03 0 0
2556.6902 2570.2406 1.332667e-17 2.159382e-17 1.623023e-03 0 0
2558.2313 2571.7899 -1.146440e-17 1.931772e-17 -1.396810e-03 0 0
2559.7724 2573.3392 5.676098e-18 2.135722e-17 6.918618e-04 0 0
2561.3135 2574.8885 1.443875e-17 2.223580e-17 1.760692e-03 0 0
2562.8546 2576.4378 1.277446e-17 2.128868e-17 1.558421e-03 0 0
2564.3958 2577.9871 4.370005e-17 2.377736e-17 5.333499e-03 0 0
2565.9369 2579.5364 1.248070e-17 2.166242e-17 1.523901e-03 0 0
2567.4781 2581.0857 2.060377e-17 2.167622e-17 2.516811e-03 0 0
2569.0192 2582.6350 6.430135e-17 2.552783e-17 7.857868e-03 0 0
2570.5604 2584.1844 1.568606e-17 2.173037e-17 1.917687e-03 0 0
2572.1016 2585.7337 5.226819e-18 2.099915e-17 6.392496e-04 0 0
2573.6428 2587.2831 5.952948e-17 2.480944e-17 7.283367e-03 0 0
2575.1840 2588.8325 2.133245e-17 2.208498e-17 2.610909e-03 0 0
2576.7252 2590.3819 3.054696e-17 2.306580e-17 3.739964e-03 0 0
2578.2664 2591.9312 1.089746e-17 2.157697e-17 1.334603e-03 0 0
2579.8077 2593.4806 3.367177e-17 2.351196e-17 4.124937e-03 0 0
2581.3489 2595.0300 1.901823e-17 2.176614e-17 2.330344e-03 0 0
2582.8901 2596.5795 2.218126e-18 2.041951e-17 2.718517e-04 0 0
2584.4314 2598.1289 -5.445094e-18 1.984284e-17 -6.674430e-04 0 0
2585.9727 2599.6783 -1.764207e-18 1.977600e-17 -2.162815e-04 0 0
2587.5139 2601.2278 3.912080e-17 2.387054e-17 4.796248e-03 0 0
2589.0552 2602.7772 4.591688e-17 2.413040e-17 5.629752e-03 0 0
2590.5965 2604.3267 3.343862e-17 2.323348e-17 4.099759e-03 0 0
2592.1378 2605.8761 4.695441e-17 2.376998e-17 5.756768e-03 0 0
2593.6791 2607.4256 4.672922e-17 2.390349e-17 5.728774e-03 0 0
2595.2204 2608.9751 -5.544216e-18 2.022954e-17 -6.796471e-04 0 0
2596.7618 2610.5246 4.167022e-17 2.348653e-17 5.107745e-03 0 0
2598.3031 2612.0741 1.888935e-17 2.149736e-17 2.315153e-03 0 0
2599.8445 2613.6236 6.734547e-17 2.529696e-17 8.253346e-03 0 0
2601.3858 2615.1732 4.362969e-17 2.353205e-17 5.346409e-03 0 0
2602.9272 2616.7227 3.131088e-17 2.302444e-17 3.836579e-03 0 0
2604.4686 2618.2722 5.224887e-18 2.104246e-17 6.401689e-04 0 0
2606.0099 2619.8218 7.283104e-17 2.554417e-17 8.923220e-03 0 0
2607.5513 2621.3713 3.345399e-17 2.273893e-17 4.098653e-03 0 0
2609.0927 2622.9209 4.693085e-17 2.411260e-17 5.750002e-03 0 0
2610.6341 2624.4705 3.206806e-17 2.287203e-17 3.929168e-03 0 0
2612.1756 2626.0201 4.857066e-17 2.408194e-17 5.951897e-03 0 0
2613.7170 2627.5697 3.541510e-17 2.331769e-17 4.340368e-03 0 0
2615.2584 2629.1193 3.383033e-17 2.309494e-17 4.146936e-03 0 0
2616.7999 2630.6689 4.685201e-17 2.411516e-17 5.744277e-03 0 0
2618.3413 2632.2185 6.567050e-17 2.534348e-17 8.053407e-03 0 0
2619.8828 2633.7682 8.726056e-18 2.101804e-17 1.070365e-03 0 0
2621.4243 2635.3178 2.701755e-17 2.213955e-17 3.314897e-03 0 0
2622.9657 2636.8675 4.577207e-17 2.377951e-17 5.617404e-03 0 0
2624.5072 2638.4171 4.560879e-17 2.406720e-17 5.598743e-03 0 0
2626.0487 2639.9668 5.271201e-17 2.449091e-17 6.472282e-03 0 0
2627.5902 2641.5165 7.267952e-17 2.552487e-17 8.925891e-03 0 0
2629.1318 2643.0662 8.809745e-19 2.002421e-17 1.082160e-04 0 0
2630.6733 2644.6159 8.918891e-18 2.120267e-17 1.095731e-03 0 0
2632.2148 2646.1656 2.679722e-17 2.236508e-17 3.292621e-03 0 0
2633.7564 2647.7153 1.945362e-17 2.223141e-17 2.390450e-03 0 0
2635.2979 2649.2650 3.359000e-17 2.322009e-17 4.127696e-03 0 0
2636.8395 2650.8147 6.306255e-17 2.525022e-17 7.748859e-03 0 0
2638.3811 2652.3645 8.132882e-18 2.106435e-17 9.992195e-04 0 0
2639.9226 2653.9142 1.251839e-18 2.053931e-17 1.537722e-04 0 0
2641.4642 2655.4640 2.631577e-17 2.197286e-17 3.231807e-03 0 0
2643.0058 2657.0138 2.536942e-17 2.280781e-17 3.114642e-03 0 0
2644.5474 2658.5635 7.243153e-17 2.602255e-17 8.889581e-03 0 0
2646.0891 2660.1133 1.134233e-17 2.108732e-17 1.391500e-03 0 0
2647.6307 2661.6631 3.657408e-17 2.393077e-17 4.485075e-03 0 0
2649.1723 2663.2129 3.370885e-17 2.239709e-17 4.131724e-03 0 0
2650.7140 2664.7627 4.292564e-17 2.398577e-17 5.258768e-03 0 0
2652.2556 2666.3126 3.267070e-17 2.309683e-17 4.000227e-03 0 0
2653.7973 2667.8624 3.953178e-17 2.378369e-17 4.837502e-03 0 0
2655.3389 2669.4122 3.696553e-17 2.398256e-17 4.520682e-03 0 0
2656.8806 2670.9621 8.148057e-18 2.092366e-17 9.958278e-04 0 0
2658.4223 2672.5120 -5.362561e-18 2.019288e-17 -6.549542e-04 0 0
2659.9640 2674.0618 -1.579644e-17 1.877690e-17 -1.927960e-03 0 0
2661.5057 2675.6117 2.091677e-17 2.184355e-17 2.551076e-03 0 0
2663.0474 2677.1616 1.860136e-17 2.187160e-17 2.267032e-03 0 0
2664.5892 2678.7115 1.847106e-17 2.142907e-17 2.249485e-03 0 0
2666.1309 2680.2614 3.053913e-17 2.293676e-17 3.716395e-03 0 0
2667.6726 2681.8113 4.547142e-17 2.469126e-17 5.529375e-03 0 0
2669.2144 2683.3612 9.214258e-18 2.112299e-17 1.119615e-03 0 0
2670.7562 2684.9112 7.704002e-18 2.141344e-17 9.354018e-04 0 0
2672.2979 2686.4611 3.246401e-17 2.301817e-17 3.938755e-03 0 0
2673.8397 2688.0111 -6.615441e-18 1.983362e-17 -8.020434e-04 0 0
2675.3815 2689.5610 6.140281e-17 2.515867e-17 7.439002e-03 0 0
2676.9233 2691.1110 2.748180e-17 2.304455e-17 3.327122e-03 0 0
2678.4651 2692.6610 -3.044891e-17 1.740605e-17 -3.683836e-03 0 0
2680.0069 2694.2110 9.460074e-18 2.143537e-17 1.143780e-03 0 0
2681.5488 2695.7610 1.762819e-17 2.230899e-17 2.130042e-03 0 0
2683.0906 2697.3110 5.112007e-17 2.431320e-17 6.173347e-03 0 0
2684.6324 2698.8610 3.142459e-17 2.301973e-17 3.792832e-03 0 0
2686.1743 2700.4110 1.158844e-17 2.223155e-17 1.397985e-03 0 0
2687.7161 2701.9610 2.463917e-17 2.274733e-17 2.971026e-03 0 0
2689.2580 2703.5111 -7.635607e-18 2.012220e-17 -9.203205e-04 0 0
2690.7999 2705.0611 2.474986e-17 2.247123e-17 2.981927e-03 0 0
2692.3418 2706.6112 2.062634e-17 2.203766e-17 2.484161e-03 0 0
2693.8837 2708.1613 4.257523e-17 2.426982e-17 5.125703e-03 0 0
2695.4256 2709.7113 1.083067e-17 2.138305e-17 1.303432e-03 0 0
2696.9675 2711.2614 2.344944e-17 2.234204e-17 2.820977e-03 0 0
2698.5094 2712.8115 2.177997e-17 2.255453e-17 2.619081e-03 0 0
2700.0514 2714.3616 2.602024e-17 2.315910e-17 3.127632e-03 0 0
2701.5933 2715.9118 3.741905e-17 2.371471e-17 4.495668e-03 0 0
2703.1353 2717.4619 5.309856e-17 2.524496e-17 6.376166e-03 0 0
2704.6772 2719.0120 5.736848e-17 2.534501e-17 6.885018e-03 0 0
2706.2192 2720.5622 3.795060e-17 2.340248e-17 4.551707e-03 0 0
2707.7612 2722.1123 6.884810e-17 2.654247e-17 8.251737e-03 0 0
2709.3032 2723.6625 3.247557e-17 2.302608e-17 3.889248e-03 0 0
2710.8452 2725.2126 -7.360286e-19 2.145677e-17 -8.807040e-05 0 0
2712.3872 2726.7628 5.817503e-17 2.528853e-17 6.954212e-03 0 0
2713.9292 2728.3130 6.834158e-17 2.634303e-17 8.161113e-03 0 0
2715.4712 2729.8632 -8.568830e-19 2.076078e-17 -1.022107e-04 0 0
2717.0132 2731.4134 1.594969e-18 2.114007e-17 1.900299e-04 0 0
2718.5553 2732.9636 3.240875e-17 2.364998e-17 3.856535e-03 0 0
2720.0973 2734.5138 -5.984871e-18 2.049288e-17 -7.112890e-04 0 0
2721.6394 2736.0641 4.451807e-17 2.435755e-17 5.284050e-03 0 0
2723.1815 2737.6143 6.228257e-17 2.599938e-17 7.383013e-03 0 0
2724.7235 2739.1646 2.106750e-17 2.258374e-17 2.494097e-03 0 0
2726.2656 2740.7148 6.058996e-17 2.602229e-17 7.163700e-03 0 0
2727.8077 2742.2651 2.217632e-17 2.273300e-17 2.618633e-03 0 0
2729.3498 2743.8154 1.739197e-17 2.270256e-17 2.051117e-03 0 0
2730.8919 2745.3657 7.644447e-17 2.705608e-17 9.004727e-03 0 0
2732.4341 2746.9160 5.499948e-17 2.580094e-17 6.471104e-03 0 0
2733.9762 2748.4663 3.907188e-17 2.450873e-17 4.592202e-03 0 0
2735.5183 2750.0166 1.447295e-17 2.260475e-17 1.699279e-03 0 0
2737.0605 2751.5669 2.727430e-17 2.338928e-17 3.199332e-03 0 0
2738.6027 2753.1173 6.381104e-17 2.672990e-17 7.478407e-03 0 0
2740.1448 2754.6676 6.263408e-17 2.589763e-17 7.334468e-03 0 0
2741.6870 2756.2179 1.805855e-17 2.270925e-17 2.112946e-03 0 0
2743.2292 2757.7683 4.598473e-17 2.540649e-17 5.376295e-03 0 0
2744.7714 2759.3187 5.574997e-17 2.543094e-17 6.512915e-03 0 0
2746.3136 2760.8691 5.759271e-17 2.640767e-17 6.722838e-03 0 0
2747.8558 2762.4194 6.382929e-17 2.598776e-17 7.444783e-03 0 0
2749.3980 2763.9698 5.596324e-17 2.636601e-17 6.521511e-03 0 0
2750.9403 2765.5203 5.709635e-17 2.630744e-17 6.647463e-03 0 0
2752.4825 2767.0707 5.670125e-17 2.528396e-17 6.594535e-03 0 0
2754.0248 2768.6211 4.057019e-17 2.524662e-17 4.713337e-03 0 0
2755.5670 2770.1715 5.738116e-17 2.535976e-17 6.657876e-03 0 0
2757.1093 2771.7220 3.125686e-17 2.404351e-17 3.621935e-03 0 0
2758.6516 2773.2724 5.135800e-17 2.615365e-17 5.941840e-03 0 0
2760.1939 2774.8229 3.650552e-17 2.404278e-17 4.216698e-03 0 0
2761.7362 2776.3734 8.607987e-17 2.844294e-17 9.923993e-03 0 0
2763.2785 2777.9238 3.243625e-17 2.430988e-17 3.732280e-03 0 0
2764.8208 2779.4743 7.576560e-17 2.716668e-17 8.699033e-03 0 0
2766.3631 2781.0248 4.683183e-17 2.555128e-17 5.365219e-03 0 0
2767.9054 2782.5753 2.055199e-17 2.318244e-17 2.349016e-03 0 0
2769.4478 2784.1258 5.181502e-17 2.638889e-17 5.908382e-03 0 0
2770.9901 2785.6764 4.641274e-17 2.581357e-17 5.279732e-03 0 0
2772.5325 2787.2269 7.802489e-17 2.838838e-17 8.854544e-03 0 0
2774.0748 2788.7774 6.663228e-17 2.680941e-17 7.543969e-03 0 0
2775.6172 2790.3280 5.031802e-17 2.642600e-17 5.683530e-03 0 0
2777.1596 2791.8786 2.689887e-17 2.456338e-17 3.031640e-03 0 0
2778.7020 2793.4291 3.895222e-17 2.527643e-17 4.380473e-03 0 0
2780.2444 2794.9797 4.490272e-17 2.618594e-17 5.039906e-03 0 0
2781.7868 2796.5303 5.406670e-17 2.721831e-17 6.056716e-03 0 0
2783.3293 2798.0809 1.660344e-17 2.341282e-17 1.857040e-03 0 0
2784.8717 2799.6315 5.063746e-17 2.645900e-17 5.654717e-03 0 0
2786.4141 2801.1821 3.798811e-17 2.649342e-17 4.237211e-03 0 0
2787.9566 2802.7327 6.952684e-17 2.753298e-17 7.746068e-03 0 0
2789.4990 2804.2834 8.072163e-17 2.875886e-17 8.986132e-03 0 0
2791.0415 2805.8340 8.238937e-17 2.918514e-17 9.164626e-03 0 0
2792.5840 2807.3847 9.815608e-17 2.936963e-17 1.091270e-02 0 0
2794.1265 2808.9353 7.929557e-17 2.853729e-17 8.811344e-03 0 0
2795.6690 2810.4860 3.725079e-17 2.526148e-17 4.137846e-03 0 0
2797.2115 2812.0367 3.204767e-17 2.492920e-17 3.558657e-03 0 0
2798.7540 2813.5874 5.154079e-17 2.749464e-17 5.721620e-03 0 0
2800.2965 2815.1381 6.498819e-17 2.720892e-17 7.212454e-03 0 0
2801.8390 2816.6888 6.639679e-17 2.807602e-17 7.366511e-03 0 0
2803.3816 2818.2395 5.736407e-17 2.694172e-17 6.362364e-03 0 0
2804.9241 2819.7902 8.048195e-17 2.865331e-17 8.922540e-03 0 0
2806.4667 2821.3410 9.602685e-17 2.941330e-17 1.064109e-02 0 0
2808.0093 2822.8917 4.904663e-17 2.693998e-17 5.431441e-03 0 0
2809.5518 2824.4425 2.835380e-17 2.531589e-17 3.137718e-03 0 0
2811.0944 2825.9932 6.841969e-17 2.812439e-17 7.564211e-03 0 0
2812.6370 2827.5440 1.326652e-16 3.242263e-17 1.465198e-02 0 0
2814.1796 2829.0948 1.062979e-16 3.063351e-17 1.172481e-02 0 0
2815.7222 2830.6456 5.331432e-17 2.713435e-17 5.872747e-03 0 0
2817.2648 2832.1964 8.455235e-17 2.926475e-17 9.299072e-03 0 0
2818.8075 2833.7472 8.461835e-17 2.960405e-17 9.291156e-03 0 0
2820.3501 2835.2980 6.783999e-17 2.867253e-17 7.435246e-03 0 0
2821.8928 2836.8488 1.007864e-16 3.026630e-17 1.102532e-02 0 0
2823.4354 2838.3996 6.043556e-17 2.830387e-17 6.597616e-03 0 0
2824.9781 2839.9505 1.022811e-16 3.027647e-17 1.114221e-02 0 0
2826.5208 2841.5013 3.182866e-17 2.583104e-17 3.459505e-03 0 0
2828.0635 2843.0522 8.005143e-17 2.968955e-17 8.680847e-03 0 0
2829.6062 2844.6031 7.612598e-17 2.905482e-17 8.235171e-03 0 0
2831.1489 2846.1539 1.004413e-16 3.080895e-17 1.083873e-02 0 0
2832.6916 2847.7048 6.659720e-17 2.870793e-17 7.168190e-03 0 0
2834.2343 2849.2557 7.352943e-17 2.904404e-17 7.893773e-03 0 0
2835.7770 2850.8066 4.478967e-17 2.759437e-17 4.795922e-03 0 0
2837.3198 2852.3576 1.157293e-16 3.199623e-17 1.235978e-02 0 0
2838.8625 2853.9085 1.020692e-16 3.089971e-17 1.087210e-02 0 0
2840.4053 2855.4594 7.635779e-17 3.014599e-17 8.111693e-03 0 0
2841.9480 2857.0104 8.140559e-17 2.990207e-17 8.624590e-03 0 0
2843.4908 2858.5613 8.398348e-17 3.047982e-17 8.873504e-03 0 0
2845.0336 2860.1123 1.010275e-16 3.087949e-17 1.064512e-02 0 0
2846.5764 2861.6632 1.210033e-16 3.264171e-17 1.271486e-02 0 0
2848.1192 2863.2142 8.298311e-17 3.057616e-17 8.695774e-03 0 0
2849.6620 2864.7652 9.691994e-17 3.076385e-17 1.012822e-02 0 0
2851.2048 2866.3162 7.296106e-17 2.972944e-17 7.603598e-03 0 0
2852.7477 2867.8672 5.168907e-17 2.829498e-17 5.371995e-03 0 0
2854.2905 2869.4182 6.196605e-17 2.915459e-17 6.422607e-03 0 0
2855.8334 2870.9693 8.972029e-17 3.144634e-17 9.274146e-03 0 0
2857.3762 2872.5203 1.139828e-16 3.339380e-17 1.175076e-02 0 0
2858.9191 2874.0713 9.806231e-17 3.152442e-17 1.008282e-02 0 0
2860.4620 2875.6224 6.365140e-17 2.934506e-17 6.527710e-03 0 0
2862.0048 2877.1735 3.545975e-17 2.763926e-17 3.627223e-03 0 0
2863.5477 2878.7245 5.982320e-18 2.550312e-17 6.103879e-04 0 0
2865.0906 2880.2756 1.020506e-16 3.221457e-17 1.038622e-02 0 0
2866.6335 2881.8267 5.046002e-17 2.842926e-17 5.122653e-03 0 0
2868.1765 2883.3778 5.998793e-17 2.949933e-17 6.074582e-03 0 0
2869.7194 2884.9289 1.042824e-16 3.234089e-17 1.053314e-02 0 0
2871.2623 2886.4800 4.553875e-17 2.867679e-17 4.587875e-03 0 0
2872.8053 2888.0312 8.780240e-17 3.156238e-17 8.822677e-03 0 0
2874.3482 2889.5823 4.181963e-17 2.827479e-17 4.191011e-03 0 0
2875.8912 2891.1334 6.590669e-17 3.061831e-17 6.586929e-03 0 0
2877.4342 2892.6846 9.215063e-17 3.223707e-17 9.184130e-03 0 0
2878.9772 2894.2358 8.083998e-17 3.152934e-17 8.033655e-03 0 0
2880.5202 2895.7869 4.263765e-17 2.878256e-17 4.224626e-03 0 0
2882.0632 2897.3381 9.345379e-17 3.290403e-17 9.231074e-03 0 0
2883.6062 2898.8893 7.359330e-17 3.138153e-17 7.246078e-03 0 0
2885.1492 2900.4405 2.829915e-17 2.774345e-17 2.777125e-03 0 0
2886.6922 2901.9917 1.018870e-17 2.705849e-17 9.964135e-04 0 0
2888.2353 2903.5429 6.566742e-17 3.058640e-17 6.399181e-03 0 0
2889.7783 2905.0941 8.429742e-17 3.225721e-17 8.184457e-03 0 0
2891.3214 2906.6454 4.450761e-17 2.972590e-17 4.305040e-03 0 0
2892.8644 2908.1966 9.896923e-17 3.290068e-17 9.536073e-03 0 0
2894.4075 2909.7479 2.026425e-17 2.806940e-17 1.944922e-03 0 0
2895.9506 2911.2991 2.730335e-17 2.865126e-17 2.610122e-03 0 0
2897.4937 2912.8504 7.921788e-17 3.207172e-17 7.542689e-03 0 0
2899.0368 2914.4017 -4.411430e-18 2.625694e-17 -4.183338e-04 0 0
2900.5799 2915.9530 6.923709e-17 3.243345e-17 6.539077e-03 0 0
2902.1230 2917.5043 7.985183e-18 2.710417e-17 7.510908e-04 0 0
2903.6662 2919.0556 1.005205e-16 3.438974e-17 9.416597e-03 0 0
2905.2093 2920.6069 6.891494e-17 3.269739e-17 6.429751e-03 0 0
2906.7524 2922.1582 9.434778e-17 3.375528e-17 8.767247e-03 0 0
2908.2956 2923.7096 7.012459e-17 3.257988e-17 6.490480e-03 0 0
2909.8388 2925.2609 2.295304e-17 2.945825e-17 2.116095e-03 0 0
2911.3819 2926.8123 1.006694e-16 3.524612e-17 9.245172e-03 0 0
2912.9251 2928.3636 3.825365e-18 2.752158e-17 3.499632e-04 0 0
2914.4683 2929.9150 8.325546e-17 3.392453e-17 7.587926e-03 0 0
2916.0115 2931.4664 1.004102e-16 3.499359e-17 9.117001e-03 0 0
2917.5547 2933.0178 6.989275e-17 3.369915e-17 6.322476e-03 0 0
2919.0980 2934.5692 5.232036e-17 3.181565e-17 4.715241e-03 0 0
2920.6412 2936.1206 7.002908e-17 3.324684e-17 6.287752e-03 0 0
2922.1844 2937.6720 1.122484e-16 3.598113e-17 1.004090e-02 0 0
2923.7277 2939.2234 7.266286e-17 3.333618e-17 6.475491e-03 0 0
2925.2709 2940.7749 6.072723e-17 3.266200e-17 5.391363e-03 0 0
2926.8142 2942.3263 3.403460e-17 3.072608e-17 3.010032e-03 0 0
2928.3575 2943.8778 1.525951e-16 3.944320e-17 1.344339e-02 0 0
2929.9008 2945.4292 1.063888e-16 3.680183e-17 9.335726e-03 0 0
2931.4441 2946.9807 9.532033e-17 3.658487e-17 8.331057e-03 0 0
2932.9874 2948.5322 9.581839e-17 3.641883e-17 8.340270e-03 0 0
2934.5307 2950.0837 1.562761e-16 4.046389e-17 1.354578e-02 0 0
2936.0740 2951.6352 1.098204e-16 3.738326e-17 9.476797e-03 0 0
2937.6173 2953.1867 1.104746e-16 3.748388e-17 9.490377e-03 0 0
2939.1607 2954.7382 6.250971e-17 3.428300e-17 5.345053e-03 0 0
2940.7040 2956.2897 1.819999e-16 4.319850e-17 1.548945e-02 0 0
2942.2474 2957.8413 1.533776e-16 4.122028e-17 1.299061e-02 0 0
2943.7907 2959.3928 1.204853e-16 3.972158e-17 1.015506e-02 0 0
2945.3341 2960.9444 2.120847e-16 4.445424e-17 1.778617e-02 0 0
2946.8775 2962.4959 2.361391e-16 4.629137e-17 1.970353e-02 0 0
2948.4209 2964.0475 1.694178e-16 4.273058e-17 1.406320e-02 0 0
2949.9643 2965.5991 2.047322e-16 4.388464e-17 1.690595e-02 0 0
2951.5077 2967.1507 2.880501e-16 5.071571e-17 2.365917e-02 0 0
2953.0511 2968.7023 2.104750e-16 4.492331e-17 1.719448e-02 0 0
2954.5945 2970.2539 2.345349e-16 4.764070e-17 1.905482e-02 0 0
2956.1380 2971.8055 2.359009e-16 4.774508e-17 1.905966e-02 0 0
2957.6814 2973.3571 2.194629e-16 4.553970e-17 1.763150e-02 0 0
2959.2249 2974.9088 2.618438e-16 4.961076e-17 2.091668e-02 0 0
2960.7683 2976.4604 3.232779e-16 5.267650e-17 2.567475e-02 0 0
2962.3118 2978.0121 2.098976e-16 4.597446e-17 1.657285e-02 0 0
2963.8553 2979.5637 3.018898e-16 5.255194e-17 2.369523e-02 0 0
2965.3988 2981.1154 1.032594e-16 4.005233e-17 8.056477e-03 0 0
2966.9423 2982.6671 2.934395e-16 5.226936e-17 2.275648e-02 0 0
2968.4858 2984.2188 3.771613e-16 5.702215e-17 2.907135e-02 0 0
2970.0293 2985.7705 3.851715e-16 5.816280e-17 2.950671e-02 0 0
2971.5729 2987.3222 3.679528e-16 5.692421e-17 2.801350e-02 0 0
2973.1164 2988.8739 3.304375e-16 5.486576e-17 2.500089e-02 0 0
2974.6599 2990.4256 3.032005e-16 5.402800e-17 2.279641e-02 0 0
2976.2035 2991.9774 2.691706e-16 5.158232e-17 2.011053e-02 0 0
2977.7471 2993.5291 2.657882e-16 5.169377e-17 1.973196e-02 0 0
2979.2906 2995.0809 1.865273e-16 4.799502e-17 1.375978e-02 0 0
2980.8342 2996.6326 2.537249e-16 5.161343e-17 1.859711e-02 0 0
2982.3778 2998.1844 2.442881e-16 5.168427e-17 1.779104e-02 0 0
2983.9214 2999.7362 2.100279e-16 4.929114e-17 1.519746e-02 0 0
2985.4650 3001.2880 3.047816e-16 5.586280e-17 2.191210e-02 0 0
2987.0087 3002.8398 1.926464e-16 4.970985e-17 1.376055e-02 0 0
2988.5523 3004.3916 2.616524e-16 5.314741e-17 1.856862e-02 0 0
2990.0959 3005.9434 1.639664e-16 4.808280e-17 1.156028e-02 0 0
2991.6396 3007.4953 1.444473e-16 4.724841e-17 1.011746e-02 0 0
2993.1832 3009.0471 1.839268e-16 4.948288e-17 1.279774e-02 0 0
2994.7269 3010.5989 2.179963e-16 5.234398e-17 1.506765e-02 0 0
2996.2706 3012.1508 1.434204e-16 4.835202e-17 9.846741e-03 0 0
2997.8142 3013.7027 2.007731e-16 5.124086e-17 1.369132e-02 0 0
2999.3579 3015.2545 1.766071e-16 5.066854e-17 1.196140e-02 0 0
3000.9016 3016.8064 1.187298e-16 4.606511e-17 7.986055e-03 0 0
3002.4453 3018.3583 1.981189e-16 5.198787e-17 1.323338e-02 0 0
3003.9891 3019.9102 1.190471e-16 4.752264e-17 7.895736e-03 0 0
3005.5328 3021.4621 1.132330e-16 4.692449e-17 7.456718e-03 0 0
3007.0765 3023.0140 7.470483e-17 4.418672e-17 4.883979e-03 0 0
3008.6203 3024.5660 1.289661e-16 4.885527e-17 8.369917e-03 0 0
3010.1640 3026.1179 1.226284e-16 4.928544e-17 7.899531e-03 0 0
3011.7078 3027.6699 5.381521e-17 4.372208e-17 3.440704e-03 0 0
3013.2516 3029.2218 8.419172e-17 4.666792e-17 5.341919e-03 0 0
3014.7954 3030.7738 2.206341e-16 5.574182e-17 1.389164e-02 0 0
3016.3392 3032.3258 6.149565e-17 4.565545e-17 3.841879e-03 0 0
3017.8830 3033.8777 7.325629e-17 4.738214e-17 4.540783e-03 0 0
3019.4268 3035.4297 1.197298e-16 5.051027e-17 7.362917e-03 0 0
3020.9706 3036.9817 1.011540e-16 4.925157e-17 6.171088e-03 0 0
3022.5144 3038.5337 1.316592e-16 5.183155e-17 7.967946e-03 0 0
3024.0583 3040.0858 1.049882e-16 5.003535e-17 6.302653e-03 0 0
3025.6021 3041.6378 1.688022e-16 5.545453e-17 1.005182e-02 0 0
3027.1460 3043.1898 1.095763e-16 5.173911e-17 6.472035e-03 0 0
3028.6898 3044.7419 1.223836e-16 5.211711e-17 7.169837e-03 0 0
3030.2337 3046.2939 1.615994e-16 5.667780e-17 9.389971e-03 0 0
3031.7776 3047.8460 1.215607e-16 5.253711e-17 7.005996e-03 0 0
3033.3215 3049.3981 1.541162e-16 5.593757e-17 8.809607e-03 0 0
3034.8654 3050.9502 7.845124e-17 5.027577e-17 4.447850e-03 0 0
3036.4093 3052.5023 9.088687e-17 5.280836e-17 5.110614e-03 0 0
3037.9532 3054.0544 1.433713e-16 5.709125e-17 7.995932e-03 0 0
3039.4971 3055.6065 7.309983e-17 5.188354e-17 4.043343e-03 0 0
3041.0411 3057.1586 9.269279e-17 5.349930e-17 5.085015e-03 0 0
3042.5850 3058.7107 1.669282e-16 5.866626e-17 9.081922e-03 0 0
3044.1290 3060.2629 1.857686e-16 6.029399e-17 1.002350e-02 0 0
3045.6729 3061.8150 1.621553e-16 5.949999e-17 8.676703e-03 0 0
3047.2169 3063.3672 1.206466e-16 5.715205e-17 6.401835e-03 0 0
3048.7609 3064.9193 1.410037e-16 5.880948e-17 7.419258e-03 0 0
3050.3049 3066.4715 6.834987e-17 5.624155e-17 3.566071e-03 0 0
3051.8489 3068.0237 1.310942e-16 5.979353e-17 6.781557e-03 0 0
3053.3929 3069.5759 1.713299e-16 6.311188e-17 8.787166e-03 0 0
3054.9369 3071.1281 1.445215e-16 6.148506e-17 7.348295e-03 0 0
3056.4809 3072.6803 7.256566e-17 5.617831e-17 3.657561e-03 0 0
3058.0250 3074.2325 1.118668e-16 6.048817e-17 5.588979e-03 0 0
3059.5690 3075.7847 1.505972e-16 6.325994e-17 7.457323e-03 0 0
3061.1131 3077.3370 1.165624e-16 6.191088e-17 5.720328e-03 0 0
3062.6571 3078.8892 2.233185e-16 6.918110e-17 1.086049e-02 0 0
3064.2012 3080.4415 3.922163e-17 5.864434e-17 1.890060e-03 0 0
3065.7453 3081.9938 1.504665e-16 6.492782e-17 7.184310e-03 0 0
3067.2894 3083.5460 1.192916e-16 6.443277e-17 5.643075e-03 0 0
3068.8335 3085.0983 1.272399e-16 6.440557e-17 5.962987e-03 0 0
3070.3776 3086.6506 1.518458e-16 6.671920e-17 7.049298e-03 0 0
3071.9217 3088.2029 1.592720e-16 6.863500e-17 7.324244e-03 0 0
3073.4659 3089.7552 1.813814e-16 7.043624e-17 8.261649e-03 0 0
3075.0100 3091.3075 7.045742e-17 6.249415e-17 3.178575e-03 0 0
3076.5541 3092.8599 3.326118e-18 5.862347e-17 1.486102e-04 0 0
3078.0983 3094.4122 1.048770e-16 6.618249e-17 4.640670e-03 0 0
3079.6425 3095.9646 8.679931e-17 6.479214e-17 3.803494e-03 0 0
3081.1866 3097.5169 1.920265e-16 7.378507e-17 8.332597e-03 0 0
3082.7308 3099.0693 3.451687e-16 8.432893e-17 1.483145e-02 0 0
3084.2750 3100.6217 3.506286e-17 6.207601e-17 1.491838e-03 0 0
3085.8192 3102.1741 2.787336e-16 8.157805e-17 1.174274e-02 0 0
3087.3634 3103.7264 1.678007e-16 7.430127e-17 6.999543e-03 0 0
3088.9076 3105.2789 -6.438269e-17 5.689307e-17 -2.659053e-03 0 0
3090.4519 3106.8313 1.404327e-16 7.283172e-17 5.742453e-03 0 0
3091.9961 3108.3837 1.513866e-16 7.608942e-17 6.128801e-03 0 0
3093.5404 3109.9361 7.772307e-17 7.014962e-17 3.115203e-03 0 0
3095.0846 3111.4886 8.787179e-17 7.057467e-17 3.486769e-03 0 0
3096.6289 3113.0410 9.498095e-17 7.327620e-17 3.731098e-03 0 0
3098.1731 3114.5935 1.716556e-16 7.929576e-17 6.675372e-03 0 0
3099.7174 3116.1459 2.740985e-16 8.711858e-17 1.055190e-02 0 0
3101.2617 3117.6984 1.953417e-16 8.147619e-17 7.444215e-03 0 0
3102.8060 3119.2509 6.512935e-17 7.288899e-17 2.456909e-03 0 0
3104.3503 3120.8034 3.512734e-16 9.335946e-17 1.311719e-02 0 0
3105.8947 3122.3559 1.206826e-16 7.946798e-17 4.460790e-03 0 0
3107.4390 3123.9084 1.875751e-16 8.337914e-17 6.862963e-03 0 0
3108.9833 3125.4609 4.861981e-17 7.451398e-17 1.760786e-03 0 0
3110.5277 3127.0135 1.746832e-16 8.405612e-17 6.261817e-03 0 0
3112.0720 3128.5660 9.316048e-17 8.009885e-17 3.305400e-03 0 0
3113.6164 3130.1186 3.849375e-17 7.589241e-17 1.351846e-03 0 0
3115.1608 3131.6711 7.992682e-17 8.080200e-17 2.778183e-03 0 0
3116.7051 3133.2237 3.452228e-17 7.882508e-17 1.187690e-03 0 0
3118.2495 3134.7763 1.170385e-16 8.420503e-17 3.985233e-03 0 0
3119.7939 3136.3288 6.945419e-17 8.185390e-17 2.340730e-03 0 0
3121.3383 3137.8814 1.117381e-16 8.568010e-17 3.727064e-03 0 0
3122.8828 3139.4340 4.730353e-17 8.036798e-17 1.561638e-03 0 0
3124.4272 3140.9867 1.503921e-17 7.813053e-17 4.913803e-04 0 0
3125.9716 3142.5393 3.469704e-17 8.141372e-17 1.122025e-03 0 0
3127.5161 3144.0919 1.395443e-16 9.214605e-17 4.466044e-03 0 0
3129.0605 3145.6446 -8.177168e-18 8.018375e-17 -2.590166e-04 0 0
3130.6050 3147.1972 2.144572e-16 9.417884e-17 6.722985e-03 0 0
3132.1495 3148.7499 2.402153e-16 9.140258e-17 7.453076e-03 0 0
3133.6940 3150.3025 8.159738e-17 8.621211e-17 2.505368e-03 0 0
3135.2385 3151.8552 -3.872603e-17 7.739234e-17 -1.176533e-03 0 0
3136.7830 3153.4079 1.607816e-17 8.201285e-17 4.832684e-04 2560 0
3138.3275 3154.9606 4.314938e-17 8.217298e-17 1.282985e-03 2564 0
3139.8720 3156.5133 9.859039e-17 1.077274e-16 2.899475e-03 2564 0
3141.4165 3158.0660 6.969746e-18 1.359529e-16 2.027128e-04 2564 0
3142.9610 3159.6187 2.007635e-17 2.176264e-17 5.773871e-04 2564 0
