# LMC-SN1987A-STIS-2 o6mi350b0 G430L CCD z=0.0009 a2center=306.1 extrsize=17 exptime=980.0 mode=fixed flags=extended_host,center_mismatch(306vs433)
# rest_wvl obs_wvl flux error net dq mask
2896.3429 2898.9496 1.631236e-16 1.666240e-15 4.251245e-04 512 0
2899.0835 2901.6927 -1.395541e-15 1.543024e-15 -2.446034e-02 16912 0
2901.8241 2904.4358 -2.374927e-16 2.185291e-15 -5.263455e-03 528 0
2904.5648 2907.1789 3.471048e-16 1.184884e-15 5.102209e-03 512 0
2907.3055 2909.9221 1.030271e-15 1.094316e-15 1.977895e-02 512 0
2910.0462 2912.6652 2.589256e-14 1.404992e-15 6.466207e-01 512 0
2912.7869 2915.4084 2.866197e-15 1.026372e-15 7.170472e-02 784 0
2915.5277 2918.1517 -1.381059e-15 8.924224e-16 -4.640631e-02 17168 0
2918.2685 2920.8949 5.743929e-16 7.406437e-16 1.766315e-02 528 0
2921.0093 2923.6382 -2.992713e-16 6.382549e-16 -1.260215e-02 16912 0
2923.7501 2926.3815 7.786379e-15 8.837864e-16 3.325058e-01 528 0
2926.4910 2929.1248 1.128366e-14 7.307789e-16 5.567984e-01 528 0
2929.2319 2931.8682 -8.821145e-16 4.205166e-16 -5.392156e-02 16896 0
2931.9728 2934.6116 1.477243e-16 3.767153e-16 3.148958e-03 512 0
2934.7138 2937.3550 -7.451276e-16 3.195337e-16 -5.903750e-02 16896 0
2937.4547 2940.0985 -4.220130e-16 2.831355e-16 -3.775316e-02 16896 0
2940.1957 2942.8419 -2.139523e-16 2.670611e-16 -2.304614e-02 512 0
2942.9368 2945.5854 5.560412e-15 3.371130e-16 5.774240e-01 512 0
2945.6778 2948.3289 3.101271e-14 5.825661e-16 3.784728e+00 512 0
2948.4189 2951.0725 7.091832e-16 1.994957e-16 7.997538e-02 512 0
2951.1600 2953.8160 -1.378195e-16 2.259727e-16 -2.242627e-02 528 0
2953.9011 2956.5596 7.484783e-17 1.667317e-16 5.243035e-03 528 0
2956.6423 2959.3033 -1.690351e-16 1.602640e-16 -3.051083e-02 16912 0
2959.3835 2962.0469 -1.162486e-16 1.320169e-16 -2.361282e-02 512 0
2962.1247 2964.7906 -1.975117e-16 1.235216e-16 -4.083448e-02 16896 0
2964.8659 2967.5343 -1.043475e-17 1.650891e-16 -6.978279e-03 528 0
2967.6072 2970.2780 -2.742755e-16 1.150215e-16 -6.283589e-02 16896 0
2970.3485 2973.0218 -3.752787e-17 1.081309e-16 -1.242501e-02 512 0
2973.0898 2975.7656 6.633863e-17 1.066092e-16 8.730873e-03 512 0
2975.8311 2978.5094 7.912161e-15 2.553903e-16 1.936541e+00 528 0
2978.5725 2981.2532 1.434433e-15 1.412607e-16 3.370105e-01 16 0
2981.3139 2983.9970 2.032694e-17 1.001810e-16 -4.120544e-04 0 0
2984.0553 2986.7409 3.684217e-15 1.656907e-16 9.416959e-01 16 0
2986.7967 2989.4848 6.556048e-15 1.916058e-16 1.734446e+00 0 0
2989.5382 2992.2287 4.523826e-15 1.651115e-16 1.201011e+00 16 0
2992.2796 2994.9727 4.913793e-15 1.679135e-16 1.325073e+00 0 0
2995.0212 2997.7167 4.297256e-15 1.576924e-16 1.168643e+00 0 0
2997.7627 3000.4607 9.643772e-15 2.158998e-16 2.712351e+00 16 0
3000.5043 3003.2047 5.196830e-15 1.660780e-16 1.457816e+00 16 0
3003.2458 3005.9488 4.231038e-15 1.549049e-16 1.195317e+00 0 0
3005.9875 3008.6928 4.598881e-15 1.584582e-16 1.320785e+00 16 0
3008.7291 3011.4369 3.969770e-15 1.467243e-16 1.151387e+00 0 0
3011.4707 3014.1811 7.916799e-15 1.903204e-16 2.374906e+00 16 0
3014.2124 3016.9252 9.976610e-16 1.001286e-16 2.804772e-01 0 0
3016.9541 3019.6694 -3.432105e-17 8.020714e-17 -1.361861e-02 0 0
3019.6959 3022.4136 -6.708362e-17 8.583525e-17 -2.231962e-02 16 0
3022.4376 3025.1578 1.822180e-16 8.380292e-17 4.686644e-02 0 0
3025.1794 3027.9021 2.493722e-16 8.683726e-17 6.771047e-02 16 0
3027.9212 3030.6463 -1.807915e-17 1.258530e-16 -9.603797e-03 16 0
3030.6631 3033.3906 -6.392329e-17 7.953602e-17 -2.254537e-02 16 0
3033.4049 3036.1350 -7.481841e-17 8.582631e-17 -2.651864e-02 16400 0
3036.1468 3038.8793 1.654471e-16 1.250668e-16 4.637007e-02 16 0
3038.8887 3041.6237 -1.644195e-16 7.036688e-17 -6.034779e-02 16384 0
3041.6306 3044.3681 1.384563e-17 7.028569e-17 -1.455769e-04 0 0
3044.3726 3047.1125 1.044567e-18 7.764530e-17 -4.072569e-03 16 0
3047.1145 3049.8569 -1.180300e-16 6.714680e-17 -4.559913e-02 16384 0
3049.8565 3052.6014 -2.566111e-17 6.692094e-17 -1.259340e-02 0 0
3052.5986 3055.3459 -3.616679e-17 6.555711e-17 -1.608718e-02 0 0
3055.3406 3058.0904 -7.319938e-17 7.042627e-17 -2.967132e-02 16400 0
3058.0827 3060.8349 9.297671e-18 6.658185e-17 -1.150170e-03 0 0
3060.8248 3063.5795 -7.169929e-17 6.353928e-17 -2.992641e-02 16400 0
3063.5669 3066.3241 3.345181e-15 4.191984e-16 1.345281e+00 16 0
3066.3090 3069.0687 -2.575595e-17 6.304030e-17 -1.324853e-02 16 0
3069.0512 3071.8133 2.568074e-15 1.018486e-16 1.050719e+00 0 0
3071.7934 3074.5580 1.145900e-15 7.818868e-17 4.588915e-01 0 0
3074.5356 3077.3026 2.374504e-15 9.596456e-17 9.908296e-01 0 0
3077.2778 3080.0473 1.474963e-16 6.433978e-17 5.205983e-02 16 0
3080.0200 3082.7921 -1.037306e-17 6.025855e-17 -7.998466e-03 16 0
3082.7623 3085.5368 2.242442e-15 9.290134e-17 9.596912e-01 0 0
3085.5046 3088.2816 6.283444e-16 7.047198e-17 2.552011e-01 0 0
3088.2469 3091.0264 -1.342061e-17 5.484368e-17 -9.180442e-03 0 0
3090.9893 3093.7712 -8.164746e-17 5.951357e-17 -3.793579e-02 16400 0
3093.7317 3096.5160 -3.783021e-17 5.835418e-17 -1.839240e-02 16 0
3096.4740 3099.2609 1.187138e-16 5.762411e-17 4.320793e-02 0 0
3099.2165 3102.0058 -4.092622e-17 5.701594e-17 -1.967693e-02 0 0
3101.9589 3104.7507 1.171570e-15 7.580887e-17 5.103984e-01 0 0
3104.7013 3107.4956 4.975782e-15 1.221475e-16 2.289374e+00 16 0
3107.4438 3110.2405 4.800473e-15 1.181637e-16 2.217936e+00 0 0
3110.1863 3112.9855 2.542737e-15 9.355430e-17 1.159718e+00 0 0
3112.9289 3115.7305 1.301770e-16 6.356118e-17 4.956669e-02 16 0
3115.6714 3118.4755 -6.875147e-17 5.416705e-17 -3.345460e-02 16384 0
3118.4140 3121.2205 4.938438e-17 5.571046e-17 1.612830e-02 0 0
3121.1566 3123.9656 4.057162e-17 5.314172e-17 1.258905e-02 0 0
3123.8992 3126.7107 1.162760e-16 6.648606e-17 4.467179e-02 16 0
3126.6418 3129.4558 -9.187346e-17 5.430200e-17 -4.558392e-02 16400 0
3129.3845 3132.2009 -4.114370e-17 6.068603e-17 -2.051738e-02 16400 0
3132.1271 3134.9461 -1.224855e-16 5.106748e-17 -6.140697e-02 16384 0
3134.8698 3137.6912 1.086735e-15 7.510092e-17 5.018892e-01 16 0
3137.6126 3140.4364 8.055665e-15 1.423326e-16 3.977530e+00 16 0
3140.3553 3143.1816 2.150917e-16 5.850400e-17 9.086313e-02 16 0
3143.0981 3145.9269 -1.550970e-17 5.434294e-17 -1.033634e-02 0 0
3145.8409 3148.6721 -3.868872e-17 5.140044e-17 -1.995146e-02 16384 0
3148.5837 3151.4174 -1.217838e-16 6.149357e-17 -6.318995e-02 16400 0
3151.3265 3154.1627 8.545308e-17 5.509290e-17 3.367179e-02 16 0
3154.0693 3156.9080 -4.614303e-17 4.889777e-17 -2.424524e-02 16384 0
3156.8122 3159.6533 -4.162385e-17 4.894987e-17 -2.201218e-02 16384 0
3159.5551 3162.3987 6.560740e-17 7.728832e-17 2.539224e-02 16 0
3162.2980 3165.1441 -4.411092e-17 4.727338e-17 -2.364135e-02 16384 0
3165.0410 3167.8895 -5.677398e-17 4.998477e-17 -3.063818e-02 16400 0
3167.7839 3170.6349 1.918482e-17 6.265941e-17 4.790260e-03 16 0
3170.5269 3173.3804 -2.492514e-17 4.836030e-17 -1.481594e-02 0 0
3173.2699 3176.1258 2.792846e-16 1.286789e-16 1.309455e-01 16 0
3176.0129 3178.8713 3.272909e-17 5.381046e-17 1.126343e-02 16 0
3178.7559 3181.6168 6.185428e-18 4.707928e-17 -9.347927e-04 0 0
3181.4990 3184.3623 2.220673e-16 5.265562e-17 1.048158e-01 16 0
3184.2421 3187.1079 1.237100e-15 6.739105e-17 6.504747e-01 16 0
3186.9852 3189.8535 1.367383e-15 6.800896e-17 7.274961e-01 0 0
3189.7283 3192.5991 -7.954934e-17 4.399059e-17 -4.581245e-02 16400 0
3192.4714 3195.3447 3.381394e-17 4.555973e-17 1.250020e-02 0 0
3195.2146 3198.0903 2.301434e-17 5.185132e-17 7.351119e-03 16 0
3197.9578 3200.8359 -3.343637e-18 4.473966e-17 -5.337391e-03 0 0
3200.7010 3203.5816 5.430192e-19 4.375853e-17 -3.466097e-03 0 0
3203.4442 3206.3273 -2.244980e-17 4.845247e-17 -1.454511e-02 16 0
3206.1874 3209.0730 -7.917042e-17 4.152779e-17 -4.754414e-02 16384 0
3208.9307 3211.8187 1.292529e-16 4.530495e-17 6.293896e-02 0 0
3211.6740 3214.5645 -4.073247e-17 4.857092e-17 -2.478093e-02 16400 0
3214.4173 3217.3103 2.572894e-17 4.671659e-17 9.294618e-03 16 0
3217.1606 3220.0561 -5.090349e-17 4.161720e-17 -3.135700e-02 16384 0
3219.9040 3222.8019 3.794011e-17 4.345911e-17 1.580359e-02 0 0
3222.6473 3225.5477 6.013172e-17 4.364970e-17 2.765395e-02 0 0
3225.3907 3228.2936 -2.662223e-17 4.177835e-17 -1.714863e-02 0 0
3228.1341 3231.0394 -4.055606e-17 4.480298e-17 -2.557110e-02 16400 0
3230.8775 3233.7853 -7.244790e-17 3.992577e-17 -4.593228e-02 16384 0
3233.6210 3236.5312 -3.055029e-17 4.237897e-17 -1.947142e-02 16400 0
3236.3644 3239.2771 3.861404e-16 4.697596e-17 2.171320e-01 0 0
3239.1079 3242.0231 1.841351e-15 6.845170e-17 1.120455e+00 0 0
3241.8514 3244.7691 4.446566e-15 9.446444e-17 2.784528e+00 0 0
3244.5949 3247.5150 7.673079e-15 1.188569e-16 4.875326e+00 0 0
3247.3384 3250.2610 4.272791e-15 9.270717e-17 2.699099e+00 0 0
3250.0820 3253.0071 1.874415e-16 4.431959e-17 1.029110e-01 0 0
3252.8256 3255.7531 3.137961e-16 1.098089e-16 1.794389e-01 16 0
3255.5692 3258.4992 3.003085e-17 4.354540e-17 1.274741e-02 16 0
3258.3128 3261.2453 1.316370e-16 4.083008e-17 7.118320e-02 0 0
3261.0564 3263.9914 -7.021937e-17 5.121973e-17 -4.684097e-02 16400 0
3263.8001 3266.7375 -8.199193e-19 5.309334e-17 -4.156339e-03 16 0
3266.5437 3269.4836 7.255954e-17 4.351104e-17 3.734338e-02 16 0
3269.2874 3272.2298 -2.277389e-17 4.141309e-17 -1.610509e-02 16 0
3272.0311 3274.9759 -3.745938e-17 3.747666e-17 -2.536974e-02 16384 0
3274.7748 3277.7221 -1.894065e-17 3.919126e-17 -1.412393e-02 16 0
3277.5186 3280.4683 -3.009267e-17 3.694570e-17 -2.052919e-02 16384 0
3280.2623 3283.2146 -5.034940e-17 3.609678e-17 -3.447185e-02 16384 0
3283.0061 3285.9608 3.978996e-18 3.962247e-17 -1.490830e-03 16 0
3285.7499 3288.7071 3.335576e-16 1.064713e-16 2.009655e-01 16 0
3288.4937 3291.4534 3.981625e-17 4.335292e-17 1.919212e-02 16 0
3291.2376 3294.1997 -1.180263e-17 3.839715e-17 -1.039425e-02 0 0
3293.9814 3296.9460 1.175859e-16 6.096883e-17 6.630996e-02 16 0
3296.7253 3299.6923 9.216010e-16 5.154730e-17 5.952230e-01 0 0
3299.4692 3302.4387 -4.810015e-17 3.834222e-17 -3.378078e-02 16400 0
3302.2131 3305.1851 2.839963e-18 3.960260e-17 -2.122043e-03 16 0
3304.9570 3307.9314 2.370961e-17 4.514510e-17 1.010690e-02 16 0
3307.7009 3310.6779 5.709920e-16 4.650014e-17 3.662001e-01 0 0
3310.4449 3313.4243 -2.534168e-17 3.644411e-17 -1.833230e-02 0 0
3313.1889 3316.1707 9.086640e-19 3.577438e-17 -3.251709e-03 0 0
3315.9328 3318.9172 2.306670e-17 3.706571e-17 9.924039e-03 0 0
3318.6769 3321.6637 2.895317e-15 1.036905e-16 2.008188e+00 16 0
3321.4209 3324.4102 8.537746e-16 6.734754e-17 5.702590e-01 16 0
3324.1649 3327.1567 6.528749e-17 3.964129e-17 3.619947e-02 16 0
3326.9090 3329.9032 -2.024442e-17 3.797381e-17 -1.577390e-02 16 0
3329.6531 3332.6498 1.620867e-16 4.023137e-17 9.926888e-02 16 0
3332.3972 3335.3963 8.412586e-16 4.777736e-17 5.713741e-01 0 0
3335.1413 3338.1429 1.087353e-15 5.464356e-17 7.498719e-01 16 0
3337.8854 3340.8895 7.496772e-17 4.559917e-17 4.326977e-02 16 0
3340.6296 3343.6361 1.758898e-17 3.524268e-17 6.981650e-03 0 0
3343.3737 3346.3828 2.584450e-17 3.551487e-17 1.219446e-02 0 0
3346.1179 3349.1294 -2.036742e-17 3.451773e-17 -1.626722e-02 0 0
3348.8621 3351.8761 6.940602e-18 5.665664e-17 4.251711e-04 16 0
3351.6063 3354.6228 -8.920920e-18 3.406272e-17 -9.407639e-03 0 0
3354.3505 3357.3695 -3.819129e-17 3.348627e-17 -2.911473e-02 16400 0
3357.0948 3360.1162 -2.458000e-17 3.643007e-17 -1.908384e-02 0 0
3359.8390 3362.8629 9.714601e-16 4.938155e-17 6.937990e-01 16 0
3362.5833 3365.6097 4.411430e-16 4.458338e-17 3.045704e-01 16 0
3365.3276 3368.3564 1.415292e-15 5.478306e-17 1.034290e+00 16 0
3368.0719 3371.1032 1.237082e-15 5.091515e-17 9.036235e-01 0 0
3370.8163 3373.8500 1.609316e-17 3.379983e-17 6.431717e-03 0 0
3373.5606 3376.5968 -8.126930e-20 4.550801e-17 -4.027827e-03 16 0
3376.3050 3379.3436 7.407092e-18 3.300775e-17 8.173995e-04 0 0
3379.0493 3382.0905 -1.160828e-17 3.304150e-17 -1.147450e-02 0 0
3381.7937 3384.8374 -5.607836e-17 3.472863e-17 -4.457069e-02 16400 0
3384.5382 3387.5842 3.914193e-17 3.237699e-17 2.210379e-02 0 0
3387.2826 3390.3311 1.801179e-16 4.673521e-17 1.221559e-01 16 0
3390.0270 3393.0780 1.009924e-16 5.261205e-17 6.554809e-02 16 0
3392.7715 3395.8250 -3.774232e-17 3.118806e-17 -3.048921e-02 16384 0
3395.5159 3398.5719 -4.645616e-17 3.360736e-17 -3.767961e-02 16400 0
3398.2604 3401.3189 -4.408239e-17 3.392167e-17 -3.589704e-02 16400 0
3401.0049 3404.0658 -1.943412e-17 3.073275e-17 -1.696929e-02 0 0
3403.7495 3406.8128 7.109009e-17 3.395779e-17 4.540791e-02 0 0
3406.4940 3409.5598 1.306343e-14 1.308214e-16 1.061755e+01 0 0
3409.2385 3412.3069 3.151743e-16 4.356011e-17 2.295570e-01 16 0
3411.9831 3415.0539 9.264081e-18 3.465035e-17 2.200520e-03 16 0
3414.7277 3417.8009 -4.288874e-18 3.259304e-17 -7.089791e-03 0 0
3417.4723 3420.5480 3.271038e-17 3.224364e-17 1.869594e-02 0 0
3420.2169 3423.2951 -2.620916e-17 3.612144e-17 -2.200638e-02 16400 0
3422.9615 3426.0422 9.177609e-17 3.318509e-17 6.201681e-02 0 0
3425.7062 3428.7893 7.426265e-17 3.805516e-17 4.923552e-02 16 0
3428.4508 3431.5364 -9.153544e-17 3.491474e-17 -7.768196e-02 16400 0
3431.1955 3434.2836 3.379654e-17 4.240830e-17 1.984291e-02 16 0
3433.9402 3437.0307 6.402670e-18 3.056061e-17 2.509356e-04 0 0
3436.6849 3439.7779 6.718516e-17 3.131912e-17 4.465140e-02 0 0
3439.4296 3442.5251 1.121421e-15 4.767145e-17 9.050551e-01 16 0
3442.1743 3445.2723 2.625094e-15 6.237332e-17 2.180153e+00 0 0
3444.9190 3448.0195 9.974302e-17 3.201104e-17 6.989413e-02 0 0
3447.6638 3450.7667 -1.971734e-17 2.943524e-17 -1.823581e-02 0 0
3450.4086 3453.5139 5.428144e-17 3.596761e-17 3.560974e-02 16 0
3453.1534 3456.2612 5.726806e-18 3.143747e-17 -2.451912e-04 0 0
3455.8982 3459.0085 -1.270248e-17 2.884032e-17 -1.346440e-02 0 0
3458.6430 3461.7558 -2.624309e-18 3.133331e-17 -6.298384e-03 16 0
3461.3878 3464.5030 -2.337811e-19 3.003706e-17 -4.591648e-03 0 0
3464.1326 3467.2504 -2.232832e-17 2.893943e-17 -2.041203e-02 0 0
3466.8775 3469.9977 -3.802196e-18 3.320094e-17 -7.218143e-03 16 0
3469.6224 3472.7450 1.553208e-17 4.537057e-17 6.970497e-03 16 0
3472.3673 3475.4924 -4.439080e-17 2.823111e-17 -3.941695e-02 16384 0
3475.1122 3478.2398 -8.480076e-18 3.028893e-17 -1.069677e-02 0 0
3477.8571 3480.9871 1.689375e-18 2.927371e-17 -3.280876e-03 0 0
3480.6020 3483.7345 -7.809919e-17 2.869510e-17 -6.983266e-02 16400 0
3483.3469 3486.4819 -1.175358e-17 2.962981e-17 -1.318477e-02 16 0
3486.0919 3489.2294 2.134584e-16 3.248459e-17 1.655133e-01 0 0
3488.8368 3491.9768 2.168785e-15 6.070496e-17 1.873442e+00 16 0
3491.5818 3494.7243 1.007019e-15 5.130321e-17 8.512281e-01 16 0
3494.3268 3497.4717 2.199874e-17 3.086552e-17 1.200877e-02 0 0
3497.0718 3500.2192 -2.177105e-17 3.281082e-17 -2.071667e-02 16 0
3499.8168 3502.9667 1.761271e-17 3.096202e-17 8.693350e-03 16 0
3502.5619 3505.7142 -5.197464e-18 2.828153e-17 -8.589618e-03 0 0
3505.3069 3508.4617 -6.930365e-18 3.385335e-17 -9.917531e-03 16 0
3508.0520 3511.2092 4.392917e-18 3.186267e-17 -1.391398e-03 16 0
3510.7971 3513.9568 -3.753361e-17 3.152835e-17 -3.446788e-02 16400 0
3513.5421 3516.7043 -5.417044e-17 2.845716e-17 -4.987421e-02 16384 0
3516.2872 3519.4519 1.303753e-17 3.031582e-17 5.248422e-03 0 0
3519.0323 3522.1995 2.450094e-17 3.191378e-17 1.422117e-02 16 0
3521.7775 3524.9471 9.744758e-16 2.470669e-16 8.468230e-01 272 0
3524.5226 3527.6947 1.946849e-15 5.330973e-17 1.734302e+00 0 0
3527.2678 3530.4423 8.770701e-18 2.771237e-17 1.945892e-03 0 0
3530.0129 3533.1899 5.221296e-17 2.973455e-17 3.665463e-02 16 0
3532.7581 3535.9376 6.036924e-17 3.346079e-17 4.341804e-02 16 0
3535.5033 3538.6852 6.664665e-16 4.979193e-17 5.778192e-01 16 0
3538.2485 3541.4329 2.893024e-15 6.561522e-17 2.635295e+00 16 0
3540.9937 3544.1806 9.344997e-16 4.511347e-17 8.257348e-01 16 0
3543.7389 3546.9283 -1.089622e-18 2.895071e-17 -5.839424e-03 16 0
3546.4841 3549.6760 7.965950e-17 2.958245e-17 6.007162e-02 0 0
3549.2294 3552.4237 1.544924e-15 4.799552e-17 1.398412e+00 0 0
3551.9746 3555.1714 1.304383e-17 2.745793e-17 5.346103e-03 0 0
3554.7199 3557.9192 2.822815e-17 3.097714e-17 1.766043e-02 16 0
3557.4652 3560.6669 -9.139004e-18 2.653540e-17 -1.230584e-02 0 0
3560.2105 3563.4147 -3.752302e-17 2.648005e-17 -3.597691e-02 16384 0
3562.9558 3566.1625 -2.654126e-17 3.200128e-17 -2.591867e-02 0 0
3565.7011 3568.9102 -2.633016e-17 2.693307e-17 -2.582491e-02 0 0
3568.4464 3571.6580 2.274389e-16 3.537349e-17 1.910683e-01 16 0
3571.1918 3574.4059 1.093807e-15 4.326433e-17 9.959636e-01 16 0
3573.9371 3577.1537 1.575127e-16 2.955614e-17 1.294038e-01 0 0
3576.6825 3579.9015 2.336170e-15 6.039285e-17 2.183446e+00 16 0
3579.4279 3582.6494 3.955640e-16 3.349985e-17 3.465501e-01 0 0
3582.1733 3585.3972 2.176559e-15 7.006365e-17 2.039410e+00 16 0
3584.9187 3588.1451 8.176381e-15 1.007038e-16 7.852424e+00 16 0
3587.6641 3590.8930 2.976673e-15 8.879385e-17 2.820904e+00 16 0
3590.4095 3593.6408 -1.520918e-18 2.804209e-17 -6.591197e-03 0 0
3593.1549 3596.3888 9.331177e-18 2.723278e-17 2.309838e-03 0 0
3595.9004 3599.1367 -2.744801e-17 2.674483e-17 -2.749255e-02 0 0
3598.6458 3601.8846 -5.140173e-17 3.549940e-17 -5.076306e-02 16400 0
3601.3913 3604.6325 -3.294836e-17 2.570951e-17 -3.262061e-02 16384 0
3604.1367 3607.3805 6.234393e-19 2.638120e-17 -4.946716e-03 0 0
3606.8822 3610.1284 -3.429463e-17 4.090411e-17 -3.412914e-02 16400 0
3609.6277 3612.8764 -2.823979e-17 2.626813e-17 -2.854840e-02 0 0
3612.3732 3615.6244 -6.860351e-17 2.483892e-17 -6.864577e-02 16384 0
3615.1187 3618.3724 -7.444384e-18 3.844281e-17 -1.175951e-02 16 0
3617.8643 3621.1204 1.978565e-17 2.715989e-17 1.123758e-02 16 0
3620.6098 3623.8684 7.029567e-18 2.644515e-17 3.501717e-04 0 0
3623.3554 3626.6164 6.431415e-17 4.395653e-17 5.050874e-02 16 0
3626.1009 3629.3644 1.141092e-16 2.828829e-17 9.593207e-02 0 0
3628.8465 3632.1124 5.384097e-17 2.672956e-17 4.144379e-02 0 0
3631.5921 3634.8605 -8.137913e-17 4.581104e-17 -8.316952e-02 16400 0
3634.3377 3637.6086 3.365246e-18 2.810386e-17 -2.825890e-03 16 0
3637.0833 3640.3566 2.093793e-19 3.211119e-17 -5.560765e-03 16 0
3639.8289 3643.1047 5.491655e-17 5.667076e-17 4.300094e-02 16 0
3642.5745 3645.8528 8.854619e-17 2.731009e-17 7.410692e-02 0 0
3645.3201 3648.6009 5.321218e-17 3.344919e-17 4.175886e-02 16 0
3648.0657 3651.3490 -2.044716e-17 2.563978e-17 -2.344212e-02 0 0
3650.8114 3654.0971 1.414832e-16 2.982150e-17 1.251938e-01 16 0
3653.5570 3656.8453 7.819886e-15 9.807734e-17 8.082355e+00 16 0
3656.3027 3659.5934 5.946129e-15 7.922876e-17 6.148468e+00 0 0
3659.0484 3662.3415 7.390505e-17 2.586260e-17 6.197166e-02 0 0
3661.7941 3665.0897 6.386181e-18 2.455711e-17 -2.456978e-04 0 0
3664.5398 3667.8379 -2.688581e-17 2.814474e-17 -2.956111e-02 16 0
3667.2855 3670.5860 -3.357398e-17 4.025870e-17 -3.593470e-02 16400 0
3670.0312 3673.3342 -4.768831e-17 2.445874e-17 -5.124251e-02 16384 0
3672.7769 3676.0824 8.761081e-17 3.718821e-17 7.651383e-02 16 0
3675.5226 3678.8306 2.676430e-17 4.280274e-17 1.863729e-02 16 0
3678.2684 3681.5788 7.503054e-17 2.991290e-17 6.492157e-02 16 0
3681.0141 3684.3270 -1.066946e-17 2.417662e-17 -1.584566e-02 0 0
3683.7599 3687.0753 5.327766e-16 3.177823e-17 5.378541e-01 0 0
3686.5057 3689.8235 8.232774e-15 8.996271e-17 8.931876e+00 0 0
3689.2514 3692.5718 2.146958e-15 5.060734e-17 2.290686e+00 0 0
3691.9972 3695.3200 2.921239e-17 2.571895e-17 2.153096e-02 16 0
3694.7430 3698.0683 4.919479e-17 2.942138e-17 4.114883e-02 16 0
3697.4888 3700.8166 -2.730013e-17 2.544601e-17 -3.151797e-02 16 0
3700.2346 3703.5648 4.906704e-18 2.590291e-17 -1.631588e-03 16 0
3702.9805 3706.3131 1.831613e-17 2.399531e-17 1.132294e-02 0 0
3705.7263 3709.0614 -7.952625e-18 2.265395e-17 -1.392437e-02 0 0
3708.4721 3711.8097 5.433553e-17 2.432035e-17 4.742655e-02 0 0
3711.2180 3714.5581 9.755713e-17 2.796389e-17 9.220162e-02 16 0
3713.9638 3717.3064 -3.415748e-18 2.422053e-17 -9.738600e-03 16 0
3716.7097 3720.0547 6.981291e-16 3.343799e-17 7.560481e-01 16 0
3719.4555 3722.8031 3.572030e-16 2.800952e-17 3.771539e-01 0 0
3722.2014 3725.5514 9.248657e-17 2.390961e-17 8.888062e-02 0 0
3724.9473 3728.2998 2.082351e-17 2.264296e-17 1.444305e-02 0 0
3727.6932 3731.0481 -1.391159e-17 2.272049e-17 -2.032325e-02 0 0
3730.4391 3733.7965 2.058526e-16 2.507524e-17 2.151321e-01 0 0
3733.1850 3736.5449 1.987992e-15 4.585180e-17 2.297052e+00 16 0
3735.9309 3739.2933 4.260939e-16 2.850852e-17 4.696905e-01 0 0
3738.6768 3742.0417 1.670180e-17 2.329489e-17 1.062318e-02 0 0
3741.4228 3744.7901 -8.976521e-18 2.294585e-17 -1.585924e-02 16 0
3744.1687 3747.5385 -5.793912e-18 2.390022e-17 -1.267765e-02 16 0
3746.9147 3750.2869 3.671818e-17 2.221928e-17 3.235367e-02 16 0
3749.6606 3753.0353 1.075230e-16 2.686075e-17 1.114567e-01 16 0
3752.4066 3755.7837 8.925622e-17 2.588720e-17 9.142333e-02 16 0
3755.1525 3758.5322 6.931198e-16 3.123106e-17 8.143351e-01 0 0
3757.8985 3761.2806 1.169525e-15 3.850397e-17 1.407055e+00 16 0
3760.6445 3764.0291 3.498725e-17 2.174216e-17 3.155404e-02 16 0
3763.3905 3766.7775 4.897095e-18 2.203315e-17 -1.557544e-03 0 0
3766.1365 3769.5260 -2.789272e-17 1.950275e-17 -3.661753e-02 0 0
3768.8825 3772.2745 6.610680e-18 2.023802e-17 3.543906e-04 0 0
3771.6285 3775.0230 -4.000535e-17 2.171958e-17 -5.208323e-02 16400 0
3774.3745 3777.7715 2.514780e-17 2.032036e-17 2.139334e-02 0 0
3777.1205 3780.5200 -2.249868e-17 1.918871e-17 -3.171558e-02 16 0
3779.8666 3783.2685 -2.471740e-19 2.027833e-17 -7.307354e-03 0 0
3782.6126 3786.0170 -2.296529e-17 3.741680e-17 -3.259110e-02 16 0
3785.3587 3788.7655 8.184960e-17 2.094205e-17 9.001964e-02 0 0
3788.1047 3791.5140 7.690372e-16 3.098891e-17 9.791551e-01 0 0
3790.8508 3794.2625 2.386278e-16 2.284282e-17 2.896377e-01 0 0
3793.5968 3797.0111 -3.800219e-17 1.895914e-17 -5.195412e-02 16384 0
3796.3429 3799.7596 -4.106667e-18 1.858018e-17 -1.196815e-02 0 0
3799.0890 3802.5082 -2.361275e-17 1.924760e-17 -3.444349e-02 0 0
3801.8351 3805.2567 -2.058045e-17 1.813316e-17 -3.118328e-02 0 0
3804.5811 3808.0053 -3.298717e-17 1.826719e-17 -4.616513e-02 16384 0
3807.3272 3810.7538 -8.216703e-19 2.181079e-17 -8.267675e-03 16 0
3810.0733 3813.5024 -1.809210e-17 1.931287e-17 -2.878979e-02 0 0
3812.8194 3816.2510 -1.318139e-17 2.048713e-17 -2.314425e-02 16 0
3815.5656 3818.9996 6.369395e-18 1.888009e-17 4.372559e-04 0 0
3818.3117 3821.7481 2.824821e-19 2.008947e-17 -7.039912e-03 16 0
3821.0578 3824.4967 -2.754463e-17 1.944900e-17 -4.056676e-02 16 0
3823.8039 3827.2453 1.983022e-17 1.903605e-17 1.747156e-02 16 0
3826.5501 3829.9939 -8.869841e-19 1.851989e-17 -8.568034e-03 0 0
3829.2962 3832.7426 -2.837109e-17 1.783947e-17 -4.218027e-02 0 0
3832.0423 3835.4912 1.800528e-17 1.935747e-17 1.546109e-02 16 0
3834.7885 3838.2398 -7.556227e-18 1.946239e-17 -1.706310e-02 16 0
3837.5346 3840.9884 -2.390582e-17 1.799930e-17 -3.741520e-02 16 0
3840.2808 3843.7371 5.691309e-18 1.739062e-17 -2.659373e-04 0 0
3843.0270 3846.4857 -3.219808e-17 2.071355e-17 -4.859139e-02 16400 0
3845.7731 3849.2343 -1.721424e-17 1.764869e-17 -2.962699e-02 0 0
3848.5193 3851.9830 3.214305e-17 1.793570e-17 3.505000e-02 0 0
3851.2655 3854.7316 9.130973e-17 2.024593e-17 1.172666e-01 16 0
3854.0117 3857.4803 -2.155519e-17 2.127212e-17 -3.557197e-02 16 0
3856.7579 3860.2290 6.409566e-18 1.738726e-17 7.797256e-04 0 0
3859.5041 3862.9776 -9.541938e-18 1.735786e-17 -2.036753e-02 0 0
3862.2503 3865.7263 -3.112413e-17 1.738509e-17 -4.866084e-02 16400 0
3864.9965 3868.4750 8.267659e-18 1.683869e-17 3.363289e-03 0 0
3867.7427 3871.2237 -3.133811e-17 2.355295e-17 -4.948234e-02 16400 0
3870.4889 3873.9723 1.157852e-17 1.732639e-17 7.989414e-03 16 0
3873.2351 3876.7210 4.032271e-16 2.250381e-17 5.950762e-01 0 0
3875.9813 3879.4697 1.354315e-15 3.399214e-17 2.089947e+00 16 0
3878.7276 3882.2184 -4.557821e-18 1.636656e-17 -1.421087e-02 0 0
3881.4738 3884.9671 2.901754e-17 1.705932e-17 3.302300e-02 0 0
3884.2200 3887.7158 -2.203606e-17 1.807708e-17 -3.810795e-02 16 0
3886.9663 3890.4646 5.435214e-19 1.604380e-17 -7.259607e-03 0 0
3889.7125 3893.2133 -1.889005e-17 1.645933e-17 -3.420009e-02 16 0
3892.4588 3895.9620 -3.238800e-17 1.571858e-17 -5.339848e-02 16400 0
3895.2050 3898.7107 -2.422391e-17 1.552283e-17 -4.177744e-02 0 0
3897.9513 3901.4594 1.921741e-17 1.616445e-17 1.969391e-02 0 0
3900.6975 3904.2082 -1.661242e-17 1.695083e-17 -3.165276e-02 16 0
3903.4438 3906.9569 3.589729e-18 1.604959e-17 -2.980039e-03 0 0
3906.1901 3909.7056 -3.634514e-17 1.613032e-17 -6.131669e-02 16400 0
3908.9363 3912.4544 2.085600e-17 1.603736e-17 2.258457e-02 0 0
3911.6826 3915.2031 -2.325263e-17 1.774061e-17 -4.155062e-02 16 0
3914.4289 3917.9519 -1.934904e-17 1.513220e-17 -3.622960e-02 0 0
3917.1752 3920.7006 1.943887e-17 1.608788e-17 2.080039e-02 0 0
3919.9215 3923.4494 7.341448e-18 1.677582e-17 2.631087e-03 272 0
3922.6678 3926.1982 1.116158e-19 1.579186e-17 -8.180387e-03 0 0
3925.4140 3928.9469 9.297270e-18 1.607176e-17 5.646333e-03 16 0
3928.1603 3931.6957 1.330713e-18 1.642194e-17 -6.392628e-03 0 0
3930.9066 3934.4445 -3.509358e-17 1.423618e-17 -6.158375e-02 16400 0
3933.6529 3937.1932 6.532314e-17 1.913575e-17 9.429224e-02 16 0
3936.3992 3939.9420 2.237903e-15 5.905943e-17 3.860262e+00 16 0
3939.1456 3942.6908 -2.997670e-17 1.468809e-17 -5.326635e-02 16384 0
3941.8919 3945.4396 -3.196663e-17 1.590063e-17 -5.703512e-02 16400 0
3944.6382 3948.1883 4.828284e-18 1.507606e-17 -1.059808e-03 0 0
3947.3845 3950.9371 -3.151640e-17 1.429972e-17 -5.668782e-02 16384 0
3950.1308 3953.6859 2.128733e-17 1.725357e-17 2.505445e-02 16 0
3952.8771 3956.4347 -1.941953e-17 1.503894e-17 -3.846115e-02 16 0
3955.6235 3959.1835 4.223551e-18 1.907847e-17 -1.987167e-03 16 0
3958.3698 3961.9323 -2.623558e-17 1.444726e-17 -4.900588e-02 16 0
3961.1161 3964.6811 -7.624628e-18 1.442904e-17 -2.069015e-02 0 0
3963.8624 3967.4299 -6.650483e-18 1.460800e-17 -1.923265e-02 16 0
3966.6088 3970.1787 -7.564402e-18 1.483427e-17 -2.074043e-02 16 0
3969.3551 3972.9275 3.606172e-15 1.147323e-16 6.568708e+00 272 0
3972.1014 3975.6763 7.017046e-17 1.554765e-17 1.084145e-01 0 0
3974.8478 3978.4251 3.774674e-18 1.488108e-17 -2.698686e-03 16 0
3977.5941 3981.1740 8.525773e-16 2.543068e-17 1.528426e+00 0 0
3980.3405 3983.9228 2.680956e-16 1.870835e-17 4.619765e-01 0 0
3983.0868 3986.6716 -1.832710e-17 1.368526e-17 -3.832639e-02 0 0
3985.8332 3989.4204 -1.320941e-17 1.372132e-17 -3.031805e-02 0 0
3988.5795 3992.1692 5.318042e-18 1.370060e-17 -1.468137e-04 0 0
3991.3259 3994.9181 -9.822784e-18 1.349881e-17 -2.504430e-02 0 0
3994.0722 3997.6669 1.499146e-17 1.515742e-17 1.613365e-02 16 0
3996.8186 4000.4157 4.560145e-16 3.300864e-17 8.211934e-01 16 0
3999.5649 4003.1645 2.551430e-18 1.421893e-17 -4.763085e-03 0 0
4002.3113 4005.9134 -3.643258e-17 1.298962e-17 -7.039815e-02 16384 0
4005.0576 4008.6622 -1.544326e-17 1.398360e-17 -3.466540e-02 16 0
4007.8040 4011.4110 -3.493289e-18 1.336120e-17 -1.497229e-02 0 0
4010.5504 4014.1598 -7.233749e-18 1.430113e-17 -2.128268e-02 16 0
4013.2967 4016.9087 -2.056024e-17 1.295070e-17 -4.335782e-02 0 0
4016.0431 4019.6575 1.686132e-18 1.390276e-17 -6.298807e-03 0 0
4018.7894 4022.4064 2.505931e-17 2.675701e-17 3.430311e-02 16 0
4021.5358 4025.1552 -7.194867e-18 1.369378e-17 -2.146171e-02 16 0
4024.2822 4027.9040 -2.570260e-17 1.258880e-17 -5.226834e-02 0 0
4027.0285 4030.6529 -1.907371e-17 1.318158e-17 -4.153219e-02 0 0
4029.7749 4033.4017 -3.611528e-17 1.342402e-17 -7.179487e-02 16400 0
4032.5213 4036.1505 -8.198912e-18 1.450475e-17 -2.341027e-02 16 0
4035.2676 4038.8994 -1.752866e-17 1.351746e-17 -3.928328e-02 16 0
4038.0140 4041.6482 -1.892431e-17 1.354884e-17 -4.172708e-02 16 0
4040.7604 4044.3971 1.130507e-18 1.355601e-17 -7.407252e-03 0 0
4043.5068 4047.1459 1.968766e-18 1.364546e-17 -5.955484e-03 0 0
4046.2531 4049.8948 -3.781198e-17 1.341988e-17 -7.623524e-02 16400 0
4048.9995 4052.6436 -2.038551e-17 1.408651e-17 -4.460543e-02 0 0
4051.7459 4055.3924 3.296536e-18 1.403670e-17 -3.651500e-03 16 0
4054.4922 4058.1413 -4.069825e-17 1.214152e-17 -8.255722e-02 16384 0
4057.2386 4060.8901 -6.892606e-18 1.297358e-17 -2.164568e-02 0 0
4059.9850 4063.6390 1.358475e-18 1.453699e-17 -7.131223e-03 16 0
4062.7314 4066.3878 5.477250e-16 2.797402e-17 1.057235e+00 16 0
4065.4777 4069.1367 1.833141e-16 1.601697e-17 3.377818e-01 0 0
4068.2241 4071.8855 9.564209e-18 1.344076e-17 7.568527e-03 0 0
4070.9705 4074.6344 8.951520e-17 1.446409e-17 1.572550e-01 0 0
4073.7168 4077.3832 1.639706e-16 1.595221e-17 3.017449e-01 0 0
4076.4632 4080.1320 -5.277153e-18 1.322467e-17 -1.910184e-02 0 0
4079.2096 4082.8809 -3.447709e-17 1.221800e-17 -7.102888e-02 16384 0
4081.9560 4085.6297 -1.244144e-18 1.265871e-17 -1.195972e-02 0 0
4084.7023 4088.3786 2.486855e-17 1.323446e-17 3.582783e-02 0 0
4087.4487 4091.1274 4.538286e-18 1.291533e-17 -1.543436e-03 0 0
4090.1951 4093.8762 2.588834e-18 1.276050e-17 -5.097114e-03 0 0
4092.9414 4096.6251 6.483884e-16 2.665883e-17 1.280906e+00 16 0
4095.6878 4099.3739 -7.906881e-18 1.288407e-17 -2.409046e-02 0 0
4098.4342 4102.1228 -7.339022e-18 1.309360e-17 -2.311678e-02 0 0
4101.1805 4104.8716 -2.864408e-17 1.396581e-17 -6.057156e-02 16 0
4103.9269 4107.6204 1.582897e-17 1.269333e-17 1.928493e-02 0 0
4106.6733 4110.3693 -6.762613e-18 1.236712e-17 -2.220675e-02 0 0
4109.4196 4113.1181 -1.562221e-17 1.265789e-17 -3.813858e-02 0 0
4112.1660 4115.8669 2.508861e-17 2.284612e-17 3.676417e-02 16 0
4114.9124 4118.6158 -2.458009e-17 1.209722e-17 -5.406870e-02 0 0
4117.6587 4121.3646 -2.936399e-17 1.255638e-17 -6.244974e-02 0 0
4120.4051 4124.1134 -2.994379e-17 1.226896e-17 -6.355792e-02 16 0
4123.1514 4126.8623 -1.879480e-17 1.251892e-17 -4.414759e-02 0 0
4125.8978 4129.6111 -2.460619e-17 1.228245e-17 -5.450320e-02 0 0
4128.6441 4132.3599 -2.100115e-17 1.206892e-17 -4.823682e-02 0 0
4131.3905 4135.1087 -2.877978e-17 1.212723e-17 -6.200419e-02 0 0
4134.1368 4137.8576 -1.711097e-17 1.209407e-17 -4.145415e-02 0 0
4136.8832 4140.6064 4.059731e-20 1.797575e-17 -1.008171e-02 16 0
4139.6295 4143.3552 -2.406375e-17 1.180911e-17 -5.405868e-02 0 0
4142.3759 4146.1040 -2.917136e-17 1.218932e-17 -6.316871e-02 0 0
4145.1222 4148.8528 -1.076513e-17 1.225640e-17 -3.019674e-02 0 0
4147.8686 4151.6017 -3.489963e-17 1.187173e-17 -7.468705e-02 16384 0
4150.6149 4154.3505 -2.680536e-17 1.636052e-17 -5.938059e-02 16 0
4153.3612 4157.0993 -1.903505e-17 1.243203e-17 -4.554336e-02 0 0
4156.1076 4159.8481 -1.226490e-17 1.542801e-17 -3.322427e-02 16 0
4158.8539 4162.5969 -3.291974e-17 1.225814e-17 -7.099997e-02 16400 0
4161.6002 4165.3457 -3.590445e-17 1.268454e-17 -7.759453e-02 16400 0
4164.3466 4168.0945 -3.166934e-17 1.351867e-17 -6.867371e-02 16 0
4167.0929 4170.8433 1.016585e-16 1.431958e-17 1.918705e-01 16 0
4169.8392 4173.5921 2.093137e-15 3.343367e-17 4.448226e+00 16 0
4172.5855 4176.3409 2.356086e-15 3.557638e-17 5.025882e+00 16 0
4175.3319 4179.0897 2.909824e-16 1.694186e-17 5.886741e-01 0 0
4178.0782 4181.8384 -1.028962e-17 1.220482e-17 -3.007590e-02 0 0
4180.8245 4184.5872 -1.733833e-17 1.251357e-17 -4.338144e-02 16 0
4183.5708 4187.3360 -1.665939e-17 1.281854e-17 -4.220242e-02 16 0
4186.3171 4190.0848 5.350118e-16 1.953399e-17 1.116470e+00 0 0
4189.0634 4192.8336 1.985880e-17 1.227828e-17 2.843952e-02 0 0
4191.8097 4195.5823 -1.157519e-17 1.262679e-17 -3.283278e-02 16 0
4194.5560 4198.3311 -9.609289e-18 1.265299e-17 -2.913903e-02 16 0
4197.3023 4201.0799 -2.205729e-17 1.369980e-17 -5.275612e-02 16 0
4200.0486 4203.8286 -1.649123e-17 1.266315e-17 -4.238038e-02 16 0
4202.7949 4206.5774 -1.374558e-17 1.229142e-17 -3.723021e-02 16 0
4205.5412 4209.3262 9.447584e-18 2.568534e-17 7.970981e-03 16 0
4208.2875 4212.0749 -2.971393e-17 1.445701e-17 -6.734877e-02 16 0
4211.0337 4214.8237 2.559537e-18 1.239199e-17 -5.662024e-03 16 0
4213.7800 4217.5724 -1.532153e-17 1.241403e-17 -4.050718e-02 16 0
4216.5263 4220.3212 -4.563872e-17 1.125383e-17 -1.022034e-01 16384 0
4219.2725 4223.0699 9.572063e-17 4.521053e-17 1.862385e-01 16 0
4222.0188 4225.8186 5.790266e-18 2.169270e-17 7.210299e-04 16 0
4224.7651 4228.5674 -1.542620e-17 1.227581e-17 -4.096878e-02 16 0
4227.5113 4231.3161 -1.737754e-17 1.144942e-17 -4.479080e-02 0 0
4230.2576 4234.0648 -1.650752e-17 1.259199e-17 -4.318556e-02 16 0
4233.0038 4236.8135 -4.066947e-17 1.153525e-17 -9.180654e-02 16384 0
4235.7501 4239.5622 -5.590848e-18 1.186721e-17 -2.197099e-02 0 0
4238.4963 4242.3110 4.586407e-19 1.187581e-17 -9.977564e-03 0 0
4241.2426 4245.0597 -2.730604e-17 1.155180e-17 -6.413210e-02 0 0
4243.9888 4247.8084 4.938574e-17 1.263799e-17 9.059612e-02 0 0
4246.7350 4250.5571 3.002879e-16 1.631790e-17 6.347942e-01 0 0
4249.4812 4253.3058 -1.681487e-17 2.481109e-17 -4.428193e-02 16 0
4252.2275 4256.0545 -2.138789e-17 1.154586e-17 -5.323952e-02 0 0
4254.9737 4258.8031 -2.610424e-17 1.117813e-17 -6.239706e-02 0 0
4257.7199 4261.5518 -1.583164e-17 1.413147e-17 -4.259021e-02 16 0
4260.4661 4264.3005 -9.191855e-18 1.228876e-17 -2.951280e-02 16 0
4263.2123 4267.0492 -2.306183e-17 1.109527e-17 -5.687825e-02 0 0
4265.9585 4269.7978 -3.003715e-17 1.087807e-17 -7.037994e-02 0 0
4268.7047 4272.5465 -1.621569e-17 1.217118e-17 -4.366668e-02 16 0
4271.4509 4275.2952 -3.038758e-17 1.175561e-17 -7.131951e-02 0 0
4274.1970 4278.0438 -1.973897e-17 1.436367e-17 -5.079960e-02 16 0
4276.9432 4280.7925 -3.478792e-17 1.144882e-17 -8.061191e-02 16384 0
4279.6894 4283.5411 -2.997685e-17 1.121141e-17 -7.095265e-02 0 0
4282.4356 4286.2897 4.009546e-17 2.927145e-17 7.312472e-02 16 0
4285.1817 4289.0384 -2.933894e-17 1.117556e-17 -7.000322e-02 0 0
4287.9279 4291.7870 -2.784349e-17 1.105634e-17 -6.724139e-02 0 0
4290.6740 4294.5356 1.714177e-18 1.155541e-17 -7.682219e-03 0 0
4293.4202 4297.2842 -4.275843e-18 1.172597e-17 -2.008946e-02 0 0
4296.1663 4300.0329 3.943754e-18 1.234713e-17 -3.050841e-03 16 0
4298.9124 4302.7815 -1.899919e-17 1.139327e-17 -5.020758e-02 0 0
4301.6586 4305.5301 2.770921e-16 1.575385e-17 6.062244e-01 0 0
4304.4047 4308.2787 3.084112e-17 1.240539e-17 5.431669e-02 16 0
4307.1508 4311.0272 -3.944735e-18 1.176851e-17 -1.957457e-02 0 0
4309.8969 4313.7758 -7.668340e-18 1.182088e-17 -2.735273e-02 0 0
4312.6430 4316.5244 2.270467e-17 1.219886e-17 3.704399e-02 16 0
4315.3891 4319.2730 3.921697e-18 1.162142e-17 -3.099486e-03 1024 0
4318.1352 4322.0215 -1.305730e-18 1.160081e-17 -1.415632e-02 1024 0
4320.8813 4324.7701 2.962898e-17 1.172438e-17 5.234745e-02 1024 0
4323.6274 4327.5187 1.142475e-15 2.589684e-17 2.647969e+00 1040 0
4326.3735 4330.2672 1.098272e-16 1.368407e-17 2.319534e-01 1040 0
4329.1195 4333.0157 5.650867e-16 1.905152e-17 1.292421e+00 1024 0
4331.8656 4335.7643 1.140546e-16 1.577983e-17 2.424757e-01 1040 0
4334.6117 4338.5128 9.728354e-17 1.284229e-17 2.047099e-01 1024 0
4337.3577 4341.2613 -1.691822e-17 1.186385e-17 -4.721336e-02 1040 0
4340.1038 4344.0098 -7.126230e-18 1.083460e-17 -2.672756e-02 1024 0
4342.8498 4346.7584 -2.427408e-17 1.248495e-17 -6.256781e-02 1040 0
4345.5958 4349.5069 -2.579420e-18 1.952240e-17 -1.710356e-02 1040 0
4348.3418 4352.2554 -1.116802e-17 1.126320e-17 -3.544823e-02 1024 0
4351.0879 4355.0038 1.506989e-16 1.381363e-17 3.306568e-01 1024 0
4353.8339 4357.7523 1.870219e-15 3.007140e-17 4.458463e+00 1280 0
4356.5799 4360.5008 1.287342e-15 2.566426e-17 3.055757e+00 1280 0
4359.3259 4363.2493 1.470666e-15 2.723102e-17 3.505210e+00 1024 0
4362.0719 4365.9977 1.706925e-15 2.920106e-17 4.085233e+00 1024 0
4364.8178 4368.7462 2.616100e-15 3.512990e-17 6.308477e+00 1024 0
4367.5638 4371.4946 7.092550e-17 1.758592e-17 1.483649e-01 1040 0
4370.3098 4374.2431 2.456368e-18 1.203413e-17 -6.314598e-03 1040 0
4373.0558 4376.9915 -1.061696e-17 1.148281e-17 -3.480400e-02 1040 0
4375.8017 4379.7399 -1.638716e-17 1.090836e-17 -4.724753e-02 1024 0
4378.5477 4382.4883 -9.662542e-18 1.197011e-17 -3.285347e-02 1040 0
4381.2936 4385.2368 1.247818e-17 1.656473e-17 1.597913e-02 1040 0
4384.0395 4387.9852 -3.757423e-18 1.436327e-17 -2.005193e-02 1040 0
4386.7854 4390.7336 -2.234501e-17 1.305028e-17 -6.028576e-02 1040 0
4389.5314 4393.4819 -1.034012e-17 1.050025e-17 -3.454752e-02 1024 0
4392.2773 4396.2303 -1.809962e-17 1.087541e-17 -5.142079e-02 1040 0
4395.0232 4398.9787 5.409351e-18 1.493552e-17 2.528206e-04 1040 0
4397.7691 4401.7271 -7.681229e-18 1.366828e-17 -2.887394e-02 1040 0
4400.5150 4404.4754 -9.772338e-18 1.088603e-17 -3.352666e-02 1024 0
4403.2608 4407.2238 1.212845e-16 3.765563e-17 2.718263e-01 1040 0
4406.0067 4409.9721 4.409075e-16 1.690514e-17 1.052604e+00 0 0
4408.7526 4412.7204 8.436009e-17 1.207870e-17 1.845171e-01 0 0
4411.4984 4415.4688 -1.866928e-17 1.003017e-17 -5.327531e-02 0 0
4414.2443 4418.2171 -3.063650e-17 1.205198e-17 -7.899737e-02 16 0
4416.9901 4420.9654 -3.105430e-18 1.181421e-17 -1.894058e-02 16 0
4419.7359 4423.7137 -1.764094e-17 1.014697e-17 -5.128884e-02 0 0
4422.4817 4426.4620 -1.928916e-17 1.142960e-17 -5.498096e-02 16 0
4425.2276 4429.2103 -2.341274e-17 1.033253e-17 -6.405012e-02 0 0
4427.9734 4431.9585 -8.867161e-18 1.026509e-17 -3.202590e-02 0 0
4430.7192 4434.7068 3.988374e-16 1.696502e-17 9.636705e-01 16 0
4433.4649 4437.4551 3.524744e-16 1.594801e-17 8.492711e-01 0 0
4436.2107 4440.2033 1.429729e-17 1.100993e-17 2.093576e-02 0 0
4438.9565 4442.9515 1.363469e-15 2.546893e-17 3.410249e+00 16 0
4441.7022 4445.6998 3.960051e-15 4.065526e-17 1.005147e+01 0 0
4444.4480 4448.4480 8.534225e-17 1.261534e-17 1.909371e-01 16 0
4447.1937 4451.1962 -1.601293e-17 1.126029e-17 -4.841071e-02 16 0
4449.9395 4453.9444 -2.491793e-17 1.031501e-17 -6.817164e-02 0 0
4452.6852 4456.6926 -3.866206e-17 1.053107e-17 -9.992713e-02 16384 0
4455.4309 4459.4408 -2.402369e-18 1.137720e-17 -1.765557e-02 16 0
4458.1766 4462.1890 -4.551013e-17 1.158159e-17 -1.178746e-01 16400 0
4460.9223 4464.9371 -1.114510e-17 1.010705e-17 -3.769309e-02 0 0
4463.6680 4467.6853 9.346765e-18 1.070122e-17 9.605847e-03 0 0
4466.4137 4470.4334 -2.900923e-17 1.089981e-17 -7.757550e-02 16 0
4469.1593 4473.1816 -5.549984e-18 1.061113e-17 -2.500243e-02 0 0
4471.9050 4475.9297 -2.298949e-17 1.012825e-17 -6.449901e-02 0 0
4474.6506 4478.6778 -1.246329e-17 1.018601e-17 -4.088428e-02 0 0
4477.3963 4481.4259 -1.719741e-17 1.083683e-17 -5.165252e-02 16 0
4480.1419 4484.1740 -2.037466e-17 1.017642e-17 -5.884366e-02 0 0
4482.8875 4486.9221 -2.185365e-18 1.156869e-17 -1.732553e-02 16 0
4485.6331 4489.6702 -2.517518e-18 1.030838e-17 -1.811324e-02 0 0
4488.3787 4492.4183 -1.817699e-17 1.240956e-17 -5.405252e-02 16 0
4491.1243 4495.1663 3.179771e-16 1.485041e-17 7.803591e-01 0 0
4493.8699 4497.9144 1.089768e-18 1.080338e-17 -9.737596e-03 16 0
4496.6155 4500.6624 -2.360430e-17 1.008828e-17 -6.639838e-02 0 0
4499.3610 4503.4105 -1.358105e-18 1.102553e-17 -1.548660e-02 16 0
4502.1066 4506.1585 -6.888851e-18 1.019824e-17 -2.838456e-02 0 0
4504.8521 4508.9065 -2.709713e-17 9.940436e-18 -7.435186e-02 0 0
4507.5976 4511.6545 -2.311061e-17 1.002549e-17 -6.552579e-02 0 0
4510.3432 4514.4025 8.448223e-16 2.080698e-17 2.145220e+00 16 0
4513.0887 4517.1505 2.509870e-15 3.305792e-17 6.491793e+00 16 0
4515.8342 4519.8984 5.209712e-17 1.237245e-17 1.133973e-01 16 0
4518.5797 4522.6464 -3.899791e-18 1.130406e-17 -2.154531e-02 16 0
4521.3251 4525.3943 -1.360810e-17 1.008330e-17 -4.413902e-02 0 0
4524.0706 4528.1423 -1.250928e-17 1.114859e-17 -4.163755e-02 16 0
4526.8160 4530.8902 -2.314577e-17 1.664089e-17 -6.599218e-02 16 0
4529.5615 4533.6381 -2.750179e-17 9.590931e-18 -7.581900e-02 0 0
4532.3069 4536.3860 -9.460266e-18 9.971724e-18 -3.465018e-02 0 0
4535.0523 4539.1339 1.562081e-16 1.444367e-17 3.755219e-01 16 0
4537.7977 4541.8818 8.608190e-16 2.594062e-17 2.202468e+00 16 0
4540.5431 4544.6296 5.859666e-17 1.178349e-17 1.302386e-01 16 0
4543.2885 4547.3775 2.784515e-17 1.129738e-17 5.459383e-02 16 0
4546.0339 4550.1253 -4.193256e-17 1.000797e-17 -1.112508e-01 16384 0
4548.7793 4552.8732 -1.480713e-17 1.011266e-17 -4.723735e-02 16 0
4551.5246 4555.6210 2.430132e-17 1.396518e-17 4.602578e-02 16 0
4554.2700 4558.3688 -2.661622e-17 9.861650e-18 -7.427714e-02 0 0
4557.0153 4561.1166 -7.929086e-18 1.189664e-17 -3.125948e-02 16 0
4559.7606 4563.8644 9.060463e-17 4.106683e-17 2.108045e-01 16 0
4562.5059 4566.6122 -1.191637e-17 1.015371e-17 -4.063149e-02 0 0
4565.2512 4569.3599 1.739678e-17 1.316974e-17 2.928963e-02 16 0
4567.9965 4572.1077 -3.218973e-17 1.038165e-17 -8.688409e-02 16 0
4570.7418 4574.8554 7.257689e-18 1.059401e-17 4.801072e-03 16 0
4573.4870 4577.6032 -1.270166e-17 1.095761e-17 -4.253263e-02 16 0
4576.2323 4580.3509 -1.892528e-17 1.005768e-17 -5.697893e-02 16 0
4578.9775 4583.0986 3.469303e-18 1.018221e-17 -4.301980e-03 0 0
4581.7227 4585.8463 -2.049152e-17 9.884904e-18 -6.061353e-02 0 0
4584.4679 4588.5940 -3.248456e-17 1.017484e-17 -8.769127e-02 16 0
4587.2131 4591.3416 -4.781887e-18 1.052080e-17 -2.397227e-02 0 0
4589.9583 4594.0893 -1.378318e-17 1.132691e-17 -4.513281e-02 16 0
4592.7035 4596.8369 2.062753e-17 1.239123e-17 3.713744e-02 16 0
4595.4487 4599.5846 7.752752e-16 1.975663e-17 1.989486e+00 0 0
4598.1938 4602.3322 2.389871e-17 1.037178e-17 4.510637e-02 0 0
4600.9389 4605.0798 -1.219481e-17 1.016173e-17 -4.146041e-02 0 0
4603.6841 4607.8274 1.029296e-15 2.192879e-17 2.656583e+00 0 0
4606.4292 4610.5750 6.904015e-16 2.001644e-17 1.766341e+00 16 0
4609.1743 4613.3225 1.343185e-15 2.478403e-17 3.482568e+00 0 0
4611.9194 4616.0701 2.565573e-16 4.711544e-17 6.354941e-01 16 0
4614.6644 4618.8176 1.578761e-19 1.011964e-17 -1.231036e-02 0 0
4617.4095 4621.5652 -2.156328e-17 1.007952e-17 -6.318764e-02 0 0
4620.1545 4624.3127 -2.230001e-17 9.631779e-18 -6.487702e-02 0 0
4622.8996 4627.0602 2.828930e-18 1.079259e-17 -5.953573e-03 16 0
4625.6446 4629.8077 3.655703e-16 1.772003e-17 9.172196e-01 16 0
4628.3896 4632.5552 -4.848227e-18 1.131750e-17 -2.423258e-02 16 0
4631.1346 4635.3026 -2.174577e-17 1.106309e-17 -6.361964e-02 16 0
4633.8796 4638.0501 4.449328e-16 1.810683e-17 1.123027e+00 16 0
4636.6245 4640.7975 4.910104e-16 1.679656e-17 1.242836e+00 0 0
4639.3695 4643.5449 -1.448194e-17 1.019285e-17 -4.685985e-02 0 0
4642.1144 4646.2923 -3.238645e-17 9.934835e-18 -8.761674e-02 0 0
4644.8594 4649.0397 -2.201589e-17 1.009315e-17 -6.424949e-02 0 0
4647.6043 4651.7871 -3.302816e-17 9.931099e-18 -8.904218e-02 0 0
4650.3492 4654.5345 -1.064572e-17 1.039599e-17 -3.791972e-02 0 0
4653.0941 4657.2818 4.842353e-17 1.950898e-17 1.051739e-01 16 0
4655.8389 4660.0292 -9.111885e-18 1.008226e-17 -3.433099e-02 0 0
4658.5838 4662.7765 -1.049256e-17 1.360167e-17 -3.757397e-02 16 0
4661.3286 4665.5238 -1.235249e-17 1.112123e-17 -4.192831e-02 16 0
4664.0735 4668.2711 -1.969293e-17 1.006939e-17 -5.894660e-02 0 0
4666.8183 4671.0184 -6.132928e-18 1.035548e-17 -2.733646e-02 0 0
4669.5631 4673.7657 -2.099805e-17 9.585054e-18 -6.194986e-02 0 0
4672.3079 4676.5129 -2.194732e-17 9.789239e-18 -6.412632e-02 0 0
4675.0526 4679.2602 -1.790605e-17 1.056011e-17 -5.484138e-02 16 0
4677.7974 4682.0074 -3.015441e-17 9.853068e-18 -8.269040e-02 16 0
4680.5421 4684.7546 -6.198435e-18 1.049902e-17 -2.751050e-02 16 0
4683.2869 4687.5018 -2.546874e-17 1.043599e-17 -7.214816e-02 16 0
4686.0316 4690.2490 -2.384050e-17 1.126467e-17 -6.845039e-02 16 0
4688.7763 4692.9962 -2.094715e-17 1.029968e-17 -6.184112e-02 0 0
4691.5210 4695.7433 -1.481074e-17 1.106688e-17 -4.767934e-02 0 0
4694.2656 4698.4905 -2.770412e-17 1.008305e-17 -7.718545e-02 0 0
4697.0103 4701.2376 -2.125616e-17 1.020459e-17 -6.254052e-02 0 0
4699.7549 4703.9847 3.252130e-17 1.066605e-17 6.574658e-02 0 0
4702.4996 4706.7318 4.089506e-16 1.650552e-17 1.025920e+00 16 0
4705.2442 4709.4789 3.201013e-16 1.548346e-17 7.959830e-01 16 0
4707.9888 4712.2260 1.036103e-14 6.361423e-17 2.724648e+01 0 0
4710.7333 4714.9730 1.085877e-14 6.510726e-17 2.855408e+01 0 0
4713.4779 4717.7200 6.767177e-15 5.174173e-17 1.774593e+01 0 0
4716.2225 4720.4671 2.264420e-15 3.094100e-17 5.879509e+00 0 0
4718.9670 4723.2141 4.250317e-17 1.099169e-17 9.007315e-02 0 0
4721.7115 4725.9611 -2.379590e-17 1.000082e-17 -6.826793e-02 16 0
4724.4560 4728.7080 -8.251605e-18 1.677267e-17 -3.234854e-02 16 0
4727.2005 4731.4550 -3.943048e-17 9.424518e-18 -1.042156e-01 16384 0
4729.9450 4734.2019 -5.128524e-18 1.184975e-17 -2.501091e-02 16 0
4732.6894 4736.9489 -1.082916e-17 1.004680e-17 -3.837468e-02 0 0
4735.4339 4739.6958 -1.583944e-17 1.045445e-17 -5.000969e-02 0 0
4738.1783 4742.4427 3.923967e-16 1.585009e-17 9.802930e-01 0 0
4740.9227 4745.1895 6.939215e-17 1.328860e-17 1.564004e-01 16 0
4743.6671 4747.9364 -1.306507e-17 1.521264e-17 -4.358391e-02 16 0
4746.4115 4750.6833 -2.455484e-17 1.012640e-17 -6.996787e-02 0 0
4749.1558 4753.4301 -1.055104e-17 1.007199e-17 -3.773653e-02 0 0
4751.9002 4756.1769 3.943623e-17 1.137597e-17 8.241500e-02 16 0
4754.6445 4758.9237 2.108369e-16 1.352835e-17 5.139297e-01 0 0
4757.3888 4761.6705 1.701944e-18 1.094231e-17 -8.870535e-03 0 0
4760.1331 4764.4173 5.464660e-16 1.793476e-17 1.380018e+00 16 0
4762.8774 4767.1640 -4.256150e-17 9.863025e-18 -1.125341e-01 16384 0
4765.6217 4769.9107 -1.593176e-17 1.072068e-17 -5.029415e-02 0 0
4768.3659 4772.6575 6.847690e-18 1.275361e-17 3.413156e-03 16 0
4771.1102 4775.4042 6.265271e-17 2.350940e-17 1.399854e-01 16 0
4773.8544 4778.1508 2.244470e-16 1.355646e-17 5.499473e-01 0 0
4776.5986 4780.8975 2.942229e-18 1.143278e-17 -5.910546e-03 16 0
4779.3427 4783.6442 -2.768609e-17 1.056446e-17 -7.727182e-02 16 0
4782.0869 4786.3908 5.359699e-18 2.257998e-17 -1.210719e-04 16 0
4784.8311 4789.1374 -2.018152e-17 9.827291e-18 -6.023930e-02 0 0
4787.5752 4791.8840 -3.158931e-17 9.945966e-18 -8.613085e-02 0 0
4790.3193 4794.6306 -5.527341e-19 1.200728e-17 -1.423956e-02 16 0
4793.0634 4797.3772 -2.593485e-17 9.611384e-18 -7.348762e-02 0 0
4795.8075 4800.1237 7.427646e-18 2.103164e-17 4.892014e-03 16 0
4798.5515 4802.8702 -1.793931e-17 1.310062e-17 -5.520015e-02 16 0
4801.2956 4805.6168 -3.662960e-17 1.070774e-17 -9.756196e-02 16400 0
4804.0396 4808.3633 -8.806112e-18 1.301622e-17 -3.386126e-02 16 0
4806.7836 4811.1097 -2.222602e-17 9.990427e-18 -6.520202e-02 0 0
4809.5276 4813.8562 7.153518e-17 2.275821e-17 1.636214e-01 16 0
4812.2716 4816.6026 1.323710e-17 1.129337e-17 1.907092e-02 16 0
4815.0156 4819.3491 -1.588103e-17 1.320533e-17 -5.058129e-02 16 0
4817.7595 4822.0955 -1.638503e-17 9.788501e-18 -5.179003e-02 0 0
4820.5034 4824.8419 -1.420286e-17 1.000336e-17 -4.670256e-02 0 0
4823.2473 4827.5882 -4.142980e-18 1.246790e-17 -2.285539e-02 16 0
4825.9912 4830.3346 9.736441e-17 1.175728e-17 2.300860e-01 0 0
4828.7351 4833.0809 3.810242e-16 1.548020e-17 9.672000e-01 0 0
4831.4789 4835.8273 3.992444e-17 1.093125e-17 8.530976e-02 16 0
4834.2228 4838.5736 6.386086e-18 1.023351e-17 2.571009e-03 0 0
4836.9666 4841.3198 -1.110465e-17 1.020523e-17 -3.952787e-02 0 0
4839.7104 4844.0661 -1.469453e-17 9.583408e-18 -4.805851e-02 0 0
4842.4542 4846.8124 -2.187856e-17 1.096388e-17 -6.494142e-02 16 0
4845.1979 4849.5586 -8.616116e-18 9.882285e-18 -3.365211e-02 0 0
4847.9417 4852.3048 1.472373e-17 1.154238e-17 2.312225e-02 16 0
4850.6854 4855.0510 -2.406387e-17 1.559239e-17 -7.015634e-02 16 0
4853.4291 4857.7972 -1.088828e-17 1.012946e-17 -3.914192e-02 0 0
4856.1728 4860.5433 -2.341486e-17 9.688638e-18 -6.874400e-02 0 0
4858.9164 4863.2895 1.351069e-16 4.435110e-17 3.305212e-01 16 0
4861.6601 4866.0356 -5.734538e-18 1.066783e-17 -2.680188e-02 16 0
4864.4037 4868.7817 -2.192517e-17 9.911447e-18 -6.540156e-02 16 0
4867.1473 4871.5278 6.034197e-17 1.111520e-17 1.384238e-01 0 0
4869.8909 4874.2738 3.849239e-16 1.604208e-17 9.916113e-01 16 0
4872.6345 4877.0199 3.288735e-17 1.058971e-17 6.894889e-02 0 0
4875.3781 4879.7659 2.931097e-17 1.481001e-17 6.001151e-02 16 0
4878.1216 4882.5119 4.270149e-17 2.543915e-17 9.397376e-02 16 0
4880.8651 4885.2579 -1.653856e-17 9.600151e-18 -5.289116e-02 0 0
4883.6086 4888.0039 1.210120e-17 1.041967e-17 1.706082e-02 16 0
4886.3521 4890.7498 -1.232308e-17 1.020551e-17 -4.284028e-02 16 0
4889.0955 4893.4957 -1.014535e-17 9.754078e-18 -3.760128e-02 0 0
4891.8390 4896.2416 -2.372257e-18 1.020636e-17 -1.866981e-02 0 0
4894.5824 4898.9875 3.541682e-17 1.094942e-17 7.598645e-02 16 0
4897.3258 4901.7334 1.442166e-17 1.097322e-17 2.301378e-02 16 0
4900.0692 4904.4793 -2.480747e-18 1.039801e-17 -1.893606e-02 16 0
4902.8126 4907.2251 -2.498484e-18 9.558178e-18 -1.897927e-02 0 0
4905.5559 4909.9709 1.214683e-18 1.093779e-17 -9.816013e-03 16 0
4908.2992 4912.7167 1.516562e-18 1.035947e-17 -9.061024e-03 16 0
4911.0425 4915.4625 2.868756e-17 1.058962e-17 5.927222e-02 0 0
4913.7858 4918.2082 -1.290272e-21 1.021427e-17 -1.280543e-02 16 0
4916.5291 4920.9539 -1.483172e-18 1.001926e-17 -1.646657e-02 16 0
4919.2723 4923.6997 3.555600e-17 1.058587e-17 7.700460e-02 0 0
4922.0155 4926.4453 6.935900e-16 1.859046e-17 1.846403e+00 0 0
4924.7587 4929.1910 2.646155e-15 3.250644e-17 7.206775e+00 0 0
4927.5019 4931.9367 1.199814e-16 1.164093e-17 2.979097e-01 0 0
4930.2451 4934.6823 8.179645e-18 9.794796e-18 7.673301e-03 0 0
4932.9882 4937.4279 9.976345e-18 1.579099e-17 1.221364e-02 16 0
4935.7313 4940.1735 2.197658e-18 9.627337e-18 -7.274009e-03 0 0
4938.4744 4942.9191 6.369811e-18 1.011908e-17 3.187433e-03 0 0
4941.2175 4945.6646 2.918274e-17 1.410077e-17 6.119086e-02 1040 0
4943.9606 4948.4101 -2.747195e-18 1.018663e-17 -1.957085e-02 1040 0
4946.7036 4951.1557 6.529886e-18 9.945432e-18 3.646754e-03 1024 0
4949.4466 4953.9011 3.589858e-18 1.016259e-17 -3.726810e-03 1024 0
4952.1896 4956.6466 -8.906123e-18 9.770425e-18 -3.482460e-02 1024 0
4954.9326 4959.3921 3.158617e-17 1.100135e-17 6.770894e-02 1040 0
4957.6756 4962.1375 3.320914e-17 1.080597e-17 7.197472e-02 1040 0
4960.4185 4964.8829 5.871064e-17 1.581474e-17 1.385283e-01 1040 0
4963.1614 4967.6283 6.396700e-17 1.095120e-17 1.524770e-01 1024 0
4965.9043 4970.3736 5.494077e-17 1.198027e-17 1.288949e-01 1040 0
4968.6472 4973.1190 5.153834e-17 1.224139e-17 1.200938e-01 1040 0
4971.3900 4975.8643 5.504780e-17 1.090404e-17 1.294282e-01 1024 0
4974.1329 4978.6096 5.084296e-17 1.078496e-17 1.185063e-01 1024 0
4976.8757 4981.3549 5.494656e-17 1.168930e-17 1.294165e-01 1040 0
4979.6185 4984.1001 4.983848e-17 2.009561e-17 1.161023e-01 1040 0
4982.3612 4986.8454 2.397075e-16 3.391405e-17 6.280689e-01 1040 0
4985.1040 4989.5906 4.762207e-16 1.646857e-17 1.279503e+00 1040 0
4987.8467 4992.3358 4.965308e-16 1.637606e-17 1.336848e+00 1024 0
4990.5894 4995.0809 9.239426e-17 1.156013e-17 2.297845e-01 1024 0
4993.3321 4997.8261 6.001956e-17 1.054492e-17 1.436226e-01 1024 0
4996.0747 5000.5712 6.634772e-17 1.081015e-17 1.605800e-01 1024 0
4998.8174 5003.3163 7.568420e-17 1.342643e-17 1.856422e-01 1040 0
5001.5600 5006.0614 8.026571e-17 1.190517e-17 1.980791e-01 1040 0
5004.3026 5008.8065 5.353141e-16 1.672343e-17 1.451821e+00 1024 0
5007.0451 5011.5515 9.274072e-17 1.133329e-17 2.319809e-01 1024 0
5009.7877 5014.2965 4.513020e-17 1.029355e-17 1.048970e-01 1024 0
5012.5302 5017.0415 6.342796e-17 1.049881e-17 1.536758e-01 1024 0
5015.2727 5019.7865 4.020607e-17 1.065835e-17 9.206878e-02 1040 0
5018.0152 5022.5314 3.289134e-17 1.113595e-17 7.285830e-02 1040 0
5020.7577 5025.2763 4.236515e-17 1.043680e-17 9.796789e-02 1024 0
5023.5001 5028.0213 3.331117e-17 1.009014e-17 7.411516e-02 1040 0
5026.2425 5030.7661 4.063364e-17 1.016899e-17 9.356117e-02 1024 0
5028.9849 5033.5110 4.654877e-17 1.078624e-17 1.093731e-01 1040 0
5031.7273 5036.2558 5.577935e-17 1.891554e-17 1.341262e-01 16 0
5034.4696 5039.0006 5.408780e-17 1.319294e-17 1.297139e-01 16 0
5037.2119 5041.7454 2.493386e-17 1.008298e-17 5.237763e-02 0 0
5039.9542 5044.4902 3.662201e-17 1.036461e-17 8.333400e-02 0 0
5042.6965 5047.2349 1.659672e-16 1.217375e-17 4.353850e-01 0 0
5045.4388 5049.9797 8.454228e-17 1.173113e-17 2.124283e-01 16 0
5048.1810 5052.7244 3.996552e-17 1.187948e-17 9.246629e-02 16 0
5050.9232 5055.4690 2.491002e-16 1.325663e-17 6.673633e-01 0 0
5053.6654 5058.2137 5.624316e-17 1.043088e-17 1.362756e-01 0 0
5056.4076 5060.9583 2.326241e-17 9.721227e-18 4.834756e-02 0 0
5059.1497 5063.7029 3.063507e-17 1.000538e-17 6.792345e-02 0 0
5061.8918 5066.4475 5.699233e-16 1.720952e-17 1.573539e+00 16 0
5064.6339 5069.1921 5.917267e-16 2.268079e-17 1.636445e+00 16 0
5067.3760 5071.9366 1.083841e-17 9.520682e-18 1.587918e-02 0 0
5070.1180 5074.6811 -1.452690e-17 9.092442e-18 -4.916748e-02 0 0
5072.8600 5077.4256 -2.061724e-17 9.143239e-18 -6.430788e-02 0 0
5075.6020 5080.1701 -3.240539e-17 8.895031e-18 -9.367692e-02 16384 0
5078.3440 5082.9145 -2.064395e-17 9.208646e-18 -6.439384e-02 0 0
5081.0860 5085.6589 -1.685813e-17 9.713446e-18 -5.501318e-02 16 0
5083.8279 5088.4033 -1.972268e-17 8.886725e-18 -6.213724e-02 0 0
5086.5698 5091.1477 -1.307953e-17 1.014683e-17 -4.554709e-02 16 0
5089.3117 5093.8921 1.048760e-16 1.629327e-17 2.710046e-01 16 0
5092.0535 5096.6364 -4.229763e-16 3.848793e-17 -1.227906e+00 16400 0
5094.7954 5099.3807 -1.169400e-17 9.238563e-18 -4.204982e-02 0 0
5097.5372 5102.1250 -9.130537e-18 9.746521e-18 -3.553655e-02 16 0
5100.2790 5104.8692 1.348034e-17 1.014182e-17 2.323668e-02 16 0
5103.0207 5107.6134 6.436989e-16 1.935931e-17 1.802015e+00 16 0
5105.7625 5110.3576 6.641738e-17 1.477460e-17 1.662231e-01 16 0
5108.5042 5113.1018 2.160490e-16 1.251703e-17 5.842111e-01 0 0
5111.2458 5115.8460 -1.507109e-17 1.012671e-17 -5.059146e-02 16 0
5113.9875 5118.5901 -3.188495e-17 1.102837e-17 -9.312381e-02 16400 0
5116.7291 5121.3342 -1.498343e-17 9.565986e-18 -5.037426e-02 0 0
5119.4708 5124.0783 -1.913064e-18 1.454870e-17 -1.689660e-02 16 0
5122.2123 5126.8223 -2.190795e-17 9.126668e-18 -6.767318e-02 0 0
5124.9539 5129.5664 -2.632870e-17 9.350104e-18 -7.851133e-02 16 0
5127.6954 5132.3104 -1.395495e-17 1.044883e-17 -4.776587e-02 16 0
5130.4370 5135.0544 3.031630e-16 1.506570e-17 8.356571e-01 16 0
5133.1784 5137.7983 1.878398e-16 1.459288e-17 5.077835e-01 16 0
5135.9199 5140.5422 4.275019e-16 1.516941e-17 1.193173e+00 0 0
5138.6613 5143.2861 -2.359853e-18 9.774583e-18 -1.793586e-02 16 0
5141.4028 5146.0300 -2.142781e-17 8.684340e-18 -6.644953e-02 0 0
5144.1441 5148.7739 -3.158650e-17 9.421750e-18 -9.281304e-02 16400 0
5146.8855 5151.5177 -2.161088e-17 8.821704e-18 -6.686308e-02 0 0
5149.6268 5154.2615 -2.002520e-17 9.260092e-18 -6.290284e-02 16 0
5152.3682 5157.0053 3.861806e-19 9.589771e-18 -1.067460e-02 16 0
5155.1094 5159.7490 4.071322e-17 3.006598e-17 9.734084e-02 16 0
5157.8507 5162.4928 -1.372874e-17 8.937008e-18 -4.699512e-02 0 0
5160.5919 5165.2365 -1.048276e-17 1.163895e-17 -3.870436e-02 16 0
5163.3331 5167.9801 -2.774017e-17 1.006318e-17 -8.160866e-02 16 0
5166.0743 5170.7238 -2.755478e-17 9.234739e-18 -8.110954e-02 0 0
5168.8155 5173.4674 1.368906e-17 1.199687e-17 2.451795e-02 16 0
5171.5566 5176.2110 -2.230399e-17 8.874563e-18 -6.822014e-02 0 0
5174.2977 5178.9546 -3.685810e-17 9.137543e-18 -1.082697e-01 16400 0
5177.0388 5181.6981 -1.358461e-17 1.281908e-17 -4.636917e-02 16 0
5179.7799 5184.4417 1.360474e-17 9.527504e-18 2.432434e-02 0 0
5182.5209 5187.1852 4.318332e-17 9.940804e-18 1.039459e-01 0 0
5185.2619 5189.9286 3.237183e-17 9.606619e-18 7.459524e-02 0 0
5188.0029 5192.6721 6.843032e-17 1.731402e-17 1.730434e-01 16 0
5190.7438 5195.4155 -1.488164e-17 8.896338e-18 -4.940280e-02 0 0
5193.4847 5198.1589 -1.510817e-17 9.619048e-18 -4.992052e-02 0 0
5196.2256 5200.9022 2.471179e-17 9.433158e-18 5.392751e-02 0 0
5198.9665 5203.6456 8.120884e-16 1.897670e-17 2.297889e+00 0 0
5201.7074 5206.3889 9.363208e-16 2.014489e-17 2.656070e+00 16 0
5204.4482 5209.1322 1.424118e-15 2.637352e-17 4.067853e+00 16 0
5207.1890 5211.8754 1.181282e-15 2.220405e-17 3.362570e+00 16 0
5209.9297 5214.6187 2.384364e-15 2.984332e-17 6.851849e+00 0 0
5212.6705 5217.3619 1.793946e-15 2.634198e-17 5.134991e+00 0 0
5215.4112 5220.1050 1.912934e-16 1.221342e-17 5.150324e-01 0 0
5218.1519 5222.8482 -1.188907e-17 8.838053e-18 -4.139394e-02 0 0
5220.8925 5225.5913 -2.162997e-17 9.986572e-18 -6.543164e-02 16 0
5223.6331 5228.3344 -1.189904e-17 1.030242e-17 -4.132066e-02 1040 0
5226.3737 5231.0775 -2.729253e-17 8.596009e-18 -7.959949e-02 17408 0
5229.1143 5233.8205 8.371415e-17 2.248351e-17 2.139441e-01 1040 0
5231.8549 5236.5635 3.988734e-16 1.483352e-17 1.102187e+00 1024 0
5234.5954 5239.3065 5.601348e-16 1.772732e-17 1.562451e+00 1040 0
5237.3359 5242.0495 3.087498e-16 1.416136e-17 8.450118e-01 1040 0
5240.0763 5244.7924 -2.405558e-17 8.697518e-18 -7.076590e-02 1024 0
5242.8168 5247.5353 -6.227049e-18 9.420365e-18 -2.670601e-02 1024 0
5245.5572 5250.2782 -1.598468e-17 9.301275e-18 -5.103565e-02 1024 0
5248.2976 5253.0210 -1.613881e-17 9.744959e-18 -5.135376e-02 1040 0
5251.0379 5255.7639 -3.945288e-18 8.933985e-18 -2.080122e-02 1024 0
5253.7783 5258.5067 7.580896e-17 2.254574e-17 1.914992e-01 1040 0
5256.5186 5261.2494 -1.136995e-17 9.536377e-18 -3.938271e-02 1040 0
5259.2588 5263.9922 -1.700399e-18 1.179459e-17 -1.498308e-02 1040 0
5261.9991 5266.7349 1.842858e-17 1.046852e-17 3.714217e-02 1040 0
5264.7393 5269.4776 -2.377016e-17 9.251544e-18 -6.936595e-02 1024 0
5267.4795 5272.2202 -1.117993e-17 8.884820e-18 -3.869258e-02 1024 0
5270.2196 5274.9628 2.971244e-18 1.012433e-17 -2.926141e-03 1040 0
5272.9598 5277.7054 -1.589033e-18 9.640648e-18 -1.451885e-02 1024 0
5275.6999 5280.4480 -2.478116e-17 8.939927e-18 -7.174190e-02 17408 0
5278.4399 5283.1905 -1.863970e-17 9.846856e-18 -5.669177e-02 1040 0
5281.1800 5285.9331 -9.574163e-18 9.302400e-18 -3.442640e-02 1024 0
5283.9200 5288.6755 -4.504492e-19 9.804937e-18 -1.148470e-02 1040 0
5286.6600 5291.4180 -2.817119e-18 9.430282e-18 -1.742560e-02 1040 0
5289.4000 5294.1604 -2.157424e-18 1.401751e-17 -1.572154e-02 1040 0
5292.1399 5296.9028 8.772149e-20 1.013884e-17 -1.001296e-02 1040 0
5294.8798 5299.6452 -2.563517e-17 9.277469e-18 -7.392552e-02 17408 0
5297.6197 5302.3875 -1.548768e-17 9.584355e-18 -4.852406e-02 1040 0
5300.3595 5305.1298 5.183902e-18 1.347712e-17 3.016107e-03 1040 0
5303.0993 5307.8721 -1.384021e-17 9.552569e-18 -4.437173e-02 1040 0
5305.8391 5310.6144 -2.084863e-17 1.212090e-17 -6.107114e-02 1040 0
5308.5789 5313.3566 5.566820e-18 9.419276e-18 4.060477e-03 1024 0
5311.3186 5316.0988 -2.268127e-17 9.075876e-18 -6.515734e-02 1024 0
5314.0583 5318.8410 -3.933341e-18 1.032239e-17 -1.975231e-02 16 0
5316.7980 5321.5831 1.890266e-18 1.017632e-17 -5.147539e-03 16 0
5319.5376 5324.3252 1.724250e-16 1.204713e-17 4.520781e-01 0 0
5322.2773 5327.0673 5.151412e-17 1.008894e-17 1.236329e-01 0 0
5325.0168 5329.8094 -5.369686e-18 9.067608e-18 -2.308827e-02 0 0
5327.7564 5332.5514 -1.373217e-17 1.131623e-17 -4.336580e-02 16 0
5330.4959 5335.2934 -6.738583e-18 1.014446e-17 -2.632918e-02 16 0
5333.2354 5338.0353 -1.295230e-17 8.861804e-18 -4.132237e-02 0 0
5335.9749 5340.7773 1.539475e-17 1.212313e-17 2.917927e-02 16 0
5338.7143 5343.5192 4.076979e-18 9.521824e-18 5.941875e-04 0 0
5341.4537 5346.2610 -2.456613e-17 8.962136e-18 -6.987919e-02 16384 0
5344.1931 5349.0029 -2.051741e-18 9.779647e-18 -1.453442e-02 16 0
5346.9325 5351.7447 -1.763495e-18 9.307609e-18 -1.377461e-02 0 0
5349.6718 5354.4865 -1.321467e-17 9.290808e-18 -4.142624e-02 0 0
5352.4111 5357.2282 8.218639e-18 1.077164e-17 1.108579e-02 16 0
5355.1503 5359.9700 -4.443963e-18 9.451169e-18 -2.016934e-02 0 0
5357.8895 5362.7116 -1.929753e-17 9.859759e-18 -5.537551e-02 16 0
5360.6287 5365.4533 1.179160e-17 9.374866e-18 2.009271e-02 0 0
5363.3679 5368.1949 -2.916334e-17 9.256061e-18 -8.240736e-02 16400 0
5366.1070 5370.9365 -1.567552e-17 1.191669e-17 -4.665344e-02 16 0
5368.8462 5373.6781 -7.851594e-18 9.264472e-18 -2.806285e-02 0 0
5371.5852 5376.4197 -2.139343e-17 9.048024e-18 -6.030379e-02 16384 0
5374.3243 5379.1612 5.066064e-17 1.112657e-17 1.194827e-01 16 0
5377.0633 5381.9026 3.143362e-16 1.392582e-17 8.299114e-01 0 0
5379.8023 5384.6441 -6.993370e-18 9.112771e-18 -2.571543e-02 0 0
5382.5412 5387.3855 1.498376e-16 4.241720e-17 3.819311e-01 16 0
5385.2802 5390.1269 -1.443284e-19 9.506683e-18 -9.106524e-03 0 0
5388.0190 5392.8683 -2.114977e-18 9.671741e-18 -1.381448e-02 0 0
5390.7579 5395.6096 5.113554e-18 1.339593e-17 3.789335e-03 16 0
5393.4967 5398.3509 -8.905074e-18 9.641206e-18 -2.985227e-02 16 0
5396.2355 5401.0921 1.633359e-18 9.651122e-18 -4.599258e-03 0 0
5398.9743 5403.8334 6.442451e-20 9.295110e-18 -8.337602e-03 0 0
5401.7130 5406.5746 -9.028241e-18 1.188044e-17 -2.988164e-02 16 0
5404.4517 5409.3158 -1.689141e-17 9.489010e-18 -4.790739e-02 0 0
5407.1904 5412.0569 7.982107e-18 9.422896e-18 1.098775e-02 0 0
5409.9291 5414.7980 3.761465e-18 1.501583e-17 7.744469e-04 16 0
5412.6677 5417.5391 3.685610e-18 9.629109e-18 6.347485e-04 0 0
5415.4063 5420.2801 5.294411e-17 2.161955e-17 1.237957e-01 16 0
5418.1448 5423.0211 -1.264699e-17 1.099951e-17 -3.767528e-02 16 0
5420.8833 5425.7621 8.359861e-18 1.068941e-17 1.205001e-02 16 0
5423.6218 5428.5031 -1.007866e-17 1.144025e-17 -3.157842e-02 16 0
5426.3603 5431.2440 2.310625e-18 9.438847e-18 -2.424307e-03 0 0
5429.0987 5433.9849 6.866505e-19 9.724358e-18 -6.233994e-03 0 0
5431.8371 5436.7257 3.477762e-16 1.494234e-17 9.042092e-01 16 0
5434.5754 5439.4666 2.250289e-16 1.319936e-17 5.744973e-01 16 0
5437.3138 5442.2073 -5.052877e-20 9.444705e-18 -7.796429e-03 0 0
5440.0521 5444.9481 1.494311e-16 2.128128e-17 3.733482e-01 16 0
5442.7903 5447.6888 2.942367e-16 1.655529e-17 7.578973e-01 16 0
5445.5286 5450.4295 1.273225e-15 3.469693e-17 3.411793e+00 16 0
5448.2668 5453.1702 2.498523e-17 9.885460e-18 5.282915e-02 0 0
5451.0049 5455.9108 5.230476e-17 1.063147e-17 1.210821e-01 0 0
5453.7431 5458.6514 5.440504e-17 1.072832e-17 1.263482e-01 0 0
5456.4812 5461.3920 -6.777554e-18 9.719231e-18 -2.290933e-02 0 0
5459.2192 5464.1325 -1.655244e-17 9.294044e-18 -4.550380e-02 16384 0
5461.9573 5466.8730 2.639299e-17 1.003352e-17 5.633975e-02 0 0
5464.6953 5469.6135 1.500734e-15 2.605971e-17 4.020165e+00 16 0
5467.4332 5472.3539 -3.654219e-18 1.277647e-17 -1.540848e-02 16 0
5470.1712 5475.0943 5.784582e-18 9.563689e-18 6.689399e-03 0 0
5472.9091 5477.8347 1.194954e-18 9.490333e-18 -4.021771e-03 0 0
5475.6470 5480.5750 -9.349034e-18 9.188833e-18 -2.809741e-02 0 0
5478.3848 5483.3153 4.051917e-17 1.750697e-17 9.134023e-02 16 0
5481.1226 5486.0556 -5.301950e-18 9.595409e-18 -1.876169e-02 0 0
5483.8604 5488.7959 -9.429073e-18 9.434437e-18 -2.797889e-02 0 0
5486.5981 5491.5361 9.629171e-18 1.125010e-17 1.612806e-02 16 0
5489.3358 5494.2762 -1.261468e-17 1.192009e-17 -3.482397e-02 16 0
5492.0735 5497.0164 -6.605221e-18 9.925539e-18 -2.134531e-02 0 0
5494.8111 5499.7565 -3.747450e-18 9.178418e-18 -1.478216e-02 0 0
5497.5488 5502.4965 -2.457909e-17 9.907654e-18 -6.732627e-02 16400 0
5500.2863 5505.2366 3.391639e-17 1.008144e-17 7.505748e-02 0 0
5503.0239 5507.9766 1.597476e-15 2.691514e-17 4.267245e+00 16 0
5505.7614 5510.7166 4.461290e-17 1.072765e-17 1.015027e-01 0 0
5508.4989 5513.4565 -1.696347e-17 9.283603e-18 -4.640987e-02 16384 0
5511.2363 5516.1964 1.022456e-17 9.903700e-18 1.803505e-02 0 0
5513.9737 5518.9363 1.056633e-17 1.069660e-17 1.889648e-02 16 0
5516.7111 5521.6761 1.231172e-16 1.176495e-17 3.010040e-01 0 0
5519.4484 5524.4159 1.918353e-16 1.241293e-17 4.798523e-01 0 0
5522.1857 5527.1557 4.212103e-18 9.712484e-18 4.283655e-03 0 0
5524.9230 5529.8954 -6.244053e-18 9.630951e-18 -1.930072e-02 0 0
5527.6602 5532.6351 -2.342299e-18 9.964006e-18 -1.048174e-02 0 0
5530.3974 5535.3748 4.046091e-21 1.031746e-17 -5.089020e-03 16 0
5533.1346 5538.1144 1.327333e-17 1.177939e-17 2.566046e-02 16 0
5535.8717 5540.8540 2.293198e-18 9.563226e-18 2.906937e-04 0 0
5538.6088 5543.5936 6.438459e-18 9.515608e-18 9.873288e-03 0 0
5541.3459 5546.3331 1.810064e-16 1.305963e-17 4.502191e-01 16 0
5544.0829 5549.0726 8.657867e-16 2.138583e-17 2.274569e+00 16 0
5546.8199 5551.8121 1.528329e-14 7.611547e-17 4.142913e+01 16 0
5549.5569 5554.5515 2.557543e-16 1.358901e-17 6.457708e-01 0 0
5552.2938 5557.2909 7.231379e-18 1.072017e-17 1.209140e-02 16 0
5555.0307 5560.0303 -3.676210e-19 1.438032e-17 -5.053047e-03 16 0
5557.7676 5562.7696 2.658467e-17 1.054034e-17 5.772214e-02 16 0
5560.5044 5565.5089 1.531115e-15 2.536355e-17 4.064228e+00 0 0
5563.2412 5568.2481 4.104844e-16 1.523533e-17 1.054508e+00 0 0
5565.9780 5570.9873 2.141029e-17 1.191490e-17 4.554296e-02 16 0
5568.7147 5573.7265 -7.144906e-18 9.464424e-18 -1.945475e-02 16384 0
5571.4514 5576.4657 9.878954e-18 1.005056e-17 1.874668e-02 0 0
5574.1880 5579.2048 1.747543e-17 9.849336e-18 3.645350e-02 0 0
5576.9246 5581.9439 6.057009e-18 1.010498e-17 1.019698e-02 0 0
5579.6612 5584.6829 4.000429e-16 5.940966e-17 1.025704e+00 16 0
5582.3978 5587.4219 1.007582e-17 1.110092e-17 1.952835e-02 16 0
5585.1343 5590.1609 2.328511e-17 1.028826e-17 5.035552e-02 16 0
5587.8708 5592.8998 7.418588e-18 1.249742e-17 1.365297e-02 16 0
5590.6072 5595.6387 3.130874e-16 1.400768e-17 7.945887e-01 0 0
5593.3436 5598.3776 1.576590e-16 1.264119e-17 3.877597e-01 16 0
5596.0800 5601.1164 8.358214e-18 9.960490e-18 1.605424e-02 16 0
5598.8163 5603.8552 1.332005e-18 1.347191e-17 4.870938e-04 16 0
5601.5526 5606.5940 1.081941e-18 9.751195e-18 5.855039e-05 0 0
5604.2889 5609.3327 2.037078e-17 1.250413e-17 4.386543e-02 16 0
5607.0251 5612.0714 1.177572e-16 3.465482e-17 2.844616e-01 16 0
5609.7613 5614.8101 9.197349e-18 9.850577e-18 1.840133e-02 0 0
5612.4974 5617.5487 9.259977e-18 9.824352e-18 1.863421e-02 0 0
5615.2335 5620.2872 5.193851e-18 9.776663e-18 9.680758e-03 16 0
5617.9696 5623.0258 1.377733e-17 9.477286e-18 2.900914e-02 0 0
5620.7057 5625.7643 1.511262e-17 9.936942e-18 3.212302e-02 0 0
5623.4417 5628.5028 8.975180e-17 1.092557e-17 2.128408e-01 0 0
5626.1776 5631.2412 2.123344e-16 2.054333e-17 5.264107e-01 16 0
5628.9136 5633.9796 1.368253e-17 1.239515e-17 2.912383e-02 16 0
5631.6495 5636.7180 5.733568e-16 1.722029e-17 1.474882e+00 0 0
5634.3853 5639.4563 1.137465e-16 1.165181e-17 2.728671e-01 16 0
5637.1212 5642.1946 1.102426e-17 1.037332e-17 2.345558e-02 16 0
5639.8570 5644.9328 2.666196e-18 9.643423e-18 5.307901e-03 0 0
5642.5927 5647.6711 3.140808e-17 1.646605e-17 7.030396e-02 16 0
5645.3284 5650.4092 2.584393e-17 1.023010e-17 5.740386e-02 0 0
5648.0641 5653.1474 4.460201e-18 9.497756e-18 9.579356e-03 0 0
5650.7998 5655.8855 1.151923e-17 1.123072e-17 2.511559e-02 16 0
5653.5354 5658.6236 2.195619e-15 1.342984e-16 5.808055e+00 1296 0
5656.2709 5661.3616 3.354187e-16 1.440683e-17 8.463649e-01 1024 0
5659.0065 5664.0996 2.189861e-17 9.929383e-18 4.879902e-02 1024 0
5661.7420 5666.8375 6.084569e-18 9.531101e-18 1.379431e-02 1024 0
5664.4774 5669.5755 3.806997e-19 9.520767e-18 1.030205e-03 17408 0
5667.2129 5672.3133 -5.740471e-18 9.717536e-18 -1.554286e-02 17424 0
5669.9482 5675.0512 3.299327e-17 1.027512e-17 7.489104e-02 1040 0
5672.6836 5677.7890 1.027712e-17 9.471713e-18 2.346784e-02 1024 0
5675.4189 5680.5268 2.148980e-17 9.798658e-18 4.859443e-02 1280 0
5678.1542 5683.2645 1.307923e-16 1.143879e-17 3.171990e-01 1024 0
5680.8894 5686.0022 4.908057e-16 1.620619e-17 1.267207e+00 1024 0
5683.6246 5688.7399 4.807040e-17 1.846202e-17 1.090540e-01 1040 0
5686.3598 5691.4775 3.128861e-18 1.050900e-17 3.081933e-04 1040 0
5689.0949 5694.2151 -1.390583e-17 9.859925e-18 -3.913809e-02 1024 0
5691.8300 5696.9526 2.652070e-16 1.363963e-17 6.726580e-01 1024 0
5694.5650 5699.6901 1.876368e-17 1.011988e-17 3.702589e-02 1024 0
5697.3000 5702.4276 -2.200569e-17 1.038455e-17 -6.012466e-02 17424 0
5700.0350 5705.1650 3.296169e-18 9.646672e-18 8.627400e-05 1024 0
5702.7699 5707.9024 -4.734245e-18 9.369537e-18 -1.836584e-02 1536 0
