# LMC-SN1987A-STIS-2 ob7ia30j0 G140L MAMA z=0.0009 a2center=336.7 extrsize=11 exptime=311.0 mode=fixed flags=none
# rest_wvl obs_wvl flux error net dq mask
1118.6718 1119.6786 0.000000e+00 0.000000e+00 -7.007299e-05 2564 0
1119.2548 1120.2621 0.000000e+00 0.000000e+00 -7.007299e-05 2564 0
1119.8378 1120.8457 0.000000e+00 0.000000e+00 -7.007300e-05 2564 0
1120.4208 1121.4292 0.000000e+00 0.000000e+00 3.174525e-03 2564 0
1121.0038 1122.0127 0.000000e+00 0.000000e+00 -1.016922e-02 2560 0
1121.5868 1122.5962 0.000000e+00 0.000000e+00 3.126013e-03 512 0
1122.1698 1123.1798 0.000000e+00 0.000000e+00 -4.260555e-04 512 0
1122.7528 1123.7633 0.000000e+00 0.000000e+00 3.113345e-03 512 0
1123.3358 1124.3468 0.000000e+00 0.000000e+00 6.279056e-03 512 0
1123.9188 1124.9303 0.000000e+00 0.000000e+00 3.246612e-03 512 0
1124.5018 1125.5138 0.000000e+00 0.000000e+00 4.824907e-04 512 0
1125.0847 1126.0973 0.000000e+00 0.000000e+00 3.257005e-03 512 0
1125.6677 1126.6808 0.000000e+00 0.000000e+00 -1.344354e-04 512 0
1126.2507 1127.2643 0.000000e+00 0.000000e+00 -4.401748e-04 512 0
1126.8337 1127.8478 0.000000e+00 0.000000e+00 -7.407919e-04 512 0
1127.4167 1128.4313 0.000000e+00 0.000000e+00 -1.044787e-03 512 0
1127.9996 1129.0148 0.000000e+00 0.000000e+00 -1.344366e-03 512 0
1128.5826 1129.5983 0.000000e+00 0.000000e+00 -1.644188e-03 512 0
1129.1656 1130.1818 0.000000e+00 0.000000e+00 -1.943858e-03 512 0
1129.7486 1130.7653 0.000000e+00 0.000000e+00 7.394202e-03 512 0
1130.3315 1131.3488 0.000000e+00 0.000000e+00 -2.535703e-03 512 0
1130.9145 1131.9323 0.000000e+00 0.000000e+00 -2.833695e-03 1536 0
1131.4975 1132.5158 0.000000e+00 0.000000e+00 -3.124948e-03 512 0
1132.0804 1133.0993 0.000000e+00 0.000000e+00 -3.415976e-03 512 0
1132.6634 1133.6828 0.000000e+00 0.000000e+00 -3.705304e-03 512 0
1133.2464 1134.2663 0.000000e+00 0.000000e+00 -3.994259e-03 512 0
1133.8293 1134.8498 0.000000e+00 0.000000e+00 -4.280633e-03 512 0
1134.4123 1135.4333 0.000000e+00 0.000000e+00 -1.071850e-03 512 0
1134.9953 1136.0167 0.000000e+00 0.000000e+00 -1.560838e-03 512 0
1135.5782 1136.6002 0.000000e+00 0.000000e+00 -1.832941e-03 512 0
1136.1612 1137.1837 0.000000e+00 0.000000e+00 -2.159095e-03 512 0
1136.7441 1137.7672 0.000000e+00 0.000000e+00 7.678171e-03 512 0
1137.3271 1138.3507 1.305634e-14 1.844586e-13 3.150203e-04 0 0
1137.9100 1138.9341 -2.868458e-14 3.731071e-14 -2.675948e-03 0 0
1138.4930 1139.5176 -1.954334e-14 2.067131e-14 -3.176330e-03 0 0
1139.0759 1140.1011 -1.538360e-14 1.438555e-14 -3.567392e-03 0 0
1139.6589 1140.6846 -2.349223e-14 4.585230e-19 -7.086861e-03 0 0
1140.2418 1141.2680 5.294547e-15 1.430974e-14 2.000425e-03 0 0
1140.8247 1141.8515 -1.477539e-15 1.013237e-14 -7.137121e-04 0 0
1141.4077 1142.4350 -8.254217e-15 5.009446e-15 -4.916083e-03 0 0
1141.9906 1143.0184 1.809298e-15 7.391147e-15 1.344929e-03 0 0
1142.5736 1143.6019 1.402766e-15 6.246784e-15 1.259604e-03 0 0
1143.1565 1144.1853 1.018998e-15 5.218175e-15 1.107591e-03 0 0
1143.7394 1144.7688 8.002077e-15 6.133661e-15 1.024457e-02 0 0
1144.3224 1145.3523 6.795256e-15 5.278901e-15 1.015924e-02 0 0
1144.9053 1145.9357 1.812373e-14 6.579598e-15 3.102311e-02 0 0
1145.4882 1146.5192 1.170077e-14 5.316184e-15 2.265367e-02 0 0
1146.0712 1147.1026 1.083349e-14 4.902262e-15 2.341506e-02 0 0
1146.6541 1147.6861 5.435811e-15 3.664648e-15 1.298210e-02 0 0
1147.2370 1148.2695 2.728014e-14 6.270865e-15 7.137516e-02 0 0
1147.8199 1148.8530 6.509712e-15 3.440885e-15 1.854160e-02 0 0
1148.4028 1149.4364 2.599677e-14 5.595611e-15 8.014624e-02 0 0
1148.9858 1150.0199 3.035170e-14 5.790210e-15 1.011755e-01 0 0
1149.5687 1150.6033 2.249273e-14 4.776959e-15 8.069082e-02 0 0
1150.1516 1151.1867 1.170197e-14 3.580678e-15 4.522817e-02 0 0
1150.7345 1151.7702 2.259405e-14 4.448509e-15 9.365498e-02 0 0
1151.3174 1152.3536 2.156827e-14 4.246280e-15 9.578637e-02 0 0
1151.9003 1152.9371 2.123549e-14 4.038063e-15 1.006178e-01 0 0
1152.4833 1153.5205 2.205283e-14 4.047348e-15 1.110830e-01 0 0
1153.0662 1154.1039 9.879088e-15 2.692119e-15 5.271135e-02 0 0
1153.6491 1154.6874 2.239427e-14 3.784428e-15 1.257683e-01 0 0
1154.2320 1155.2708 1.180572e-14 2.768357e-15 6.959608e-02 0 0
1154.8149 1155.8542 1.792628e-14 3.275615e-15 1.100569e-01 0 0
1155.3978 1156.4376 1.537898e-14 2.975762e-15 9.815927e-02 0 0
1155.9807 1157.0211 1.971419e-14 3.301608e-15 1.299897e-01 0 0
1156.5636 1157.6045 1.430347e-14 2.779268e-15 9.732686e-02 0 0
1157.1465 1158.1879 2.242688e-14 3.404029e-15 1.568374e-01 0 0
1157.7294 1158.7713 2.104849e-14 3.276271e-15 1.511818e-01 0 0
1158.3123 1159.3547 2.075092e-14 3.136250e-15 1.528361e-01 0 0
1158.8952 1159.9382 2.231848e-14 3.228786e-15 1.684797e-01 0 0
1159.4780 1160.5216 2.103214e-14 3.111439e-15 1.628222e-01 0 0
1160.0609 1161.1050 2.254667e-14 3.172912e-15 1.789103e-01 0 0
1160.6438 1161.6884 2.041162e-14 3.025511e-15 1.660760e-01 0 0
1161.2267 1162.2718 1.904258e-14 2.888973e-15 1.587828e-01 0 0
1161.8096 1162.8552 1.985388e-14 2.867257e-15 1.695447e-01 0 0
1162.3925 1163.4386 1.611212e-14 2.664532e-15 1.408469e-01 0 0
1162.9754 1164.0220 2.055717e-14 2.812360e-15 1.836374e-01 0 0
1163.5582 1164.6054 1.750077e-14 2.669835e-15 1.596948e-01 16 0
1164.1411 1165.1888 2.661970e-14 3.112840e-15 2.474605e-01 0 0
1164.7240 1165.7722 1.916211e-14 2.674587e-15 1.814198e-01 0 0
1165.3069 1166.3556 2.291205e-14 2.926294e-15 2.204318e-01 0 0
1165.8897 1166.9390 2.054477e-14 2.742018e-15 2.008058e-01 0 0
1166.4726 1167.5224 2.167273e-14 2.736947e-15 2.150137e-01 0 0
1167.0555 1168.1058 2.266782e-14 2.796230e-15 2.282221e-01 0 0
1167.6383 1168.6892 2.262517e-14 2.774171e-15 2.312833e-01 0 0
1168.2212 1169.2726 2.515211e-14 2.847619e-15 2.610157e-01 0 0
1168.8041 1169.8560 2.242217e-14 2.728372e-15 2.366498e-01 0 0
1169.3869 1170.4394 2.067187e-14 2.597086e-15 2.218669e-01 0 0
1169.9698 1171.0228 1.643549e-14 2.299386e-15 1.797553e-01 0 0
1170.5527 1171.6062 1.914090e-14 2.432686e-15 2.132976e-01 0 0
1171.1355 1172.1895 1.877988e-14 2.404618e-15 2.134220e-01 0 0
1171.7184 1172.7729 1.950417e-14 2.438264e-15 2.259953e-01 0 0
1172.3012 1173.3563 1.935348e-14 2.373259e-15 2.285639e-01 0 0
1172.8841 1173.9397 1.960143e-14 2.414660e-15 2.358766e-01 0 0
1173.4669 1174.5231 1.801276e-14 2.264531e-15 2.205078e-01 0 0
1174.0498 1175.1064 1.685385e-14 2.202913e-15 2.098689e-01 0 0
1174.6326 1175.6898 1.823484e-14 2.243494e-15 2.306724e-01 0 0
1175.2155 1176.2732 1.592259e-14 2.119931e-15 2.045428e-01 0 0
1175.7983 1176.8565 9.220544e-15 1.663012e-15 1.200686e-01 0 0
1176.3812 1177.4399 9.283593e-15 1.631151e-15 1.225068e-01 0 0
1176.9640 1178.0233 9.937210e-15 1.693747e-15 1.327568e-01 0 0
1177.5469 1178.6066 1.359480e-14 1.892233e-15 1.838346e-01 0 0
1178.1297 1179.1900 1.576793e-14 2.040204e-15 2.157840e-01 0 0
1178.7125 1179.7734 1.748518e-14 2.074957e-15 2.421392e-01 0 0
1179.2954 1180.3567 1.900764e-14 2.176733e-15 2.664997e-01 0 0
1179.8782 1180.9401 2.076595e-14 2.228952e-15 2.947785e-01 0 0
1180.4610 1181.5235 2.308357e-14 2.390073e-15 3.319141e-01 0 0
1181.0439 1182.1068 2.142753e-14 2.206586e-15 3.120846e-01 0 0
1181.6267 1182.6902 2.417014e-14 2.403250e-15 3.566402e-01 0 0
1182.2095 1183.2735 2.169867e-14 2.229653e-15 3.243493e-01 0 0
1182.7924 1183.8569 1.950117e-14 2.079455e-15 2.952667e-01 0 0
1183.3752 1184.4402 1.842420e-14 2.063129e-15 2.825350e-01 0 0
1183.9580 1185.0236 2.296660e-14 2.270302e-15 3.565630e-01 0 0
1184.5408 1185.6069 2.122796e-14 2.127224e-15 3.336090e-01 0 0
1185.1236 1186.1903 2.103279e-14 2.168439e-15 3.344643e-01 16 0
1185.7065 1186.7736 2.433584e-14 2.255482e-15 3.915250e-01 0 0
1186.2893 1187.3569 2.043012e-14 2.145916e-15 3.324878e-01 0 0
1186.8721 1187.9403 1.840676e-14 1.984538e-15 3.029934e-01 0 0
1187.4549 1188.5236 1.952469e-14 2.036977e-15 3.251032e-01 0 0
1188.0377 1189.1070 2.185416e-14 2.072509e-15 3.680749e-01 0 0
1188.6205 1189.6903 1.860056e-14 1.987102e-15 3.169706e-01 0 0
1189.2033 1190.2736 1.921340e-14 2.016173e-15 3.312808e-01 0 0
1189.7861 1190.8570 1.479137e-14 1.860704e-15 2.581252e-01 0 0
1190.3689 1191.4403 7.019780e-15 1.846403e-15 1.239897e-01 0 0
1190.9518 1192.0236 1.354123e-14 2.370514e-15 2.420828e-01 0 0
1191.5346 1192.6069 1.400686e-14 2.473172e-15 2.534341e-01 0 0
1192.1174 1193.1903 1.356001e-14 2.393524e-15 2.482389e-01 0 0
1192.7002 1193.7736 1.031642e-14 2.260364e-15 1.910554e-01 0 0
1193.2830 1194.3569 6.277287e-15 2.150842e-15 1.175320e-01 0 0
1193.8657 1194.9402 1.422037e-14 2.374433e-15 2.691171e-01 0 0
1194.4485 1195.5235 1.560557e-14 2.421627e-15 2.982709e-01 0 0
1195.0313 1196.1069 1.724120e-14 2.426556e-15 3.327098e-01 0 0
1195.6141 1196.6902 1.681798e-14 2.443547e-15 3.274795e-01 0 0
1196.1969 1197.2735 1.591639e-14 2.323238e-15 3.126533e-01 0 0
1196.7797 1197.8568 1.466400e-14 2.279750e-15 2.904985e-01 0 0
1197.3625 1198.4401 1.253718e-14 2.250824e-15 2.504395e-01 0 0
1197.9453 1199.0234 1.328432e-14 2.175682e-15 2.675701e-01 0 0
1198.5281 1199.6067 1.054141e-14 2.102551e-15 2.140806e-01 0 0
1199.1108 1200.1900 6.067551e-15 1.902748e-15 1.242675e-01 0 0
1199.6936 1200.7733 1.072716e-14 2.045633e-15 2.215733e-01 0 0
1200.2764 1201.3566 6.416708e-15 1.853387e-15 1.336958e-01 0 0
1200.8592 1201.9399 7.279819e-15 1.938076e-15 1.530124e-01 0 0
1201.4419 1202.5232 5.966113e-15 1.860421e-15 1.265140e-01 0 0
1202.0247 1203.1065 7.285432e-15 2.020574e-15 1.558665e-01 0 0
1202.6075 1203.6898 7.726208e-15 1.935799e-15 1.667676e-01 0 0
1203.1903 1204.2731 1.416506e-14 2.136722e-15 3.084615e-01 0 0
1203.7730 1204.8564 1.060934e-14 1.965761e-15 2.330598e-01 0 0
1204.3558 1205.4397 4.622269e-15 1.795554e-15 1.024238e-01 0 0
1204.9386 1206.0230 6.778655e-15 1.904089e-15 1.514965e-01 0 0
1205.5213 1206.6063 1.008803e-15 1.658981e-15 2.273747e-02 0 0
1206.1041 1207.1896 2.691437e-15 1.650245e-15 6.117210e-02 0 0
1206.6868 1207.7729 6.123949e-16 1.578664e-15 1.403469e-02 16 0
1207.2696 1208.3561 -1.091163e-16 1.542332e-15 -2.521336e-03 0 0
1207.8524 1208.9394 5.717932e-16 1.579495e-15 1.332065e-02 0 0
1208.4351 1209.5227 1.931673e-15 1.537866e-15 4.536730e-02 0 0
1209.0179 1210.1060 1.620613e-15 1.503007e-15 3.837001e-02 0 0
1209.6006 1210.6893 2.910718e-15 1.576504e-15 6.947044e-02 0 0
1210.1834 1211.2725 1.507897e-15 1.523757e-15 3.627798e-02 0 0
1210.7661 1211.8558 1.880075e-15 1.575103e-15 4.559317e-02 0 0
1211.3489 1212.4391 -8.533613e-16 1.373511e-15 -2.085900e-02 0 0
1211.9316 1213.0224 1.040724e-15 1.437206e-15 2.563962e-02 0 0
1212.5144 1213.6056 -7.735945e-16 1.426131e-15 -1.920819e-02 0 0
1213.0971 1214.1889 -2.168286e-15 1.370311e-15 -5.425778e-02 0 0
1213.6798 1214.7722 3.554294e-16 1.418427e-15 8.962929e-03 0 0
1214.2626 1215.3554 3.158974e-15 1.487827e-15 8.027291e-02 0 0
1214.8453 1215.9387 -6.637813e-16 1.304544e-15 -1.699623e-02 0 0
1215.4281 1216.5219 2.401152e-15 1.360962e-15 6.194875e-02 0 0
1216.0108 1217.1052 -6.833000e-16 1.273779e-15 -1.776198e-02 0 0
1216.5935 1217.6885 -3.158440e-15 1.245626e-15 -8.271930e-02 0 0
1217.1763 1218.2717 2.357868e-16 1.364846e-15 6.221503e-03 0 0
1217.7590 1218.8550 -1.848520e-15 1.274462e-15 -4.914007e-02 0 0
1218.3417 1219.4382 -1.261794e-15 1.272301e-15 -3.379318e-02 0 0
1218.9244 1220.0215 -2.041301e-16 1.247215e-15 -5.507767e-03 0 0
1219.5072 1220.6047 -1.857084e-15 1.195605e-15 -5.048066e-02 0 0
1220.0899 1221.1880 -7.057027e-16 1.284730e-15 -1.932538e-02 0 0
1220.6726 1221.7712 2.526495e-16 1.377933e-15 6.969869e-03 0 0
1221.2553 1222.3545 -9.722111e-16 1.271298e-15 -2.701688e-02 0 0
1221.8381 1222.9377 -1.018605e-15 1.250136e-15 -2.851140e-02 16 0
1222.4208 1223.5210 1.153693e-15 1.322983e-15 3.252316e-02 0 0
1223.0035 1224.1042 1.925290e-15 1.347229e-15 5.465630e-02 0 0
1223.5862 1224.6874 2.610756e-15 1.397002e-15 7.462564e-02 0 0
1224.1689 1225.2707 5.246532e-15 1.431181e-15 1.508907e-01 0 0
1224.7516 1225.8539 3.371437e-15 1.443053e-15 9.749141e-02 0 0
1225.3343 1226.4371 5.690250e-15 1.440060e-15 1.654254e-01 0 0
1225.9170 1227.0204 7.045332e-15 1.534050e-15 2.059266e-01 0 0
1226.4997 1227.6036 8.628327e-15 1.589594e-15 2.535725e-01 0 0
1227.0825 1228.1868 1.054482e-14 1.648672e-15 3.116449e-01 0 0
1227.6652 1228.7701 8.814908e-15 1.510918e-15 2.620466e-01 0 0
1228.2479 1229.3533 1.131114e-14 1.639980e-15 3.383333e-01 0 0
1228.8306 1229.9365 1.027078e-14 1.560380e-15 3.092340e-01 16 0
1229.4133 1230.5197 1.221871e-14 1.668434e-15 3.704327e-01 0 0
1229.9959 1231.1029 1.472905e-14 1.659765e-15 4.498376e-01 0 0
1230.5786 1231.6862 1.298617e-14 1.613222e-15 3.996252e-01 0 0
1231.1613 1232.2694 1.461239e-14 1.667778e-15 4.532219e-01 0 0
1231.7440 1232.8526 1.728135e-14 1.744065e-15 5.402722e-01 0 0
1232.3267 1233.4358 1.707508e-14 1.708669e-15 5.381315e-01 0 0
1232.9094 1234.0190 1.769715e-14 1.744866e-15 5.621893e-01 0 0
1233.4921 1234.6022 1.309593e-14 1.575268e-15 4.193019e-01 0 0
1234.0748 1235.1854 1.679997e-14 1.665668e-15 5.420274e-01 0 0
1234.6575 1235.7687 1.591504e-14 1.624256e-15 5.172749e-01 0 0
1235.2401 1236.3519 1.642433e-14 1.647706e-15 5.376475e-01 0 0
1235.8228 1236.9351 2.007149e-14 1.704671e-15 6.615063e-01 0 0
1236.4055 1237.5183 1.946814e-14 1.742615e-15 6.458212e-01 0 0
1236.9882 1238.1015 1.512358e-14 1.604128e-15 5.047842e-01 0 0
1237.5709 1238.6847 1.781662e-14 1.582936e-15 5.981696e-01 0 0
1238.1535 1239.2679 1.971913e-14 1.615019e-15 6.656524e-01 0 0
1238.7362 1239.8511 1.821675e-14 1.396311e-15 6.181194e-01 0 0
1239.3189 1240.4343 1.742880e-14 1.355059e-15 5.941663e-01 0 0
1239.9015 1241.0174 1.815874e-14 1.351691e-15 6.218258e-01 0 0
1240.4842 1241.6006 1.904839e-14 1.385601e-15 6.549542e-01 0 0
1241.0669 1242.1838 1.923490e-14 1.380154e-15 6.639689e-01 0 0
1241.6495 1242.7670 2.199244e-14 1.473354e-15 7.619336e-01 0 0
1242.2322 1243.3502 1.873378e-14 1.339071e-15 6.513620e-01 0 0
1242.8149 1243.9334 2.052625e-14 1.397995e-15 7.161412e-01 0 0
1243.3975 1244.5166 2.019701e-14 1.390179e-15 7.070738e-01 0 0
1243.9802 1245.0998 2.238240e-14 1.441202e-15 7.862676e-01 0 0
1244.5628 1245.6829 2.234352e-14 1.468917e-15 7.876077e-01 0 0
1245.1455 1246.2661 2.125165e-14 1.421678e-15 7.517421e-01 0 0
1245.7281 1246.8493 2.107339e-14 1.393483e-15 7.480513e-01 0 0
1246.3108 1247.4325 2.040513e-14 1.397985e-15 7.268897e-01 0 0
1246.8934 1248.0156 1.895985e-14 1.321787e-15 6.777859e-01 0 0
1247.4761 1248.5988 2.080958e-14 1.399762e-15 7.465271e-01 0 0
1248.0587 1249.1820 1.778726e-14 1.316359e-15 6.403329e-01 0 0
1248.6414 1249.7652 1.901244e-14 1.333232e-15 6.867968e-01 0 0
1249.2240 1250.3483 2.051264e-14 1.352455e-15 7.435138e-01 0 0
1249.8067 1250.9315 2.022981e-14 1.380265e-15 7.356938e-01 0 0
1250.3893 1251.5147 2.127437e-14 1.405996e-15 7.762020e-01 0 0
1250.9719 1252.0978 1.894427e-14 1.326591e-15 6.933334e-01 16 0
1251.5546 1252.6810 2.208410e-14 1.417962e-15 8.106934e-01 0 0
1252.1372 1253.2641 2.163405e-14 1.403710e-15 7.964001e-01 0 0
1252.7198 1253.8473 2.047660e-14 1.362931e-15 7.558351e-01 0 0
1253.3025 1254.4304 1.994241e-14 1.328873e-15 7.378970e-01 0 0
1253.8851 1255.0136 1.843794e-14 1.295480e-15 6.838105e-01 0 0
1254.4677 1255.5968 1.850298e-14 1.285354e-15 6.875834e-01 0 0
1255.0504 1256.1799 2.001628e-14 1.350451e-15 7.452492e-01 0 0
1255.6330 1256.7631 2.094599e-14 1.366063e-15 7.811972e-01 0 0
1256.2156 1257.3462 2.081313e-14 1.373049e-15 7.775617e-01 0 0
1256.7982 1257.9294 2.333530e-14 1.410681e-15 8.732437e-01 0 0
1257.3809 1258.5125 2.113783e-14 1.363930e-15 7.923607e-01 0 0
1257.9635 1259.0956 1.959359e-14 1.323677e-15 7.358398e-01 0 0
1258.5461 1259.6788 1.734751e-14 1.253965e-15 6.527470e-01 0 0
1259.1287 1260.2619 1.506325e-14 1.135511e-15 5.680772e-01 0 0
1259.7113 1260.8451 1.515362e-14 1.194063e-15 5.728107e-01 0 0
1260.2939 1261.4282 1.199000e-14 1.031464e-15 4.544050e-01 0 0
1260.8765 1262.0113 1.301485e-14 1.095317e-15 4.945355e-01 0 0
1261.4592 1262.5945 1.809614e-14 1.247848e-15 6.894668e-01 0 0
1262.0418 1263.1776 2.023676e-14 1.335609e-15 7.730831e-01 0 0
1262.6244 1263.7607 1.957365e-14 1.277370e-15 7.496547e-01 0 0
1263.2070 1264.3439 1.995392e-14 1.317411e-15 7.661175e-01 0 0
1263.7896 1264.9270 2.428296e-14 1.423455e-15 9.343263e-01 0 0
1264.3722 1265.5101 2.168956e-14 1.387481e-15 8.362744e-01 0 0
1264.9548 1266.0932 2.154122e-14 1.338351e-15 8.319339e-01 0 0
1265.5374 1266.6764 2.191902e-14 1.372510e-15 8.478931e-01 0 0
1266.1200 1267.2595 2.291894e-14 1.391393e-15 8.877353e-01 0 0
1266.7026 1267.8426 2.273947e-14 1.383187e-15 8.819186e-01 0 0
1267.2852 1268.4257 2.105307e-14 1.328999e-15 8.174245e-01 0 0
1267.8678 1269.0088 2.365747e-14 1.417887e-15 9.195649e-01 0 0
1268.4503 1269.5919 2.133241e-14 1.336072e-15 8.300771e-01 0 0
1269.0329 1270.1751 2.476233e-14 1.456007e-15 9.645775e-01 0 0
1269.6155 1270.7582 2.398217e-14 1.405593e-15 9.352496e-01 0 0
1270.1981 1271.3413 2.298917e-14 1.395935e-15 8.975481e-01 0 0
1270.7807 1271.9244 2.439945e-14 1.409752e-15 9.537510e-01 0 0
1271.3633 1272.5075 2.409740e-14 1.435812e-15 9.430757e-01 0 0
1271.9458 1273.0906 2.578159e-14 1.478528e-15 1.010234e+00 0 0
1272.5284 1273.6737 2.395833e-14 1.450272e-15 9.399490e-01 0 0
1273.1110 1274.2568 2.439885e-14 1.433473e-15 9.584216e-01 0 0
1273.6936 1274.8399 2.778782e-14 1.519026e-15 1.092901e+00 0 0
1274.2762 1275.4230 2.487921e-14 1.446904e-15 9.796237e-01 0 0
1274.8587 1276.0061 2.546355e-14 1.438989e-15 1.003749e+00 0 0
1275.4413 1276.5892 2.507615e-14 1.449342e-15 9.895371e-01 0 0
1276.0239 1277.1723 2.332727e-14 1.402953e-15 9.215086e-01 0 0
1276.6064 1277.7554 2.360881e-14 1.440234e-15 9.335626e-01 0 0
1277.1890 1278.3385 2.451023e-14 1.421423e-15 9.701740e-01 0 0
1277.7716 1278.9216 2.296659e-14 1.370257e-15 9.098952e-01 0 0
1278.3541 1279.5046 2.514219e-14 1.462613e-15 9.969882e-01 0 0
1278.9367 1280.0877 2.326752e-14 1.362879e-15 9.233695e-01 0 0
1279.5192 1280.6708 2.367755e-14 1.442150e-15 9.403741e-01 0 0
1280.1018 1281.2539 2.240615e-14 1.366944e-15 8.904539e-01 0 0
1280.6844 1281.8370 2.579101e-14 1.459486e-15 1.025635e+00 0 0
1281.2669 1282.4201 2.359250e-14 1.417004e-15 9.386841e-01 0 0
1281.8495 1283.0031 2.567901e-14 1.429062e-15 1.022219e+00 0 0
1282.4320 1283.5862 2.272969e-14 1.390507e-15 9.051489e-01 0 0
1283.0146 1284.1693 2.491750e-14 1.429678e-15 9.926360e-01 0 0
1283.5971 1284.7524 2.442434e-14 1.407395e-15 9.732136e-01 0 0
1284.1797 1285.3354 2.560249e-14 1.464680e-15 1.020387e+00 0 0
1284.7622 1285.9185 2.142542e-14 1.356825e-15 8.539863e-01 0 0
1285.3448 1286.5016 2.248537e-14 1.373974e-15 8.963078e-01 0 0
1285.9273 1287.0846 2.634587e-14 1.491176e-15 1.050138e+00 0 0
1286.5098 1287.6677 2.473839e-14 1.401123e-15 9.860017e-01 0 0
1287.0924 1288.2508 2.496720e-14 1.443412e-15 9.949224e-01 0 0
1287.6749 1288.8338 2.458329e-14 1.437033e-15 9.794176e-01 0 0
1288.2575 1289.4169 2.225935e-14 1.368782e-15 8.865207e-01 0 0
1288.8400 1289.9999 2.467721e-14 1.438146e-15 9.824616e-01 0 0
1289.4225 1290.5830 2.426639e-14 1.413334e-15 9.656327e-01 0 0
1290.0050 1291.1661 2.205062e-14 1.352423e-15 8.770189e-01 0 0
1290.5876 1291.7491 2.480341e-14 1.432299e-15 9.859080e-01 0 0
1291.1701 1292.3322 2.643202e-14 1.467945e-15 1.049994e+00 0 0
1291.7526 1292.9152 2.570187e-14 1.493915e-15 1.020289e+00 0 0
1292.3352 1293.4983 2.265429e-14 1.382990e-15 8.986818e-01 0 0
1292.9177 1294.0813 2.205801e-14 1.347458e-15 8.743825e-01 0 0
1293.5002 1294.6643 2.407538e-14 1.429758e-15 9.536402e-01 0 0
1294.0827 1295.2474 2.515048e-14 1.428427e-15 9.954748e-01 0 0
1294.6652 1295.8304 1.970196e-14 1.288750e-15 7.792282e-01 0 0
1295.2478 1296.4135 1.917244e-14 1.289637e-15 7.577280e-01 0 0
1295.8303 1296.9965 2.189015e-14 1.359966e-15 8.645027e-01 0 0
1296.4128 1297.5796 2.078524e-14 1.309274e-15 8.203063e-01 0 0
1296.9953 1298.1626 1.771990e-14 1.236611e-15 6.988580e-01 0 0
1297.5778 1298.7456 2.127216e-14 1.316376e-15 8.384550e-01 0 0
1298.1603 1299.3287 2.069638e-14 1.349646e-15 8.152847e-01 0 0
1298.7428 1299.9117 1.917114e-14 1.237930e-15 7.548423e-01 0 0
1299.3253 1300.4947 1.803292e-14 1.279446e-15 7.096972e-01 0 0
1299.9078 1301.0777 1.645344e-14 1.174847e-15 6.473033e-01 0 0
1300.4903 1301.6608 1.772418e-14 1.243984e-15 6.970624e-01 0 0
1301.0728 1302.2438 1.462165e-14 1.133184e-15 5.748941e-01 0 0
1301.6553 1302.8268 1.245554e-14 1.048969e-15 4.896064e-01 0 0
1302.2378 1303.4098 1.105683e-14 9.733669e-16 4.345379e-01 0 0
1302.8203 1303.9929 1.166749e-14 1.036491e-15 4.584493e-01 0 0
1303.4028 1304.5759 1.318125e-14 1.064686e-15 5.178408e-01 0 0
1303.9853 1305.1589 1.341680e-14 1.093231e-15 5.270070e-01 0 0
1304.5678 1305.7419 1.517489e-14 1.130533e-15 5.959578e-01 0 0
1305.1503 1306.3249 1.485759e-14 1.149046e-15 5.833896e-01 0 0
1305.7328 1306.9079 1.924404e-14 1.291096e-15 7.554608e-01 0 0
1306.3153 1307.4909 2.212977e-14 1.373823e-15 8.685462e-01 0 0
1306.8977 1308.0739 2.301676e-14 1.387672e-15 9.030958e-01 0 0
1307.4802 1308.6570 2.345546e-14 1.417774e-15 9.200215e-01 0 0
1308.0627 1309.2400 2.350960e-14 1.373868e-15 9.217789e-01 0 0
1308.6452 1309.8230 2.482688e-14 1.463837e-15 9.730108e-01 16 0
1309.2277 1310.4060 2.838323e-14 1.550712e-15 1.111800e+00 0 0
1309.8101 1310.9890 2.334410e-14 1.402964e-15 9.138899e-01 0 0
1310.3926 1311.5720 2.710624e-14 1.512687e-15 1.060465e+00 0 0
1310.9751 1312.1550 2.588394e-14 1.500750e-15 1.011931e+00 0 0
1311.5576 1312.7380 2.144182e-14 1.334172e-15 8.376065e-01 0 0
1312.1400 1313.3210 2.553984e-14 1.457853e-15 9.968710e-01 0 0
1312.7225 1313.9039 2.423687e-14 1.438130e-15 9.451701e-01 0 0
1313.3050 1314.4869 2.493662e-14 1.452872e-15 9.715612e-01 0 0
1313.8874 1315.0699 2.556282e-14 1.480942e-15 9.949837e-01 0 0
1314.4699 1315.6529 2.416589e-14 1.443405e-15 9.396641e-01 0 0
1315.0524 1316.2359 2.538470e-14 1.448171e-15 9.860187e-01 0 0
1315.6348 1316.8189 2.202820e-14 1.374760e-15 8.547229e-01 0 0
1316.2173 1317.4019 2.403015e-14 1.456399e-15 9.313701e-01 16 0
1316.7997 1317.9848 2.118055e-14 1.318311e-15 8.200021e-01 16 0
1317.3822 1318.5678 2.363830e-14 1.422896e-15 9.141060e-01 0 0
1317.9646 1319.1508 2.376208e-14 1.435024e-15 9.178295e-01 0 0
1318.5471 1319.7338 2.781344e-14 1.534765e-15 1.073063e+00 0 0
1319.1295 1320.3168 2.558126e-14 1.486932e-15 9.857872e-01 0 0
1319.7120 1320.8997 2.634482e-14 1.524026e-15 1.014014e+00 0 0
1320.2944 1321.4827 2.418585e-14 1.441461e-15 9.298128e-01 16 0
1320.8769 1322.0657 2.508600e-14 1.480637e-15 9.632674e-01 0 0
1321.4593 1322.6486 2.299404e-14 1.386562e-15 8.818790e-01 0 0
1322.0418 1323.2316 2.232239e-14 1.429642e-15 8.550808e-01 0 0
1322.6242 1323.8146 2.351567e-14 1.419128e-15 8.996890e-01 0 0
1323.2066 1324.3975 2.382169e-14 1.422689e-15 9.102660e-01 0 0
1323.7891 1324.9805 2.335343e-14 1.434720e-15 8.912528e-01 0 0
1324.3715 1325.5635 2.182424e-14 1.394071e-15 8.318047e-01 0 0
1324.9540 1326.1464 1.978033e-14 1.310196e-15 7.529062e-01 0 0
1325.5364 1326.7294 2.179109e-14 1.393484e-15 8.283237e-01 0 0
1326.1188 1327.3123 2.531082e-14 1.462246e-15 9.607975e-01 0 0
1326.7012 1327.8953 2.498518e-14 1.466412e-15 9.471110e-01 0 0
1327.2837 1328.4782 2.180763e-14 1.385444e-15 8.254862e-01 0 0
1327.8661 1329.0612 2.463131e-14 1.472124e-15 9.310187e-01 0 0
1328.4485 1329.6441 2.200716e-14 1.369024e-15 8.306020e-01 16 0
1329.0310 1330.2271 2.117209e-14 1.370025e-15 7.978774e-01 0 0
1329.6134 1330.8100 2.025778e-14 1.338427e-15 7.622461e-01 16 0
1330.1958 1331.3930 2.169371e-14 1.371665e-15 8.149945e-01 0 0
1330.7782 1331.9759 2.292974e-14 1.438120e-15 8.600538e-01 0 0
1331.3606 1332.5589 2.150399e-14 1.362835e-15 8.052684e-01 0 0
1331.9430 1333.1418 2.387487e-14 1.437210e-15 8.925815e-01 0 0
1332.5255 1333.7247 2.135239e-14 1.387225e-15 7.969477e-01 0 0
1333.1079 1334.3077 1.900486e-14 1.325706e-15 7.081347e-01 0 0
1333.6903 1334.8906 1.469792e-14 1.131566e-15 5.467234e-01 0 0
1334.2727 1335.4735 9.083807e-15 9.485846e-16 3.373131e-01 0 0
1334.8551 1336.0565 1.055196e-14 9.881119e-16 3.911539e-01 0 0
1335.4375 1336.6394 1.248645e-14 1.084392e-15 4.620593e-01 0 0
1336.0199 1337.2223 1.301145e-14 1.075747e-15 4.806467e-01 0 0
1336.6023 1337.8053 1.913555e-14 1.344988e-15 7.056342e-01 0 0
1337.1847 1338.3882 2.105812e-14 1.355529e-15 7.751667e-01 0 0
1337.7671 1338.9711 2.195885e-14 1.422061e-15 8.069018e-01 0 0
1338.3495 1339.5540 2.560594e-14 1.492526e-15 9.392648e-01 0 0
1338.9319 1340.1369 2.579859e-14 1.550631e-15 9.446713e-01 0 0
1339.5143 1340.7199 2.359750e-14 1.428931e-15 8.625604e-01 0 0
1340.0967 1341.3028 2.283036e-14 1.447794e-15 8.330614e-01 0 0
1340.6791 1341.8857 2.150477e-14 1.404461e-15 7.833260e-01 0 0
1341.2615 1342.4686 2.226005e-14 1.413078e-15 8.094347e-01 0 0
1341.8439 1343.0515 2.314725e-14 1.453475e-15 8.402444e-01 0 0
1342.4262 1343.6344 1.898802e-14 1.337291e-15 6.880831e-01 16 0
1343.0086 1344.2173 2.170959e-14 1.411614e-15 7.853639e-01 16 0
1343.5910 1344.8002 2.304553e-14 1.466920e-15 8.322791e-01 0 0
1344.1734 1345.3831 2.080179e-14 1.382607e-15 7.499804e-01 0 0
1344.7558 1345.9661 2.371309e-14 1.473844e-15 8.535153e-01 0 0
1345.3382 1346.5490 2.058636e-14 1.367139e-15 7.397426e-01 0 0
1345.9205 1347.1319 2.500686e-14 1.501104e-15 8.971089e-01 16 0
1346.5029 1347.7148 2.386458e-14 1.480317e-15 8.547307e-01 0 0
1347.0853 1348.2977 1.901882e-14 1.339819e-15 6.800766e-01 0 0
1347.6676 1348.8805 2.409822e-14 1.482539e-15 8.603252e-01 0 0
1348.2500 1349.4634 2.419243e-14 1.501296e-15 8.623232e-01 16 0
1348.8324 1350.0463 2.443935e-14 1.518084e-15 8.697575e-01 0 0
1349.4148 1350.6292 2.267860e-14 1.453959e-15 8.058482e-01 0 0
1349.9971 1351.2121 2.415467e-14 1.513034e-15 8.569784e-01 0 0
1350.5795 1351.7950 2.543684e-14 1.533544e-15 9.010965e-01 0 0
1351.1618 1352.3779 2.426636e-14 1.496915e-15 8.583290e-01 0 0
1351.7442 1352.9608 2.438340e-14 1.540252e-15 8.611703e-01 0 0
1352.3266 1353.5437 2.551790e-14 1.546487e-15 8.998786e-01 0 0
1352.9089 1354.1265 2.656302e-14 1.578769e-15 9.353192e-01 16 0
1353.4913 1354.7094 2.524237e-14 1.530869e-15 8.874689e-01 0 0
1354.0736 1355.2923 2.490114e-14 1.556124e-15 8.741356e-01 0 0
1354.6560 1355.8752 2.349265e-14 1.480514e-15 8.234251e-01 0 0
1355.2383 1356.4581 2.475042e-14 1.547034e-15 8.661619e-01 0 0
1355.8207 1357.0409 2.482667e-14 1.583209e-15 8.674668e-01 0 0
1356.4030 1357.6238 2.170171e-14 1.410229e-15 7.570645e-01 0 0
1356.9854 1358.2067 2.441101e-14 1.519864e-15 8.502008e-01 0 0
1357.5677 1358.7895 2.281120e-14 1.468200e-15 7.931655e-01 0 0
1358.1501 1359.3724 2.250169e-14 1.448472e-15 7.810917e-01 0 0
1358.7324 1359.9553 2.720342e-14 1.606833e-15 9.426704e-01 0 0
1359.3147 1360.5381 2.855879e-14 1.664095e-15 9.879070e-01 0 0
1359.8971 1361.1210 2.362870e-14 1.499609e-15 8.158901e-01 0 0
1360.4794 1361.7039 2.190059e-14 1.471416e-15 7.548397e-01 0 0
1361.0618 1362.2867 2.370316e-14 1.460286e-15 8.154379e-01 0 0
1361.6441 1362.8696 2.473392e-14 1.557500e-15 8.492898e-01 0 0
1362.2264 1363.4524 2.395624e-14 1.505191e-15 8.209948e-01 16 0
1362.8088 1364.0353 2.202480e-14 1.442757e-15 7.533305e-01 0 0
1363.3911 1364.6181 2.266376e-14 1.494756e-15 7.736415e-01 0 0
1363.9734 1365.2010 2.185623e-14 1.463655e-15 7.445801e-01 0 0
1364.5557 1365.7838 2.381894e-14 1.509309e-15 8.097909e-01 0 0
1365.1381 1366.3667 2.155160e-14 1.455202e-15 7.312052e-01 0 0
1365.7204 1366.9495 2.134038e-14 1.418623e-15 7.225354e-01 0 0
1366.3027 1367.5324 2.098453e-14 1.424810e-15 7.090046e-01 0 0
1366.8850 1368.1152 2.432698e-14 1.566796e-15 8.202024e-01 0 0
1367.4673 1368.6981 2.291025e-14 1.496767e-15 7.708005e-01 0 0
1368.0497 1369.2809 2.169878e-14 1.455965e-15 7.284843e-01 0 0
1368.6320 1369.8637 2.346766e-14 1.490129e-15 7.861840e-01 0 0
1369.2143 1370.4466 2.237836e-14 1.470091e-15 7.480794e-01 0 0
1369.7966 1371.0294 2.205701e-14 1.492671e-15 7.357464e-01 0 0
1370.3789 1371.6122 2.366013e-14 1.537968e-15 7.875131e-01 0 0
1370.9612 1372.1951 2.257905e-14 1.480970e-15 7.498985e-01 0 0
1371.5435 1372.7779 2.363470e-14 1.528057e-15 7.832515e-01 0 0
1372.1258 1373.3607 2.289479e-14 1.483379e-15 7.570761e-01 0 0
1372.7081 1373.9436 2.497040e-14 1.593925e-15 8.239090e-01 0 0
1373.2904 1374.5264 2.307636e-14 1.485375e-15 7.597476e-01 0 0
1373.8727 1375.1092 2.074838e-14 1.484748e-15 6.815726e-01 0 0
1374.4550 1375.6920 2.252848e-14 1.493104e-15 7.382355e-01 0 0
1375.0373 1376.2749 2.535762e-14 1.582939e-15 8.289111e-01 0 0
1375.6196 1376.8577 2.145501e-14 1.464106e-15 6.996196e-01 16 0
1376.2019 1377.4405 2.213081e-14 1.528253e-15 7.198901e-01 0 0
1376.7842 1378.0233 2.510661e-14 1.562733e-15 8.146858e-01 16 0
1377.3665 1378.6061 2.293027e-14 1.546456e-15 7.422445e-01 0 0
1377.9488 1379.1889 2.213731e-14 1.482543e-15 7.148188e-01 0 0
1378.5311 1379.7717 2.374291e-14 1.580982e-15 7.647914e-01 0 0
1379.1133 1380.3546 2.199917e-14 1.484753e-15 7.068883e-01 0 0
1379.6956 1380.9374 1.985345e-14 1.453840e-15 6.363869e-01 0 0
1380.2779 1381.5202 2.296897e-14 1.541288e-15 7.344546e-01 0 0
1380.8602 1382.1030 2.212317e-14 1.525316e-15 7.056928e-01 0 0
1381.4425 1382.6858 2.311184e-14 1.536798e-15 7.354361e-01 0 0
1382.0248 1383.2686 2.339794e-14 1.584023e-15 7.427430e-01 0 0
1382.6070 1383.8514 2.322525e-14 1.525045e-15 7.354772e-01 0 0
1383.1893 1384.4342 2.298896e-14 1.566378e-15 7.262492e-01 0 0
1383.7716 1385.0170 2.417844e-14 1.607198e-15 7.619900e-01 0 0
1384.3538 1385.5998 2.456053e-14 1.614449e-15 7.721933e-01 0 0
1384.9361 1386.1826 2.131060e-14 1.513716e-15 6.684187e-01 0 0
1385.5184 1386.7653 2.392532e-14 1.579755e-15 7.486656e-01 0 0
1386.1006 1387.3481 2.170558e-14 1.538328e-15 6.776039e-01 0 0
1386.6829 1387.9309 2.513991e-14 1.625076e-15 7.829931e-01 0 0
1387.2652 1388.5137 2.164095e-14 1.528930e-15 6.724465e-01 0 0
1387.8474 1389.0965 2.272490e-14 1.568817e-15 7.045080e-01 0 0
1388.4297 1389.6793 2.023738e-14 1.489314e-15 6.259484e-01 0 0
1389.0120 1390.2621 1.699352e-14 1.369302e-15 5.244263e-01 0 0
1389.5942 1390.8448 1.959836e-14 1.443335e-15 6.034424e-01 0 0
1390.1765 1391.4276 2.284596e-14 1.581242e-15 7.018657e-01 0 0
1390.7587 1392.0104 2.136943e-14 1.491230e-15 6.550346e-01 0 0
1391.3410 1392.5932 2.003153e-14 1.502494e-15 6.126621e-01 0 0
1391.9232 1393.1760 1.754199e-14 1.370059e-15 5.353277e-01 0 0
1392.5055 1393.7587 1.708759e-14 1.379094e-15 5.203086e-01 0 0
1393.0877 1394.3415 1.428425e-14 1.253649e-15 4.339856e-01 0 0
1393.6700 1394.9243 1.253252e-14 1.203876e-15 3.799206e-01 0 0
1394.2522 1395.5070 1.251785e-14 1.188508e-15 3.786325e-01 0 0
1394.8344 1396.0898 1.271783e-14 1.219660e-15 3.838243e-01 0 0
1395.4167 1396.6726 1.642173e-14 1.370118e-15 4.945003e-01 0 0
1395.9989 1397.2553 1.523192e-14 1.287800e-15 4.576373e-01 0 0
1396.5812 1397.8381 1.932153e-14 1.467271e-15 5.791944e-01 0 0
1397.1634 1398.4208 1.945715e-14 1.483610e-15 5.819232e-01 0 0
1397.7456 1399.0036 2.100348e-14 1.519778e-15 6.267256e-01 0 0
1398.3279 1399.5864 2.012725e-14 1.494233e-15 5.991761e-01 0 0
1398.9101 1400.1691 1.824897e-14 1.466852e-15 5.419844e-01 0 0
1399.4923 1400.7519 2.206178e-14 1.571856e-15 6.536583e-01 0 0
1400.0746 1401.3346 2.202400e-14 1.592718e-15 6.509732e-01 0 0
1400.6568 1401.9174 2.011795e-14 1.502217e-15 5.931917e-01 0 0
1401.2390 1402.5001 1.631075e-14 1.364041e-15 4.797607e-01 0 0
1401.8212 1403.0829 1.859003e-14 1.458656e-15 5.454609e-01 0 0
1402.4034 1403.6656 1.546369e-14 1.324863e-15 4.526119e-01 0 0
1402.9857 1404.2484 1.321474e-14 1.256387e-15 3.858333e-01 0 0
1403.5679 1404.8311 1.503944e-14 1.342820e-15 4.380245e-01 0 0
1404.1501 1405.4138 1.874772e-14 1.460281e-15 5.446832e-01 0 0
1404.7323 1405.9966 1.723191e-14 1.432539e-15 4.994093e-01 0 0
1405.3145 1406.5793 2.220632e-14 1.600184e-15 6.420026e-01 0 0
1405.8967 1407.1620 2.160396e-14 1.555195e-15 6.230613e-01 0 0
1406.4789 1407.7448 1.975407e-14 1.495182e-15 5.683353e-01 0 0
1407.0612 1408.3275 2.139628e-14 1.607279e-15 6.140988e-01 0 0
1407.6434 1408.9102 2.115266e-14 1.569846e-15 6.056685e-01 16 0
1408.2256 1409.4930 1.875436e-14 1.472381e-15 5.357294e-01 0 0
1408.8078 1410.0757 2.318628e-14 1.648109e-15 6.608003e-01 0 0
1409.3900 1410.6584 1.991056e-14 1.514224e-15 5.661401e-01 0 0
1409.9722 1411.2412 1.896600e-14 1.513080e-15 5.380635e-01 0 0
1410.5544 1411.8239 2.286551e-14 1.621509e-15 6.472314e-01 0 0
1411.1366 1412.4066 2.159441e-14 1.596424e-15 6.098835e-01 0 0
1411.7188 1412.9893 1.971472e-14 1.508132e-15 5.555499e-01 0 0
1412.3010 1413.5720 2.210675e-14 1.612892e-15 6.215551e-01 0 0
1412.8832 1414.1547 1.959329e-14 1.511061e-15 5.496435e-01 0 0
1413.4653 1414.7375 2.356341e-14 1.692483e-15 6.595033e-01 0 0
1414.0475 1415.3202 2.411336e-14 1.679918e-15 6.733400e-01 0 0
1414.6297 1415.9029 1.954211e-14 1.525896e-15 5.444042e-01 0 0
1415.2119 1416.4856 2.001356e-14 1.531315e-15 5.562061e-01 0 0
1415.7941 1417.0683 2.183427e-14 1.623892e-15 6.053101e-01 0 0
1416.3763 1417.6510 2.041019e-14 1.564526e-15 5.644132e-01 0 0
1416.9585 1418.2337 2.056335e-14 1.581172e-15 5.671695e-01 0 0
1417.5406 1418.8164 1.811826e-14 1.459855e-15 4.984056e-01 0 0
1418.1228 1419.3991 1.925790e-14 1.563194e-15 5.282882e-01 0 0
1418.7050 1419.9818 1.947083e-14 1.517843e-15 5.326163e-01 0 0
1419.2872 1420.5645 1.847607e-14 1.532826e-15 5.039124e-01 0 0
1419.8693 1421.1472 2.077818e-14 1.582498e-15 5.649875e-01 0 0
1420.4515 1421.7299 2.164061e-14 1.633888e-15 5.866083e-01 0 0
1421.0337 1422.3126 2.015634e-14 1.556699e-15 5.446463e-01 0 0
1421.6158 1422.8953 2.168250e-14 1.650004e-15 5.840006e-01 0 0
1422.1980 1423.4780 2.204953e-14 1.646957e-15 5.919551e-01 0 0
1422.7802 1424.0607 2.221252e-14 1.656018e-15 5.943816e-01 0 0
1423.3623 1424.6434 2.515436e-14 1.765162e-15 6.708912e-01 0 0
1423.9445 1425.2261 2.170860e-14 1.667825e-15 5.771028e-01 0 0
1424.5267 1425.8087 2.070089e-14 1.638384e-15 5.485314e-01 0 0
1425.1088 1426.3914 2.047972e-14 1.592573e-15 5.409396e-01 0 0
1425.6910 1426.9741 2.135389e-14 1.651079e-15 5.622468e-01 0 0
1426.2731 1427.5568 2.055498e-14 1.624856e-15 5.395439e-01 0 0
1426.8553 1428.1395 1.982733e-14 1.586651e-15 5.188680e-01 0 0
1427.4374 1428.7221 2.021734e-14 1.621729e-15 5.275302e-01 0 0
1428.0196 1429.3048 1.964639e-14 1.576708e-15 5.111774e-01 0 0
1428.6017 1429.8875 1.995688e-14 1.620447e-15 5.178525e-01 0 0
1429.1839 1430.4702 2.134685e-14 1.638982e-15 5.524810e-01 0 0
1429.7660 1431.0528 2.305910e-14 1.743276e-15 5.953214e-01 0 0
1430.3482 1431.6355 2.222383e-14 1.680058e-15 5.723987e-01 0 0
1430.9303 1432.2182 1.922826e-14 1.598132e-15 4.941211e-01 0 0
1431.5125 1432.8008 2.258956e-14 1.708282e-15 5.792312e-01 0 0
1432.0946 1433.3835 2.026043e-14 1.626927e-15 5.184114e-01 0 0
1432.6767 1433.9661 2.053211e-14 1.629492e-15 5.242874e-01 0 0
1433.2589 1434.5488 2.099132e-14 1.659138e-15 5.349389e-01 0 0
1433.8410 1435.1315 2.124023e-14 1.664844e-15 5.402190e-01 0 0
1434.4231 1435.7141 2.051397e-14 1.667179e-15 5.207322e-01 0 0
1435.0053 1436.2968 1.982276e-14 1.621756e-15 5.022162e-01 0 0
1435.5874 1436.8794 2.236043e-14 1.668943e-15 5.654125e-01 0 0
1436.1695 1437.4621 2.032015e-14 1.633932e-15 5.128233e-01 0 0
1436.7517 1438.0447 1.898232e-14 1.590756e-15 4.781147e-01 0 0
1437.3338 1438.6274 1.924382e-14 1.575126e-15 4.837286e-01 0 0
1437.9159 1439.2100 2.119780e-14 1.693291e-15 5.317481e-01 0 0
1438.4980 1439.7927 2.170679e-14 1.710371e-15 5.433621e-01 0 0
1439.0801 1440.3753 1.965132e-14 1.598372e-15 4.908344e-01 0 0
1439.6623 1440.9580 1.858352e-14 1.591376e-15 4.631118e-01 0 0
1440.2444 1441.5406 1.924589e-14 1.572308e-15 4.785020e-01 0 0
1440.8265 1442.1232 2.237501e-14 1.744853e-15 5.549620e-01 0 0
1441.4086 1442.7059 2.045798e-14 1.632853e-15 5.061674e-01 0 0
1441.9907 1443.2885 1.854856e-14 1.568954e-15 4.577656e-01 0 0
1442.5728 1443.8712 2.006412e-14 1.679542e-15 4.938964e-01 0 0
1443.1549 1444.4538 2.032860e-14 1.653364e-15 4.990922e-01 0 0
1443.7371 1445.0364 2.404801e-14 1.780152e-15 5.888361e-01 0 0
1444.3192 1445.6190 2.084746e-14 1.729680e-15 5.090833e-01 0 0
1444.9013 1446.2017 1.996449e-14 1.651079e-15 4.861855e-01 0 0
1445.4834 1446.7843 2.267027e-14 1.748798e-15 5.505428e-01 0 0
1446.0655 1447.3669 2.268691e-14 1.776097e-15 5.494038e-01 0 0
1446.6476 1447.9495 2.288968e-14 1.785694e-15 5.527470e-01 0 0
1447.2297 1448.5322 2.198839e-14 1.759351e-15 5.294725e-01 0 0
1447.8118 1449.1148 2.191347e-14 1.721196e-15 5.261573e-01 0 0
1448.3939 1449.6974 2.126554e-14 1.741207e-15 5.091341e-01 0 0
1448.9759 1450.2800 2.091875e-14 1.678816e-15 4.993905e-01 0 0
1449.5580 1450.8626 2.381925e-14 1.814503e-15 5.669959e-01 0 0
1450.1401 1451.4453 2.091280e-14 1.724000e-15 4.963778e-01 0 0
1450.7222 1452.0279 2.011224e-14 1.681682e-15 4.760028e-01 0 0
1451.3043 1452.6105 1.958960e-14 1.656235e-15 4.623058e-01 0 0
1451.8864 1453.1931 1.682815e-14 1.562636e-15 3.960012e-01 0 0
1452.4685 1453.7757 2.338961e-14 1.799759e-15 5.488419e-01 0 0
1453.0506 1454.3583 1.888567e-14 1.643321e-15 4.419003e-01 0 0
1453.6326 1454.9409 2.156732e-14 1.748051e-15 5.032327e-01 0 0
1454.2147 1455.5235 2.203872e-14 1.774541e-15 5.127954e-01 0 0
1454.7968 1456.1061 2.088195e-14 1.711294e-15 4.845409e-01 0 0
1455.3789 1456.6887 2.428987e-14 1.899294e-15 5.620717e-01 0 0
1455.9609 1457.2713 2.192397e-14 1.744871e-15 5.059572e-01 0 0
1456.5430 1457.8539 2.347105e-14 1.878449e-15 5.402092e-01 0 0
1457.1251 1458.4365 2.179875e-14 1.720583e-15 5.004050e-01 0 0
1457.7072 1459.0191 2.312587e-14 1.867980e-15 5.294881e-01 16 0
1458.2892 1459.6017 1.983792e-14 1.687282e-15 4.530557e-01 0 0
1458.8713 1460.1843 2.288973e-14 1.843867e-15 5.214363e-01 0 0
1459.4533 1460.7669 2.136312e-14 1.768786e-15 4.854682e-01 0 0
1460.0354 1461.3494 2.042078e-14 1.715929e-15 4.629240e-01 0 0
1460.6175 1461.9320 1.929891e-14 1.674219e-15 4.364519e-01 0 0
1461.1995 1462.5146 1.968278e-14 1.694137e-15 4.440775e-01 0 0
1461.7816 1463.0972 2.247893e-14 1.817258e-15 5.059791e-01 0 0
1462.3636 1463.6798 2.026335e-14 1.725317e-15 4.550432e-01 0 0
1462.9457 1464.2624 2.092225e-14 1.761365e-15 4.687496e-01 0 0
1463.5278 1464.8449 1.934656e-14 1.700633e-15 4.324391e-01 0 0
1464.1098 1465.4275 2.193438e-14 1.796450e-15 4.891399e-01 0 0
1464.6919 1466.0101 1.971168e-14 1.718248e-15 4.385437e-01 0 0
1465.2739 1466.5926 1.545642e-14 1.513831e-15 3.430588e-01 0 0
1465.8559 1467.1752 2.073914e-14 1.773343e-15 4.592126e-01 0 0
1466.4380 1467.7578 1.936071e-14 1.683115e-15 4.276482e-01 0 0
1467.0200 1468.3404 2.179709e-14 1.813420e-15 4.802836e-01 0 0
1467.6021 1468.9229 1.586367e-14 1.557007e-15 3.486629e-01 0 0
1468.1841 1469.5055 2.011216e-14 1.728943e-15 4.409140e-01 0 0
1468.7662 1470.0880 1.945204e-14 1.703124e-15 4.253159e-01 0 0
1469.3482 1470.6706 2.202785e-14 1.837675e-15 4.803530e-01 0 0
1469.9302 1471.2532 1.977181e-14 1.713228e-15 4.299681e-01 0 0
1470.5123 1471.8357 2.054728e-14 1.794346e-15 4.455932e-01 0 0
1471.0943 1472.4183 2.096273e-14 1.795921e-15 4.533118e-01 0 0
1471.6763 1473.0008 2.054387e-14 1.809142e-15 4.429868e-01 0 0
1472.2584 1473.5834 1.857846e-14 1.683872e-15 3.994465e-01 0 0
1472.8404 1474.1659 2.031513e-14 1.789388e-15 4.355160e-01 0 0
1473.4224 1474.7485 2.084586e-14 1.791438e-15 4.455870e-01 0 0
1474.0044 1475.3310 1.888010e-14 1.753768e-15 4.023934e-01 0 0
1474.5865 1475.9136 2.150901e-14 1.870036e-15 4.571021e-01 0 0
1475.1685 1476.4961 2.229179e-14 1.845484e-15 4.723690e-01 0 0
1475.7505 1477.0787 2.150776e-14 1.837047e-15 4.544562e-01 0 0
1476.3325 1477.6612 2.006459e-14 1.797077e-15 4.227519e-01 0 0
1476.9145 1478.2438 1.995346e-14 1.763538e-15 4.192400e-01 16 0
1477.4965 1478.8263 1.894565e-14 1.739043e-15 3.969552e-01 16 0
1478.0786 1479.4088 1.787385e-14 1.714576e-15 3.734895e-01 0 0
1478.6606 1479.9914 1.683543e-14 1.643742e-15 3.508416e-01 0 0
1479.2426 1480.5739 1.829787e-14 1.742556e-15 3.803335e-01 0 0
1479.8246 1481.1564 2.403760e-14 1.929209e-15 4.983443e-01 0 0
1480.4066 1481.7390 2.257263e-14 1.889047e-15 4.668013e-01 0 0
1480.9886 1482.3215 1.992313e-14 1.757704e-15 4.109754e-01 0 0
1481.5706 1482.9040 1.967842e-14 1.781744e-15 4.049231e-01 0 0
1482.1526 1483.4865 1.935728e-14 1.805524e-15 3.973266e-01 0 0
1482.7346 1484.0691 1.799263e-14 1.714511e-15 3.683963e-01 16 0
1483.3166 1484.6516 2.126834e-14 1.871272e-15 4.343787e-01 0 0
1483.8986 1485.2341 1.784284e-14 1.737010e-15 3.634872e-01 0 0
1484.4806 1485.8166 1.791222e-14 1.717086e-15 3.639663e-01 0 0
1485.0626 1486.3991 1.792401e-14 1.680041e-15 3.632380e-01 0 0
1485.6446 1486.9817 1.856514e-14 1.752231e-15 3.752268e-01 0 0
1486.2266 1487.5642 1.773413e-14 1.697425e-15 3.574232e-01 0 0
1486.8086 1488.1467 2.001327e-14 1.775593e-15 4.022179e-01 0 0
1487.3905 1488.7292 1.755594e-14 1.700134e-15 3.517699e-01 0 0
1487.9725 1489.3117 2.212553e-14 1.893962e-15 4.419885e-01 0 0
1488.5545 1489.8942 2.160440e-14 1.871109e-15 4.301743e-01 0 0
1489.1365 1490.4767 2.034941e-14 1.820847e-15 4.038568e-01 0 0
1489.7185 1491.0592 2.062487e-14 1.846487e-15 4.078942e-01 0 0
1490.3005 1491.6417 1.960132e-14 1.791138e-15 3.862859e-01 0 0
1490.8824 1492.2242 2.006298e-14 1.815434e-15 3.939293e-01 0 0
1491.4644 1492.8067 2.132336e-14 1.893499e-15 4.171240e-01 0 0
1492.0464 1493.3892 1.952418e-14 1.791822e-15 3.804751e-01 0 0
1492.6284 1493.9717 2.251988e-14 1.967854e-15 4.371720e-01 0 0
1493.2103 1494.5542 2.489395e-14 2.026288e-15 4.813886e-01 0 0
1493.7923 1495.1367 1.933323e-14 1.814775e-15 3.724034e-01 0 0
1494.3743 1495.7192 2.106608e-14 1.863026e-15 4.042099e-01 0 0
1494.9562 1496.3017 2.100112e-14 1.913264e-15 4.013976e-01 0 0
1495.5382 1496.8842 2.191777e-14 1.923927e-15 4.173181e-01 0 0
1496.1202 1497.4667 2.103037e-14 1.915507e-15 3.988920e-01 0 0
1496.7021 1498.0492 1.776192e-14 1.737896e-15 3.356509e-01 0 0
1497.2841 1498.6316 1.602131e-14 1.704340e-15 3.016405e-01 0 0
1497.8660 1499.2141 1.865927e-14 1.814104e-15 3.500687e-01 0 0
1498.4480 1499.7966 1.874412e-14 1.806943e-15 3.504297e-01 0 0
1499.0300 1500.3791 1.739018e-14 1.776951e-15 3.240454e-01 0 0
1499.6119 1500.9616 1.598192e-14 1.668792e-15 2.968328e-01 0 0
1500.1939 1501.5440 1.725865e-14 1.751709e-15 3.195554e-01 0 0
1500.7758 1502.1265 1.933051e-14 1.859420e-15 3.568236e-01 0 0
1501.3578 1502.7090 1.522555e-14 1.643269e-15 2.802247e-01 0 0
1501.9397 1503.2915 1.823399e-14 1.828632e-15 3.346175e-01 0 0
1502.5217 1503.8739 1.562740e-14 1.679087e-15 2.859690e-01 0 0
1503.1036 1504.4564 2.059634e-14 1.958137e-15 3.758321e-01 0 0
1503.6855 1505.0389 1.668900e-14 1.747659e-15 3.036812e-01 0 0
1504.2675 1505.6213 1.592181e-14 1.694833e-15 2.889113e-01 0 0
1504.8494 1506.2038 1.894984e-14 1.868558e-15 3.428895e-01 0 0
1505.4314 1506.7862 1.866602e-14 1.849666e-15 3.367998e-01 0 0
1506.0133 1507.3687 1.943201e-14 1.877415e-15 3.496087e-01 0 0
1506.5952 1507.9512 2.146088e-14 2.000743e-15 3.849855e-01 0 0
1507.1772 1508.5336 2.175799e-14 2.010572e-15 3.891383e-01 0 0
1507.7591 1509.1161 1.938950e-14 1.886444e-15 3.457172e-01 0 0
1508.3410 1509.6985 2.103641e-14 1.961214e-15 3.738804e-01 0 0
1508.9230 1510.2810 2.051899e-14 1.993398e-15 3.634930e-01 0 0
1509.5049 1510.8634 1.492760e-14 1.656647e-15 2.635365e-01 0 0
1510.0868 1511.4459 1.733366e-14 1.820706e-15 3.049440e-01 0 0
1510.6687 1512.0283 2.200361e-14 2.034935e-15 3.856941e-01 0 0
1511.2506 1512.6108 1.808700e-14 1.871515e-15 3.158675e-01 0 0
1511.8326 1513.1932 1.487896e-14 1.672103e-15 2.588500e-01 0 0
1512.4145 1513.7757 1.942590e-14 1.961676e-15 3.366402e-01 0 0
1512.9964 1514.3581 1.909140e-14 1.880299e-15 3.295246e-01 0 0
1513.5783 1514.9405 2.013082e-14 2.001105e-15 3.460597e-01 0 0
1514.1602 1515.5230 1.826807e-14 1.900373e-15 3.127419e-01 0 0
1514.7421 1516.1054 1.648296e-14 1.748370e-15 2.810022e-01 0 0
1515.3241 1516.6878 1.757810e-14 1.904092e-15 2.984003e-01 0 0
1515.9060 1517.2703 1.843624e-14 1.945152e-15 3.116258e-01 0 0
1516.4879 1517.8527 1.920283e-14 1.912395e-15 3.231751e-01 16 0
1517.0698 1518.4351 1.939080e-14 1.996685e-15 3.249104e-01 0 0
1517.6517 1519.0176 1.474196e-14 1.695518e-15 2.459259e-01 0 0
1518.2336 1519.6000 1.546162e-14 1.724630e-15 2.567871e-01 0 0
1518.8155 1520.1824 1.741283e-14 1.899402e-15 2.879043e-01 0 0
1519.3974 1520.7648 1.746695e-14 1.861133e-15 2.875065e-01 0 0
1519.9793 1521.3473 1.971146e-14 1.967727e-15 3.229965e-01 0 0
1520.5612 1521.9297 1.557520e-14 1.788982e-15 2.540713e-01 0 0
1521.1431 1522.5121 1.922440e-14 1.928468e-15 3.121887e-01 0 0
1521.7250 1523.0945 1.956971e-14 2.034050e-15 3.163647e-01 0 0
1522.3069 1523.6769 2.118526e-14 2.068022e-15 3.409419e-01 0 0
1522.8887 1524.2593 1.962823e-14 1.995261e-15 3.144642e-01 0 0
1523.4706 1524.8418 2.115669e-14 2.072748e-15 3.374335e-01 0 0
1524.0525 1525.4242 1.470901e-14 1.723026e-15 2.335970e-01 0 0
1524.6344 1526.0066 1.666178e-14 1.857482e-15 2.635053e-01 0 0
1525.2163 1526.5890 1.510979e-14 1.804866e-15 2.379675e-01 0 0
1525.7982 1527.1714 1.154688e-14 1.574396e-15 1.811037e-01 0 0
1526.3801 1527.7538 6.864414e-15 1.233831e-15 1.072210e-01 0 0
1526.9619 1528.3362 9.416077e-15 1.433888e-15 1.464792e-01 0 0
1527.5438 1528.9186 1.049882e-14 1.514581e-15 1.626638e-01 0 0
1528.1257 1529.5010 1.672551e-14 1.903743e-15 2.581024e-01 0 0
1528.7076 1530.0834 1.673495e-14 1.875105e-15 2.572276e-01 0 0
1529.2894 1530.6658 1.812970e-14 1.989431e-15 2.775755e-01 0 0
1529.8713 1531.2482 1.955564e-14 2.045377e-15 2.982483e-01 0 0
1530.4532 1531.8306 1.661825e-14 1.875854e-15 2.524744e-01 0 0
1531.0350 1532.4130 1.372619e-14 1.751778e-15 2.077403e-01 0 0
1531.6169 1532.9954 1.766065e-14 1.926510e-15 2.662688e-01 0 0
1532.1988 1533.5777 1.457067e-14 1.792784e-15 2.188480e-01 0 0
1532.7806 1534.1601 1.611496e-14 1.888130e-15 2.411231e-01 0 0
1533.3625 1534.7425 1.453552e-14 1.788257e-15 2.166630e-01 0 0
1533.9443 1535.3249 1.472095e-14 1.809251e-15 2.185884e-01 0 0
1534.5262 1535.9073 1.782684e-14 1.986189e-15 2.636913e-01 0 0
1535.1081 1536.4897 2.029593e-14 2.094172e-15 2.990521e-01 0 0
1535.6899 1537.0720 1.591273e-14 1.888353e-15 2.335519e-01 0 0
1536.2718 1537.6544 1.469559e-14 1.803661e-15 2.148363e-01 0 0
1536.8536 1538.2368 1.680969e-14 1.968499e-15 2.447588e-01 0 0
1537.4355 1538.8192 1.869304e-14 2.030817e-15 2.710772e-01 0 0
1538.0173 1539.4015 1.855087e-14 2.113787e-15 2.679046e-01 0 0
1538.5992 1539.9839 1.315095e-14 1.720491e-15 1.891250e-01 0 0
1539.1810 1540.5663 1.578764e-14 1.900081e-15 2.260717e-01 16 0
1539.7629 1541.1486 1.259329e-14 1.678183e-15 1.795485e-01 0 0
1540.3447 1541.7310 1.776074e-14 2.035879e-15 2.521068e-01 0 0
1540.9265 1542.3134 1.639163e-14 1.915561e-15 2.316377e-01 0 0
1541.5084 1542.8957 1.292871e-14 1.742159e-15 1.818795e-01 0 0
1542.0902 1543.4781 1.883270e-14 2.067533e-15 2.637372e-01 0 0
1542.6720 1544.0604 1.819125e-14 2.047192e-15 2.535948e-01 0 0
1543.2539 1544.6428 1.633699e-14 1.979479e-15 2.267066e-01 0 0
1543.8357 1545.2252 1.386049e-14 1.781933e-15 1.914632e-01 0 0
1544.4175 1545.8075 1.817917e-14 2.057458e-15 2.499747e-01 0 0
1544.9994 1546.3899 1.663707e-14 1.977446e-15 2.277334e-01 0 0
1545.5812 1546.9722 1.942815e-14 2.141807e-15 2.647370e-01 0 0
1546.1630 1547.5546 1.537959e-14 1.936236e-15 2.086350e-01 0 0
1546.7448 1548.1369 1.522566e-14 1.911139e-15 2.056304e-01 0 0
1547.3267 1548.7193 1.270625e-14 1.751363e-15 1.708582e-01 0 0
1547.9085 1549.3016 1.034390e-14 1.623394e-15 1.384917e-01 0 0
1548.4903 1549.8840 1.279912e-14 1.787148e-15 1.706439e-01 0 0
1549.0721 1550.4663 1.221164e-14 1.719537e-15 1.621328e-01 0 0
1549.6539 1551.0486 1.686236e-14 2.048528e-15 2.229760e-01 0 0
1550.2358 1551.6310 1.326436e-14 1.798161e-15 1.746939e-01 0 0
1550.8176 1552.2133 1.448053e-14 1.916261e-15 1.899632e-01 0 0
1551.3994 1552.7956 1.552836e-14 1.942951e-15 2.029119e-01 0 0
1551.9812 1553.3780 1.413459e-14 1.898332e-15 1.839884e-01 0 0
1552.5630 1553.9603 1.446939e-14 1.910742e-15 1.876205e-01 0 0
1553.1448 1554.5426 1.771788e-14 2.149214e-15 2.288629e-01 0 0
1553.7266 1555.1250 1.687926e-14 2.090633e-15 2.171922e-01 0 0
1554.3084 1555.7073 1.696182e-14 2.082320e-15 2.174136e-01 0 0
1554.8902 1556.2896 1.668714e-14 2.049591e-15 2.130631e-01 0 0
1555.4720 1556.8719 1.615967e-14 2.018244e-15 2.055179e-01 0 0
1556.0538 1557.4543 1.868694e-14 2.216336e-15 2.367182e-01 0 0
1556.6356 1558.0366 1.275205e-14 1.872781e-15 1.608839e-01 0 0
1557.2174 1558.6189 2.072293e-14 2.309303e-15 2.603779e-01 0 0
1557.7992 1559.2012 2.178471e-14 2.366923e-15 2.725642e-01 0 0
1558.3810 1559.7835 1.457500e-14 1.999865e-15 1.815803e-01 0 0
1558.9628 1560.3659 1.669876e-14 2.083895e-15 2.071175e-01 0 0
1559.5446 1560.9482 1.894663e-14 2.225507e-15 2.339466e-01 0 0
1560.1264 1561.5305 1.535416e-14 2.023391e-15 1.887097e-01 0 0
1560.7081 1562.1128 1.909533e-14 2.204747e-15 2.335937e-01 0 0
1561.2899 1562.6951 1.767307e-14 2.204811e-15 2.151567e-01 0 0
1561.8717 1563.2774 1.655450e-14 2.124363e-15 2.005636e-01 0 0
1562.4535 1563.8597 1.590713e-14 2.083951e-15 1.917688e-01 0 0
1563.0353 1564.4420 1.572297e-14 2.077332e-15 1.886062e-01 0 0
1563.6171 1565.0243 1.849102e-14 2.250164e-15 2.206923e-01 0 0
1564.1988 1565.6066 1.732978e-14 2.171553e-15 2.057840e-01 0 0
1564.7806 1566.1889 1.599633e-14 2.104100e-15 1.889793e-01 0 0
1565.3624 1566.7712 1.550570e-14 2.101409e-15 1.822420e-01 0 0
1565.9441 1567.3535 1.472386e-14 2.041071e-15 1.721627e-01 0 0
1566.5259 1567.9358 2.003850e-14 2.387597e-15 2.330941e-01 0 0
1567.1077 1568.5181 1.333622e-14 1.966264e-15 1.543331e-01 0 0
1567.6895 1569.1004 1.354487e-14 1.939329e-15 1.559373e-01 0 0
1568.2712 1569.6827 1.989514e-14 2.408051e-15 2.278749e-01 0 0
1568.8530 1570.2649 1.472656e-14 2.061462e-15 1.678084e-01 0 0
1569.4347 1570.8472 1.561511e-14 2.107290e-15 1.770338e-01 0 0
1570.0165 1571.4295 1.571953e-14 2.134401e-15 1.773118e-01 0 0
1570.5983 1572.0118 1.821007e-14 2.284835e-15 2.043768e-01 0 0
1571.1800 1572.5941 1.800906e-14 2.268756e-15 2.011041e-01 0 0
1571.7618 1573.1764 1.668141e-14 2.214303e-15 1.853558e-01 0 0
1572.3435 1573.7586 1.887973e-14 2.382170e-15 2.087376e-01 0 0
1572.9253 1574.3409 1.852828e-14 2.321841e-15 2.038458e-01 0 0
1573.5070 1574.9232 1.890787e-14 2.368281e-15 2.069945e-01 0 0
1574.0888 1575.5055 1.927983e-14 2.402180e-15 2.100321e-01 0 0
1574.6705 1576.0877 2.001784e-14 2.435704e-15 2.169965e-01 0 0
1575.2523 1576.6700 1.928616e-14 2.429824e-15 2.080462e-01 0 0
1575.8340 1577.2523 1.859639e-14 2.322932e-15 1.996229e-01 0 0
1576.4158 1577.8345 2.007635e-14 2.502343e-15 2.144653e-01 0 0
1576.9975 1578.4168 2.153851e-14 2.508994e-15 2.289646e-01 0 0
1577.5792 1578.9991 1.366712e-14 2.087865e-15 1.445873e-01 0 0
1578.1610 1579.5813 1.575815e-14 2.190781e-15 1.659008e-01 0 0
1578.7427 1580.1636 1.628643e-14 2.241844e-15 1.706384e-01 0 0
1579.3244 1580.7458 1.572781e-14 2.196892e-15 1.639898e-01 0 0
1579.9062 1581.3281 1.348077e-14 2.058716e-15 1.398862e-01 0 0
1580.4879 1581.9103 1.769192e-14 2.342001e-15 1.826995e-01 0 0
1581.0696 1582.4926 1.813565e-14 2.404202e-15 1.863828e-01 0 0
1581.6514 1583.0749 1.517360e-14 2.184320e-15 1.551893e-01 0 0
1582.2331 1583.6571 1.670006e-14 2.281293e-15 1.699788e-01 0 0
1582.8148 1584.2394 1.710969e-14 2.355912e-15 1.733057e-01 0 0
1583.3965 1584.8216 1.882109e-14 2.423253e-15 1.897180e-01 0 0
1583.9783 1585.4038 1.533980e-14 2.212277e-15 1.538743e-01 0 0
1584.5600 1585.9861 1.798368e-14 2.386742e-15 1.795152e-01 0 0
1585.1417 1586.5683 1.611685e-14 2.292509e-15 1.600914e-01 0 0
1585.7234 1587.1506 2.015689e-14 2.569147e-15 1.992355e-01 0 0
1586.3051 1587.7328 1.840685e-14 2.434006e-15 1.810366e-01 0 0
1586.8868 1588.3150 1.935562e-14 2.516711e-15 1.894187e-01 0 0
1587.4686 1588.8973 1.917061e-14 2.463917e-15 1.866671e-01 0 0
1588.0503 1589.4795 2.036686e-14 2.596024e-15 1.973125e-01 0 0
1588.6320 1590.0617 1.286718e-14 2.068186e-15 1.240220e-01 0 0
1589.2137 1590.6440 1.683730e-14 2.363310e-15 1.614555e-01 0 0
1589.7954 1591.2262 2.059593e-14 2.656558e-15 1.964772e-01 0 0
1590.3771 1591.8084 2.055000e-14 2.621927e-15 1.950200e-01 0 0
1590.9588 1592.3907 2.135925e-14 2.642638e-15 2.016398e-01 0 0
1591.5405 1592.9729 2.117139e-14 2.706115e-15 1.988180e-01 0 0
1592.1222 1593.5551 1.927396e-14 2.521202e-15 1.800452e-01 0 0
1592.7039 1594.1373 1.715888e-14 2.430378e-15 1.594422e-01 0 0
1593.2856 1594.7196 1.319344e-14 2.187719e-15 1.219454e-01 0 0
1593.8673 1595.3018 1.318339e-14 2.131637e-15 1.212086e-01 0 0
1594.4490 1595.8840 2.002885e-14 2.616876e-15 1.831695e-01 0 0
1595.0307 1596.4662 1.804224e-14 2.532235e-15 1.641303e-01 0 0
1595.6124 1597.0484 1.812643e-14 2.490281e-15 1.640234e-01 0 0
1596.1941 1597.6306 1.707722e-14 2.530750e-15 1.537172e-01 0 0
1596.7757 1598.2128 1.946799e-14 2.608210e-15 1.743155e-01 0 0
1597.3574 1598.7950 1.853106e-14 2.602201e-15 1.650615e-01 0 0
1597.9391 1599.3773 1.669388e-14 2.464888e-15 1.479225e-01 0 0
1598.5208 1599.9595 1.488001e-14 2.326340e-15 1.311708e-01 0 0
1599.1025 1600.5417 1.712938e-14 2.510453e-15 1.502229e-01 0 0
1599.6841 1601.1239 2.021443e-14 2.720915e-15 1.763787e-01 0 0
1600.2658 1601.7061 1.867347e-14 2.569856e-15 1.621088e-01 0 0
1600.8475 1602.2883 1.277876e-14 2.208586e-15 1.103821e-01 0 0
1601.4292 1602.8705 1.606913e-14 2.456114e-15 1.381145e-01 0 0
1602.0108 1603.4527 1.439053e-14 2.297087e-15 1.230821e-01 0 0
1602.5925 1604.0349 1.524038e-14 2.417720e-15 1.297170e-01 0 0
1603.1742 1604.6170 1.500021e-14 2.379789e-15 1.270627e-01 0 0
1603.7559 1605.1992 1.326527e-14 2.233770e-15 1.118334e-01 0 0
1604.3375 1605.7814 1.808696e-14 2.649519e-15 1.517731e-01 0 0
1604.9192 1606.3636 1.733116e-14 2.561745e-15 1.447598e-01 0 0
1605.5008 1606.9458 1.461436e-14 2.370828e-15 1.215154e-01 0 0
1606.0825 1607.5280 1.567410e-14 2.442150e-15 1.297435e-01 0 0
1606.6642 1608.1102 1.899383e-14 2.701226e-15 1.565344e-01 0 0
1607.2458 1608.6923 1.319774e-14 2.298530e-15 1.082968e-01 0 0
1607.8275 1609.2745 1.059283e-14 2.015192e-15 8.655477e-02 0 0
1608.4091 1609.8567 1.329199e-14 2.302223e-15 1.081581e-01 0 0
1608.9908 1610.4389 1.230347e-14 2.178929e-15 9.970821e-02 0 0
1609.5724 1611.0211 1.047664e-14 2.062094e-15 8.456463e-02 0 0
1610.1541 1611.6032 1.670560e-14 2.538914e-15 1.343168e-01 0 0
1610.7357 1612.1854 1.252665e-14 2.249235e-15 1.003302e-01 0 0
1611.3174 1612.7676 1.772488e-14 2.643735e-15 1.414296e-01 0 0
1611.8990 1613.3497 1.427284e-14 2.443173e-15 1.134622e-01 0 0
1612.4807 1613.9319 1.854702e-14 2.727755e-15 1.469011e-01 0 0
1613.0623 1614.5141 1.573287e-14 2.486920e-15 1.241623e-01 0 0
1613.6440 1615.0962 1.757219e-14 2.678181e-15 1.381840e-01 0 0
1614.2256 1615.6784 1.811665e-14 2.647441e-15 1.419634e-01 0 0
1614.8072 1616.2606 1.628947e-14 2.573549e-15 1.271996e-01 0 0
1615.3889 1616.8427 1.745659e-14 2.602194e-15 1.358412e-01 0 0
1615.9705 1617.4249 1.788950e-14 2.779468e-15 1.387305e-01 0 0
1616.5521 1618.0070 1.895254e-14 2.771771e-15 1.464708e-01 0 0
1617.1338 1618.5892 1.330062e-14 2.379211e-15 1.024398e-01 0 0
1617.7154 1619.1713 2.006080e-14 2.873780e-15 1.539792e-01 0 0
1618.2970 1619.7535 1.851025e-14 2.770495e-15 1.415930e-01 0 0
1618.8786 1620.3356 1.949833e-14 2.827182e-15 1.486421e-01 0 0
1619.4603 1620.9178 1.526278e-14 2.534277e-15 1.159552e-01 0 0
1620.0419 1621.4999 1.625868e-14 2.594843e-15 1.230983e-01 0 0
1620.6235 1622.0821 1.923439e-14 2.869543e-15 1.451288e-01 0 0
1621.2051 1622.6642 1.223964e-14 2.275328e-15 9.203479e-02 0 0
1621.7868 1623.2464 2.014774e-14 2.899199e-15 1.509794e-01 0 0
1622.3684 1623.8285 1.956394e-14 2.893445e-15 1.461025e-01 0 0
1622.9500 1624.4106 2.123057e-14 2.970885e-15 1.580060e-01 0 0
1623.5316 1624.9928 1.118887e-14 2.188874e-15 8.298765e-02 0 0
1624.1132 1625.5749 2.352769e-14 3.183453e-15 1.739915e-01 0 0
1624.6948 1626.1570 1.921903e-14 2.830949e-15 1.417125e-01 0 0
1625.2764 1626.7392 1.565443e-14 2.607851e-15 1.150917e-01 0 0
1625.8580 1627.3213 1.738958e-14 2.723724e-15 1.274775e-01 0 0
1626.4396 1627.9034 1.693682e-14 2.673843e-15 1.237992e-01 0 0
1627.0212 1628.4856 1.887288e-14 2.851616e-15 1.375549e-01 0 0
1627.6028 1629.0677 1.865232e-14 2.838131e-15 1.355588e-01 0 0
1628.1844 1629.6498 1.954746e-14 2.859266e-15 1.416626e-01 0 0
1628.7660 1630.2319 1.415322e-14 2.507503e-15 1.022809e-01 0 0
1629.3476 1630.8141 1.421429e-14 2.467811e-15 1.024360e-01 0 0
1629.9292 1631.3962 1.584441e-14 2.571667e-15 1.138662e-01 0 0
1630.5108 1631.9783 1.641932e-14 2.691418e-15 1.176733e-01 0 0
1631.0924 1632.5604 1.896201e-14 2.909902e-15 1.355228e-01 0 0
1631.6740 1633.1425 1.637600e-14 2.663637e-15 1.167214e-01 0 0
1632.2556 1633.7246 1.906354e-14 2.901357e-15 1.355064e-01 0 0
1632.8372 1634.3067 2.016597e-14 3.010288e-15 1.429534e-01 0 0
1633.4188 1634.8889 1.294193e-14 2.370788e-15 9.149367e-02 0 0
1634.0004 1635.4710 2.045132e-14 2.991812e-15 1.441890e-01 0 0
1634.5819 1636.0531 1.508716e-14 2.614939e-15 1.060799e-01 0 0
1635.1635 1636.6352 1.650037e-14 2.662631e-15 1.156998e-01 0 0
1635.7451 1637.2173 1.721853e-14 2.810274e-15 1.204046e-01 0 0
1636.3267 1637.7994 1.796825e-14 2.824556e-15 1.253013e-01 0 0
1636.9083 1638.3815 1.317937e-14 2.450366e-15 9.165171e-02 0 0
1637.4898 1638.9636 2.405368e-14 3.288600e-15 1.668070e-01 0 0
1638.0714 1639.5457 1.665707e-14 2.707848e-15 1.151888e-01 0 0
1638.6530 1640.1278 2.166463e-14 3.089172e-15 1.493927e-01 0 0
1639.2345 1640.7099 1.612404e-14 2.694227e-15 1.108694e-01 0 0
1639.8161 1641.2919 1.563748e-14 2.714541e-15 1.072150e-01 1024 0
1640.3977 1641.8740 1.562920e-14 2.683645e-15 1.068497e-01 0 0
1640.9792 1642.4561 1.143541e-14 2.326532e-15 7.795420e-02 0 0
1641.5608 1643.0382 2.133095e-14 3.091339e-15 1.449934e-01 0 0
1642.1424 1643.6203 1.340910e-14 2.510416e-15 9.088716e-02 0 0
1642.7239 1644.2024 1.727324e-14 2.787603e-15 1.167463e-01 0 0
1643.3055 1644.7845 2.049976e-14 3.093971e-15 1.381699e-01 0 0
1643.8870 1645.3665 1.811622e-14 2.898110e-15 1.217675e-01 0 0
1644.4686 1645.9486 1.712369e-14 2.869250e-15 1.147894e-01 0 0
1645.0502 1646.5307 1.978475e-14 3.009494e-15 1.322762e-01 0 0
1645.6317 1647.1128 1.671437e-14 2.805761e-15 1.114660e-01 0 0
1646.2133 1647.6949 1.852532e-14 2.905046e-15 1.232328e-01 0 0
1646.7948 1648.2769 1.839197e-14 2.949135e-15 1.220580e-01 0 0
1647.3764 1648.8590 1.250879e-14 2.390565e-15 8.282065e-02 0 0
1647.9579 1649.4411 2.067965e-14 3.176837e-15 1.366261e-01 0 0
1648.5394 1650.0231 2.145407e-14 3.118491e-15 1.414409e-01 0 0
1649.1210 1650.6052 2.376472e-14 3.361477e-15 1.563745e-01 0 0
1649.7025 1651.1873 1.736745e-14 2.881956e-15 1.140621e-01 0 0
1650.2841 1651.7693 1.689172e-14 2.821992e-15 1.107438e-01 0 0
1650.8656 1652.3514 1.594846e-14 2.799619e-15 1.043772e-01 0 0
1651.4471 1652.9334 1.873467e-14 2.969809e-15 1.224096e-01 0 0
1652.0287 1653.5155 1.948572e-14 3.085885e-15 1.271060e-01 0 0
1652.6102 1654.0976 2.107608e-14 3.132363e-15 1.372556e-01 0 0
1653.1917 1654.6796 1.745268e-14 2.933813e-15 1.134720e-01 0 0
1653.7733 1655.2617 1.814952e-14 2.935575e-15 1.178028e-01 0 0
1654.3548 1655.8437 1.364820e-14 2.609352e-15 8.843517e-02 0 0
1654.9363 1656.4258 1.790025e-14 2.895294e-15 1.157751e-01 0 0
1655.5179 1657.0078 1.552125e-14 2.795688e-15 1.002038e-01 0 0
1656.0994 1657.5899 1.637920e-14 2.819372e-15 1.055271e-01 0 0
1656.6809 1658.1719 1.459230e-14 2.697630e-15 9.382190e-02 0 0
1657.2624 1658.7540 1.761752e-14 2.947905e-15 1.130094e-01 0 0
1657.8439 1659.3360 1.617245e-14 2.827180e-15 1.034977e-01 0 0
1658.4255 1659.9180 1.811372e-14 2.971286e-15 1.156100e-01 0 0
1659.0070 1660.5001 1.743195e-14 2.918583e-15 1.109586e-01 0 0
1659.5885 1661.0821 2.220616e-14 3.325897e-15 1.409184e-01 0 0
1660.1700 1661.6642 1.560395e-14 2.796310e-15 9.871855e-02 0 0
1660.7515 1662.2462 1.343903e-14 2.583288e-15 8.474190e-02 0 0
1661.3330 1662.8282 1.903148e-14 3.085654e-15 1.196074e-01 0 0
1661.9145 1663.4103 1.035268e-14 2.303381e-15 6.483832e-02 0 0
1662.4960 1663.9923 2.141169e-14 3.250383e-15 1.336326e-01 0 0
1663.0775 1664.5743 1.737400e-14 2.972841e-15 1.080496e-01 0 0
1663.6590 1665.1563 2.209028e-14 3.296682e-15 1.368918e-01 0 0
1664.2405 1665.7384 2.065380e-14 3.267011e-15 1.275411e-01 0 0
1664.8220 1666.3204 2.078353e-14 3.282421e-15 1.278902e-01 0 0
1665.4035 1666.9024 1.692166e-14 2.949942e-15 1.037733e-01 0 0
1665.9850 1667.4844 1.679829e-14 2.956851e-15 1.026671e-01 0 0
1666.5665 1668.0664 1.519781e-14 2.785119e-15 9.259042e-02 0 0
1667.1480 1668.6485 1.252743e-14 2.566962e-15 7.608005e-02 0 0
1667.7295 1669.2305 1.717940e-14 3.034259e-15 1.040329e-01 0 0
1668.3110 1669.8125 1.376134e-14 2.711798e-15 8.309792e-02 0 0
1668.8925 1670.3945 1.929668e-14 3.160893e-15 1.162343e-01 0 0
1669.4740 1670.9765 1.362392e-14 2.720904e-15 8.186447e-02 0 0
1670.0555 1671.5585 1.021193e-14 2.341125e-15 6.123183e-02 0 0
1670.6370 1672.1405 1.261168e-14 2.662364e-15 7.546382e-02 0 0
1671.2184 1672.7225 6.527911e-15 1.912339e-15 3.898862e-02 0 0
1671.7999 1673.3045 1.652318e-14 3.038837e-15 9.850812e-02 0 0
1672.3814 1673.8865 1.445283e-14 2.949091e-15 8.602274e-02 0 0
1672.9629 1674.4685 1.283704e-14 2.598731e-15 7.628152e-02 0 0
1673.5443 1675.0505 1.610185e-14 2.899267e-15 9.553080e-02 0 0
1674.1258 1675.6325 1.430267e-14 2.770648e-15 8.469648e-02 0 0
1674.7073 1676.2145 2.045398e-14 3.215010e-15 1.208962e-01 0 0
1675.2888 1676.7965 1.273358e-14 2.685663e-15 7.512279e-02 0 0
1675.8702 1677.3785 1.853880e-14 3.132685e-15 1.091604e-01 0 0
1676.4517 1677.9605 1.891132e-14 3.169989e-15 1.111370e-01 0 0
1677.0332 1678.5425 1.276377e-14 2.667763e-15 7.485428e-02 0 0
1677.6146 1679.1245 1.265729e-14 2.588682e-15 7.407326e-02 0 0
1678.1961 1679.7065 1.359821e-14 2.721880e-15 7.939743e-02 0 0
1678.7776 1680.2885 1.368645e-14 2.740234e-15 7.972439e-02 0 0
1679.3590 1680.8704 1.308034e-14 2.627513e-15 7.599867e-02 0 0
1679.9405 1681.4524 1.875205e-14 3.228653e-15 1.086647e-01 0 0
1680.5219 1682.0344 2.362468e-14 3.603273e-15 1.365146e-01 0 0
1681.1034 1682.6164 1.696488e-14 3.057005e-15 9.774724e-02 0 0
1681.6848 1683.1984 2.090862e-14 3.398337e-15 1.201027e-01 0 0
1682.2663 1683.7803 1.602548e-14 2.984735e-15 9.176598e-02 0 0
1682.8477 1684.3623 2.210382e-14 3.471609e-15 1.261610e-01 0 0
1683.4292 1684.9443 1.705948e-14 3.082904e-15 9.704711e-02 0 0
1684.0106 1685.5262 1.394358e-14 2.858277e-15 7.905062e-02 0 0
1684.5921 1686.1082 1.135380e-14 2.509760e-15 6.414486e-02 0 0
1685.1735 1686.6902 1.932370e-14 3.382875e-15 1.087841e-01 0 0
1685.7550 1687.2721 2.344851e-14 3.599957e-15 1.315297e-01 0 0
1686.3364 1687.8541 1.863391e-14 3.316098e-15 1.041408e-01 0 0
1686.9179 1688.4361 1.905820e-14 3.296625e-15 1.061183e-01 0 0
1687.4993 1689.0180 1.683974e-14 3.155495e-15 9.341546e-02 0 0
1688.0807 1689.6000 1.660235e-14 3.068226e-15 9.175197e-02 0 0
1688.6622 1690.1820 1.741966e-14 3.166344e-15 9.590478e-02 0 0
1689.2436 1690.7639 1.659062e-14 3.118175e-15 9.099344e-02 0 0
1689.8250 1691.3459 2.009390e-14 3.432834e-15 1.097877e-01 0 0
1690.4065 1691.9278 2.010015e-14 3.394758e-15 1.094020e-01 0 0
1690.9879 1692.5098 1.636797e-14 3.136792e-15 8.874657e-02 0 0
1691.5693 1693.0917 1.734989e-14 3.214301e-15 9.370835e-02 0 0
1692.1507 1693.6737 1.926630e-14 3.394496e-15 1.036576e-01 0 0
1692.7322 1694.2556 2.174450e-14 3.586763e-15 1.165382e-01 0 0
1693.3136 1694.8376 1.417271e-14 2.959971e-15 7.566304e-02 0 0
1693.8950 1695.4195 1.566767e-14 3.122005e-15 8.331868e-02 0 0
1694.4764 1696.0014 1.696530e-14 3.229538e-15 8.986767e-02 0 0
1695.0578 1696.5834 1.890800e-14 3.461226e-15 9.976707e-02 0 0
1695.6392 1697.1653 1.785089e-14 3.432812e-15 9.382057e-02 0 0
1696.2207 1697.7473 1.670270e-14 3.282125e-15 8.744147e-02 0 0
1696.8021 1698.3292 9.008099e-15 2.495323e-15 4.697366e-02 0 0
1697.3835 1698.9111 1.980677e-14 3.507278e-15 1.028780e-01 0 0
1697.9649 1699.4931 1.548533e-14 3.147854e-15 8.011547e-02 0 0
1698.5463 1700.0750 1.727405e-14 3.303747e-15 8.901741e-02 0 0
1699.1277 1700.6569 1.092623e-14 2.662878e-15 5.608262e-02 0 0
1699.7091 1701.2388 1.459409e-14 3.073354e-15 7.461289e-02 0 0
1700.2905 1701.8208 1.214925e-14 2.851461e-15 6.186759e-02 0 0
1700.8719 1702.4027 1.236944e-14 2.836953e-15 6.273930e-02 0 0
1701.4533 1702.9846 2.104325e-14 3.749031e-15 1.063107e-01 0 0
1702.0347 1703.5665 1.910373e-14 3.528359e-15 9.612946e-02 0 0
1702.6161 1704.1485 1.374466e-14 3.047758e-15 6.888836e-02 0 0
1703.1975 1704.7304 1.466510e-14 3.149851e-15 7.321005e-02 0 0
1703.7789 1705.3123 2.355843e-14 3.922104e-15 1.171400e-01 0 0
1704.3603 1705.8942 1.503335e-14 3.193748e-15 7.445400e-02 0 0
1704.9417 1706.4761 1.658816e-14 3.409797e-15 8.182833e-02 0 0
1705.5231 1707.0580 1.681618e-14 3.362833e-15 8.262435e-02 0 0
1706.1044 1707.6399 1.502090e-14 3.204000e-15 7.351080e-02 0 0
1706.6858 1708.2218 2.007668e-14 3.667765e-15 9.786423e-02 0 0
1707.2672 1708.8038 1.295744e-14 2.987232e-15 6.291114e-02 0 0
1707.8486 1709.3857 1.794397e-14 3.529177e-15 8.677749e-02 0 0
1708.4300 1709.9676 1.812134e-14 3.514664e-15 8.728884e-02 0 0
1709.0114 1710.5495 1.455321e-14 3.261946e-15 6.982508e-02 0 0
1709.5927 1711.1314 1.538800e-14 3.082611e-15 7.353912e-02 0 0
1710.1741 1711.7133 1.499044e-14 3.241315e-15 7.135749e-02 0 0
1710.7555 1712.2952 1.503335e-14 3.124939e-15 7.128040e-02 0 0
1711.3368 1712.8771 1.901141e-14 3.569264e-15 8.978952e-02 0 0
1711.9182 1713.4589 1.737738e-14 3.170472e-15 8.175070e-02 2560 0
1712.4996 1714.0408 1.559113e-14 3.185394e-15 7.306121e-02 2564 0
1713.0810 1714.6227 2.283145e-14 3.861602e-15 1.065722e-01 2564 0
1713.6623 1715.2046 4.315285e-14 5.318804e-15 2.006456e-01 2564 0
1714.2437 1715.7865 1.051335e-14 2.631889e-15 4.869352e-02 2564 0
