# PTF10YGU obnd06010 G230LB CCD z=0.025047 a2center=480.0 extrsize=7 exptime=2175.0 mode=fixed flags=finder_fail,extended_host
# rest_wvl obs_wvl flux error net dq mask
1627.7250 1668.4946 7.311373e-15 5.213086e-15 1.500904e-02 512 0
1629.0626 1669.8657 1.170533e-14 4.996981e-15 2.381899e-02 0 0
1630.4001 1671.2368 9.855037e-15 5.573971e-15 2.101741e-02 0 0
1631.7377 1672.6078 -6.333679e-15 4.338812e-15 -1.859023e-02 16384 0
1633.0753 1673.9789 1.314222e-15 4.334480e-15 4.000631e-03 16384 0
1634.4129 1675.3500 -2.025307e-15 4.213660e-15 -6.390764e-03 16384 0
1635.7505 1676.7212 -5.208250e-15 4.072460e-15 -1.702893e-02 16384 0
1637.0882 1678.0923 1.478347e-15 4.062150e-15 5.005919e-03 16384 0
1638.4258 1679.4635 1.565004e-14 4.080009e-15 4.072558e-02 0 0
1639.7635 1680.8347 5.454861e-15 4.885994e-15 1.609357e-02 16 0
1641.1012 1682.2058 -1.051606e-14 4.243627e-15 -3.937935e-02 16384 0
1642.4389 1683.5770 9.363522e-15 4.122718e-15 2.542743e-02 0 0
1643.7766 1684.9483 -7.858234e-17 3.923328e-15 -3.131939e-04 16400 0
1645.1143 1686.3195 7.079647e-16 3.613870e-15 2.033297e-03 0 0
1646.4521 1687.6907 -8.264451e-15 3.467022e-15 -3.489663e-02 16400 0
1647.7898 1689.0620 2.695250e-15 3.245569e-15 8.057853e-03 16 0
1649.1276 1690.4333 -3.628784e-15 3.572788e-15 -1.616180e-02 16400 0
1650.4654 1691.8046 6.275954e-15 3.413678e-15 2.002529e-02 0 0
1651.8032 1693.1759 -2.656479e-15 3.374663e-15 -1.243047e-02 16384 0
1653.1410 1694.5472 -3.342439e-15 2.749086e-15 -1.600736e-02 16384 0
1654.4788 1695.9185 -1.471512e-15 2.764915e-15 -7.209243e-03 16384 0
1655.8166 1697.2899 -3.908969e-15 2.741492e-15 -1.957117e-02 16384 0
1657.1545 1698.6613 -2.668249e-15 2.764852e-15 -1.364574e-02 16384 0
1658.4924 1700.0326 1.384876e-15 2.677957e-15 5.063129e-03 0 0
1659.8303 1701.4040 -8.438088e-15 4.012531e-15 -4.493687e-02 16400 0
1661.1682 1702.7754 9.159434e-15 2.635263e-15 3.548654e-02 0 0
1662.5061 1704.1469 5.340468e-15 2.764346e-15 2.073039e-02 16 0
1663.8440 1705.5183 -2.947843e-15 4.276069e-15 -1.661425e-02 16400 0
1665.1819 1706.8897 8.058005e-16 2.436215e-15 3.335862e-03 256 0
1666.5199 1708.2612 3.745207e-15 2.440695e-15 1.528496e-02 0 0
1667.8579 1709.6327 -6.983196e-16 2.263039e-15 -4.148826e-03 16384 0
1669.1958 1711.0042 -9.893728e-16 2.389239e-15 -5.977302e-03 16384 0
1670.5338 1712.3757 7.469807e-15 2.686171e-15 3.266411e-02 16 0
1671.8718 1713.7472 4.788926e-16 2.165166e-15 2.274713e-03 0 0
1673.2099 1715.1188 -2.020720e-14 5.312637e-15 -1.280956e-01 16400 0
1674.5479 1716.4903 -2.744893e-15 2.272207e-15 -1.767054e-02 16384 0
1675.8860 1717.8619 -8.051929e-16 3.826258e-15 -5.262200e-03 16400 0
1677.2240 1719.2335 -1.104341e-15 2.061624e-15 -7.325231e-03 16384 0
1678.5621 1720.6051 3.585888e-15 2.402638e-15 1.695133e-02 0 0
1679.9002 1721.9767 -4.135048e-15 2.278667e-15 -2.823401e-02 16384 0
1681.2383 1723.3483 -2.609288e-16 2.123844e-15 -1.806932e-03 16384 0
1682.5764 1724.7199 -9.535568e-17 2.441392e-15 -6.696095e-04 16384 0
1683.9146 1726.0916 -1.157973e-14 3.830197e-15 -8.243951e-02 16400 0
1685.2527 1727.4632 -1.082691e-15 2.044280e-15 -7.813334e-03 16384 0
1686.5909 1728.8349 -4.553431e-15 1.866667e-15 -3.330306e-02 16384 0
1687.9290 1730.2066 8.252541e-16 1.787809e-15 4.493011e-03 0 0
1689.2672 1731.5783 5.939704e-15 1.932379e-15 3.180608e-02 256 0
1690.6054 1732.9500 3.238542e-15 1.915090e-15 1.736962e-02 0 0
1691.9436 1734.3218 4.944694e-16 1.784085e-15 2.956996e-03 0 0
1693.2819 1735.6935 -8.366651e-17 1.917694e-15 -6.529945e-04 16400 0
1694.6201 1737.0653 -1.733773e-15 2.133615e-15 -1.370254e-02 16400 0
1695.9584 1738.4370 -9.141693e-16 1.656594e-15 -7.315377e-03 16384 0
1697.2966 1739.8088 -1.617909e-16 1.686548e-15 -1.310771e-03 16384 0
1698.6349 1741.1806 9.706059e-16 1.703307e-15 5.810630e-03 0 0
1699.9732 1742.5524 -5.312168e-15 2.095027e-15 -4.409497e-02 16400 0
1701.3115 1743.9243 3.016504e-15 2.352300e-15 1.792127e-02 16 0
1702.6498 1745.2961 6.993948e-17 1.632238e-15 5.945420e-04 16384 0
1703.9882 1746.6680 -1.304776e-15 1.823806e-15 -1.122287e-02 16384 0
1705.3265 1748.0398 -5.908203e-16 1.648482e-15 -5.141497e-03 16384 0
1706.6649 1749.4117 3.007230e-15 1.900209e-15 1.875244e-02 0 0
1708.0033 1750.7836 -4.119390e-15 2.214244e-15 -3.668903e-02 16400 0
1709.3416 1752.1555 5.570156e-15 1.745890e-15 3.601810e-02 0 0
1710.6800 1753.5274 -1.668060e-15 1.613718e-15 -1.520451e-02 16384 0
1712.0185 1754.8994 4.601825e-15 1.791612e-15 3.029944e-02 0 0
1713.3569 1756.2713 -1.428391e-15 2.410771e-15 -1.332017e-02 16400 0
1714.6953 1757.6433 1.394795e-15 1.505858e-15 9.459479e-03 0 0
1716.0338 1759.0153 5.042873e-16 1.381799e-15 3.771598e-03 0 0
1717.3722 1760.3872 -1.809146e-15 1.526235e-15 -1.744498e-02 16384 0
1718.7107 1761.7592 -1.922252e-15 1.374583e-15 -1.874003e-02 16384 0
1720.0492 1763.1313 9.651856e-16 1.453998e-15 6.987375e-03 0 0
1721.3877 1764.5033 -3.168119e-16 1.342994e-15 -3.156080e-03 16384 0
1722.7262 1765.8753 1.605286e-15 1.475185e-15 1.158143e-02 0 0
1724.0647 1767.2474 2.277525e-15 1.399333e-15 1.649408e-02 0 0
1725.4033 1768.6194 -7.534864e-16 1.609124e-15 -7.746860e-03 16400 0
1726.7418 1769.9915 -9.272891e-15 2.745727e-15 -9.632704e-02 16400 0
1728.0804 1771.3636 -6.880862e-16 1.407559e-15 -7.221176e-03 16384 0
1729.4190 1772.7357 1.234583e-15 1.426583e-15 9.487322e-03 0 0
1730.7576 1774.1078 -9.650588e-17 2.355834e-15 -1.033302e-03 16400 0
1732.0962 1775.4800 -2.945612e-15 1.951857e-15 -3.185203e-02 16400 0
1733.4348 1776.8521 -3.034791e-14 6.176088e-15 -3.313835e-01 16400 0
1734.7734 1778.2243 -2.616633e-16 1.259895e-15 -2.884876e-03 16384 0
1736.1120 1779.5964 -1.065980e-14 1.986672e-15 -1.186533e-01 16400 0
1737.4507 1780.9686 -2.729643e-15 1.249569e-15 -3.067212e-02 16384 0
1738.7894 1782.3408 1.818411e-15 1.243199e-15 1.476787e-02 0 0
1740.1280 1783.7130 -3.583027e-15 1.391111e-15 -4.101859e-02 16400 0
1741.4667 1785.0852 -1.370842e-15 1.689156e-15 -1.583847e-02 16400 0
1742.8054 1786.4575 -3.229864e-16 1.221146e-15 -3.766016e-03 16384 0
1744.1441 1787.8297 3.614316e-15 1.290234e-15 3.048803e-02 0 0
1745.4829 1789.2020 4.086757e-15 1.419362e-15 3.490259e-02 0 0
1746.8216 1790.5742 -2.250467e-15 1.407901e-15 -2.696150e-02 16400 0
1748.1604 1791.9465 4.427783e-15 1.386821e-15 3.862910e-02 0 0
1749.4991 1793.3188 1.378806e-15 1.134345e-15 1.215970e-02 0 0
1750.8379 1794.6911 -2.137291e-15 1.214548e-15 -2.630575e-02 16400 0
1752.1767 1796.0634 -1.547502e-15 1.115155e-15 -1.921710e-02 16384 0
1753.5155 1797.4358 4.855122e-16 1.095824e-15 4.824220e-03 0 0
1754.8543 1798.8081 6.714972e-17 1.197680e-15 8.488977e-04 16384 0
1756.1931 1800.1805 -5.701307e-15 1.752936e-15 -7.272410e-02 16400 0
1757.5319 1801.5528 -4.032335e-15 1.697263e-15 -5.189728e-02 16400 0
1758.8708 1802.9252 1.724634e-15 1.062658e-15 1.609393e-02 0 0
1760.2096 1804.2976 -9.036952e-16 1.304170e-15 -1.184137e-02 16400 0
1761.5485 1805.6700 2.493238e-15 1.189528e-15 2.361328e-02 0 0
1762.8874 1807.0424 -4.645590e-16 1.264036e-15 -6.197553e-03 16400 0
1764.2263 1808.4149 3.232798e-14 9.642631e-15 3.645772e-01 16 0
1765.5652 1809.7873 -7.251043e-15 3.290425e-15 -9.848255e-02 16400 0
1766.9041 1811.1597 -2.704240e-16 1.037060e-15 -3.705776e-03 16384 0
1768.2430 1812.5322 -9.477014e-16 9.536797e-16 -1.310304e-02 16384 0
1769.5820 1813.9047 2.545799e-15 1.079286e-15 2.547478e-02 0 0
1770.9209 1815.2772 -2.768945e-15 1.069581e-15 -3.896734e-02 16384 0
1772.2599 1816.6497 5.916958e-16 1.011754e-15 6.477286e-03 0 0
1773.5989 1818.0222 -2.242227e-15 1.275698e-15 -3.211208e-02 16400 0
1774.9378 1819.3947 -7.218898e-16 9.445457e-16 -1.042866e-02 16384 0
1776.2768 1820.7672 1.926151e-15 9.813816e-16 2.016427e-02 0 0
1777.6158 1822.1398 -3.702466e-16 1.081624e-15 -5.441140e-03 16400 0
1778.9549 1823.5123 -5.523224e-16 9.772696e-16 -8.185568e-03 16400 0
1780.2939 1824.8849 -1.508986e-15 9.207549e-16 -2.255189e-02 16384 0
1781.6329 1826.2575 -1.828595e-15 9.041987e-16 -2.755449e-02 16384 0
1782.9720 1827.6301 -4.686079e-15 1.191578e-15 -7.119387e-02 16400 0
1784.3111 1829.0027 -3.258458e-15 1.479884e-15 -4.990548e-02 16400 0
1785.6501 1830.3753 -5.698803e-16 1.101777e-15 -8.798345e-03 16400 0
1786.9892 1831.7479 -1.261383e-15 1.090851e-15 -1.962904e-02 16400 0
1788.3283 1833.1206 -1.497316e-15 1.163787e-15 -2.348413e-02 16400 0
1789.6674 1834.4932 4.838013e-16 9.076313e-16 6.038054e-03 0 0
1791.0066 1835.8659 -2.053689e-15 8.307959e-16 -3.271227e-02 16384 0
1792.3457 1837.2386 -3.300605e-16 1.088881e-15 -5.297656e-03 16400 0
1793.6848 1838.6113 1.183297e-16 9.894116e-16 1.913688e-03 16400 0
1795.0240 1839.9839 -5.033766e-15 1.117099e-15 -8.202291e-02 16400 0
1796.3631 1841.3567 1.721922e-16 8.493749e-16 2.823794e-03 0 0
1797.7023 1842.7294 -1.005425e-15 8.574342e-16 -1.662859e-02 16384 0
1799.0415 1844.1021 -1.560342e-16 8.858525e-16 -2.599726e-03 16384 0
1800.3807 1845.4748 -8.456866e-16 7.879436e-16 -1.419396e-02 16384 0
1801.7199 1846.8476 -5.754259e-16 8.894139e-16 -9.728694e-03 16384 0
1803.0591 1848.2204 9.082776e-16 9.493184e-16 1.143251e-02 0 0
1804.3984 1849.5931 -3.419402e-16 7.716076e-16 -5.865750e-03 16384 0
1805.7376 1850.9659 1.101288e-15 8.172060e-16 1.390599e-02 0 0
1807.0769 1852.3387 -5.334646e-15 1.595963e-15 -9.280344e-02 16400 0
1808.4161 1853.7115 8.895078e-17 8.460511e-16 1.558149e-03 16384 0
1809.7554 1855.0843 -1.932647e-16 8.112075e-16 -3.408940e-03 16400 0
1811.0947 1856.4572 2.691623e-15 8.079133e-16 3.455529e-02 0 0
1812.4340 1857.8300 1.667078e-15 8.093974e-16 2.152093e-02 0 0
1813.7733 1859.2029 -1.927104e-15 8.340658e-16 -3.470175e-02 16384 0
1815.1126 1860.5757 -9.539871e-16 7.730294e-16 -1.729766e-02 16384 0
1816.4519 1861.9486 1.523451e-15 8.153250e-16 2.011130e-02 0 0
1817.7913 1863.3215 -3.413132e-15 1.085466e-15 -6.274614e-02 16400 0
1819.1306 1864.6944 6.364618e-16 7.570859e-16 8.955508e-03 0 0
1820.4700 1866.0673 2.807753e-15 7.508050e-16 3.792607e-02 0 0
1821.8093 1867.4402 1.722557e-15 7.428772e-16 2.334318e-02 0 0
1823.1487 1868.8131 -3.262217e-17 7.653154e-16 -6.165586e-04 16384 0
1824.4881 1870.1861 5.071441e-16 7.680043e-16 7.522504e-03 0 0
1825.8275 1871.5590 1.807572e-15 7.767266e-16 2.501178e-02 0 0
1827.1669 1872.9320 -1.166463e-15 6.737885e-16 -2.251354e-02 16384 0
1828.5063 1874.3049 -6.545136e-16 7.163496e-16 -1.272197e-02 16384 0
1829.8458 1875.6779 6.278068e-16 7.143803e-16 9.336861e-03 0 0
1831.1852 1877.0509 -6.860359e-16 6.707451e-16 -1.352537e-02 16384 0
1832.5246 1878.4239 -3.520372e-15 9.671524e-16 -6.990357e-02 16400 0
1833.8641 1879.7969 1.265846e-17 6.820145e-16 2.531637e-04 16384 0
1835.2036 1881.1699 2.511783e-16 7.184751e-16 4.457756e-03 0 0
1836.5431 1882.5430 1.342055e-15 7.563630e-16 1.975177e-02 0 0
1837.8826 1883.9160 8.122783e-17 7.267751e-16 1.660026e-03 16384 0
1839.2221 1885.2890 -2.538194e-16 7.252268e-16 -5.224725e-03 16384 0
1840.5616 1886.6621 -1.667619e-15 7.990864e-16 -3.457545e-02 16400 0
1841.9011 1888.0352 -1.749961e-15 6.132699e-16 -3.654455e-02 16384 0
1843.2406 1889.4083 -8.759069e-17 6.504475e-16 -1.842335e-03 16384 0
1844.5802 1890.7814 1.492850e-15 6.691243e-16 2.289562e-02 0 0
1845.9197 1892.1545 1.396415e-15 6.404164e-16 2.159363e-02 0 0
1847.2593 1893.5276 -6.884161e-16 6.400917e-16 -1.479264e-02 16384 0
1848.5988 1894.9007 1.776082e-15 6.501740e-16 2.779751e-02 0 0
1849.9384 1896.2738 -7.967573e-16 6.311410e-16 -1.736270e-02 16384 0
1851.2780 1897.6470 1.996872e-16 6.217851e-16 4.053054e-03 0 0
1852.6176 1899.0201 4.542765e-16 6.346727e-16 7.868594e-03 0 0
1853.9572 1900.3933 -8.696747e-16 6.071479e-16 -1.934617e-02 16384 0
1855.2968 1901.7664 3.559533e-16 6.036714e-16 6.477399e-03 0 0
1856.6365 1903.1396 -1.307941e-15 8.206017e-16 -2.948767e-02 16400 0
1857.9761 1904.5128 4.803954e-16 6.885602e-16 8.471190e-03 272 0
1859.3157 1905.8860 -1.039340e-15 6.461229e-16 -2.374206e-02 16384 0
1860.6554 1907.2592 -3.412371e-16 6.707528e-16 -7.845767e-03 16384 0
1861.9951 1908.6325 1.663946e-16 6.200819e-16 3.728686e-03 0 0
1863.3347 1910.0057 4.988226e-16 5.858436e-16 8.972050e-03 0 0
1864.6744 1911.3789 -8.959861e-16 5.662766e-16 -2.100053e-02 16384 0
1866.0141 1912.7522 -3.992163e-16 6.218552e-16 -9.416541e-03 16400 0
1867.3538 1914.1254 -1.328973e-15 6.886992e-16 -3.154601e-02 16400 0
1868.6935 1915.4987 -3.758865e-15 5.449199e-16 -8.978879e-02 16400 0
1870.0333 1916.8720 -3.286824e-16 5.493135e-16 -7.900825e-03 16384 0
1871.3730 1918.2453 -8.263064e-16 6.268321e-16 -1.998811e-02 16400 0
1872.7127 1919.6186 -4.869284e-16 5.849499e-16 -1.185282e-02 16384 0
1874.0525 1920.9919 1.140486e-15 5.948695e-16 2.033819e-02 0 0
1875.3922 1922.3652 -5.186014e-16 5.338892e-16 -1.278372e-02 16384 0
1876.7320 1923.7385 5.126996e-16 5.669830e-16 9.756025e-03 0 0
1878.0718 1925.1118 9.721706e-17 5.560999e-16 2.426899e-03 16384 0
1879.4116 1926.4852 -3.658123e-16 5.600994e-16 -9.190036e-03 16384 0
1880.7514 1927.8585 3.448411e-16 8.402908e-16 7.046843e-03 16 0
1882.0912 1929.2319 -5.138658e-16 1.055580e-15 -1.307531e-02 16400 0
1883.4310 1930.6053 4.610814e-16 5.499420e-16 9.149756e-03 0 0
1884.7708 1931.9787 -5.196462e-16 5.182534e-16 -1.339296e-02 16384 0
1886.1106 1933.3520 2.080035e-16 5.590018e-16 4.823216e-03 0 0
1887.4505 1934.7254 -2.231830e-15 8.692362e-16 -5.826178e-02 16400 0
1888.7903 1936.0989 3.834414e-16 5.150383e-16 7.983164e-03 0 0
1890.1302 1937.4723 -4.853705e-16 6.003951e-16 -1.283480e-02 16400 0
1891.4700 1938.8457 -1.375131e-15 5.218140e-16 -3.659778e-02 16384 0
1892.8099 1940.2191 -6.206654e-16 4.862970e-16 -1.662402e-02 16384 0
1894.1498 1941.5926 6.395455e-16 5.256832e-16 1.289813e-02 0 0
1895.4897 1942.9660 1.254711e-15 6.133438e-16 2.472143e-02 0 0
1896.8296 1944.3395 -1.461667e-15 7.393382e-16 -3.990507e-02 16400 0
1898.1695 1945.7130 1.187124e-15 5.285013e-16 2.370705e-02 0 0
1899.5094 1947.0864 2.473660e-16 4.798434e-16 5.821485e-03 0 0
1900.8494 1948.4599 9.964553e-17 4.810196e-16 2.772290e-03 16384 0
1902.1893 1949.8334 -1.333533e-14 7.447623e-16 -3.733461e-01 16400 0
1903.5292 1951.2069 4.211943e-16 6.340479e-16 9.230051e-03 16 0
1904.8692 1952.5804 -2.814241e-16 5.117671e-16 -7.975141e-03 16400 0
1906.2091 1953.9540 6.261961e-17 5.028046e-16 1.785269e-03 16384 0
1907.5491 1955.3275 1.096622e-15 5.156515e-16 2.289422e-02 0 0
1908.8891 1956.7010 7.571444e-18 5.357364e-16 2.184641e-04 16400 0
1910.2291 1958.0746 -1.259501e-16 4.739113e-16 -3.655897e-03 16384 0
1911.5691 1959.4481 -2.676249e-15 1.289365e-15 -7.814351e-02 16400 0
1912.9091 1960.8217 6.241762e-16 4.721425e-16 1.368887e-02 0 0
1914.2491 1962.1953 9.612170e-17 4.584312e-16 2.840206e-03 16384 0
1915.5891 1963.5689 8.174644e-17 4.595212e-16 2.429865e-03 16384 0
1916.9291 1964.9425 4.865573e-17 4.389159e-16 1.454843e-03 16384 0
1918.2692 1966.3161 -2.978091e-17 4.576396e-16 -8.957819e-04 16384 0
1919.6092 1967.6897 1.183421e-16 4.438198e-16 3.580858e-03 16384 0
1920.9493 1969.0633 1.235966e-15 4.549441e-16 2.733494e-02 0 0
1922.2893 1970.4369 -3.335533e-17 4.705801e-16 -1.021453e-03 16384 0
1923.6294 1971.8105 2.506262e-17 4.370087e-16 7.721316e-04 16384 0
1924.9695 1973.1842 2.728037e-16 4.462094e-16 6.958117e-03 0 0
1926.3096 1974.5578 6.840464e-16 4.606747e-16 1.578965e-02 0 0
1927.6496 1975.9315 1.576919e-15 5.132509e-16 3.597909e-02 0 0
1928.9897 1977.3052 -4.457574e-15 1.215789e-15 -1.406989e-01 16400 0
1930.3299 1978.6788 1.370574e-15 4.733625e-16 3.162731e-02 0 0
1931.6700 1980.0525 9.908866e-17 4.317013e-16 3.166474e-03 16384 0
1933.0101 1981.4262 -5.931749e-16 4.064330e-16 -1.907488e-02 16384 0
1934.3502 1982.7999 -1.551376e-16 4.323040e-16 -5.020064e-03 16640 0
1935.6904 1984.1736 -2.137087e-17 4.188552e-16 -6.959015e-04 16640 0
1937.0305 1985.5473 -1.971399e-16 4.031088e-16 -6.459959e-03 16384 0
1938.3707 1986.9210 -7.938948e-16 4.080221e-16 -2.618171e-02 16384 0
1939.7108 1988.2948 -2.917545e-17 4.104325e-16 -9.683012e-04 16384 0
1941.0510 1989.6685 6.844132e-16 4.261704e-16 1.687783e-02 0 0
1942.3912 1991.0422 -4.973069e-15 1.534114e-15 -1.671741e-01 17424 0
1943.7314 1992.4160 4.200938e-18 4.086846e-16 1.421368e-04 17408 0
1945.0716 1993.7898 -8.743010e-16 7.017848e-16 -2.977338e-02 17424 0
1946.4118 1995.1635 1.668908e-15 4.414647e-16 4.172850e-02 1024 0
1947.7520 1996.5373 1.553500e-15 3.986606e-16 3.904631e-02 1024 0
1949.0922 1997.9111 1.510360e-15 4.271995e-16 3.819819e-02 1024 0
1950.4324 1999.2849 2.330817e-16 4.349363e-16 6.788845e-03 1024 0
1951.7726 2000.6587 -2.661997e-16 3.936544e-16 -9.365676e-03 17408 0
1953.1129 2002.0325 8.439502e-16 4.003902e-16 2.183943e-02 1024 0
1954.4531 2003.4063 1.192880e-15 6.265075e-16 3.091945e-02 1040 0
1955.7934 2004.7801 4.213108e-16 3.770156e-16 1.153448e-02 1024 0
1957.1336 2006.1539 6.200126e-16 4.037775e-16 1.657034e-02 1040 0
1958.4739 2007.5278 4.657197e-16 3.820632e-16 1.278457e-02 1024 0
1959.8142 2008.9016 -2.682459e-16 3.677747e-16 -9.816571e-03 17408 0
1961.1544 2010.2755 2.614932e-16 4.259506e-16 7.805383e-03 1040 0
1962.4947 2011.6493 3.877368e-16 4.405694e-16 1.103628e-02 1040 0
1963.8350 2013.0232 -4.484702e-16 3.583539e-16 -1.674297e-02 17408 0
1965.1753 2014.3971 -8.842943e-16 4.299244e-16 -3.323379e-02 17424 0
1966.5156 2015.7710 -1.723699e-17 3.967912e-16 -6.521628e-04 17408 0
1967.8560 2017.1448 -2.754709e-16 3.995383e-16 -1.049233e-02 17408 0
1969.1963 2018.5187 1.467336e-17 3.900439e-16 5.626688e-04 17408 0
1970.5366 2019.8926 1.168196e-16 4.078790e-16 4.375367e-03 1024 0
1971.8769 2021.2665 7.018026e-16 4.006148e-16 2.001046e-02 1040 0
1973.2173 2022.6405 -6.417068e-16 3.583397e-16 -2.511019e-02 17424 0
1974.5576 2024.0144 -1.610160e-15 5.245066e-16 -6.343946e-02 17424 0
1975.8980 2025.3883 3.086018e-16 3.429099e-16 9.591103e-03 1024 0
1977.2384 2026.7622 -5.426708e-16 3.700434e-16 -2.167521e-02 17424 0
1978.5787 2028.1362 -2.835750e-16 3.477279e-16 -1.140441e-02 17408 0
1979.9191 2029.5101 1.222072e-15 3.597765e-16 3.603473e-02 1024 0
1981.2595 2030.8841 1.397478e-15 3.826031e-16 4.158499e-02 1024 0
1982.5999 2032.2581 8.426095e-16 3.319701e-16 2.522001e-02 1024 0
1983.9403 2033.6320 -3.720927e-16 3.159797e-16 -1.538313e-02 16384 0
1985.2807 2035.0060 4.279370e-16 3.253221e-16 1.341952e-02 0 0
1986.6211 2036.3800 4.610374e-16 3.455843e-16 1.446475e-02 0 0
1987.9615 2037.7540 -1.543604e-15 4.084728e-16 -6.514909e-02 16400 0
1989.3019 2039.1280 1.131508e-16 3.409341e-16 4.593492e-03 0 0
1990.6424 2040.5020 4.718259e-16 3.235852e-16 1.506695e-02 0 0
1991.9828 2041.8760 -6.508411e-16 3.263718e-16 -2.804105e-02 16384 0
1993.3232 2043.2500 9.064014e-16 3.375106e-16 2.862560e-02 0 0
1994.6637 2044.6240 -1.614861e-16 3.260096e-16 -7.053090e-03 16384 0
1996.0041 2045.9981 -2.342073e-16 3.097967e-16 -1.029885e-02 16384 0
1997.3446 2047.3721 -8.952921e-16 3.639115e-16 -3.963585e-02 16400 0
1998.6851 2048.7461 2.438543e-16 3.279699e-16 8.677432e-03 0 0
2000.0256 2050.1202 2.253661e-16 3.995534e-16 8.165853e-03 16 0
2001.3660 2051.4943 -6.603734e-16 3.445383e-16 -2.983524e-02 16400 0
2002.7065 2052.8683 -1.351925e-15 4.474197e-16 -6.150002e-02 16400 0
2004.0470 2054.2424 3.260574e-16 3.028707e-16 1.145236e-02 0 0
2005.3875 2055.6165 -2.009081e-16 2.887028e-16 -9.265002e-03 16384 0
2006.7280 2056.9905 -5.689196e-16 3.717970e-16 -2.641436e-02 16400 0
2008.0685 2058.3646 -6.654960e-17 3.115413e-16 -3.110723e-03 16384 0
2009.4091 2059.7387 1.598881e-15 3.323561e-16 5.538948e-02 0 0
2010.7496 2061.1128 1.640646e-16 2.854195e-16 6.594543e-03 0 0
2012.0901 2062.4869 6.075406e-17 2.770799e-16 2.897406e-03 16384 0
2013.4306 2063.8610 1.555940e-15 3.133495e-16 5.497635e-02 0 0
2014.7712 2065.2352 8.945976e-16 3.015778e-16 3.147398e-02 0 0
2016.1117 2066.6093 6.272222e-16 2.819506e-16 2.232852e-02 0 0
2017.4523 2067.9834 -4.512770e-17 2.992425e-16 -2.209803e-03 16384 0
2018.7928 2069.3575 3.820402e-16 2.811738e-16 1.414248e-02 0 0
2020.1334 2070.7317 -8.216299e-16 5.989241e-16 -4.076399e-02 16400 0
2021.4740 2072.1058 -2.552913e-16 2.827121e-16 -1.274887e-02 16384 0
2022.8146 2073.4800 1.532967e-16 2.672470e-16 6.555978e-03 0 0
2024.1551 2074.8541 -5.653176e-16 2.917054e-16 -2.860062e-02 16400 0
2025.4957 2076.2283 1.774043e-17 2.655061e-16 9.033598e-04 16384 0
2026.8363 2077.6025 -3.104910e-16 3.147943e-16 -1.591315e-02 16400 0
2028.1769 2078.9767 6.733677e-16 2.620688e-16 2.534312e-02 0 0
2029.5175 2080.3508 -9.406651e-16 2.587281e-16 -4.883717e-02 16384 0
2030.8581 2081.7250 -1.622629e-17 2.822483e-16 -8.478789e-04 16400 0
2032.1987 2083.0992 -1.413590e-16 2.541361e-16 -7.434159e-03 16384 0
2033.5394 2084.4734 1.860174e-16 2.598784e-16 8.003504e-03 0 0
2034.8800 2085.8476 9.212412e-16 2.925456e-16 3.575400e-02 0 0
2036.2206 2087.2218 4.181951e-16 2.590526e-16 1.664275e-02 0 0
2037.5613 2088.5961 -5.607990e-17 2.699502e-16 -3.026206e-03 16384 0
2038.9019 2089.9703 -1.973574e-15 7.160230e-16 -1.071882e-01 16400 0
2040.2426 2091.3445 -1.087982e-16 2.678333e-16 -5.947192e-03 16384 0
2041.5832 2092.7187 1.077228e-16 2.592382e-16 5.370153e-03 0 0
2042.9239 2094.0930 -3.146426e-17 2.471491e-16 -1.742286e-03 16384 0
2044.2645 2095.4672 -4.502761e-17 2.511952e-16 -2.509545e-03 16384 0
2045.6052 2096.8415 2.948919e-17 2.391946e-16 1.654207e-03 16384 0
2046.9459 2098.2157 -2.084556e-16 2.316125e-16 -1.176961e-02 16384 0
2048.2866 2099.5900 -2.859443e-16 2.456591e-16 -1.624993e-02 16384 0
2049.6272 2100.9642 9.347501e-17 2.371759e-16 4.984600e-03 0 0
2050.9679 2102.3385 -2.792037e-16 2.378716e-16 -1.607525e-02 16384 0
2052.3086 2103.7128 -3.286364e-15 7.612281e-16 -1.904529e-01 16400 0
2053.6493 2105.0871 3.216057e-16 2.795066e-16 1.410357e-02 0 0
2054.9900 2106.4614 1.903331e-16 2.563053e-16 8.908786e-03 0 0
2056.3307 2107.8356 1.836282e-16 2.330196e-16 8.689765e-03 0 0
2057.6714 2109.2099 1.524409e-16 2.241135e-16 7.483258e-03 0 0
2059.0122 2110.5842 3.247134e-16 2.372549e-16 1.457441e-02 0 0
2060.3529 2111.9585 -1.668113e-17 2.219464e-16 -1.005089e-03 16384 0
2061.6936 2113.3329 3.052199e-16 2.262001e-16 1.393062e-02 0 0
2063.0344 2114.7072 4.603324e-16 2.241056e-16 2.062593e-02 0 0
2064.3751 2116.0815 -5.678506e-16 4.426764e-16 -3.487270e-02 16400 0
2065.7158 2117.4558 -1.544178e-16 2.183468e-16 -9.542602e-03 16384 0
2067.0566 2118.8301 5.468662e-18 2.149092e-16 3.400426e-04 16384 0
2068.3973 2120.2045 -6.389144e-16 2.616132e-16 -3.997277e-02 16400 0
2069.7381 2121.5788 -3.167598e-16 2.120271e-16 -1.993770e-02 16384 0
2071.0789 2122.9532 -3.554332e-16 2.172395e-16 -2.250672e-02 16384 0
2072.4196 2124.3275 -1.589654e-16 2.310097e-16 -1.012532e-02 16400 0
2073.7604 2125.7019 -1.583173e-16 2.092146e-16 -1.014307e-02 16384 0
2075.1012 2127.0762 -4.205284e-16 2.901277e-16 -2.709667e-02 16400 0
2076.4419 2128.4506 3.169191e-17 2.434503e-16 2.053662e-03 16400 0
2077.7827 2129.8250 3.932026e-17 2.115353e-16 2.562200e-03 16384 0
2079.1235 2131.1993 -1.831152e-16 2.020750e-16 -1.199817e-02 16384 0
2080.4643 2132.5737 1.557895e-17 2.034299e-16 1.026329e-03 16384 0
2081.8051 2133.9481 4.464548e-16 2.327791e-16 2.167080e-02 16 0
2083.1459 2135.3225 3.252835e-17 2.073942e-16 2.165973e-03 16384 0
2084.4867 2136.6969 -1.594082e-16 1.932099e-16 -1.067061e-02 16384 0
2085.8275 2138.0712 -1.429568e-16 2.279473e-16 -9.619468e-03 16400 0
2087.1683 2139.4456 -9.886661e-17 2.726977e-16 -6.687190e-03 16400 0
2088.5092 2140.8200 -3.919895e-16 1.876905e-16 -2.665026e-02 16384 0
2089.8500 2142.1945 8.058967e-17 2.100868e-16 5.092253e-03 0 0
2091.1908 2143.5689 -1.780303e-16 1.978976e-16 -1.222795e-02 16384 0
2092.5316 2144.9433 2.601877e-16 1.953284e-16 1.355147e-02 0 0
2093.8725 2146.3177 1.548864e-15 2.617130e-16 8.053110e-02 16 0
2095.2133 2147.6921 1.739604e-16 2.007078e-16 9.556773e-03 0 0
2096.5542 2149.0665 2.614716e-17 2.072122e-16 1.832606e-03 16400 0
2097.8950 2150.4410 3.038141e-17 2.134010e-16 2.140200e-03 16384 0
2099.2359 2151.8154 3.875947e-16 1.994160e-16 2.016467e-02 0 0
2100.5767 2153.1899 -8.383367e-17 2.183766e-16 -5.966206e-03 16400 0
2101.9176 2154.5643 -8.527931e-17 2.196648e-16 -6.100110e-03 16384 0
2103.2584 2155.9387 2.807902e-16 2.142217e-16 1.508949e-02 0 0
2104.5993 2157.3132 9.115241e-17 2.057670e-16 5.811623e-03 0 0
2105.9402 2158.6876 -4.485993e-16 1.819075e-16 -3.258421e-02 16384 0
2107.2810 2160.0621 -1.162649e-15 2.054023e-16 -8.488020e-02 16384 0
2108.6219 2161.4366 6.024908e-16 2.219160e-16 3.218897e-02 16 0
2109.9628 2162.8110 8.679987e-17 2.877010e-16 5.685664e-03 16 0
2111.3037 2164.1855 -1.565396e-16 2.494338e-16 -1.160342e-02 16400 0
2112.6446 2165.5600 1.068240e-16 1.791351e-16 6.729614e-03 0 0
2113.9855 2166.9345 1.785602e-16 1.812707e-16 1.039493e-02 0 0
2115.3264 2168.3089 -3.252574e-16 1.690176e-16 -2.447453e-02 16384 0
2116.6673 2169.6834 -1.230247e-16 1.830416e-16 -9.303166e-03 16384 0
2118.0082 2171.0579 2.272845e-16 1.801427e-16 1.306926e-02 0 0
2119.3491 2172.4324 -2.624246e-16 1.754286e-16 -2.004036e-02 16384 0
2120.6900 2173.8069 1.521962e-15 5.821688e-16 8.796374e-02 16 0
2122.0309 2175.1814 6.023760e-16 1.984799e-16 3.382033e-02 0 0
2123.3718 2176.5559 -1.772178e-16 3.025221e-16 -1.373024e-02 16400 0
2124.7127 2177.9304 -1.842339e-16 1.643986e-16 -1.434160e-02 16384 0
2126.0537 2179.3049 -3.631868e-16 2.192581e-16 -2.840490e-02 16400 0
2127.3946 2180.6794 1.364428e-16 1.723900e-16 8.589217e-03 0 0
2128.7355 2182.0539 -1.546871e-16 2.002790e-16 -1.221072e-02 16400 0
2130.0764 2183.4285 2.570132e-17 1.693392e-16 2.038140e-03 16384 0
2131.4174 2184.8030 1.135393e-16 2.319666e-16 7.453976e-03 16 0
2132.7583 2186.1775 7.935853e-16 1.819114e-16 4.647991e-02 0 0
2134.0993 2187.5520 1.589977e-16 1.732802e-16 9.985442e-03 0 0
2135.4402 2188.9266 2.712526e-16 1.823404e-16 1.626874e-02 0 0
2136.7812 2190.3011 5.252353e-16 2.179614e-16 3.100505e-02 16 0
2138.1221 2191.6756 2.172010e-16 1.614221e-16 1.335040e-02 0 0
2139.4631 2193.0502 1.880345e-16 1.730912e-16 1.176207e-02 0 0
2140.8040 2194.4247 3.622063e-16 1.621374e-16 2.178995e-02 0 0
2142.1450 2195.7993 2.437569e-16 1.704337e-16 1.502491e-02 0 0
2143.4859 2197.1738 -1.557342e-16 1.560214e-16 -1.290743e-02 16384 0
2144.8269 2198.5484 2.119818e-16 1.667858e-16 1.331442e-02 0 0
2146.1679 2199.9229 1.313866e-16 1.598007e-16 8.757632e-03 0 0
2147.5088 2201.2975 -6.255813e-17 1.790006e-16 -5.251759e-03 16400 0
2148.8498 2202.6721 8.876205e-17 1.681293e-16 6.393622e-03 0 0
2150.1908 2204.0466 -3.849897e-16 1.577424e-16 -3.259498e-02 16384 0
2151.5318 2205.4212 5.282928e-17 1.602280e-16 4.390176e-03 0 0
2152.8728 2206.7958 2.200969e-16 1.630228e-16 1.410233e-02 0 0
2154.2137 2208.1703 5.158587e-16 1.685127e-16 3.218725e-02 0 0
2155.5547 2209.5449 -4.521708e-16 2.401481e-16 -3.893152e-02 16400 0
2156.8957 2210.9195 -8.237176e-17 1.533758e-16 -7.121852e-03 16384 0
2158.2367 2212.2941 6.952780e-17 1.514439e-16 5.417716e-03 0 0
2159.5777 2213.6687 -8.567576e-18 1.553033e-16 -7.469556e-04 16384 0
2160.9187 2215.0432 -5.670822e-17 1.926174e-16 -4.964655e-03 16400 0
2162.2597 2216.4178 -2.004653e-16 1.502548e-16 -1.762338e-02 16384 0
2163.6007 2217.7924 3.590311e-17 1.514941e-16 3.169477e-03 16400 0
2164.9417 2219.1670 2.837375e-16 1.528462e-16 1.852676e-02 0 0
2166.2827 2220.5416 -2.322807e-16 1.483334e-16 -2.067672e-02 16384 0
2167.6237 2221.9162 2.530315e-16 1.670236e-16 1.675156e-02 0 0
2168.9648 2223.2908 -2.078190e-16 1.562865e-16 -1.865385e-02 16384 0
2170.3058 2224.6654 -4.164747e-16 1.563055e-16 -3.753918e-02 16384 0
2171.6468 2226.0400 -2.347749e-16 1.443500e-16 -2.124999e-02 16384 0
2172.9878 2227.4146 -1.081210e-16 1.839833e-16 -9.827260e-03 16400 0
2174.3288 2228.7892 -1.147955e-17 1.462714e-16 -1.047757e-03 16384 0
2175.6698 2230.1639 -3.071485e-16 1.821536e-16 -2.815156e-02 16400 0
2177.0109 2231.5385 4.705813e-16 1.591291e-16 3.150763e-02 0 0
2178.3519 2232.9131 -5.926962e-17 1.445626e-16 -5.478067e-03 16384 0
2179.6929 2234.2877 -1.382137e-16 1.538041e-16 -1.282821e-02 16384 0
2181.0340 2235.6623 2.242911e-16 1.577793e-16 1.555012e-02 0 0
2182.3750 2237.0369 -2.129159e-16 1.449540e-16 -1.992829e-02 16384 0
2183.7160 2238.4116 -1.566248e-18 1.418711e-16 -1.472128e-04 16384 0
2185.0571 2239.7862 -7.200061e-16 1.871481e-16 -6.795840e-02 16400 0
2186.3981 2241.1608 -1.056770e-17 1.578565e-16 -1.001632e-03 16384 0
2187.7392 2242.5355 -3.035119e-16 1.819899e-16 -2.888847e-02 16400 0
2189.0802 2243.9101 1.078409e-16 1.432772e-16 8.271443e-03 0 0
2190.4212 2245.2847 -6.843566e-17 1.822236e-16 -6.568489e-03 16400 0
2191.7623 2246.6594 2.664329e-16 1.420559e-16 1.887982e-02 0 0
2193.1033 2248.0340 -9.400853e-17 1.405058e-16 -9.098606e-03 16384 0
2194.4444 2249.4086 -3.787049e-17 1.576802e-16 -3.680576e-03 16400 0
2195.7854 2250.7833 3.630533e-16 1.599700e-16 2.580140e-02 0 0
2197.1265 2252.1579 -2.253176e-17 1.738721e-16 -2.207974e-03 16400 0
2198.4675 2253.5326 7.817680e-15 2.078985e-15 6.730703e-01 16 0
2199.8086 2254.9072 -6.745515e-17 1.381159e-16 -6.664612e-03 16384 0
2201.1497 2256.2819 1.490294e-16 1.454977e-16 1.131181e-02 0 0
2202.4907 2257.6565 3.334534e-16 1.480024e-16 2.421210e-02 0 0
2203.8318 2259.0312 8.927640e-17 1.549463e-16 7.328224e-03 0 0
2205.1728 2260.4058 1.881163e-16 1.467635e-16 1.413719e-02 0 0
2206.5139 2261.7805 -2.680112e-17 1.320951e-16 -2.702732e-03 16384 0
2207.8550 2263.1551 -1.021067e-16 1.749376e-16 -1.033907e-02 16400 0
2209.1960 2264.5298 6.800087e-17 1.323994e-16 5.967078e-03 0 0
2210.5371 2265.9044 3.728315e-16 1.475264e-16 2.768458e-02 0 0
2211.8782 2267.2791 4.747543e-17 1.500679e-16 4.594542e-03 0 0
2213.2193 2268.6538 1.331745e-16 1.674853e-16 1.056591e-02 16 0
2214.5603 2270.0284 2.202138e-16 1.351004e-16 1.682006e-02 0 0
2215.9014 2271.4031 -3.887226e-16 1.708273e-16 -4.034822e-02 16400 0
2217.2425 2272.7777 -2.034292e-15 3.560523e-16 -2.120370e-01 16400 0
2218.5835 2274.1524 5.725079e-17 1.377907e-16 5.340972e-03 0 0
2219.9246 2275.5271 2.782065e-16 1.445414e-16 2.137361e-02 0 0
2221.2657 2276.9017 4.492486e-16 1.348740e-16 3.448453e-02 0 0
2222.6068 2278.2764 2.127635e-16 1.431336e-16 1.666846e-02 16 0
2223.9479 2279.6511 4.983205e-17 1.296446e-16 4.876348e-03 0 0
2225.2889 2281.0258 7.969914e-17 1.352058e-16 7.034156e-03 0 0
2226.6300 2282.4004 -1.524254e-16 1.251572e-16 -1.636743e-02 16384 0
2227.9711 2283.7751 -1.700547e-16 1.469432e-16 -1.833923e-02 16400 0
2229.3122 2285.1498 -9.046916e-17 1.244305e-16 -9.798829e-03 16384 0
2230.6533 2286.5244 4.586482e-17 1.248935e-16 4.658923e-03 0 0
2231.9944 2287.8991 1.517764e-16 1.471016e-16 1.252061e-02 0 0
2233.3354 2289.2738 2.615540e-16 1.453481e-16 2.097887e-02 0 0
2234.6765 2290.6485 3.834328e-16 1.575467e-16 3.070343e-02 0 0
2236.0176 2292.0232 1.183110e-17 1.460382e-16 1.309503e-03 16384 0
2237.3587 2293.3978 2.199760e-16 1.509531e-16 1.798495e-02 0 0
2238.6998 2294.7725 -1.205031e-16 1.421847e-16 -1.345372e-02 16384 0
2240.0409 2296.1472 4.381954e-17 1.398491e-16 4.599364e-03 0 0
2241.3820 2297.5219 5.356494e-16 1.618955e-16 4.403848e-02 16 0
2242.7231 2298.8966 3.701381e-17 1.389642e-16 4.111626e-03 0 0
2244.0642 2300.2712 -2.664132e-16 1.344926e-16 -3.026135e-02 16384 0
2245.4053 2301.6459 2.158402e-16 1.325520e-16 1.809652e-02 0 0
2246.7463 2303.0206 8.738439e-17 1.394773e-16 8.020890e-03 0 0
2248.0874 2304.3953 -2.469260e-16 1.234917e-16 -2.840945e-02 16384 0
2249.4285 2305.7700 2.142808e-16 1.236812e-16 1.818892e-02 0 0
2250.7696 2307.1447 3.535841e-16 1.258144e-16 2.979980e-02 0 0
2252.1107 2308.5193 -3.194965e-17 1.136334e-16 -3.722865e-03 16384 0
2253.4518 2309.8940 -1.062007e-16 1.331205e-16 -1.242693e-02 16384 0
2254.7929 2311.2687 -3.433718e-16 4.975778e-16 -4.034765e-02 16400 0
2256.1340 2312.6434 2.530508e-17 1.207367e-16 2.985882e-03 16384 0
2257.4751 2314.0181 -2.724269e-16 1.090848e-16 -3.227862e-02 16384 0
2258.8162 2315.3928 -4.140479e-17 1.149766e-16 -4.926198e-03 16384 0
2260.1573 2316.7674 3.117315e-16 1.231323e-16 2.705654e-02 0 0
2261.4984 2318.1421 -1.810816e-16 1.178816e-16 -2.172206e-02 16384 0
2262.8395 2319.5168 -7.185832e-17 1.097983e-16 -8.655057e-03 16384 0
2264.1806 2320.8915 -2.257186e-16 1.861332e-16 -2.729753e-02 16400 0
2265.5217 2322.2662 4.394266e-17 1.237867e-16 4.856052e-03 0 0
2266.8628 2323.6409 1.626759e-16 1.215869e-16 1.473571e-02 0 0
2268.2039 2325.0156 4.482727e-16 1.271077e-16 3.994948e-02 0 0
2269.5450 2326.3903 4.100341e-16 1.243949e-16 3.663088e-02 0 0
2270.8861 2327.7649 -3.937539e-18 1.068334e-16 -4.857169e-04 16384 0
2272.2272 2329.1396 1.211102e-16 1.108351e-16 1.139540e-02 0 0
2273.5682 2330.5143 2.221721e-16 1.153665e-16 2.018127e-02 0 0
2274.9093 2331.8890 -1.809551e-16 1.067348e-16 -2.257960e-02 16384 0
2276.2504 2333.2637 1.286459e-16 1.140611e-16 1.215725e-02 0 0
2277.5915 2334.6384 2.597946e-16 1.088329e-16 2.375678e-02 0 0
2278.9326 2336.0131 1.918403e-16 1.096278e-16 1.777398e-02 0 0
2280.2737 2337.3877 -1.486976e-16 9.997136e-17 -1.882709e-02 16384 0
2281.6148 2338.7624 1.940680e-16 1.280320e-16 1.809043e-02 0 0
2282.9559 2340.1371 -5.848191e-17 1.100471e-16 -7.455934e-03 16384 0
2284.2970 2341.5118 -8.616263e-17 1.235977e-16 -1.102160e-02 16400 0
2285.6381 2342.8865 -2.159496e-16 1.545844e-16 -2.771350e-02 16400 0
2286.9792 2344.2612 7.722959e-18 1.028475e-16 9.942830e-04 16384 0
2288.3203 2345.6358 -3.868006e-16 1.978510e-16 -4.995236e-02 16400 0
2289.6614 2347.0105 -1.330979e-16 1.027484e-16 -1.724083e-02 16384 0
2291.0025 2348.3852 -8.449803e-17 1.226087e-16 -1.097738e-02 16400 0
2292.3435 2349.7599 1.779960e-16 1.115286e-16 1.705301e-02 0 0
2293.6846 2351.1346 2.285651e-16 1.045356e-16 2.175213e-02 0 0
2295.0257 2352.5092 1.726982e-16 1.026088e-16 1.665387e-02 0 0
2296.3668 2353.8839 6.869433e-17 1.000313e-16 7.302696e-03 0 0
2297.7079 2355.2586 -1.398791e-16 9.753733e-17 -1.841587e-02 16384 0
2299.0490 2356.6333 8.314096e-18 1.008222e-16 1.097148e-03 16384 0
2300.3901 2358.0079 -1.065775e-17 1.039931e-16 -1.409659e-03 16384 0
2301.7312 2359.3826 4.403965e-16 1.063898e-16 4.254444e-02 16 0
2303.0722 2360.7573 -3.222732e-16 9.607794e-17 -4.281215e-02 16384 0
2304.4133 2362.1320 -1.348749e-17 9.806818e-17 -1.795497e-03 16384 0
2305.7544 2363.5066 3.988443e-16 1.133257e-16 3.869291e-02 0 0
2307.0955 2364.8813 -5.391334e-17 1.103881e-16 -7.206364e-03 16384 0
2308.4366 2366.2560 1.025539e-17 1.095711e-16 1.373424e-03 16384 0
2309.7777 2367.6307 -7.876651e-17 1.610779e-16 -1.056851e-02 16400 0
2311.1187 2369.0053 -8.061486e-17 9.997118e-17 -1.083681e-02 16384 0
2312.4598 2370.3800 1.356440e-16 9.952532e-17 1.360997e-02 0 0
2313.8009 2371.7547 7.648644e-18 9.961160e-17 1.031874e-03 16384 0
2315.1420 2373.1293 2.605617e-17 9.699371e-17 3.521544e-03 16384 0
2316.4830 2374.5040 2.498941e-17 1.065584e-16 3.383553e-03 16384 0
2317.8241 2375.8786 1.648342e-16 1.015196e-16 1.644882e-02 0 0
2319.1652 2377.2533 3.460309e-16 1.093087e-16 3.412087e-02 0 0
2320.5062 2378.6280 -1.676683e-17 1.000958e-16 -2.282348e-03 16384 0
2321.8473 2380.0026 -1.214232e-16 1.014721e-16 -1.655805e-02 16384 0
2323.1884 2381.3773 -2.468502e-16 1.462389e-16 -3.372240e-02 16400 0
2324.5295 2382.7519 -1.705430e-16 1.079977e-16 -2.333997e-02 16384 0
2325.8705 2384.1266 3.116980e-16 1.029436e-16 3.098444e-02 0 0
2327.2116 2385.5013 2.392415e-16 1.023769e-16 2.386014e-02 0 0
2328.5526 2386.8759 2.574890e-16 1.038919e-16 2.569929e-02 0 0
2329.8937 2388.2506 5.430135e-17 9.786916e-17 6.232218e-03 0 0
2331.2348 2389.6252 -9.546289e-16 2.622869e-16 -1.318120e-01 16400 0
2332.5758 2390.9998 1.765682e-17 9.672770e-17 2.442203e-03 16384 0
2333.9169 2392.3745 -1.031432e-16 1.060152e-16 -1.429092e-02 16384 0
2335.2579 2393.7491 1.870101e-17 1.159909e-16 2.595474e-03 16384 0
2336.5990 2395.1238 3.196220e-16 1.221934e-16 3.221626e-02 0 0
2337.9400 2396.4984 4.885582e-16 1.363881e-16 4.979218e-02 0 0
2339.2811 2397.8731 5.174789e-16 1.486128e-16 5.294480e-02 16 0
2340.6221 2399.2477 2.986761e-16 1.112916e-16 3.024003e-02 0 0
2341.9632 2400.6223 4.364456e-16 1.026722e-16 4.453625e-02 0 0
2343.3042 2401.9970 -1.035330e-17 9.286129e-17 -1.450885e-03 16384 0
2344.6453 2403.3716 -4.129601e-17 9.286020e-17 -5.795842e-03 16384 0
2345.9863 2404.7462 3.973910e-16 1.040473e-16 4.063486e-02 0 0
2347.3273 2406.1209 -4.968443e-17 9.841665e-17 -6.993695e-03 16384 0
2348.6684 2407.4955 -7.499325e-17 9.493684e-17 -1.057150e-02 16384 0
2350.0094 2408.8701 5.302095e-17 9.440118e-17 6.212445e-03 0 0
2351.3505 2410.2447 1.729729e-16 1.011608e-16 1.788619e-02 0 0
2352.6915 2411.6193 -1.842564e-17 1.098216e-16 -2.608475e-03 16400 0
2354.0325 2412.9940 -7.126903e-17 9.776941e-17 -1.010358e-02 16384 0
2355.3735 2414.3686 1.975536e-16 1.004624e-16 2.041461e-02 0 0
2356.7146 2415.7432 7.434769e-17 9.482207e-17 8.291921e-03 0 0
2358.0556 2417.1178 2.875139e-17 9.513281e-17 3.930727e-03 0 0
2359.3966 2418.4924 2.057053e-16 1.037213e-16 2.131763e-02 16 0
2360.7376 2419.8670 3.938386e-17 9.727704e-17 4.950674e-03 0 0
2362.0786 2421.2416 -5.219158e-17 9.948877e-17 -7.460836e-03 16384 0
2363.4197 2422.6162 -8.559687e-17 9.388399e-17 -1.225299e-02 16384 0
2364.7607 2423.9908 4.830440e-16 1.274985e-16 5.069602e-02 16 0
2366.1017 2425.3654 1.825724e-16 1.009203e-16 1.910795e-02 0 0
2367.4427 2426.7400 9.804870e-18 1.087726e-16 1.409384e-03 16384 0
2368.7837 2428.1146 1.631568e-16 1.211556e-16 1.719302e-02 16 0
2370.1247 2429.4892 1.891248e-16 1.050827e-16 1.984804e-02 0 0
2371.4657 2430.8638 6.470675e-17 1.050244e-16 7.444595e-03 0 0
2372.8067 2432.2384 -1.977359e-16 8.981321e-17 -2.858034e-02 16384 0
2374.1477 2433.6130 1.906136e-17 1.016479e-16 2.758858e-03 16384 0
2375.4887 2434.9875 -7.936509e-16 2.603565e-16 -1.150261e-01 16400 0
2376.8297 2436.3621 -8.266396e-17 9.187830e-17 -1.199702e-02 16384 0
2378.1707 2437.7367 -4.159297e-18 9.497958e-17 -6.044596e-04 16384 0
2379.5116 2439.1113 -1.950477e-17 1.054879e-16 -2.838358e-03 16400 0
2380.8526 2440.4858 -1.710877e-16 1.225884e-16 -2.492953e-02 16400 0
2382.1936 2441.8604 -5.046124e-17 8.993418e-17 -7.362414e-03 16384 0
2383.5346 2443.2350 -2.383432e-17 1.044938e-16 -3.482012e-03 16384 0
2384.8755 2444.6095 -3.338346e-17 9.521866e-17 -4.883272e-03 16384 0
2386.2165 2445.9841 -2.510508e-17 9.223639e-17 -3.676889e-03 16384 0
2387.5575 2447.3586 3.949409e-17 9.260936e-17 5.039149e-03 0 0
2388.8985 2448.7332 8.299000e-18 9.522362e-17 1.218393e-03 16384 0
2390.2394 2450.1077 1.316009e-17 8.924467e-17 1.934352e-03 16384 0
2391.5804 2451.4823 1.207205e-16 1.027892e-16 1.319354e-02 0 0
2392.9213 2452.8568 1.627482e-18 1.006138e-16 2.397872e-04 16384 0
2394.2623 2454.2314 -5.094535e-17 9.391964e-17 -7.514747e-03 16384 0
2395.6032 2455.6059 1.369230e-16 9.131344e-17 1.489283e-02 0 0
2396.9442 2456.9804 1.222353e-16 1.033733e-16 1.340140e-02 0 0
2398.2851 2458.3550 -8.741993e-17 9.766608e-17 -1.293903e-02 16400 0
2399.6261 2459.7295 -1.334373e-17 9.497923e-17 -1.977100e-03 16384 0
2400.9670 2461.1040 4.418384e-17 9.559227e-17 5.539321e-03 16 0
2402.3079 2462.4785 3.479173e-16 1.040231e-16 3.748568e-02 0 0
2403.6489 2463.8531 -9.662191e-17 1.203105e-16 -1.436158e-02 16400 0
2404.9898 2465.2276 -1.100149e-16 9.231054e-17 -1.636907e-02 16384 0
2406.3307 2466.6021 4.312291e-16 9.983159e-17 4.687750e-02 0 0
2407.6716 2467.9766 -2.260944e-16 9.151839e-17 -3.371017e-02 16384 0
2409.0126 2469.3511 -4.520685e-16 1.575924e-16 -6.747102e-02 16400 0
2410.3535 2470.7256 -1.471975e-17 1.011742e-16 -2.199126e-03 16400 0
2411.6944 2472.1001 -6.134596e-17 9.235583e-17 -9.174103e-03 16384 0
2413.0353 2473.4746 4.327847e-17 9.275606e-17 5.479096e-03 0 0
2414.3762 2474.8491 1.446811e-16 9.515679e-17 1.589568e-02 0 0
2415.7171 2476.2236 2.109673e-17 9.499318e-17 3.164266e-03 16384 0
2417.0580 2477.5981 -1.440349e-16 8.953090e-17 -2.162582e-02 16384 0
2418.3989 2478.9725 5.823249e-17 9.163950e-17 7.008013e-03 0 0
2419.7398 2480.3470 -5.570228e-17 9.989580e-17 -8.380724e-03 16384 0
2421.0807 2481.7215 5.488032e-17 9.467532e-17 6.676828e-03 0 0
2422.4216 2483.0960 -2.589727e-17 9.412003e-17 -3.904211e-03 16384 0
2423.7624 2484.4704 7.302622e-17 9.319279e-17 8.542398e-03 0 0
2425.1033 2485.8449 1.829219e-16 9.578071e-17 2.007221e-02 0 0
2426.4442 2487.2193 2.975031e-16 1.368917e-16 3.256219e-02 16 0
2427.7851 2488.5938 1.567188e-16 8.931957e-17 1.731566e-02 0 0
2429.1259 2489.9682 1.427772e-16 8.856207e-17 1.585331e-02 0 0
2430.4668 2491.3427 -1.650686e-16 8.693030e-17 -2.503328e-02 16384 0
2431.8076 2492.7171 -1.171990e-16 8.613026e-17 -1.779073e-02 16384 0
2433.1485 2494.0916 -4.748724e-17 1.010671e-16 -7.215087e-03 16400 0
2434.4893 2495.4660 -1.612410e-16 1.238390e-16 -2.452107e-02 16400 0
2435.8302 2496.8404 9.910818e-17 1.037975e-16 1.131376e-02 0 0
2437.1710 2498.2149 3.145610e-16 9.328948e-17 3.470870e-02 0 0
2438.5119 2499.5893 6.431646e-17 9.320047e-17 7.707300e-03 0 0
2439.8527 2500.9637 -1.538535e-16 8.416231e-17 -2.347517e-02 16384 0
2441.1935 2502.3381 -2.053385e-16 1.223206e-16 -3.135393e-02 16400 0
2442.5344 2503.7125 2.354045e-17 1.171454e-16 3.528491e-03 16 0
2443.8752 2505.0869 8.744140e-16 1.145563e-16 1.015280e-01 16 0
2445.2160 2506.4613 5.110859e-17 8.962507e-17 6.359907e-03 0 0
2446.5568 2507.8357 1.867246e-17 8.968472e-17 2.858946e-03 16384 0
2447.8976 2509.2101 -7.402211e-17 8.645737e-17 -1.134070e-02 16384 0
2449.2384 2510.5845 -4.517522e-17 9.485101e-17 -6.925463e-03 16384 0
2450.5792 2511.9589 9.686131e-17 9.002143e-17 1.114903e-02 0 0
2451.9200 2513.3333 1.979836e-18 9.042733e-17 3.038819e-04 16384 0
2453.2608 2514.7076 -2.325906e-17 8.687658e-17 -3.572142e-03 16384 0
2454.6016 2516.0820 -2.978181e-16 1.497873e-16 -4.576674e-02 16400 0
2455.9424 2517.4564 -1.079853e-16 8.546991e-17 -1.660452e-02 16384 0
2457.2832 2518.8307 1.594940e-16 9.474161e-17 1.787412e-02 0 0
2458.6239 2520.2051 1.126310e-16 9.494612e-17 1.285528e-02 0 0
2459.9647 2521.5794 1.594014e-16 9.142983e-17 1.788441e-02 0 0
2461.3055 2522.9538 -4.448580e-17 9.758448e-17 -6.857690e-03 16384 0
2462.6462 2524.3281 -3.641445e-16 1.283375e-16 -5.617127e-02 16400 0
2463.9870 2525.7025 -3.302172e-17 8.852736e-17 -5.097332e-03 16384 0
2465.3277 2527.0768 -5.653367e-17 8.829208e-17 -8.732733e-03 16384 0
2466.6685 2528.4511 -2.086813e-17 9.644998e-17 -3.225882e-03 16384 0
2468.0092 2529.8254 -4.877859e-17 8.537098e-17 -7.545915e-03 16384 0
2469.3499 2531.1998 3.193794e-16 9.146219e-17 3.581866e-02 0 0
2470.6907 2532.5741 1.508886e-16 9.645147e-17 1.705247e-02 0 0
2472.0314 2533.9484 -1.000865e-15 2.365136e-16 -1.551889e-01 16400 0
2473.3721 2535.3227 -2.973671e-17 9.400401e-17 -4.614413e-03 16384 0
2474.7128 2536.6970 -2.089997e-16 1.680115e-16 -3.245735e-02 16400 0
2476.0536 2538.0713 1.754308e-16 8.724356e-17 1.978732e-02 0 0
2477.3943 2539.4456 -9.217664e-17 8.446086e-17 -1.433747e-02 16384 0
2478.7350 2540.8198 9.358342e-17 8.636790e-17 1.093616e-02 0 0
2480.0757 2542.1941 -1.170473e-17 1.304025e-16 -1.823462e-03 16400 0
2481.4164 2543.5684 3.128083e-16 9.171751e-17 3.531749e-02 0 0
2482.7570 2544.9427 1.343799e-16 1.055261e-16 1.536304e-02 16 0
2484.0977 2546.3169 9.074353e-18 1.300516e-16 1.416990e-03 16400 0
2485.4384 2547.6912 -1.820306e-16 8.489616e-17 -2.844647e-02 16384 0
2486.7791 2549.0654 -7.930116e-17 8.229707e-17 -1.240208e-02 16384 0
2488.1197 2550.4397 3.937503e-19 8.785473e-17 6.162538e-05 16384 0
2489.4604 2551.8139 3.905156e-17 8.811334e-17 5.190989e-03 0 0
2490.8011 2553.1882 -8.885272e-17 8.614392e-17 -1.392543e-02 16384 0
2492.1417 2554.5624 -9.806570e-17 9.142091e-17 -1.537967e-02 16384 0
2493.4824 2555.9366 -1.596787e-19 9.213254e-17 -2.505910e-05 16384 0
2494.8230 2557.3108 -3.530859e-16 1.560695e-16 -5.544765e-02 16400 0
2496.1636 2558.6850 -3.583775e-17 8.566199e-17 -5.631546e-03 16384 0
2497.5043 2560.0593 -4.225123e-18 8.512485e-17 -6.643569e-04 16384 0
2498.8449 2561.4335 -2.129454e-16 1.262674e-16 -3.350465e-02 16400 0
2500.1855 2562.8077 -5.815818e-17 8.540324e-17 -9.156192e-03 16384 0
2501.5261 2564.1818 2.294280e-17 1.131252e-16 3.512287e-03 16 0
2502.8667 2565.5560 -2.516725e-17 9.562437e-17 -3.967036e-03 16384 0
2504.2073 2566.9302 -6.540715e-17 9.672442e-17 -1.031605e-02 16384 0
2505.5479 2568.3044 -7.315211e-17 1.058159e-16 -1.154423e-02 16400 0
2506.8885 2569.6786 1.017343e-16 9.778186e-17 1.195705e-02 0 0
2508.2291 2571.0527 2.346757e-16 8.813985e-17 2.678534e-02 0 0
2509.5697 2572.4269 3.073736e-17 8.321725e-17 4.342311e-03 0 0
2510.9103 2573.8010 1.392252e-16 8.711121e-17 1.609019e-02 0 0
2512.2508 2575.1752 1.064474e-17 8.683023e-17 1.684456e-03 16384 0
2513.5914 2576.5493 -1.739702e-16 8.224383e-17 -2.754366e-02 16384 0
2514.9319 2577.9234 -7.877015e-17 9.107994e-17 -1.247736e-02 16384 0
2516.2725 2579.2976 -4.429147e-17 8.789248e-17 -7.019368e-03 16384 0
2517.6130 2580.6717 -2.431318e-16 8.053589e-17 -3.855080e-02 16384 0
2518.9536 2582.0458 -7.496808e-16 1.380032e-16 -1.189287e-01 16400 0
2520.2941 2583.4199 -2.005637e-17 9.308829e-17 -3.183312e-03 16384 0
2521.6346 2584.7940 -7.579853e-17 8.419486e-17 -1.203675e-02 16384 0
2522.9752 2586.1681 -3.301453e-16 2.200200e-16 -5.245357e-02 16400 0
2524.3157 2587.5422 9.855205e-17 9.712355e-17 1.168074e-02 16 0
2525.6562 2588.9163 4.878889e-17 9.178366e-17 6.290467e-03 0 0
2526.9967 2590.2904 -9.141250e-17 9.153763e-17 -1.454776e-02 16384 0
2528.3372 2591.6645 -4.187620e-17 8.753655e-17 -6.668335e-03 16384 0
2529.6777 2593.0385 -4.464088e-17 8.383077e-17 -7.112931e-03 16384 0
2531.0182 2594.4126 -1.547378e-16 8.153568e-17 -2.467159e-02 16384 0
2532.3586 2595.7866 9.728330e-17 9.531350e-17 1.158063e-02 16 0
2533.6991 2597.1607 1.068820e-16 8.414460e-17 1.264518e-02 0 0
2535.0396 2598.5347 1.404433e-16 8.846579e-17 1.638196e-02 0 0
2536.3800 2599.9088 -9.093161e-17 1.181997e-16 -1.454020e-02 16400 0
2537.7205 2601.2828 4.110227e-17 8.654344e-17 5.493684e-03 0 0
2539.0609 2602.6568 -7.175884e-17 1.370203e-16 -1.149280e-02 16400 0
2540.4014 2604.0308 -4.080090e-16 1.036032e-16 -6.540268e-02 16400 0
2541.7418 2605.4048 -1.672815e-15 2.428587e-16 -2.683927e-01 16400 0
2543.0822 2606.7788 1.850058e-16 8.848683e-17 2.150881e-02 0 0
2544.4227 2608.1528 -4.297267e-17 8.259827e-17 -6.907137e-03 16384 0
2545.7631 2609.5268 -7.313009e-17 8.607321e-17 -1.176521e-02 16384 0
2547.1035 2610.9008 1.374490e-16 8.420667e-17 1.616829e-02 0 0
2548.4439 2612.2748 3.643046e-17 8.867503e-17 5.020442e-03 0 0
2549.7843 2613.6487 1.231991e-16 9.531243e-17 1.459340e-02 0 0
2551.1247 2615.0227 1.150308e-16 8.558596e-17 1.369002e-02 0 0
2552.4651 2616.3967 7.094547e-17 9.058932e-17 8.804332e-03 0 0
2553.8054 2617.7706 -1.578513e-17 8.118424e-17 -2.552982e-03 16384 0
2555.1458 2619.1445 -2.454418e-17 8.441779e-17 -3.972651e-03 16384 0
2556.4862 2620.5185 -1.527293e-16 1.264427e-16 -2.473870e-02 16400 0
2557.8265 2621.8924 -3.843203e-17 9.073459e-17 -6.229710e-03 16384 0
2559.1669 2623.2663 1.218834e-16 8.502742e-17 1.452271e-02 0 0
2560.5072 2624.6402 9.131901e-17 8.289348e-17 1.110294e-02 0 0
2561.8475 2626.0141 3.198329e-17 8.659780e-17 4.568912e-03 0 0
2563.1879 2627.3880 9.155162e-17 8.566969e-17 1.114079e-02 16 0
2564.5282 2628.7619 1.020729e-16 8.645814e-17 1.232362e-02 0 0
2565.8685 2630.1358 -6.405123e-19 9.338779e-17 -1.041691e-04 16400 0
2567.2088 2631.5097 8.794861e-19 1.224466e-16 1.430926e-04 16400 0
2568.5491 2632.8836 -1.047314e-16 9.695129e-17 -1.704665e-02 16400 0
2569.8894 2634.2574 5.561284e-17 8.730693e-17 7.172154e-03 0 0
2571.2297 2635.6313 5.727467e-17 8.225968e-17 7.357968e-03 0 0
2572.5700 2637.0051 -5.547973e-17 8.542354e-17 -9.039016e-03 16384 0
2573.9102 2638.3790 -6.379162e-17 8.138803e-17 -1.039608e-02 16384 0
2575.2505 2639.7528 1.941725e-16 8.493439e-17 2.289778e-02 0 0
2576.5908 2641.1266 -4.571172e-17 8.441538e-17 -7.453217e-03 16384 0
2577.9310 2642.5004 8.043140e-17 8.307002e-17 9.940324e-03 0 0
2579.2712 2643.8742 4.867797e-17 8.292333e-17 6.423163e-03 0 0
2580.6115 2645.2481 3.332712e-16 1.021306e-16 3.947155e-02 0 0
2581.9517 2646.6218 -9.561486e-17 8.520752e-17 -1.560807e-02 16384 0
2583.2919 2647.9956 1.928806e-16 9.476109e-17 2.278906e-02 0 0
2584.6321 2649.3694 4.356989e-17 8.772877e-17 5.869999e-03 0 0
2585.9723 2650.7432 -6.628378e-17 8.537763e-17 -1.083163e-02 16384 0
2587.3125 2652.1170 1.319999e-16 8.653906e-17 1.579246e-02 0 0
2588.6527 2653.4907 -2.252872e-16 1.190040e-16 -3.684478e-02 16400 0
2589.9929 2654.8645 1.002130e-15 1.019172e-16 1.264166e-01 0 0
2591.3331 2656.2382 -6.688972e-19 8.305278e-17 -1.094996e-04 16384 0
2592.6732 2657.6119 2.936733e-16 8.590692e-17 3.482592e-02 0 0
2594.0134 2658.9857 -1.411849e-17 9.818042e-17 -2.313738e-03 16400 0
2595.3536 2660.3594 2.398062e-17 8.410815e-17 3.740613e-03 0 0
2596.6937 2661.7331 -4.540270e-17 8.460683e-17 -7.449558e-03 16384 0
2598.0338 2663.1068 -8.537950e-17 9.630215e-17 -1.401781e-02 16400 0
2599.3740 2664.4805 -1.094113e-16 8.063226e-17 -1.797535e-02 16384 0
2600.7141 2665.8542 -7.838361e-17 8.644552e-17 -1.288649e-02 16384 0
2602.0542 2667.2279 -5.389127e-17 1.054579e-16 -8.866090e-03 16400 0
2603.3943 2668.6015 1.137212e-14 1.091610e-15 1.727722e+00 16 0
2604.7344 2669.9752 -1.006668e-16 9.301950e-17 -1.658516e-02 16400 0
2606.0745 2671.3488 2.732826e-16 8.826370e-17 3.259834e-02 0 0
2607.4146 2672.7225 1.091896e-16 8.677023e-17 1.332693e-02 0 0
2608.7546 2674.0961 1.156550e-16 9.247649e-17 1.407661e-02 16 0
2610.0947 2675.4698 3.318478e-16 1.135333e-16 3.981249e-02 0 0
2611.4348 2676.8434 4.817181e-16 1.173930e-16 5.861863e-02 0 0
2612.7748 2678.2170 3.772037e-15 7.796813e-16 5.377755e-01 16 0
2614.1149 2679.5906 -1.068778e-16 7.813269e-17 -1.769700e-02 16384 0
2615.4549 2680.9642 1.525048e-16 7.980259e-17 1.839579e-02 0 0
2616.7949 2682.3378 2.126859e-16 8.825570e-17 2.550576e-02 0 0
2618.1349 2683.7114 -2.815752e-16 1.136128e-16 -4.672379e-02 16400 0
2619.4749 2685.0849 -1.028459e-16 8.261536e-17 -1.707850e-02 16384 0
2620.8149 2686.4585 4.088730e-17 8.474596e-17 5.679223e-03 0 0
2622.1549 2687.8320 -1.319297e-16 8.291706e-17 -2.194148e-02 16384 0
2623.4949 2689.2056 -1.649996e-16 1.113674e-16 -2.746340e-02 16400 0
2624.8349 2690.5791 5.313789e-14 1.792222e-15 8.590269e+00 272 0
2626.1749 2691.9527 -6.669619e-16 8.369720e-17 -1.111975e-01 16400 0
2627.5148 2693.3262 -2.005019e-17 8.148991e-17 -3.345682e-03 16384 0
2628.8548 2694.6997 1.026280e-16 8.186414e-17 1.273983e-02 0 0
2630.1947 2696.0732 -1.814094e-17 9.798288e-17 -3.032733e-03 16400 0
2631.5346 2697.4467 -1.098809e-16 8.301108e-17 -1.838803e-02 16384 0
2632.8746 2698.8202 1.813288e-16 8.332317e-17 2.202123e-02 0 0
2634.2145 2700.1936 6.275515e-17 9.715577e-17 8.213257e-03 16 0
2635.5544 2701.5671 3.719642e-17 9.428695e-17 5.324799e-03 16 0
2636.8943 2702.9406 -2.712602e-17 1.043888e-16 -4.559492e-03 16400 0
2638.2342 2704.3140 7.815089e-17 8.409126e-17 1.000845e-02 0 0
2639.5740 2705.6875 1.268700e-16 8.541756e-17 1.569045e-02 0 0
2640.9139 2707.0609 6.667319e-17 8.403499e-17 8.713632e-03 0 0
2642.2538 2708.4343 -1.405988e-16 8.981837e-17 -2.375300e-02 16384 0
2643.5936 2709.8077 -1.428710e-17 8.160956e-17 -2.416905e-03 16384 0
2644.9335 2711.1811 -3.349939e-17 8.654224e-17 -5.674548e-03 16400 0
2646.2733 2712.5545 -9.532325e-18 8.050885e-17 -1.616892e-03 16384 0
2647.6131 2713.9279 -9.191912e-17 7.844964e-17 -1.561282e-02 16384 0
2648.9530 2715.3013 4.941906e-16 1.015481e-16 6.203951e-02 0 0
2650.2928 2716.6747 4.411481e-16 1.038935e-16 5.517073e-02 0 0
2651.6326 2718.0480 3.729261e-17 7.996328e-17 5.422642e-03 0 0
2652.9724 2719.4214 -3.779894e-17 8.158570e-17 -6.456065e-03 16384 0
2654.3121 2720.7947 2.505975e-16 9.428216e-17 3.103001e-02 0 0
2655.6519 2722.1680 -4.865322e-18 7.736915e-17 -8.332878e-04 16384 0
2656.9917 2723.5414 -2.203637e-17 7.560364e-17 -3.779330e-03 16384 0
2658.3314 2724.9147 -7.190121e-17 8.176673e-17 -1.234800e-02 16384 0
2659.6712 2726.2880 -1.838059e-16 8.916535e-17 -3.160795e-02 16384 0
2661.0109 2727.6613 -4.367250e-17 9.157463e-17 -7.520013e-03 16400 0
2662.3507 2729.0345 2.264025e-16 8.445787e-17 2.826122e-02 0 0
2663.6904 2730.4078 6.282961e-18 8.774106e-17 1.084701e-03 16384 0
2665.0301 2731.7811 -8.268800e-17 9.232822e-17 -1.429402e-02 16400 0
2666.3698 2733.1543 2.174003e-16 8.690060e-17 2.725084e-02 0 0
2667.7095 2734.5276 2.951451e-16 8.952625e-17 3.712783e-02 0 0
2669.0492 2735.9008 -1.089131e-15 2.147684e-16 -1.890185e-01 16400 0
2670.3888 2737.2741 1.570583e-18 7.735229e-17 2.729387e-04 16384 0
2671.7285 2738.6473 -5.640094e-17 8.912911e-17 -9.814724e-03 16400 0
2673.0681 2740.0205 -4.198207e-16 2.922413e-16 -7.315660e-02 16400 0
2674.4078 2741.3937 -3.345339e-17 7.721448e-17 -5.837676e-03 16384 0
2675.7474 2742.7669 -2.570908e-17 7.490482e-17 -4.492703e-03 16384 0
2677.0870 2744.1400 -8.416659e-17 9.532006e-17 -1.472985e-02 16400 0
2678.4267 2745.5132 -1.413007e-16 7.991852e-17 -2.476582e-02 16384 0
2679.7663 2746.8864 -2.762390e-17 7.741813e-17 -4.849139e-03 16384 0
2681.1059 2748.2595 1.607948e-16 7.449172e-17 2.058263e-02 0 0
2682.4454 2749.6327 -3.576250e-17 7.881839e-17 -6.297985e-03 16384 0
2683.7850 2751.0058 2.463479e-16 1.709110e-16 3.149366e-02 16 0
2685.1246 2752.3789 -2.022887e-16 1.145314e-16 -3.574172e-02 16400 0
2686.4641 2753.7520 -1.403625e-16 7.634268e-17 -2.484214e-02 16384 0
2687.8037 2755.1251 -9.254051e-17 7.589818e-17 -1.640720e-02 16384 0
2689.1432 2756.4982 6.827651e-17 7.756479e-17 9.381384e-03 0 0
2690.4827 2757.8713 -2.523369e-16 1.208223e-16 -4.490111e-02 16400 0
2691.8223 2759.2443 1.059405e-16 8.079469e-17 1.402933e-02 0 0
2693.1618 2760.6174 -6.201943e-17 7.601653e-17 -1.107773e-02 16384 0
2694.5013 2761.9904 5.457174e-17 7.571874e-17 7.788412e-03 0 0
2695.8408 2763.3635 -3.857404e-17 7.982644e-17 -6.917163e-03 16400 0
2697.1802 2764.7365 -1.602113e-17 7.380535e-17 -2.878724e-03 16384 0
2698.5197 2766.1095 -5.466944e-17 7.554891e-17 -9.843330e-03 16384 0
2699.8592 2767.4825 -2.356868e-16 1.071929e-16 -4.252355e-02 16400 0
2701.1986 2768.8555 -1.525632e-16 7.445072e-17 -2.758396e-02 16384 0
2702.5380 2770.2285 -1.950353e-16 1.507537e-16 -3.533782e-02 16400 0
2703.8775 2771.6015 -1.785864e-17 7.424963e-17 -3.242668e-03 16384 0
2705.2169 2772.9744 -1.733489e-16 7.482451e-17 -3.154326e-02 16384 0
2706.5563 2774.3474 -7.548719e-17 7.549402e-17 -1.376568e-02 16640 0
2707.8957 2775.7203 -1.044290e-16 8.748081e-17 -1.908487e-02 16656 0
2709.2351 2777.0933 4.511040e-17 7.121561e-17 6.802268e-03 256 0
2710.5744 2778.4662 -2.036886e-16 7.333081e-17 -3.738737e-02 16640 0
2711.9138 2779.8391 2.702533e-18 7.450305e-17 4.971346e-04 16640 0
2713.2532 2781.2120 -8.223011e-17 7.294575e-17 -1.515930e-02 16384 0
2714.5925 2782.5849 -3.906431e-16 1.225139e-16 -7.217301e-02 16400 0
2715.9318 2783.9578 -5.165341e-18 7.740654e-17 -9.564029e-04 16384 0
2717.2712 2785.3306 -6.370143e-17 9.372073e-17 -1.182017e-02 16400 0
2718.6105 2786.7035 -7.061248e-17 8.236562e-17 -1.313047e-02 16400 0
2719.9498 2788.0763 -1.438428e-16 7.598960e-17 -2.680466e-02 16384 0
2721.2891 2789.4492 -1.917193e-17 7.365272e-17 -3.580221e-03 16384 0
2722.6283 2790.8220 -1.656374e-16 8.269396e-17 -3.099728e-02 16400 0
2723.9676 2792.1948 -1.151441e-15 2.513382e-16 -2.159359e-01 16400 0
2725.3069 2793.5676 -2.194211e-17 8.466550e-17 -4.123486e-03 16400 0
2726.6461 2794.9404 -3.941795e-19 7.193627e-17 -7.422874e-05 16384 0
2727.9853 2796.3132 -1.213628e-16 6.704965e-17 -2.290028e-02 16384 0
2729.3246 2797.6860 1.279604e-16 7.732261e-17 1.779722e-02 0 0
2730.6638 2799.0587 1.658068e-17 7.929658e-17 3.141117e-03 16400 0
2732.0030 2800.4315 1.848516e-16 7.512645e-17 2.552244e-02 0 0
2733.3422 2801.8042 -1.556618e-16 1.053976e-16 -2.960420e-02 16400 0
2734.6814 2803.1769 6.053750e-17 7.016912e-17 9.075945e-03 0 0
2736.0205 2804.5497 9.491065e-18 7.032547e-17 1.811855e-03 16384 0
2737.3597 2805.9224 -3.492432e-16 1.098762e-16 -6.679586e-02 16400 0
2738.6989 2807.2950 -5.768353e-17 7.228238e-17 -1.105272e-02 16384 0
2740.0380 2808.6677 -3.544217e-17 7.840363e-17 -6.803338e-03 16400 0
2741.3771 2810.0404 -4.039368e-17 7.372288e-17 -7.767751e-03 16384 0
2742.7162 2811.4131 3.038115e-17 7.157039e-17 5.267231e-03 0 0
2744.0553 2812.7857 3.287690e-17 7.118966e-17 5.600238e-03 0 0
2745.3944 2814.1583 -6.317104e-17 6.852107e-17 -1.221284e-02 16384 0
2746.7335 2815.5310 -8.403307e-17 6.996628e-17 -1.627420e-02 16384 0
2748.0726 2816.9036 1.442179e-17 7.187252e-17 2.797757e-03 16384 0
2749.4117 2818.2762 -1.188320e-17 7.479174e-17 -2.309184e-03 16384 0
2750.7507 2819.6488 -4.483812e-17 8.511344e-17 -8.727810e-03 16400 0
2752.0897 2821.0213 2.468487e-18 8.310640e-17 4.813154e-04 16384 0
2753.4288 2822.3939 1.872358e-16 8.425072e-17 2.663001e-02 0 0
2754.7678 2823.7665 1.877702e-16 9.577743e-17 2.675198e-02 16 0
2756.1068 2825.1390 -5.689438e-17 6.700005e-17 -1.114961e-02 16384 0
2757.4458 2826.5115 2.728612e-18 7.542694e-17 5.356225e-04 16400 0
2758.7848 2827.8840 -1.949733e-17 6.908213e-17 -3.833762e-03 16384 0
2760.1237 2829.2565 -5.422799e-17 7.113111e-17 -1.068047e-02 16384 0
2761.4627 2830.6290 -5.703298e-17 7.486074e-17 -1.125128e-02 16384 0
2762.8016 2832.0015 3.833671e-17 7.838718e-17 6.480576e-03 0 0
2764.1406 2833.3740 -2.746695e-16 1.164227e-16 -5.436808e-02 16400 0
2765.4795 2834.7465 -1.687604e-17 6.922154e-17 -3.346129e-03 16384 0
2766.8184 2836.1189 7.408868e-17 7.195181e-17 1.133093e-02 0 0
2768.1573 2837.4913 6.794897e-17 7.840551e-17 1.051851e-02 16 0
2769.4962 2838.8638 -2.232680e-16 8.987255e-17 -4.450193e-02 16400 0
2770.8351 2840.2362 -3.339061e-19 6.791380e-17 -6.667478e-05 16384 0
2772.1739 2841.6086 2.354484e-16 7.031999e-17 3.430684e-02 0 0
2773.5128 2842.9810 2.342901e-18 6.997587e-17 4.695575e-04 16384 0
2774.8516 2844.3533 3.369687e-16 7.221735e-17 4.961901e-02 0 0
2776.1905 2845.7257 -4.427208e-16 2.998891e-16 -8.906578e-02 16400 0
2777.5293 2847.0980 -8.072800e-17 8.339196e-17 -1.627243e-02 16400 0
2778.8681 2848.4704 -1.488887e-16 7.195657e-17 -3.007080e-02 16384 0
2780.2069 2849.8427 -3.563244e-17 8.655857e-17 -7.211233e-03 16400 0
2781.5457 2851.2150 -5.998763e-17 7.130585e-17 -1.216535e-02 16384 0
2782.8844 2852.5873 -7.527196e-17 6.361210e-17 -1.529797e-02 16384 0
2784.2232 2853.9596 -6.030310e-17 6.442334e-17 -1.228229e-02 16384 0
2785.5619 2855.3319 5.659919e-18 6.895543e-17 1.155377e-03 16384 0
2786.9007 2856.7042 2.047113e-17 6.797759e-17 4.188208e-03 16400 0
2788.2394 2858.0764 -7.261496e-17 7.321781e-17 -1.489091e-02 16400 0
2789.5781 2859.4486 1.526208e-17 6.958193e-17 3.137028e-03 16384 0
2790.9168 2860.8209 -2.273137e-16 9.054300e-17 -4.683501e-02 16400 0
2792.2555 2862.1931 -8.294095e-18 6.537635e-17 -1.712942e-03 16384 0
2793.5941 2863.5653 9.133254e-17 7.844887e-17 1.429503e-02 0 0
2794.9328 2864.9375 1.605629e-16 7.558398e-17 2.440985e-02 0 0
2796.2714 2866.3097 9.054839e-17 6.979891e-17 1.425561e-02 0 0
2797.6101 2867.6818 3.286209e-17 6.813321e-17 6.116302e-03 0 0
2798.9487 2869.0540 1.626368e-16 6.862374e-17 2.490821e-02 0 0
2800.2873 2870.4261 5.624755e-18 6.630180e-17 1.179008e-03 16384 0
2801.6259 2871.7982 -4.355078e-17 7.175449e-17 -9.152140e-03 16400 0
2802.9645 2873.1703 -1.306163e-16 9.343148e-17 -2.751929e-02 16400 0
2804.3031 2874.5424 -4.075934e-17 7.218535e-17 -8.609658e-03 16384 0
2805.6416 2875.9145 -1.536286e-17 6.229718e-17 -3.253616e-03 16384 0
2806.9802 2877.2866 -4.339933e-17 6.982834e-17 -9.215556e-03 16400 0
2808.3187 2878.6587 -7.063166e-17 7.827645e-17 -1.503838e-02 16400 0
2809.6572 2880.0307 -9.105073e-17 1.067594e-16 -1.943812e-02 16400 0
2810.9957 2881.4027 -1.042351e-16 7.077266e-17 -2.231315e-02 16400 0
2812.3342 2882.7748 -1.553026e-17 7.727722e-17 -3.333483e-03 16400 0
2813.6727 2884.1468 -4.098505e-17 6.630697e-17 -8.821184e-03 16400 0
2815.0112 2885.5188 2.841313e-17 6.482204e-17 5.703407e-03 0 0
2816.3496 2886.8908 1.437664e-16 6.848099e-17 2.290687e-02 0 0
2817.6881 2888.2627 -8.279649e-18 6.347366e-17 -1.796902e-03 16384 0
2819.0265 2889.6347 2.752737e-17 6.636815e-17 5.626492e-03 0 0
2820.3649 2891.0066 7.566028e-18 7.053740e-17 1.651344e-03 16384 0
2821.7034 2892.3786 1.653734e-16 8.690089e-17 2.654497e-02 16 0
2823.0417 2893.7505 7.133938e-17 6.256138e-17 1.217075e-02 0 0
2824.3801 2895.1224 -1.237011e-16 6.607474e-17 -2.723489e-02 16400 0
2825.7185 2896.4943 1.171859e-16 6.858793e-17 1.925106e-02 16 0
2827.0569 2897.8661 7.109797e-17 6.240743e-17 1.224664e-02 0 0
2828.3952 2899.2380 -8.168477e-18 6.299141e-17 -1.814762e-03 16384 0
2829.7335 2900.6099 -8.721176e-17 5.910116e-17 -1.943497e-02 16384 0
2831.0718 2901.9817 1.421153e-16 6.977211e-17 2.342033e-02 16 0
2832.4101 2903.3535 6.322220e-17 6.058479e-17 1.119708e-02 0 0
2833.7484 2904.7253 -4.895673e-17 5.993896e-17 -1.101253e-02 16400 0
2835.0867 2906.0971 6.303410e-17 6.416971e-17 1.124093e-02 0 0
2836.4250 2907.4689 9.553281e-17 6.002291e-17 1.633113e-02 0 0
2837.7632 2908.8407 -2.331167e-17 5.896534e-17 -5.294492e-03 16384 0
2839.1015 2910.2124 2.099770e-16 6.218071e-17 3.502525e-02 0 0
2840.4397 2911.5842 1.632121e-16 6.071087e-17 2.740333e-02 0 0
2841.7779 2912.9559 7.972575e-17 6.184094e-17 1.404598e-02 0 0
2843.1161 2914.3276 1.720088e-16 6.072501e-17 2.904153e-02 0 0
2844.4543 2915.6993 3.834898e-18 5.927578e-17 8.852473e-04 16384 0
2845.7924 2917.0710 3.193199e-18 5.751655e-17 7.395279e-04 16384 0
2847.1306 2918.4427 -7.517440e-17 5.536816e-17 -1.746623e-02 16384 0
2848.4687 2919.8143 4.098460e-17 6.018796e-17 8.142651e-03 0 0
2849.8069 2921.1860 -1.066640e-16 5.576349e-17 -2.494252e-02 16384 0
2851.1450 2922.5576 3.868386e-17 5.907339e-17 7.834264e-03 0 0
2852.4831 2923.9292 -3.245342e-17 9.373359e-17 -7.637110e-03 16400 0
2853.8212 2925.3008 2.856053e-17 5.768427e-17 6.287858e-03 0 0
2855.1592 2926.6724 2.633945e-17 5.535890e-17 5.958157e-03 0 0
2856.4973 2928.0440 5.231740e-17 5.787240e-17 1.011739e-02 0 0
2857.8353 2929.4155 1.509290e-16 6.143167e-17 2.649763e-02 0 0
2859.1734 2930.7871 -1.953220e-16 1.145382e-16 -4.666946e-02 16400 0
2860.5114 2932.1586 -1.866449e-17 5.613312e-17 -4.472681e-03 16384 0
2861.8494 2933.5301 7.783719e-17 6.274209e-17 1.442492e-02 16 0
2863.1874 2934.9016 2.276288e-16 5.937762e-17 4.026010e-02 0 0
2864.5254 2936.2731 -7.031260e-17 5.714803e-17 -1.699563e-02 16384 0
2865.8633 2937.6446 8.482439e-17 6.112830e-17 1.572111e-02 0 0
2867.2013 2939.0161 3.696468e-17 5.629934e-17 7.855116e-03 0 0
2868.5392 2940.3875 -4.552608e-17 7.334050e-17 -1.109826e-02 16400 0
2869.8771 2941.7589 1.321742e-17 6.858954e-17 3.231229e-03 16384 0
2871.2150 2943.1304 2.131963e-17 7.022663e-17 5.226772e-03 16384 0
2872.5529 2944.5018 1.124880e-16 7.418902e-17 2.068424e-02 16 0
2873.8908 2945.8732 -6.008857e-17 5.228225e-17 -1.481302e-02 16384 0
2875.2287 2947.2445 -1.262264e-16 6.018591e-17 -3.120463e-02 16400 0
2876.5665 2948.6159 1.391780e-16 6.123610e-17 2.553800e-02 0 0
2877.9044 2949.9872 2.283240e-17 5.362140e-17 5.676371e-03 16384 0
2879.2422 2951.3586 4.754907e-17 6.130263e-17 9.846313e-03 16 0
2880.5800 2952.7299 -4.467618e-17 5.667145e-17 -1.116951e-02 16384 0
2881.9178 2954.1012 2.371825e-17 5.476355e-17 5.909102e-03 0 0
2883.2556 2955.4725 -4.709045e-17 5.496735e-17 -1.183945e-02 16384 0
2884.5933 2956.8437 -8.370235e-17 5.336382e-17 -2.110385e-02 16384 0
2885.9311 2958.2150 -1.526850e-16 6.296947e-17 -3.860423e-02 16400 0
2887.2688 2959.5862 5.447464e-17 8.606201e-17 1.121226e-02 16 0
2888.6065 2960.9575 3.797882e-17 5.516135e-17 8.419896e-03 0 0
2889.9442 2962.3287 3.056972e-17 5.199759e-17 7.183136e-03 0 0
2891.2819 2963.6999 9.915821e-17 5.869672e-17 1.915815e-02 0 0
2892.6196 2965.0711 6.463654e-17 5.481828e-17 1.311270e-02 0 0
2893.9573 2966.4422 1.885059e-17 5.408648e-17 4.843449e-03 16384 0
2895.2949 2967.8134 -2.382000e-17 5.756780e-17 -6.135790e-03 16384 0
2896.6326 2969.1845 -2.603235e-17 6.246094e-17 -6.722416e-03 16384 0
2897.9702 2970.5556 1.929276e-16 6.213274e-17 3.676494e-02 0 0
2899.3078 2971.9267 -2.113824e-16 7.324875e-17 -5.485263e-02 16400 0
2900.6454 2973.2978 -8.536035e-18 5.034572e-17 -2.220289e-03 16384 0
2901.9829 2974.6689 -1.380037e-16 7.691958e-17 -3.597805e-02 16400 0
2903.3205 2976.0400 2.201304e-16 5.756205e-17 4.235931e-02 0 0
2904.6581 2977.4110 9.417568e-17 5.611163e-17 1.874884e-02 0 0
2905.9956 2978.7821 -4.899741e-16 1.246994e-16 -1.285644e-01 16400 0
2907.3331 2980.1531 -9.879516e-17 5.824250e-17 -2.597555e-02 16400 0
2908.6706 2981.5241 1.078002e-16 5.324429e-17 2.137758e-02 0 0
2910.0081 2982.8951 -3.208050e-17 6.112567e-17 -8.467590e-03 16400 0
2911.3456 2984.2660 -8.089951e-17 8.258121e-17 -2.139366e-02 16400 0
2912.6830 2985.6370 -1.090610e-15 1.275549e-16 -2.889535e-01 16400 0
2914.0205 2987.0079 -1.426407e-16 4.909202e-17 -3.786095e-02 16384 0
2915.3579 2988.3788 -7.513894e-17 4.980994e-17 -1.998021e-02 16384 0
2916.6953 2989.7498 3.168998e-17 5.202217e-17 7.779008e-03 0 0
2918.0327 2991.1206 -1.565085e-16 8.231804e-17 -4.176331e-02 16400 0
2919.3701 2992.4915 -5.444597e-17 4.975090e-17 -1.455340e-02 16384 0
2920.7074 2993.8624 7.029614e-17 5.097719e-17 1.481380e-02 0 0
2922.0448 2995.2332 -2.885780e-18 4.978703e-17 -7.740366e-04 16384 0
2923.3821 2996.6041 -2.950545e-15 2.321247e-16 -7.927899e-01 16400 0
2924.7194 2997.9749 -1.137741e-17 5.305880e-17 -3.062361e-03 16384 0
2926.0567 2999.3457 8.371405e-17 5.065433e-17 1.742147e-02 0 0
2927.3940 3000.7165 1.868440e-17 5.128780e-17 5.046517e-03 16384 0
2928.7313 3002.0872 -4.086042e-17 5.871051e-17 -1.105544e-02 16400 0
2930.0686 3003.4580 -2.066534e-16 6.624774e-17 -5.601199e-02 16400 0
2931.4058 3004.8287 5.575312e-17 5.531131e-17 1.237153e-02 0 0
2932.7430 3006.1994 -4.977663e-17 4.964540e-17 -1.353906e-02 16384 0
2934.0802 3007.5701 -1.172306e-16 5.866182e-17 -3.194310e-02 16400 0
2935.4174 3008.9408 -1.242784e-18 5.190862e-17 -3.392417e-04 16384 0
2936.7546 3010.3115 -3.639816e-17 5.107632e-17 -9.953659e-03 16384 0
2938.0918 3011.6822 7.100464e-17 5.190324e-17 1.535131e-02 0 0
2939.4289 3013.0528 1.809833e-17 4.842890e-17 4.967383e-03 16384 0
2940.7661 3014.4234 4.658950e-17 4.876436e-17 1.086264e-02 0 0
2942.1032 3015.7940 2.903931e-16 6.522450e-17 5.941378e-02 16 0
2943.4403 3017.1646 8.623992e-17 5.303096e-17 1.837357e-02 0 0
2944.7774 3018.5352 -3.484484e-16 9.978909e-17 -9.633654e-02 16400 0
2946.1144 3019.9058 -1.147423e-17 4.947355e-17 -3.178190e-03 16384 0
2947.4515 3021.2763 -6.329475e-17 6.174767e-17 -1.756406e-02 16400 0
2948.7885 3022.6468 -5.429100e-17 5.334271e-17 -1.509332e-02 16400 0
2950.1256 3024.0173 8.997900e-17 4.826578e-17 1.928806e-02 0 0
2951.4626 3025.3878 9.282974e-17 5.498105e-17 1.987979e-02 0 0
2952.7996 3026.7583 -2.773410e-17 4.933950e-17 -7.752737e-03 16384 0
2954.1365 3028.1288 -1.434440e-19 1.038727e-16 -4.017120e-05 16400 0
2955.4735 3029.4992 -9.004727e-17 6.001115e-17 -2.526236e-02 16400 0
2956.8104 3030.8697 -7.988992e-17 5.153989e-17 -2.245219e-02 16384 0
2958.1474 3032.2401 1.212947e-17 5.133271e-17 3.414823e-03 16384 0
2959.4843 3033.6105 1.156751e-17 4.804667e-17 3.262291e-03 16384 0
2960.8212 3034.9808 -1.209726e-17 4.853867e-17 -3.417607e-03 16384 0
2962.1580 3036.3512 -8.895190e-19 5.044677e-17 -2.517314e-04 16400 0
2963.4949 3037.7216 6.343573e-17 5.224667e-17 1.451817e-02 0 0
2964.8317 3039.0919 2.032087e-17 4.727431e-17 5.770357e-03 16384 0
2966.1686 3040.4622 -3.208697e-17 4.637633e-17 -9.126514e-03 16384 0
2967.5054 3041.8325 -2.641143e-16 1.202921e-16 -7.524398e-02 16400 0
2968.8422 3043.2028 1.119112e-16 5.996658e-17 2.419920e-02 16 0
2970.1790 3044.5730 8.108877e-17 4.659316e-17 1.811627e-02 0 0
2971.5157 3045.9433 1.130933e-17 4.762185e-17 3.236794e-03 16384 0
2972.8525 3047.3135 1.414330e-17 5.176470e-17 4.053771e-03 16400 0
2974.1892 3048.6837 2.361155e-17 4.701132e-17 6.777371e-03 16384 0
2975.5259 3050.0539 6.572094e-20 4.788021e-17 1.889095e-05 16384 0
2976.8626 3051.4241 6.825708e-17 4.780704e-17 1.574725e-02 0 0
2978.1993 3052.7943 7.763828e-17 5.336961e-17 1.762473e-02 0 0
2979.5360 3054.1644 2.892490e-16 6.325831e-17 6.220674e-02 16 0
2980.8726 3055.5345 2.213964e-16 5.777674e-17 4.747980e-02 16 0
2982.2093 3056.9047 2.188985e-17 4.867222e-17 6.333396e-03 16384 0
2983.5459 3058.2748 8.557039e-17 5.313533e-17 1.932257e-02 0 0
2984.8825 3059.6448 -2.305363e-16 9.096481e-17 -6.686225e-02 16400 0
2986.2191 3061.0149 1.260877e-16 5.872139e-17 2.760969e-02 16 0
2987.5556 3062.3849 -4.153938e-17 4.799817e-17 -1.207605e-02 16384 0
2988.8922 3063.7550 3.867694e-17 4.592501e-17 1.125696e-02 16384 0
2990.2287 3065.1250 8.738312e-18 4.494326e-17 2.545990e-03 16384 0
2991.5652 3066.4950 4.352974e-17 5.253523e-17 1.269670e-02 16384 0
2992.9017 3067.8649 6.238309e-17 5.179436e-17 1.821906e-02 16384 0
2994.2382 3069.2349 1.038713e-16 4.552514e-17 2.692472e-02 0 0
2995.5747 3070.6048 7.565155e-17 4.957587e-17 2.162163e-02 0 0
2996.9111 3071.9748 1.319276e-17 4.454446e-17 3.867628e-03 16384 0
2998.2476 3073.3447 -3.695251e-17 5.760838e-17 -1.084684e-02 16896 0
