# obs_wvl flux error
2.971000000000000000e+03 5.234526030653780511e-15 3.320002419855978323e-16
2.976493872280305368e+03 5.412297595348527078e-15 2.356640312958781104e-16
2.981987744560610736e+03 5.202900533854616663e-15 2.319248804146158637e-16
2.987481616840916104e+03 5.388231851088786665e-15 2.505059676957031164e-16
2.992975489121221472e+03 5.939568038421557124e-15 2.162727448980149634e-16
2.998469361401526839e+03 5.719447274059328313e-15 2.185680471849730333e-16
3.003963233681832207e+03 6.215928298723777202e-15 2.423144783114879697e-16
3.009457105962137575e+03 6.612750726237552256e-15 2.923847000502286690e-16
3.014950978242442943e+03 5.847816991153754219e-15 2.319113409921750725e-16
3.020444850522748311e+03 5.893505854549816555e-15 2.572615096960988183e-16
3.025938722803053679e+03 5.740761743197347426e-15 1.891503347790000167e-16
3.031432595083359047e+03 5.937674790991148536e-15 1.921207043441207551e-16
3.036926467363664415e+03 5.933608615863602366e-15 1.753404278833589647e-16
3.042420339643969783e+03 6.086551772530320210e-15 2.225837718764346137e-16
3.047914211924275151e+03 6.068845281692722800e-15 1.942034021008127989e-16
3.053408084204580518e+03 6.116161474987383059e-15 1.803283968914922528e-16
3.058901956484885886e+03 6.492800228200919946e-15 1.995782218828671427e-16
3.064395828765191254e+03 6.900654192428296743e-15 1.658520940449957836e-16
3.069889701045496622e+03 7.274392938913779281e-15 1.593009470896112335e-16
3.075383573325801990e+03 7.641102715652238638e-15 1.620030604535279780e-16
3.080877445606107358e+03 8.092760524677110640e-15 1.788251809269651756e-16
3.086371317886412726e+03 8.296654087515157255e-15 1.645457999358625747e-16
3.091865190166718094e+03 8.483193136784172159e-15 1.773855510682133118e-16
3.097359062447023462e+03 8.765673111531967619e-15 1.935939398724028695e-16
3.102852934727328829e+03 8.566053204506097188e-15 1.709308556339663089e-16
3.108346807007634197e+03 9.219732059779005406e-15 1.643658177265590132e-16
3.113840679287939565e+03 9.896192097212064587e-15 1.973248769694418893e-16
3.119334551568244933e+03 9.945652245690689328e-15 1.729117357501545245e-16
3.124828423848550301e+03 9.432831275531983784e-15 2.000064958140767798e-16
3.130322296128855669e+03 9.297607191221053085e-15 1.598349455012072114e-16
3.135816168409161037e+03 8.528632480595691994e-15 1.650025893405399142e-16
3.141310040689466405e+03 8.301226579022031801e-15 1.682265982898026774e-16
3.146803912969771773e+03 8.141971811863138507e-15 1.853775133512328544e-16
3.152297785250077141e+03 7.809381054800469180e-15 1.599887760074930505e-16
3.157791657530382508e+03 7.726099910428806519e-15 1.510580172530187639e-16
3.163285529810687876e+03 7.738699779266521217e-15 2.574991455842564675e-16
3.168779402090993244e+03 6.884358787673091398e-15 1.457247005656146704e-16
3.174273274371298612e+03 6.496465249555411897e-15 1.597027674367165491e-16
3.179767146651603980e+03 6.374190565887552376e-15 1.476680422114013750e-16
3.185261018931909348e+03 6.235029921577442438e-15 1.406385940697740226e-16
3.190754891212214716e+03 6.366126764853586389e-15 1.327231557429605049e-16
3.196248763492520084e+03 6.211745084884189805e-15 1.264495823812705321e-16
3.201742635772825452e+03 5.981920273632022038e-15 1.241445117285397716e-16
3.207236508053130819e+03 5.984706429132451824e-15 1.317776364145732222e-16
3.212730380333436187e+03 5.971894788241119459e-15 1.732334665793313322e-16
3.218224252613741555e+03 5.890371642151695432e-15 1.231475769295861985e-16
3.223718124894046923e+03 5.954889862826398734e-15 1.152512594129164705e-16
3.229211997174352291e+03 5.836487624932176045e-15 1.221097718898216047e-16
3.234705869454657659e+03 5.671219656215895715e-15 1.496973762864391625e-16
3.240199741734963027e+03 6.068094684038531108e-15 1.255980975859476106e-16
3.245693614015268395e+03 6.236074054806931461e-15 1.200826528744268742e-16
3.251187486295573763e+03 6.135531064328510883e-15 1.131188850804267661e-16
3.256681358575879131e+03 6.204734922917760669e-15 1.149912932728648126e-16
3.262175230856184498e+03 6.346883679230198397e-15 1.144802224418807693e-16
3.267669103136489866e+03 6.483458887863928797e-15 1.488806024996187636e-16
3.273162975416795234e+03 6.667209392353820359e-15 1.150398536037116798e-16
3.278656847697100602e+03 6.753168322668398087e-15 1.118300370694999455e-16
3.284150719977405970e+03 6.664663776973546792e-15 1.196775375832877656e-16
3.289644592257711338e+03 6.625118292263179789e-15 1.222839382493134277e-16
3.295138464538016706e+03 6.588394451036407570e-15 1.216145575612903122e-16
3.300632336818322074e+03 6.946448108073254812e-15 1.235518142392227151e-16
3.306126209098627442e+03 7.091822053638355630e-15 1.106239921792677256e-16
3.311620081378932809e+03 7.174450672101054831e-15 1.102666463653974353e-16
3.317113953659238177e+03 7.406050997064129038e-15 1.266683905873379209e-16
3.322607825939543545e+03 7.430491621171663031e-15 1.218990095632645636e-16
3.328101698219848913e+03 7.619922980544242663e-15 1.216690933508448903e-16
3.333595570500154281e+03 8.000398920567850276e-15 1.214381053928047613e-16
3.339089442780459649e+03 8.369766604881609473e-15 1.173893473702987584e-16
3.344583315060765017e+03 8.607961052688360816e-15 1.218184664644577836e-16
3.350077187341070385e+03 8.978052212017053056e-15 1.508507499903186936e-16
3.355571059621375753e+03 9.143500259549294110e-15 1.366178820604921380e-16
3.361064931901681121e+03 9.372548731134781787e-15 1.505626060866277192e-16
3.366558804181986488e+03 9.815068827092757828e-15 1.303694409384538200e-16
3.372052676462291856e+03 1.038663527048259863e-14 1.258932178276590697e-16
3.377546548742597224e+03 1.019957621440506148e-14 1.272039086737547815e-16
3.383040421022902592e+03 1.041785832280934070e-14 1.304703916726359342e-16
3.388534293303207960e+03 1.108097684006645939e-14 1.269838327061274018e-16
3.394028165583513328e+03 1.165568781042114866e-14 1.525392004738151828e-16
3.399522037863818696e+03 1.150965901042669756e-14 1.464509645030075393e-16
3.405015910144124064e+03 1.124297020537752093e-14 1.414723253742118093e-16
3.410509782424429432e+03 1.126036651389764442e-14 1.357108560512515821e-16
3.416003654704734799e+03 1.141200213519136234e-14 1.401334144378521946e-16
3.421497526985040167e+03 1.203222390878110162e-14 1.640713468749061263e-16
3.426991399265345535e+03 1.197793228865360824e-14 1.309447021596553352e-16
3.432485271545650903e+03 1.227642558989582519e-14 1.243239026474202839e-16
3.437979143825956271e+03 1.259250594137610782e-14 1.414822612913192726e-16
3.443473016106261639e+03 1.274570627435928251e-14 1.285389963399042315e-16
3.448966888386567007e+03 1.351903967453722790e-14 1.384290341727377791e-16
3.454460760666872375e+03 1.421694022651924138e-14 1.421581568658147138e-16
3.459954632947177743e+03 1.489097688051210740e-14 1.410093152933944522e-16
3.465448505227483111e+03 1.516750835190373487e-14 1.415770684442179003e-16
3.470942377507788478e+03 1.562946183146229196e-14 1.423190760867355789e-16
3.476436249788093846e+03 1.689388728732002826e-14 1.499440510718591958e-16
3.481930122068399214e+03 1.691696507612150476e-14 1.475995393117716954e-16
3.487423994348704582e+03 1.716053102573709370e-14 1.477462946575613346e-16
3.492917866629009950e+03 1.722171586244624670e-14 1.482624704449521531e-16
3.498411738909315318e+03 1.692542204778051385e-14 1.470650014125902025e-16
3.503905611189620686e+03 1.675744774752103595e-14 1.436287119054601521e-16
3.509399483469926054e+03 1.677680339025452298e-14 1.447075659746498839e-16
3.514893355750231422e+03 1.624516868188499171e-14 1.407370493283182527e-16
3.520387228030536789e+03 1.611329286944578326e-14 1.402845693494902838e-16
3.525881100310842157e+03 1.629095114487641466e-14 1.413035537169206706e-16
3.531374972591147525e+03 1.682251625135782935e-14 1.419792427733029856e-16
3.536868844871452893e+03 1.708100181933116679e-14 1.488023386278574071e-16
3.542362717151758261e+03 1.645716551357132870e-14 1.411094899596210772e-16
3.547856589432063629e+03 1.651502567017824752e-14 1.504792091194954480e-16
3.553350461712368997e+03 1.663545299256616967e-14 1.471394816348510241e-16
3.558844333992674365e+03 1.611081636343475247e-14 1.409813098025283554e-16
3.564338206272979733e+03 1.618606892844249920e-14 1.387141593203554131e-16
3.569832078553285100e+03 1.642872140592390896e-14 1.377364537342985306e-16
3.575325950833590468e+03 1.688756592269073902e-14 1.451121862367860435e-16
3.580819823113895836e+03 1.732867737874061380e-14 1.448681243549559494e-16
3.586313695394201204e+03 1.778995996556877430e-14 1.466393476973175037e-16
3.591807567674506572e+03 1.809548086909986650e-14 1.375894730451740355e-16
3.597301439954811940e+03 1.782988503592148500e-14 1.541049417182302413e-16
3.602795312235117308e+03 1.827839168347130795e-14 1.599536281551644419e-16
3.608289184515422676e+03 1.822726075729865247e-14 1.431231144870731018e-16
3.613783056795728044e+03 1.814688196835539066e-14 1.562592236558870360e-16
3.619276929076033412e+03 1.761357520819474094e-14 1.429510287283529150e-16
3.624770801356338779e+03 1.722901460929358319e-14 1.676544399464146627e-16
3.630264673636644147e+03 1.643706181423562236e-14 1.461158335015188547e-16
3.635758545916949515e+03 1.587986742957316737e-14 1.422130766183159872e-16
3.641252418197254883e+03 1.504015269878784497e-14 1.367682804095626693e-16
3.646746290477560251e+03 1.458465443850869399e-14 1.179071668131531268e-16
3.652240162757865619e+03 1.376144198239533380e-14 1.200121054491798817e-16
3.657734035038170987e+03 1.204502079210196415e-14 1.276035648454630280e-16
3.663227907318476355e+03 1.064752149375397648e-14 1.102906645385699435e-16
3.668721779598781723e+03 9.576369613158918471e-15 1.041855567985129062e-16
3.674215651879087090e+03 8.541271306625444552e-15 1.145237532734354944e-16
3.679709524159392458e+03 7.460565323041402451e-15 1.014415817742180656e-16
3.685203396439697826e+03 6.557986650059392258e-15 1.037180085563486385e-16
3.690697268720003194e+03 6.106433947939340095e-15 8.802569755538207421e-17
3.696191141000308562e+03 5.528788668888076786e-15 1.011125325831768951e-16
3.701685013280613930e+03 5.016201943386115411e-15 1.105273630763700038e-16
3.707178885560919298e+03 4.661011342872287656e-15 7.863845022470944710e-17
3.712672757841224666e+03 4.480352434585769017e-15 7.999079843113495091e-17
3.718166630121530034e+03 4.552995626643312860e-15 7.216973910052359598e-17
3.723660502401835402e+03 4.770325927401113815e-15 7.583181104798703101e-17
3.729154374682140769e+03 4.890042500449868068e-15 8.516335755865242392e-17
3.734648246962446137e+03 5.358244149570657833e-15 7.586866101319447786e-17
3.740142119242751505e+03 5.581813536909583790e-15 7.525679388681551139e-17
3.745635991523056873e+03 5.578690314375634618e-15 8.462728141573817538e-17
3.751129863803362241e+03 5.818271731849332399e-15 1.064594465807089651e-16
3.756623736083667609e+03 5.684559983591769118e-15 8.841845200495022563e-17
3.762117608363972977e+03 6.051589856254501255e-15 8.089637056583691694e-17
3.767611480644278345e+03 6.356334646480682885e-15 8.065686913273331915e-17
3.773105352924583713e+03 6.952235980956162008e-15 8.797266351180842076e-17
3.778599225204889080e+03 7.641552808001585749e-15 9.225891506486425304e-17
3.784093097485194448e+03 9.176488334032238505e-15 1.001270213291248747e-16
3.789586969765499816e+03 9.839177755671747680e-15 1.056998135674988349e-16
3.795080842045805184e+03 1.037229629383642387e-14 1.053363712287350606e-16
3.800574714326110552e+03 1.067694768285719316e-14 1.109826307347701434e-16
3.806068586606415920e+03 1.179799274883993206e-14 9.950705235795847156e-17
3.811562458886721288e+03 1.194660105426300622e-14 1.058033494838192346e-16
3.817056331167026656e+03 1.240035117346232256e-14 1.150775813441034688e-16
3.822550203447332024e+03 1.243888573184025516e-14 1.064462951038737139e-16
3.828044075727637392e+03 1.214020848858003892e-14 1.133603208455763052e-16
3.833537948007942759e+03 1.225371628563577666e-14 1.009870256773424453e-16
3.839031820288248127e+03 1.256612012958746197e-14 1.094216306702462151e-16
3.844525692568553495e+03 1.263350917647804037e-14 1.156124918366246180e-16
3.850019564848858863e+03 1.370323854292861619e-14 1.120510849151573375e-16
3.855513437129164231e+03 1.360018548299178639e-14 1.207717887389991735e-16
3.861007309409469599e+03 1.352670585543547884e-14 1.055380372979090152e-16
3.866501181689774967e+03 1.326964844266115291e-14 1.250753217953891261e-16
3.871995053970080335e+03 1.389152120007631474e-14 1.263598968989137909e-16
3.877488926250385703e+03 1.480618585333230550e-14 1.102961080463574439e-16
3.882982798530691070e+03 1.571042019222400258e-14 1.289622785078653949e-16
3.888476670810996438e+03 1.577659623947516207e-14 1.264991989987921907e-16
3.893970543091301806e+03 1.694191766440215330e-14 1.181081542746658142e-16
3.899464415371607174e+03 1.708863431184234459e-14 1.136551283710702169e-16
3.904958287651912542e+03 1.749096086635970548e-14 1.301957735393152914e-16
3.910452159932217910e+03 1.771761945931897821e-14 1.267816521291491269e-16
3.915946032212523278e+03 1.831556047939053127e-14 1.263862582223941498e-16
3.921439904492828646e+03 1.876819979492348206e-14 1.380028938044840301e-16
3.926933776773134014e+03 1.848853440809316452e-14 1.310551077068864608e-16
3.932427649053439382e+03 1.809440072404347519e-14 1.242919820611200281e-16
3.937921521333744749e+03 1.847083170318991774e-14 1.159098142417671646e-16
3.943415393614050117e+03 1.950683094790803684e-14 1.401600476622736284e-16
3.948909265894355485e+03 2.019690769366642184e-14 1.299015741496299219e-16
3.954403138174660853e+03 2.056275231680841972e-14 1.328699019910714114e-16
3.959897010454966221e+03 2.140187146277590346e-14 1.288043967789828480e-16
3.965390882735271589e+03 2.178470391356955778e-14 1.311207972147439554e-16
3.970884755015576957e+03 2.122500334535229044e-14 1.360226411605805034e-16
3.976378627295882325e+03 2.184652214897694154e-14 1.386979051318372676e-16
3.981872499576187693e+03 2.257342487123081767e-14 1.328072807679168988e-16
3.987366371856493060e+03 2.293937112908791512e-14 1.348587616624375217e-16
3.992860244136798428e+03 2.245111528779186899e-14 1.317734273801145833e-16
3.998354116417103796e+03 2.194432081646923592e-14 1.362759382028061738e-16
4.003847988697409164e+03 2.196572063047693483e-14 1.373731124248230185e-16
4.009341860977714532e+03 2.132293976179517149e-14 1.262520414883310834e-16
4.014835733258019900e+03 2.036999368492512095e-14 1.222895543162033544e-16
4.020329605538325268e+03 1.949528729126173588e-14 1.214506221185080670e-16
4.025823477818630636e+03 1.871415268638470895e-14 1.177614665374133572e-16
4.031317350098936004e+03 1.868791332388487232e-14 1.222969375560664345e-16
4.036811222379241372e+03 1.797387695804358774e-14 1.148454098483683573e-16
4.042305094659546739e+03 1.795796398271697629e-14 1.131127163447666563e-16
4.047798966939852107e+03 1.822068825660258057e-14 1.144789328686323920e-16
4.053292839220157475e+03 1.848662418848590363e-14 1.158855725874605196e-16
4.058786711500462843e+03 1.872964644314823028e-14 1.153176884889343378e-16
4.064280583780768211e+03 1.881442561421036909e-14 1.167745514721961006e-16
4.069774456061073579e+03 1.913386904586078571e-14 1.088972585561989933e-16
4.075268328341378947e+03 1.961452332868492712e-14 1.186265044219784962e-16
4.080762200621684315e+03 2.003219895340789585e-14 1.258235294528857379e-16
4.086256072901989683e+03 2.056072457857714589e-14 1.201708491356986087e-16
4.091749945182295050e+03 2.116660895689277590e-14 1.206682192728348673e-16
4.097243817462600418e+03 2.153343709981259547e-14 1.226265360821344080e-16
4.102737689742905786e+03 2.162769576116460162e-14 1.239235564553988208e-16
4.108231562023211154e+03 2.166372224806668465e-14 1.219037928465414201e-16
4.113725434303516522e+03 2.153520192891130865e-14 1.229062054228240980e-16
4.119219306583821890e+03 2.140040441824671760e-14 1.194303989605670445e-16
4.124713178864127258e+03 2.148124945802790398e-14 1.178249064106766818e-16
4.130207051144432626e+03 2.128367114446665704e-14 1.224654897616853371e-16
4.135700923424737994e+03 2.108051693087726716e-14 1.270234786446408281e-16
4.141194795705043362e+03 2.123462469430033348e-14 1.270375156844790947e-16
4.146688667985348729e+03 2.060014564873615576e-14 1.138045159782354664e-16
4.152182540265654097e+03 1.961426551766199923e-14 1.140322078960779867e-16
4.157676412545959465e+03 1.909062129044808950e-14 1.110633724667435060e-16
4.163170284826264833e+03 1.896040541757969745e-14 1.120890991072795193e-16
4.168664157106570201e+03 1.901762965950568853e-14 1.092237426924900057e-16
4.174158029386875569e+03 1.847735981319516216e-14 1.106202309314217219e-16
4.179651901667180937e+03 1.809253903560445334e-14 1.222394799035309003e-16
4.185145773947486305e+03 1.748739567839124925e-14 1.061162546490733114e-16
4.190639646227791673e+03 1.768808211958137960e-14 1.052496239305390056e-16
4.196133518508097040e+03 1.807398012028327233e-14 1.058969631173637866e-16
4.201627390788402408e+03 1.793169848232412874e-14 1.085604693769885431e-16
4.207121263068707776e+03 1.797230707495525274e-14 1.085173165309263488e-16
4.212615135349013144e+03 1.759042257812093047e-14 1.064712310364142658e-16
4.218109007629318512e+03 1.700032741242515678e-14 1.152264823230335691e-16
4.223602879909623880e+03 1.665831637368386086e-14 1.042418317786876115e-16
4.229096752189929248e+03 1.597438661994140917e-14 1.037953020785357409e-16
4.234590624470234616e+03 1.574832520674415897e-14 1.003537673819783654e-16
4.240084496750539984e+03 1.475719266727329025e-14 9.706627709483444200e-17
4.245578369030845352e+03 1.412830550658312416e-14 9.987338225706302785e-17
4.251072241311150719e+03 1.419159450322400579e-14 9.377056287905023173e-17
4.256566113591456087e+03 1.374115428152459880e-14 9.232428071072093696e-17
4.262059985871761455e+03 1.348090821191003293e-14 8.929345453941055569e-17
4.267553858152066823e+03 1.306720471297709139e-14 9.181147144478838279e-17
4.273047730432372191e+03 1.251731979055730940e-14 8.752218868900551205e-17
4.278541602712677559e+03 1.202150398308439040e-14 9.204009570547126485e-17
4.284035474992982927e+03 1.180190314253079729e-14 8.483539368099964819e-17
4.289529347273288295e+03 1.175186418671515406e-14 8.171255462109022199e-17
4.295023219553593663e+03 1.123773306986308759e-14 8.332888832766248903e-17
4.300517091833899030e+03 1.087888900492763201e-14 8.609780189662728502e-17
4.306010964114204398e+03 1.071391164552787839e-14 8.249776400922294041e-17
4.311504836394509766e+03 1.065581183495978501e-14 8.060056110218462726e-17
4.316998708674815134e+03 1.026675654489165256e-14 7.808220058156403850e-17
4.322492580955120502e+03 1.035509900723405799e-14 8.063047095057815980e-17
4.327986453235425870e+03 1.041174873456918083e-14 7.815737433774443041e-17
4.333480325515731238e+03 1.064466426327586059e-14 8.398112889989744342e-17
4.338974197796036606e+03 1.126379598981652246e-14 7.621980226000025669e-17
4.344468070076341974e+03 1.146192935520286799e-14 8.095032370754348621e-17
4.349961942356647342e+03 1.154600172819939732e-14 7.619365093512351453e-17
4.355455814636952709e+03 1.159913786202731077e-14 8.144687272153922795e-17
4.360949686917258077e+03 1.163083974360645308e-14 8.160857793273458592e-17
4.366443559197563445e+03 1.164418332300281088e-14 8.923336458728357462e-17
4.371937431477868813e+03 1.211688405614332278e-14 8.349312325964864062e-17
4.377431303758174181e+03 1.277027001328033523e-14 9.244741579808398387e-17
4.382925176038479549e+03 1.369696895882154828e-14 8.917556209831832493e-17
4.388419048318784917e+03 1.424836336650072233e-14 8.908827081049850933e-17
4.393912920599090285e+03 1.441651838737627753e-14 8.816716792259620428e-17
4.399406792879395653e+03 1.471802177237675957e-14 8.475208388922660707e-17
4.404900665159701020e+03 1.468851811781977171e-14 9.138164588655047408e-17
4.410394537440006388e+03 1.503482243464412629e-14 9.014924966220713003e-17
4.415888409720311756e+03 1.538536501369288931e-14 9.240353148726893658e-17
4.421382282000617124e+03 1.544258137103600385e-14 9.393605928144205660e-17
4.426876154280922492e+03 1.478066529904678277e-14 9.761152549793935131e-17
4.432370026561227860e+03 1.449080927677276946e-14 8.855230612455936511e-17
4.437863898841533228e+03 1.407561254947793294e-14 8.670026683118429626e-17
4.443357771121838596e+03 1.357252539024513746e-14 8.591291893151119159e-17
4.448851643402143964e+03 1.326250115462592713e-14 8.628877588465079757e-17
4.454345515682449332e+03 1.302325205221945777e-14 8.127281405476511867e-17
4.459839387962754699e+03 1.318009376759717472e-14 9.011987463593860510e-17
4.465333260243060067e+03 1.297106566677037777e-14 7.603663725592393423e-17
4.470827132523365435e+03 1.302078720826256346e-14 8.749454116216915232e-17
4.476321004803670803e+03 1.342827906431062148e-14 9.051775716455978846e-17
4.481814877083976171e+03 1.404205557766579218e-14 9.258751205658383265e-17
4.487308749364281539e+03 1.450623036350438183e-14 8.721995262686977432e-17
4.492802621644586907e+03 1.454675812443376282e-14 9.967318749078921664e-17
4.498296493924892275e+03 1.522720174177539525e-14 8.952629327210811198e-17
4.503790366205197643e+03 1.535742992532645743e-14 1.049691362193572927e-16
4.509284238485503010e+03 1.540233561475823240e-14 9.685802737928864754e-17
4.514778110765808378e+03 1.553316718261178163e-14 9.601839190684297334e-17
4.520271983046113746e+03 1.568760935328686809e-14 9.617901731134396019e-17
4.525765855326419114e+03 1.600983514173256961e-14 9.066638942681078077e-17
4.531259727606724482e+03 1.609157517751208845e-14 8.811073546297553242e-17
4.536753599887029850e+03 1.594988653059810877e-14 9.679074751781330952e-17
4.542247472167335218e+03 1.597637904381954189e-14 9.703692269839310115e-17
4.547741344447640586e+03 1.624504539100600356e-14 9.555424391044211254e-17
4.553235216727945954e+03 1.612290258211845724e-14 1.040119405479527528e-16
4.558729089008251322e+03 1.623573955537093808e-14 9.093597593286961014e-17
4.564222961288556689e+03 1.636773501255419248e-14 9.358846376891393983e-17
4.569716833568862057e+03 1.601252886530606314e-14 1.002113590632422389e-16
4.575210705849167425e+03 1.586116230338164193e-14 1.071307459310991123e-16
4.580704578129472793e+03 1.618299278555072923e-14 8.833908366564672281e-17
4.586198450409778161e+03 1.557014189482501238e-14 8.972542609935802772e-17
4.591692322690083529e+03 1.544788907046124660e-14 1.031215331915991701e-16
4.597186194970388897e+03 1.528483717646598736e-14 9.604674002489895038e-17
4.602680067250694265e+03 1.542105548757449548e-14 9.460348275669722497e-17
4.608173939530999633e+03 1.508767446154189576e-14 1.055474679780379834e-16
4.613667811811305000e+03 1.509868896447622338e-14 9.257432339512615558e-17
4.619161684091610368e+03 1.514194939370435193e-14 9.159813524935950158e-17
4.624655556371915736e+03 1.513005464190699920e-14 9.186284334138572578e-17
4.630149428652221104e+03 1.496711739575271274e-14 1.062020001905020717e-16
4.635643300932526472e+03 1.483406837971565465e-14 1.002317357959791417e-16
4.641137173212831840e+03 1.493427064876080550e-14 9.956725513707741112e-17
4.646631045493137208e+03 1.446117156467438856e-14 9.924009184717805382e-17
4.652124917773442576e+03 1.441876756493244535e-14 9.998382827253550345e-17
4.657618790053747944e+03 1.435104149292736215e-14 9.812235813579966538e-17
4.663112662334053311e+03 1.457820497303946766e-14 9.123481110588026674e-17
4.668606534614358679e+03 1.436097287181236514e-14 1.078807390880399682e-16
4.674100406894664047e+03 1.390251874279989018e-14 9.760645562393663487e-17
4.679594279174969415e+03 1.317494853120379179e-14 9.444871784086462343e-17
4.685088151455274783e+03 1.241699957578251264e-14 9.184614829362206977e-17
4.690582023735580151e+03 1.197056201551306314e-14 8.328127600275248990e-17
4.696075896015885519e+03 1.159590455866301301e-14 8.176613599536917298e-17
4.701569768296190887e+03 1.168145847311144074e-14 7.939844770938191618e-17
4.707063640576496255e+03 1.139978383720438909e-14 8.120098839561667526e-17
4.712557512856801623e+03 1.129875006791047078e-14 8.010064877738243832e-17
4.718051385137106990e+03 1.125868017913478222e-14 9.155526246049631627e-17
4.723545257417412358e+03 1.124940443311319472e-14 7.922496602665277180e-17
4.729039129697717726e+03 1.136427804328652045e-14 8.116009001487042741e-17
4.734533001978023094e+03 1.148099686210767932e-14 7.908643812683259256e-17
4.740026874258328462e+03 1.187052639396737939e-14 7.910349554228738458e-17
4.745520746538633830e+03 1.171002703617719389e-14 7.251619315136763939e-17
4.751014618818939198e+03 1.157458314758380094e-14 8.719552179881772735e-17
4.756508491099244566e+03 1.135335942622207695e-14 8.055433095116209132e-17
4.762002363379549934e+03 1.103983550036709875e-14 8.496589204160339583e-17
4.767496235659855301e+03 1.112831276674807541e-14 8.684235242923506486e-17
4.772990107940160669e+03 1.124201403286813880e-14 8.495999986811159416e-17
4.778483980220466037e+03 1.111371775700332004e-14 7.926373360870987036e-17
4.783977852500771405e+03 1.070605681896531983e-14 8.575074226854760889e-17
4.789471724781076773e+03 1.056804467307508827e-14 7.454727979233218933e-17
4.794965597061382141e+03 1.011279117456368791e-14 7.955360241584143252e-17
4.800459469341687509e+03 1.034132179761123634e-14 7.861736516676903088e-17
4.805953341621992877e+03 1.015204183029557164e-14 7.499060658282884790e-17
4.811447213902298245e+03 1.051727908275455373e-14 8.211671842597340150e-17
4.816941086182603613e+03 1.073348130002573421e-14 7.101379306623865254e-17
4.822434958462908980e+03 1.120104613685217831e-14 7.639298659184747409e-17
4.827928830743214348e+03 1.120388586453169023e-14 8.205552992757819309e-17
4.833422703023519716e+03 1.133982462267886010e-14 8.196059653969145085e-17
4.838916575303825084e+03 1.125956898965789257e-14 8.318100049992491526e-17
4.844410447584130452e+03 1.132672116553226197e-14 8.906713117356063263e-17
4.849904319864435820e+03 1.112389846268195456e-14 8.483670985968119615e-17
4.855398192144741188e+03 1.120999386736489835e-14 7.755956098552165099e-17
4.860892064425046556e+03 1.100657443591319099e-14 7.548559970401837601e-17
4.866385936705351924e+03 1.062066157422782174e-14 6.552556359767450843e-17
4.871879808985657291e+03 1.000175988969106813e-14 7.304086651064843538e-17
4.877373681265962659e+03 9.394510724793447374e-15 8.045644607054516715e-17
4.882867553546268027e+03 9.681762053065826846e-15 6.421417985810391476e-17
4.888361425826573395e+03 9.036728968114064519e-15 6.135646781005036015e-17
4.893855298106878763e+03 8.752518291907967376e-15 6.202989738821641332e-17
4.899349170387184131e+03 8.213918343942184331e-15 6.729828930703169890e-17
4.904843042667489499e+03 8.207916422750005520e-15 7.288566723556135385e-17
4.910336914947794867e+03 7.925039128635105811e-15 7.458194461222202705e-17
4.915830787228100235e+03 8.114948437766585031e-15 5.969722622463149815e-17
4.921324659508405603e+03 7.845780770945961096e-15 6.673526099507272406e-17
4.926818531788710970e+03 8.025928126855134394e-15 6.916394623759837012e-17
4.932312404069016338e+03 8.179065429491082789e-15 6.486891026167231723e-17
4.937806276349321706e+03 8.371467608652907164e-15 6.911897402831634151e-17
4.943300148629627074e+03 8.368080228997585027e-15 7.029011811488748874e-17
4.948794020909932442e+03 8.111928577920437537e-15 8.505847576299683001e-17
4.954287893190237810e+03 8.195909253703232213e-15 7.495470646110229010e-17
4.959781765470543178e+03 8.386067848413090132e-15 6.880478933472071710e-17
4.965275637750848546e+03 8.434738077323013752e-15 7.507486938468635255e-17
4.970769510031153914e+03 8.616961937573203479e-15 7.461177556561099554e-17
4.976263382311459281e+03 8.720017910820642164e-15 7.702618970644058688e-17
4.981757254591764649e+03 9.074034465093452837e-15 6.806907021077142824e-17
4.987251126872070017e+03 8.871136144812919196e-15 7.320434677769404933e-17
4.992744999152375385e+03 9.142794130663155579e-15 6.163201636247376341e-17
4.998238871432680753e+03 8.920531453234008208e-15 6.809256969986027336e-17
5.003732743712986121e+03 8.820848536026557332e-15 6.169950634858990016e-17
5.009226615993291489e+03 8.869739846522398667e-15 7.020454329142045803e-17
5.014720488273596857e+03 9.028421568661513471e-15 6.653395533645338782e-17
5.020214360553902225e+03 8.942907016546365129e-15 5.969774297794603594e-17
5.025708232834207593e+03 8.888777947661536648e-15 6.061125414048398746e-17
5.031202105114512960e+03 9.134608450962212916e-15 6.287099629290730783e-17
5.036695977394818328e+03 9.144778697876442161e-15 6.569983897428575701e-17
5.042189849675123696e+03 9.166013935712867667e-15 7.215429397771506886e-17
5.047683721955429064e+03 9.659399661373440754e-15 7.410086147210481469e-17
5.053177594235734432e+03 9.445802243664301667e-15 7.011429887275936329e-17
5.058671466516039800e+03 9.747299194034780356e-15 7.418619550455884758e-17
5.064165338796345168e+03 9.662934749683368734e-15 6.641943799642213629e-17
5.069659211076650536e+03 9.764121367065049647e-15 6.818706220914798613e-17
5.075153083356955904e+03 9.768390461243134418e-15 6.998982921686474376e-17
5.080646955637261271e+03 9.882787446906317353e-15 6.778955237228257616e-17
5.086140827917566639e+03 1.016408975183393743e-14 6.442615950686371598e-17
5.091634700197872007e+03 1.040695013958378279e-14 6.647378029886083715e-17
5.097128572478177375e+03 1.022811566229107081e-14 6.853272293768628864e-17
5.102622444758482743e+03 1.056099863746386710e-14 6.801593024421970007e-17
5.108116317038788111e+03 1.074135036464766556e-14 7.205372844665675379e-17
5.113610189319093479e+03 1.115717075327621949e-14 6.522900564829070750e-17
5.119104061599398847e+03 1.101771496196388777e-14 7.393965902102818858e-17
5.124597933879704215e+03 1.119649854443691648e-14 6.872244111200842203e-17
5.130091806160009583e+03 1.128798135346287121e-14 9.034175522670258490e-17
5.135585678440314950e+03 1.158210118454216641e-14 7.680407916379167866e-17
5.141079550720620318e+03 1.188954393165372422e-14 7.609889574199096458e-17
5.146573423000925686e+03 1.199188165439663424e-14 8.176934824465616203e-17
5.152067295281231054e+03 1.221638279916547372e-14 7.864815428180428627e-17
5.157561167561536422e+03 1.202170039608283112e-14 7.337757671641091763e-17
5.163055039841841790e+03 1.192912904980702728e-14 7.907086361072980037e-17
5.168548912122147158e+03 1.192503672590108347e-14 7.858748737052054440e-17
5.174042784402452526e+03 1.182193015619790182e-14 7.274084516502925309e-17
5.179536656682757894e+03 1.176711185826033065e-14 7.738933765046517918e-17
5.185030528963063261e+03 1.144942299509568886e-14 7.499865774919833094e-17
5.190524401243368629e+03 1.157877272688939967e-14 7.340358880405871676e-17
5.196018273523673997e+03 1.153814223435362292e-14 7.502537390476174296e-17
5.201512145803979365e+03 1.181357524322332731e-14 7.099287211083763088e-17
5.207006018084284733e+03 1.179955782027010123e-14 6.709544983236201779e-17
5.212499890364590101e+03 1.192869001223834566e-14 7.078448323247238317e-17
5.217993762644895469e+03 1.202071312735616726e-14 6.370030514115100406e-17
5.223487634925200837e+03 1.170099668148178885e-14 7.146067562355221415e-17
5.228981507205506205e+03 1.197313925683368398e-14 7.566792201671776154e-17
5.234475379485811573e+03 1.199181494502156135e-14 7.413812063046021256e-17
5.239969251766116940e+03 1.220186890886962603e-14 7.196584846643355381e-17
5.245463124046422308e+03 1.204110636433996521e-14 7.597053045414975797e-17
5.250956996326727676e+03 1.226571235632419518e-14 7.242072828059086325e-17
5.256450868607033044e+03 1.217209692000183773e-14 7.209298854668311530e-17
5.261944740887338412e+03 1.198001894432537124e-14 7.765805953791719899e-17
5.267438613167643780e+03 1.202565438188789253e-14 7.116088360049431237e-17
5.272932485447949148e+03 1.134171015373611489e-14 6.802796564006731921e-17
5.278426357728254516e+03 1.107785975524487165e-14 7.409703076987732830e-17
5.283920230008559884e+03 1.054011752471694116e-14 7.088341221601042610e-17
5.289414102288865251e+03 9.993132778408144395e-15 7.036870576094872270e-17
5.294907974569170619e+03 9.579398910567905320e-15 6.733423715698787375e-17
5.300401846849475987e+03 9.213122498757107492e-15 6.469586752740008584e-17
5.305895719129781355e+03 8.756230761798008610e-15 6.584862739742311066e-17
5.311389591410086723e+03 8.499661060163265369e-15 7.829147195521080234e-17
5.316883463690392091e+03 8.215612717475083139e-15 6.747291213975981001e-17
5.322377335970697459e+03 7.813776150554178372e-15 7.627643136171388934e-17
5.327871208251002827e+03 8.254441125920314196e-15 6.725152065322284789e-17
5.333365080531308195e+03 8.454998646854491860e-15 6.105964876991888757e-17
5.338858952811613563e+03 8.270868014722541640e-15 6.462098984015350635e-17
5.344352825091918930e+03 8.273368166476748510e-15 6.217284537518405897e-17
5.349846697372224298e+03 8.479366792710684783e-15 5.880843155858240531e-17
5.355340569652529666e+03 8.444278555809627163e-15 6.735170638205435491e-17
5.360834441932835034e+03 8.320968572369217766e-15 5.453056913831168800e-17
5.366328314213140402e+03 8.285152341652791897e-15 6.215761576168259480e-17
5.371822186493445770e+03 8.702801783449883397e-15 6.510149091806728975e-17
5.377316058773751138e+03 8.823653641809145841e-15 6.059023729840507572e-17
5.382809931054056506e+03 9.086838815770620245e-15 5.930005635604881424e-17
5.388303803334361874e+03 9.088734506119433512e-15 6.574553878120454980e-17
5.393797675614667241e+03 9.359910421287825878e-15 6.391334797901036953e-17
5.399291547894972609e+03 9.593095147784617966e-15 5.993504734416338581e-17
5.404785420175277977e+03 9.375130222628427455e-15 5.998234299704906621e-17
5.410279292455583345e+03 9.155710393504490667e-15 6.651430100765694744e-17
5.415773164735888713e+03 9.377555437882833121e-15 6.505598938806346104e-17
5.421267037016194081e+03 9.456494535943519383e-15 6.364235670951988803e-17
5.426760909296499449e+03 9.420143476318476315e-15 6.468685965032345850e-17
5.432254781576804817e+03 9.380302717807246827e-15 8.335114953904465190e-17
5.437748653857110185e+03 9.504230566047107260e-15 8.525403346618719146e-17
5.443242526137415553e+03 9.393349128950017892e-15 6.621292973119778889e-17
5.448736398417720920e+03 9.210843795747221382e-15 6.424644715997559033e-17
5.454230270698026288e+03 9.116311390718745140e-15 5.879369845484696701e-17
5.459724142978331656e+03 9.006350380263717812e-15 5.868377325420851134e-17
5.465218015258637024e+03 9.024570706659016001e-15 6.407671317203049245e-17
5.470711887538942392e+03 8.806881185932360840e-15 5.861197719131014278e-17
5.476205759819247760e+03 8.541624012848108354e-15 6.288745494688832439e-17
5.481699632099553128e+03 8.465476590453278959e-15 6.229443404022157001e-17
5.487193504379858496e+03 8.184024606438248017e-15 5.294380797174318047e-17
5.492687376660163864e+03 7.797948644771635692e-15 5.891968927321217856e-17
5.498181248940469231e+03 7.419217255084098478e-15 6.005619232114510836e-17
5.503675121220774599e+03 7.547913084994972837e-15 5.522501698548408365e-17
5.509168993501079967e+03 7.339802174249085152e-15 6.000818730913640444e-17
5.514662865781385335e+03 7.643145346987912530e-15 5.465163026866378259e-17
5.520156738061690703e+03 7.825954644793045541e-15 5.380424835500366868e-17
5.525650610341996071e+03 8.247349331701644284e-15 5.843521349774082608e-17
5.531144482622301439e+03 8.499436870806091686e-15 5.553502419434123324e-17
5.536638354902606807e+03 8.431412611647518445e-15 5.953899000055511063e-17
5.542132227182912175e+03 8.623821004016521977e-15 5.935684340644289722e-17
5.547626099463217543e+03 8.756088580071668916e-15 6.560490156093435867e-17
5.553119971743522910e+03 9.073802023321066227e-15 7.812028370783963561e-17
5.558613844023828278e+03 9.239150350742944661e-15 6.728297664454661216e-17
5.564107716304133646e+03 9.557342077635070372e-15 6.663793685558391281e-17
5.569601588584439014e+03 9.779191664384806775e-15 6.790935281129206536e-17
5.575095460864744382e+03 9.904919660872597003e-15 6.878357257392168100e-17
5.580589333145049750e+03 1.013924330788311272e-14 6.991294291944041127e-17
5.586083205425355118e+03 1.005801028907836933e-14 6.653236590239382737e-17
5.591577077705660486e+03 9.955905285897011128e-15 6.675083720534232984e-17
5.597070949985965854e+03 9.804369462099654767e-15 7.001516973640224806e-17
5.602564822266271221e+03 9.569888855839071108e-15 6.806694975040944754e-17
5.608058694546576589e+03 9.671827110907793273e-15 7.149053948471512534e-17
5.613552566826881957e+03 9.961173926534727500e-15 6.165512721944403713e-17
5.619046439107187325e+03 1.021373449358972219e-14 6.668762597667440207e-17
5.624540311387492693e+03 9.976328197109390069e-15 7.070122711982253430e-17
5.630034183667798061e+03 1.003927323168266136e-14 7.912532720944807676e-17
5.635528055948103429e+03 1.039707970897685271e-14 7.475941738630089822e-17
5.641021928228408797e+03 1.056359970058079723e-14 6.906377305860205153e-17
5.646515800508714165e+03 1.048541128518859602e-14 7.377296450078944010e-17
5.652009672789019533e+03 1.038801702208919957e-14 6.761570731915348812e-17
5.657503545069324900e+03 1.027888316568293396e-14 7.312483727825098722e-17
5.662997417349630268e+03 1.006582082142701446e-14 6.793074419949973846e-17
5.668491289629935636e+03 9.955553151233089041e-15 7.141553232895133982e-17
5.673985161910241004e+03 9.888372445027295909e-15 7.096968558407605811e-17
5.679479034190546372e+03 9.871901512212098370e-15 6.908324874905023581e-17
5.684972906470851740e+03 1.001931445162901501e-14 6.392462843266045298e-17
5.690466778751157108e+03 9.900704785713176858e-15 7.047357800236162372e-17
