# obs_wvl flux error
5.290000000000000000e+03 2.467953523360992725e-15 2.379572835095058146e-16
5.294879422157977388e+03 2.714386961679385935e-15 2.152786109473759204e-16
5.299758844315954775e+03 2.576819769291352811e-15 2.064445168779174129e-16
5.304638266473932163e+03 2.614469007936582291e-15 2.060624578730889212e-16
5.309517688631909550e+03 2.399321903562099208e-15 2.070891340541231222e-16
5.314397110789886938e+03 2.497075670346209290e-15 1.884861014582253027e-16
5.319276532947864325e+03 2.798603855025012268e-15 1.776128447254119613e-16
5.324155955105841713e+03 5.617467447579840034e-15 2.790140566115675734e-16
5.329035377263819100e+03 3.165446741654132444e-15 2.207206599238542098e-16
5.333914799421796488e+03 3.090651101808709000e-15 1.933693686494513352e-16
5.338794221579773875e+03 2.469732419603056984e-15 1.885923704505221519e-16
5.343673643737751263e+03 2.414013536767508441e-15 1.936434001196112381e-16
5.348553065895728651e+03 2.438728896934489569e-15 1.933707728576898066e-16
5.353432488053706038e+03 2.738538690577614962e-15 2.011588724050916068e-16
5.358311910211683426e+03 3.112777129133059408e-15 2.011753844151191877e-16
5.363191332369660813e+03 3.085852218937601808e-15 2.121184330178748038e-16
5.368070754527638201e+03 2.706860294447001323e-15 2.087255489320324438e-16
5.372950176685615588e+03 3.151649880284616545e-15 2.062105387797154572e-16
5.377829598843592976e+03 3.184415113276832232e-15 2.056012421096623315e-16
5.382709021001570363e+03 2.978164388465052455e-15 2.050033608890843665e-16
5.387588443159547751e+03 2.740233323603329804e-15 2.001835173437017203e-16
5.392467865317525138e+03 2.967361270477441428e-15 2.017208282201034446e-16
5.397347287475502526e+03 3.140433852090397907e-15 1.997434814992303546e-16
5.402226709633479913e+03 3.183465481011821064e-15 2.044428627891462681e-16
5.407106131791457301e+03 3.143319001008181738e-15 1.968657869157492278e-16
5.411985553949434689e+03 3.480070220907457194e-15 2.273705773399019408e-16
5.416864976107412076e+03 2.943454289119127691e-15 1.904089678793194376e-16
5.421744398265389464e+03 3.411717053935973650e-15 1.923111442017542670e-16
5.426623820423366851e+03 3.029712675773865046e-15 1.811803741565334765e-16
5.431503242581344239e+03 2.975200281862619574e-15 1.788218049157013476e-16
5.436382664739321626e+03 2.896740851129893418e-15 1.755872877940927243e-16
5.441262086897299014e+03 2.967676539686340195e-15 1.720216484654809522e-16
5.446141509055276401e+03 3.059013667813468586e-15 1.722476873544358711e-16
5.451020931213253789e+03 3.742323152901937511e-15 2.561089441363772450e-16
5.455900353371231176e+03 3.070889912602823785e-15 1.642553760464326685e-16
5.460779775529208564e+03 3.021784276246915343e-15 1.623335689101150392e-16
5.465659197687185952e+03 3.081295304383501114e-15 1.618720871275073247e-16
5.470538619845163339e+03 2.881185686045978849e-15 1.731248540978117852e-16
5.475418042003140727e+03 2.710919936685050569e-15 1.533691320884862456e-16
5.480297464161118114e+03 2.934603887278328201e-15 1.538044866275853982e-16
5.485176886319095502e+03 2.949377713156740737e-15 1.540988622675214952e-16
5.490056308477072889e+03 3.155949605255898992e-15 1.556083628956291536e-16
5.494935730635050277e+03 3.097449554938505880e-15 1.520926381111646277e-16
5.499815152793027664e+03 2.675748062073999430e-15 1.482574051760467020e-16
5.504694574951005052e+03 2.871505631720535996e-15 1.497605759509631062e-16
5.509573997108982439e+03 2.676690751838051804e-15 1.482519896426516844e-16
5.514453419266959827e+03 2.728249458896594029e-15 1.483564025008843285e-16
5.519332841424937214e+03 2.706244306075203200e-15 1.473125613104824378e-16
5.524212263582914602e+03 2.828182513015253255e-15 1.471151168379311588e-16
5.529091685740891990e+03 2.678372306640977562e-15 1.473031540698406923e-16
5.533971107898869377e+03 2.620611452259557891e-15 1.461120665232939033e-16
5.538850530056846765e+03 2.923198025091610231e-15 1.485097408796842547e-16
5.543729952214824152e+03 2.657893438546182656e-15 1.473380158654277510e-16
5.548609374372801540e+03 2.834126152749513615e-15 1.464096434981345725e-16
5.553488796530778927e+03 3.202364437049415889e-15 1.497392860179892520e-16
5.558368218688756315e+03 2.602366710807116648e-15 1.461414700601141107e-16
5.563247640846733702e+03 2.714920203983341219e-15 1.450061742668944149e-16
5.568127063004711090e+03 2.874204463813702321e-15 1.465688264368628051e-16
5.573006485162688477e+03 2.246369823805490140e-15 1.619242067347061004e-16
5.577885907320665865e+03 2.658041623720796765e-15 1.437271428829096738e-16
5.582765329478643253e+03 2.373823021328431346e-15 1.437817456299682929e-16
5.587644751636620640e+03 2.717366857701740123e-15 1.444807360379229039e-16
5.592524173794598028e+03 2.376639868250838129e-15 1.537887250427638421e-16
5.597403595952575415e+03 2.654619726232891957e-15 1.496419196271578121e-16
5.602283018110552803e+03 2.459235921186662206e-15 1.433324966525882340e-16
5.607162440268530190e+03 2.562117365924886153e-15 1.443911497405123703e-16
5.612041862426507578e+03 2.481043302958822780e-15 1.390803364122489395e-16
5.616921284584484965e+03 2.385579597332334001e-15 1.382267383728928346e-16
5.621800706742462353e+03 2.522109153194070225e-15 1.379394110100027135e-16
5.626680128900439740e+03 2.277439293581711627e-15 1.352494220461480911e-16
5.631559551058417128e+03 2.343649135117752763e-15 1.358267255546642034e-16
5.636438973216394515e+03 2.495317444857516096e-15 1.363021259430658849e-16
5.641318395374371903e+03 2.539574527743467266e-15 1.355209742328886094e-16
5.646197817532349291e+03 2.478250653326752921e-15 1.530055098885792300e-16
5.651077239690326678e+03 2.243745419275274138e-15 1.342829538613306285e-16
5.655956661848304066e+03 2.414756484462883994e-15 1.327299860766170424e-16
5.660836084006281453e+03 2.422048187693423481e-15 1.324618641831698798e-16
5.665715506164258841e+03 2.370054755042056401e-15 1.357505248260178526e-16
5.670594928322236228e+03 2.315338013325193702e-15 1.324219932632145208e-16
5.675474350480213616e+03 2.485059960483397202e-15 1.318492521711680394e-16
5.680353772638191003e+03 2.312808648997746750e-15 1.315617097842083564e-16
5.685233194796168391e+03 2.072207299304148453e-15 1.268054396586370747e-16
5.690112616954145778e+03 2.071876351084767286e-15 1.442843004086106361e-16
5.694992039112123166e+03 2.187107274442155682e-15 1.316434831544270206e-16
5.699871461270100554e+03 2.249271022486192347e-15 1.284747186876629624e-16
5.704750883428077941e+03 2.228310972229083014e-15 1.340397806917017837e-16
5.709630305586055329e+03 2.299427341548146685e-15 1.288699723496769996e-16
5.714509727744032716e+03 2.375797074364229588e-15 1.292356092919089677e-16
5.719389149902010104e+03 2.274462774795156664e-15 1.274243525399775360e-16
5.724268572059987491e+03 2.361764159484367758e-15 1.296289456760690709e-16
5.729147994217964879e+03 2.356799238889574241e-15 1.436297799194083617e-16
5.734027416375942266e+03 2.422558986146889618e-15 1.280761085630664299e-16
5.738906838533919654e+03 2.342531557542626040e-15 1.272707904986888500e-16
5.743786260691897041e+03 2.260607010191063306e-15 1.264652793962894566e-16
5.748665682849874429e+03 2.261548682924921976e-15 1.263861816176716162e-16
5.753545105007851816e+03 2.351549430103038078e-15 1.274772343467138467e-16
5.758424527165829204e+03 2.014078593973231700e-15 1.249564779789978270e-16
5.763303949323806592e+03 2.154149761987250421e-15 1.251729208943531910e-16
5.768183371481783979e+03 2.134915605730822822e-15 1.255684781284924747e-16
5.773062793639761367e+03 2.153183304263672311e-15 1.346920540086731366e-16
5.777942215797738754e+03 2.286594680064331895e-15 1.239316541798160877e-16
5.782821637955716142e+03 2.156679502035767054e-15 1.223472177507211610e-16
5.787701060113693529e+03 2.367747067857558308e-15 1.241807544697613400e-16
5.792580482271670917e+03 2.222989375925147249e-15 1.222503051869307075e-16
5.797459904429648304e+03 2.166414304309032442e-15 1.245005983325100262e-16
5.802339326587625692e+03 2.353359999312432429e-15 1.253894634714262947e-16
5.807218748745603079e+03 1.942307388747718296e-15 1.578891596963880379e-16
5.812098170903580467e+03 2.189666372382900505e-15 1.340052673733155911e-16
5.816977593061557855e+03 2.212605957973298610e-15 1.209383443613303976e-16
5.821857015219535242e+03 2.288744312620228914e-15 1.214764413668560649e-16
5.826736437377512630e+03 2.412186471379655108e-15 1.245709388402029159e-16
5.831615859535490017e+03 2.003164704492471284e-15 1.183606824434712036e-16
5.836495281693467405e+03 2.284092344721692216e-15 1.203790272472357262e-16
5.841374703851444792e+03 2.296917878547228871e-15 1.248866894759230417e-16
5.846254126009422180e+03 2.042004080326664643e-15 1.174807041932085913e-16
5.851133548167399567e+03 2.070888981762061839e-15 1.182989561183281054e-16
5.856012970325376955e+03 2.032176713249939711e-15 1.247805476468672669e-16
5.860892392483354342e+03 2.165510765317293877e-15 1.179245225107058290e-16
5.865771814641331730e+03 1.989937405228923315e-15 1.211758315002732121e-16
5.870651236799309117e+03 2.005879323133518307e-15 1.319941492968161125e-16
5.875530658957286505e+03 1.874334675745219320e-15 1.192701015254285121e-16
5.880410081115263893e+03 1.864534204786824914e-15 1.195151381613374283e-16
5.885289503273241280e+03 2.220831831351145481e-15 1.195182245015771614e-16
5.890168925431218668e+03 1.993271371398007359e-15 1.158111222420231051e-16
5.895048347589196055e+03 2.032262347586287168e-15 1.277722448348712903e-16
5.899927769747173443e+03 2.032248666923756123e-15 1.166815753862594236e-16
5.904807191905150830e+03 1.835022725946419590e-15 1.136851314638507432e-16
5.909686614063128218e+03 1.672041799661999845e-15 1.184540225193754321e-16
5.914566036221105605e+03 1.923757009091528919e-15 1.178970534723951792e-16
5.919445458379082993e+03 2.100855284988996618e-15 1.176540137378436445e-16
5.924324880537060380e+03 1.972488594021474142e-15 1.222448538183165664e-16
5.929204302695037768e+03 1.982006220945231996e-15 1.167586717397799624e-16
5.934083724853015156e+03 1.841535237293258501e-15 1.155313489655869384e-16
5.938963147010992543e+03 1.817207776796964997e-15 1.159398753909749848e-16
5.943842569168969931e+03 1.809297467919687903e-15 1.148170572917718291e-16
5.948721991326947318e+03 1.969563860642291826e-15 1.165447987240734605e-16
5.953601413484924706e+03 2.039360654928414768e-15 1.173655339450452549e-16
5.958480835642902093e+03 1.814738499356025090e-15 1.146292296601108397e-16
5.963360257800879481e+03 2.041026415638434804e-15 1.162540840696403942e-16
5.968239679958856868e+03 2.040094070610629263e-15 1.188327106913514164e-16
5.973119102116834256e+03 1.891454572238883061e-15 1.149244896480279217e-16
5.977998524274811643e+03 1.906059417482906725e-15 1.157837995249433146e-16
5.982877946432789031e+03 1.839001553076433503e-15 1.146418005496186423e-16
5.987757368590766418e+03 1.879315397938694993e-15 1.173764122735483326e-16
5.992636790748743806e+03 1.973624856027571620e-15 1.162758400842701379e-16
5.997516212906721194e+03 1.857786690997756760e-15 1.163981456826752643e-16
6.002395635064698581e+03 1.823792592291503596e-15 1.144646186265514497e-16
6.007275057222675969e+03 1.844655645147790208e-15 1.157139509033366917e-16
6.012154479380653356e+03 1.862737814982462015e-15 1.142710949748543251e-16
6.017033901538630744e+03 1.953632648814209996e-15 1.166333017277712961e-16
6.021913323696608131e+03 1.728247914941173469e-15 1.281591133038970950e-16
6.026792745854585519e+03 1.888268834663335097e-15 1.136825253037677232e-16
6.031672168012562906e+03 1.910927709052333989e-15 1.133151989283290453e-16
6.036551590170540294e+03 1.844403813070850376e-15 1.117888913593511252e-16
6.041431012328517681e+03 1.838268325007007152e-15 1.114892914351652454e-16
6.046310434486495069e+03 1.899164049160469711e-15 1.113775157230551403e-16
6.051189856644472457e+03 1.901702765058654582e-15 1.110134862789131985e-16
6.056069278802449844e+03 1.853915699154621100e-15 1.141485914106451121e-16
6.060948700960427232e+03 1.682794290671805477e-15 1.458449014222238904e-16
6.065828123118404619e+03 1.830709804258179026e-15 1.099197257037985215e-16
6.070707545276382007e+03 1.550174491677026070e-15 1.081535866274198997e-16
6.075586967434359394e+03 1.728301190794605078e-15 1.107737021437643286e-16
6.080466389592336782e+03 1.591043060778743523e-15 1.065496350090531945e-16
6.085345811750314169e+03 1.848563435481510026e-15 1.105136195824973101e-16
6.090225233908291557e+03 1.904920577240926732e-15 1.073044496116449726e-16
6.095104656066268944e+03 1.666900117573253532e-15 1.070078010404024198e-16
6.099984078224246332e+03 1.598072177325849839e-15 1.166396871399231728e-16
6.104863500382223719e+03 1.507389949425418009e-15 1.037391931147099458e-16
6.109742922540201107e+03 1.414670316024880113e-15 1.024331207769889186e-16
6.114622344698178495e+03 1.690535429849487793e-15 1.084020644756478977e-16
6.119501766856155882e+03 1.529746894465301623e-15 1.033639791979598329e-16
6.124381189014133270e+03 1.551502238475448261e-15 1.031202446072154983e-16
6.129260611172110657e+03 1.528248541041605037e-15 1.034719049512937287e-16
6.134140033330088045e+03 8.811447961655064696e-16 1.279358072702667979e-16
6.139019455488065432e+03 1.576091717623686709e-15 1.079500446375778258e-16
6.143898877646042820e+03 1.515184505124194196e-15 1.035500551387031858e-16
6.148778299804020207e+03 1.351005881950145005e-15 1.030038243587892649e-16
6.153657721961997595e+03 1.283967284944304381e-15 1.029961388605250850e-16
6.158537144119974982e+03 1.442345405257577184e-15 1.005020963529229272e-16
6.163416566277952370e+03 1.635106323146304993e-15 1.062118284504537448e-16
6.168295988435929758e+03 1.530494277735854586e-15 1.043485987634913486e-16
6.173175410593907145e+03 1.533231331815280394e-15 1.059616457811304132e-16
6.178054832751884533e+03 1.548171377962903203e-15 1.010831979612486095e-16
6.182934254909861920e+03 1.468204357648740787e-15 1.001536192345772487e-16
6.187813677067839308e+03 1.459314172696789912e-15 1.048307385179022537e-16
6.192693099225816695e+03 1.592451264332920918e-15 1.014650873809100173e-16
6.197572521383794083e+03 2.234037958006245849e-15 1.563167887612504436e-16
6.202451943541771470e+03 1.510211765476252110e-15 1.020449984360919103e-16
6.207331365699748858e+03 1.583179658593526366e-15 1.031465343455207537e-16
6.212210787857726245e+03 1.749773139758159956e-15 1.225917198450720787e-16
6.217090210015703633e+03 1.496031797996306954e-15 1.043179636149335002e-16
6.221969632173681021e+03 1.714019910178498722e-15 1.031972132495350448e-16
6.226849054331658408e+03 1.780679380323175101e-15 1.018709909031867429e-16
6.231728476489635796e+03 1.402969040634452006e-15 9.883664207242731442e-17
6.236607898647613183e+03 1.707445895903147441e-15 1.065004061338858928e-16
6.241487320805590571e+03 1.504416226279569650e-15 1.016348798095304670e-16
6.246366742963567958e+03 1.638440557478096245e-15 1.003731960483976923e-16
6.251246165121545346e+03 1.514334813741264566e-15 1.039049200170373976e-16
6.256125587279522733e+03 1.580590008770755434e-15 1.001172021788952272e-16
6.261005009437500121e+03 1.775998727583830176e-15 1.011573410482392575e-16
6.265884431595477508e+03 1.793792622823118834e-15 1.014881482267670618e-16
6.270763853753454896e+03 1.715608635580949252e-15 1.006592028489435134e-16
6.275643275911432283e+03 1.697789527474820556e-15 1.012424067034076216e-16
6.280522698069409671e+03 1.632321571597262467e-15 1.055866014682800573e-16
6.285402120227387059e+03 1.790845371140634046e-15 1.011203054557466373e-16
6.290281542385364446e+03 1.917047947298643486e-15 1.024162653277211354e-16
6.295160964543341834e+03 1.802765928259457544e-15 1.005040903644373539e-16
6.300040386701319221e+03 1.756666158903514607e-15 1.020541493452002927e-16
6.304919808859296609e+03 1.982269921878194372e-15 1.036105759911023256e-16
6.309799231017273996e+03 1.903457222959488283e-15 1.007171655848615914e-16
6.314678653175251384e+03 2.102960100050191019e-15 1.029798282491863593e-16
6.319558075333228771e+03 1.945135549883545890e-15 1.005154218768123984e-16
6.324437497491206159e+03 2.114507184939105689e-15 1.023941807301567462e-16
6.329316919649183546e+03 2.102781258443963575e-15 1.100787226823223230e-16
6.334196341807160934e+03 1.967017976534126726e-15 1.009259282535806063e-16
6.339075763965138322e+03 2.146914371789106571e-15 1.020123542369967843e-16
6.343955186123115709e+03 1.964902843714697804e-15 1.000210429234366027e-16
6.348834608281093097e+03 2.036860007563395355e-15 1.020237907025254653e-16
6.353714030439070484e+03 2.016368476356865551e-15 9.965335999609845532e-17
6.358593452597047872e+03 2.059552016444899072e-15 9.993893373010859871e-17
6.363472874755025259e+03 2.164930490939923201e-15 1.000246132734582398e-16
6.368352296913002647e+03 2.215861077516416868e-15 1.011045313508956339e-16
6.373231719070980034e+03 1.981245835218405173e-15 9.840820661265370129e-17
6.378111141228957422e+03 2.094748860293785781e-15 9.962829468174234105e-17
6.382990563386934809e+03 2.111051955870657006e-15 1.104325954776592500e-16
6.387869985544912197e+03 2.077927021690698888e-15 1.011191620734727888e-16
6.392749407702889584e+03 2.074048474536905641e-15 1.122165395088054124e-16
6.397628829860866972e+03 2.017316820092952656e-15 9.728081488540053818e-17
6.402508252018844360e+03 1.986103861702503990e-15 9.885294804279714937e-17
6.407387674176821747e+03 2.115959533353153323e-15 9.853320222005419266e-17
6.412267096334799135e+03 2.263039738999260754e-15 1.001311564379165046e-16
6.417146518492776522e+03 1.963241034328656235e-15 9.663341249349586036e-17
6.422025940650753910e+03 2.069526179605282227e-15 9.801179511089225940e-17
6.426905362808731297e+03 2.280477229299718745e-15 1.008113541143889979e-16
6.431784784966708685e+03 2.164816572785891246e-15 9.756568661395977664e-17
6.436664207124686072e+03 2.129407697838034042e-15 9.977864509063515179e-17
6.441543629282663460e+03 2.395399736459079775e-15 1.005282193163959584e-16
6.446423051440640847e+03 2.349519647673327364e-15 9.915173383887951834e-17
6.451302473598618235e+03 2.135036027382157596e-15 9.873312891861525434e-17
6.456181895756595623e+03 2.191993602735819406e-15 1.006192425674410223e-16
6.461061317914573010e+03 2.159233236111474637e-15 9.866792643820223171e-17
6.465940740072550398e+03 2.214556410076230482e-15 1.031873140349685171e-16
6.470820162230527785e+03 2.154380278059730006e-15 1.001788864248522756e-16
6.475699584388505173e+03 2.204276490949965863e-15 9.730529544076957851e-17
6.480579006546482560e+03 2.316681576787895379e-15 9.823594455005889471e-17
6.485458428704459948e+03 2.247750879182720903e-15 9.785606122523453354e-17
6.490337850862437335e+03 2.203432104324948854e-15 9.858495314581823613e-17
6.495217273020414723e+03 1.976221227391308545e-15 9.554993544786132693e-17
6.500096695178392110e+03 2.170044264902982412e-15 9.739103539807258830e-17
6.504976117336369498e+03 2.203201966534178293e-15 9.670122182663338523e-17
6.509855539494346885e+03 2.213685328724286031e-15 9.760683628980550234e-17
6.514734961652324273e+03 2.033778169588775113e-15 9.756891707952872972e-17
6.519614383810301661e+03 2.265316902323649024e-15 1.232196545417827442e-16
6.524493805968279048e+03 2.280366973425834146e-15 1.014604811770910228e-16
6.529373228126256436e+03 2.287955960781885151e-15 1.062588935047797053e-16
6.534252650284233823e+03 2.159496609294420625e-15 9.736735820959898413e-17
6.539132072442211211e+03 2.349981505771543931e-15 9.863951335472089354e-17
6.544011494600188598e+03 2.319381923834183766e-15 9.869345752215969547e-17
6.548890916758165986e+03 2.020960048120457244e-15 9.567793591847146511e-17
6.553770338916143373e+03 2.008559262684707223e-15 9.610212951233422216e-17
6.558649761074120761e+03 2.108593060605964347e-15 9.671601412579823561e-17
6.563529183232098148e+03 1.996561723485473373e-15 9.832214677369198897e-17
6.568408605390075536e+03 2.219071892257035219e-15 9.824137848712889684e-17
6.573288027548052924e+03 2.238949522877508511e-15 9.745229316693466704e-17
6.578167449706030311e+03 2.007321882296878673e-15 9.487953093210605130e-17
6.583046871864007699e+03 2.085597655939862526e-15 9.673582288249588238e-17
6.587926294021985086e+03 2.004144330374368804e-15 9.531455308799302700e-17
6.592805716179962474e+03 2.017235852038157808e-15 9.971037435852069938e-17
6.597685138337939861e+03 2.053220796048624634e-15 9.649151208536255718e-17
6.602564560495917249e+03 2.044811504518757293e-15 9.672330617167469656e-17
6.607443982653894636e+03 1.909045493803065442e-15 9.420081183299373273e-17
6.612323404811872024e+03 2.072323324423389527e-15 9.615028775274437008e-17
6.617202826969849411e+03 1.968515065539760708e-15 9.727107107153274859e-17
6.622082249127826799e+03 1.990460659138108604e-15 9.700827733342589348e-17
6.626961671285804186e+03 2.084500573840990318e-15 9.758339815596989477e-17
6.631841093443781574e+03 1.882863837890963498e-15 9.499735316564180447e-17
6.636720515601758962e+03 2.098161462878763174e-15 9.876477737390141424e-17
6.641599937759736349e+03 2.125888508685879798e-15 1.012139138714211818e-16
6.646479359917713737e+03 2.182791015386537042e-15 1.001609897921525471e-16
6.651358782075691124e+03 2.123945172419093845e-15 1.018616995980466933e-16
6.656238204233668512e+03 2.014063202486071525e-15 1.003844546086913932e-16
6.661117626391645899e+03 1.950689550444939869e-15 9.480744032574330933e-17
6.665997048549623287e+03 1.883714281977318527e-15 9.318713097555192899e-17
6.670876470707600674e+03 2.017097137392193580e-15 9.435177714238133007e-17
6.675755892865578062e+03 1.874297242588112026e-15 1.078166504133660542e-16
6.680635315023555449e+03 1.980351026719402547e-15 9.680184901634211159e-17
6.685514737181532837e+03 3.731276193076707468e-15 1.156172937525194367e-16
6.690394159339510225e+03 2.297978314213925576e-15 9.649640855089175001e-17
6.695273581497487612e+03 2.070782153419408020e-15 9.414335338209770701e-17
6.700153003655465000e+03 1.920233302265691984e-15 9.246672432143488995e-17
6.705032425813442387e+03 1.938610400262304225e-15 9.367894153952154826e-17
6.709911847971419775e+03 2.071161567895102590e-15 9.336589124492539517e-17
6.714791270129397162e+03 2.099117282167584837e-15 9.305900465034802547e-17
6.719670692287374550e+03 2.044531152597729515e-15 1.107084917502412201e-16
6.724550114445351937e+03 2.122689681939376516e-15 9.410327810093587660e-17
6.729429536603329325e+03 1.819003316876390830e-15 9.207569215146235229e-17
6.734308958761306712e+03 2.049169469656284846e-15 9.640375661228708266e-17
6.739188380919284100e+03 1.774654395322971440e-15 9.213191940472015439e-17
6.744067803077261487e+03 1.853132641977992710e-15 9.290443776784385926e-17
6.748947225235238875e+03 1.789900907290421735e-15 9.038084600266599673e-17
6.753826647393216263e+03 1.861321650822265752e-15 9.085970361968859990e-17
6.758706069551193650e+03 1.746885598917041964e-15 8.938805261964448948e-17
6.763585491709171038e+03 1.927786185703419391e-15 9.118306018553336808e-17
6.768464913867148425e+03 1.947422333393194044e-15 9.118006523783872566e-17
6.773344336025125813e+03 1.734043788702385518e-15 8.938308853108806259e-17
6.778223758183103200e+03 1.903665107348166878e-15 9.098993923400782617e-17
6.783103180341080588e+03 2.013020968782765085e-15 9.349135546806727206e-17
6.787982602499057975e+03 1.746548984095759447e-15 8.898802223000877179e-17
6.792862024657035363e+03 1.815858476818598679e-15 9.162008887607421562e-17
6.797741446815012750e+03 1.792129930231917027e-15 8.943096847372288189e-17
6.802620868972990138e+03 1.852941848036152620e-15 9.094830709459454496e-17
6.807500291130967526e+03 1.946392922349541276e-15 9.072212126769608346e-17
6.812379713288944913e+03 1.956814193269546015e-15 9.013986341633127145e-17
6.817259135446922301e+03 1.739702261516859649e-15 8.877937838650069564e-17
6.822138557604899688e+03 1.920058451440526048e-15 9.761401718332697662e-17
6.827017979762877076e+03 2.030181584897083133e-15 1.000577150049223541e-16
6.831897401920854463e+03 1.867572487155602300e-15 8.975928567142855261e-17
6.836776824078831851e+03 1.710520419928980390e-15 9.902339961463016605e-17
6.841656246236809238e+03 1.681583010930507047e-15 8.928958937530853569e-17
6.846535668394786626e+03 1.785256543762258676e-15 8.883266622489652956e-17
6.851415090552764013e+03 1.903079635772401144e-15 9.005721366734370833e-17
6.856294512710741401e+03 1.642239809857172072e-15 8.758792557816990160e-17
6.861173934868718788e+03 1.631121365334825028e-15 8.717742092108606220e-17
6.866053357026696176e+03 1.682341274064816447e-15 8.939354941077055112e-17
6.870932779184673564e+03 1.777742005516393875e-15 8.847333668889281198e-17
6.875812201342650951e+03 1.973188671784927038e-15 9.005021819729504829e-17
6.880691623500628339e+03 1.685550741799662315e-15 8.765267355303196196e-17
6.885571045658605726e+03 1.696871031254469008e-15 8.740363305569405759e-17
6.890450467816583114e+03 2.000139751112380889e-15 9.592996246762585809e-17
6.895329889974560501e+03 1.808961656886389486e-15 8.854419817802671337e-17
6.900209312132537889e+03 1.763794098783186257e-15 8.730423335511629561e-17
6.905088734290515276e+03 1.661906010706574774e-15 8.621223054138312775e-17
6.909968156448492664e+03 1.677262203735540338e-15 8.686688689244909827e-17
6.914847578606470051e+03 1.760489543916209660e-15 8.789672042108349373e-17
6.919727000764447439e+03 1.759638336978616817e-15 8.850338966068549812e-17
6.924606422922424827e+03 1.700182809665645482e-15 8.734145895638299936e-17
6.929485845080402214e+03 1.537023313483031988e-15 8.657615778261607069e-17
6.934365267238379602e+03 1.619313592268906770e-15 8.625434675459149109e-17
6.939244689396356989e+03 1.637043909174930930e-15 8.740814809323342187e-17
6.944124111554334377e+03 1.626075265169559590e-15 8.653423995919900342e-17
6.949003533712311764e+03 1.564084964570570609e-15 8.525711396501979817e-17
6.953882955870289152e+03 1.480420374163578508e-15 8.609500073755995847e-17
6.958762378028266539e+03 1.628084054655378304e-15 8.597940476673531189e-17
6.963641800186243927e+03 1.789229940929508984e-15 8.701095745335031150e-17
6.968521222344221314e+03 1.579555129264154948e-15 8.793201026609851271e-17
6.973400644502198702e+03 1.624826067127552868e-15 8.753249079729758501e-17
6.978280066660176089e+03 1.767716368466620377e-15 8.745751309832514851e-17
6.983159488818153477e+03 1.708834365889111128e-15 8.582737460802630495e-17
6.988038910976130865e+03 1.729032537418861466e-15 9.199923106988984824e-17
6.992918333134108252e+03 1.677139448515211500e-15 8.521700778217021231e-17
6.997797755292085640e+03 1.661920738105949364e-15 9.004373039707467612e-17
7.002677177450063027e+03 1.641183310372541507e-15 9.370741272669072626e-17
7.007556599608040415e+03 1.756450601443783942e-15 8.733822765002046784e-17
7.012436021766017802e+03 1.638420816898074042e-15 8.504042182656617914e-17
7.017315443923995190e+03 1.588071240500127915e-15 8.438691973729496031e-17
7.022194866081972577e+03 1.496591196052855879e-15 8.310094270490530106e-17
7.027074288239949965e+03 1.548604316155303531e-15 8.339522605489978959e-17
7.031953710397927352e+03 1.742226073031549495e-15 8.572842686737111300e-17
7.036833132555904740e+03 1.775992081697097875e-15 8.687766208256548378e-17
7.041712554713882128e+03 1.640127255833182651e-15 8.390831521694261549e-17
7.046591976871859515e+03 1.579829035303454528e-15 8.339970596563091598e-17
7.051471399029836903e+03 1.537774013885839093e-15 8.263523328179095459e-17
7.056350821187814290e+03 1.566127401680620970e-15 8.529518872109140731e-17
7.061230243345791678e+03 1.535097311232047426e-15 8.322185526661777714e-17
7.066109665503769065e+03 1.553777220087358539e-15 8.497547751485050682e-17
7.070989087661746453e+03 1.608624818929076569e-15 8.894065873887990986e-17
7.075868509819723840e+03 1.677810988886754325e-15 8.475932092506399706e-17
7.080747931977701228e+03 1.678240909838658090e-15 8.485355427685669485e-17
7.085627354135678615e+03 1.551426536677297238e-15 8.249166975662426270e-17
7.090506776293656003e+03 1.634045865684992134e-15 8.375429566887234718e-17
7.095386198451633391e+03 1.679179429239683146e-15 8.387749052682310728e-17
7.100265620609610778e+03 1.442284389940228441e-15 8.446802885433487140e-17
7.105145042767588166e+03 1.622150685766270114e-15 8.836126609465414691e-17
7.110024464925565553e+03 1.606366151546303070e-15 8.440120130161717223e-17
7.114903887083542941e+03 1.621399344897028998e-15 8.348569188704760790e-17
7.119783309241520328e+03 1.654730495953335130e-15 8.544683941932682415e-17
7.124662731399497716e+03 1.460386194306405040e-15 8.421461458569303731e-17
7.129542153557475103e+03 1.686186124896414674e-15 8.770793350493285488e-17
7.134421575715452491e+03 1.753896779407960433e-15 8.450772384820808688e-17
7.139300997873429878e+03 1.704204759792496740e-15 8.528561109106908365e-17
7.144180420031407266e+03 1.646496552867866411e-15 8.459516722161503335e-17
7.149059842189384653e+03 1.538126337414717310e-15 8.289804775375299347e-17
7.153939264347362041e+03 1.570558834556936310e-15 8.549518165789401688e-17
7.158818686505339429e+03 1.567681395317964204e-15 8.299846400336235019e-17
7.163698108663316816e+03 1.483134049467762807e-15 8.293574185203542110e-17
7.168577530821294204e+03 1.583838999814227495e-15 8.566322862988549307e-17
7.173456952979271591e+03 1.669085559056841335e-15 8.836105466268261095e-17
7.178336375137248979e+03 1.631931391489739385e-15 8.402891746253741899e-17
7.183215797295226366e+03 1.647226024428226785e-15 8.413538578034023631e-17
7.188095219453203754e+03 1.575240295707832939e-15 9.073843061342169900e-17
7.192974641611181141e+03 -2.431801645301858604e-16 1.207229220470089597e-16
7.197854063769158529e+03 1.085279889212399868e-15 8.725543533189921909e-17
7.202733485927135916e+03 1.703959652980292486e-15 8.650945079354718273e-17
7.207612908085113304e+03 1.480951036168761669e-15 8.279448652960319726e-17
7.212492330243090692e+03 1.561754685620902489e-15 8.447188555131583152e-17
7.217371752401068079e+03 1.704205204030776514e-15 8.481253067536825556e-17
7.222251174559045467e+03 1.702259640680976131e-15 8.520267693383203368e-17
7.227130596717022854e+03 1.714268081216752962e-15 8.784376299713419054e-17
7.232010018875000242e+03 1.716566570846806319e-15 8.805645536792190837e-17
7.236889441032977629e+03 2.338657553997286860e-15 1.176879310214846200e-16
7.241768863190955017e+03 1.994299400154975071e-15 9.003281543012981459e-17
7.246648285348932404e+03 1.517617666270224641e-15 8.366264843121518615e-17
7.251527707506909792e+03 1.580155927678478169e-15 8.709958805146068593e-17
7.256407129664887179e+03 1.655363164202997818e-15 8.591551110998637801e-17
7.261286551822864567e+03 1.573140469673693084e-15 8.508064720987742092e-17
7.266165973980841954e+03 1.601059190929772935e-15 1.008273672854754119e-16
7.271045396138819342e+03 1.564479106428632322e-15 8.646223273754584721e-17
7.275924818296796730e+03 1.632349456309675048e-15 8.886001977290893454e-17
7.280804240454774117e+03 1.616985626042625498e-15 8.588204085807000670e-17
7.285683662612751505e+03 1.518743064425393069e-15 8.587707972224296061e-17
7.290563084770728892e+03 1.499779898353222395e-15 8.525296416436490723e-17
7.295442506928706280e+03 1.539462381540430914e-15 9.039777621755395938e-17
7.300321929086683667e+03 1.615299507485864922e-15 8.826949687139301432e-17
7.305201351244661055e+03 1.569111516887555110e-15 9.265869027296330221e-17
7.310080773402638442e+03 1.423813283918705554e-15 8.841556363980022380e-17
7.314960195560615830e+03 1.427590746523060312e-15 8.603492113080810049e-17
7.319839617718593217e+03 1.666167820271496748e-15 9.089019842656465978e-17
7.324719039876570605e+03 1.383634296316585164e-15 8.958846999831123043e-17
7.329598462034547993e+03 1.370097616856021636e-15 8.579974270423004213e-17
7.334477884192525380e+03 1.380511442133858060e-15 8.940597267379006851e-17
7.339357306350502768e+03 1.425616110458591459e-15 8.723050288025756578e-17
7.344236728508480155e+03 1.277801789663910002e-15 9.516980069366410506e-17
7.349116150666457543e+03 1.276902393751774409e-15 8.636153184559817530e-17
7.353995572824434930e+03 1.381105762823876949e-15 8.682284286739329742e-17
7.358874994982412318e+03 1.479551045291838658e-15 8.700837124394665632e-17
7.363754417140389705e+03 1.394310171901131451e-15 9.792701630006619435e-17
7.368633839298367093e+03 1.442790280371424577e-15 9.873814745003452781e-17
7.373513261456344480e+03 1.415094169923940520e-15 8.969241266129530139e-17
7.378392683614321868e+03 1.408758656897585466e-15 8.654833775488289344e-17
7.383272105772299255e+03 1.321165453579376051e-15 8.694852421505023721e-17
7.388151527930276643e+03 1.125964626059350674e-15 9.102745110207555167e-17
7.393030950088254031e+03 1.243710383460017077e-15 8.824715115358660285e-17
7.397910372246231418e+03 1.285180190885310664e-15 8.584879806891905157e-17
7.402789794404208806e+03 1.283496153816276102e-15 8.655758272923879987e-17
7.407669216562186193e+03 1.434817460968452363e-15 8.695197448090265599e-17
7.412548638720163581e+03 1.350733461200835751e-15 8.721687592319380848e-17
7.417428060878140968e+03 1.117246189584479407e-15 8.530312800750756658e-17
7.422307483036118356e+03 1.248596004240750512e-15 8.924367265711584979e-17
7.427186905194095743e+03 1.189063196598869253e-15 8.540230507988944412e-17
7.432066327352073131e+03 1.131130700102245814e-15 8.524873872758958098e-17
7.436945749510050518e+03 1.057380121141137998e-15 8.634682741149852551e-17
7.441825171668027906e+03 1.175676498961456774e-15 8.572996288649566717e-17
7.446704593826005294e+03 1.237377040921062104e-15 8.564975379287381748e-17
7.451584015983982681e+03 1.133904015405330156e-15 8.580569832480609795e-17
7.456463438141960069e+03 1.276186434268168401e-15 8.629926726667578827e-17
7.461342860299937456e+03 1.172576464349077597e-15 8.727613342942555626e-17
7.466222282457914844e+03 1.188352772393314221e-15 8.721130788365361660e-17
7.471101704615892231e+03 1.213906541798048560e-15 8.561317241224170970e-17
7.475981126773869619e+03 1.223578815206557185e-15 8.794974426625197531e-17
7.480860548931847006e+03 1.131296435021709367e-15 8.639931365154526224e-17
7.485739971089824394e+03 1.130393250158053430e-15 8.519406989001559927e-17
7.490619393247801781e+03 1.173683490470811846e-15 8.742061288222443173e-17
7.495498815405779169e+03 1.207854271991190942e-15 8.594322967024044570e-17
7.500378237563756556e+03 1.335381810784759506e-15 8.990526526658923710e-17
7.505257659721733944e+03 1.200480244400001753e-15 8.631368032284420419e-17
7.510137081879711332e+03 1.124750056588823819e-15 8.777557563211919981e-17
7.515016504037688719e+03 1.057880507991148992e-15 8.535866083062988496e-17
7.519895926195666107e+03 1.245125751747570423e-15 8.656640643235987917e-17
7.524775348353643494e+03 1.225631208122676448e-15 8.540575749955286729e-17
7.529654770511620882e+03 1.185015546538071777e-15 8.693200528695961585e-17
7.534534192669598269e+03 1.273182377849266074e-15 8.796621618274331518e-17
7.539413614827575657e+03 1.170808426603984445e-15 8.536179173112303036e-17
7.544293036985553044e+03 1.226632863356633575e-15 8.687331537450536861e-17
7.549172459143530432e+03 1.176258482643561823e-15 8.880233575063698975e-17
7.554051881301507819e+03 1.194384583476963267e-15 8.737806338877860006e-17
7.558931303459485207e+03 1.355613529921049330e-15 8.777232627682143803e-17
7.563810725617462595e+03 1.405242638656756494e-15 8.764207140027499691e-17
7.568690147775439982e+03 1.204063711012183294e-15 8.872607662042686290e-17
7.573569569933417370e+03 1.034774100757162996e-15 8.465903052548514118e-17
7.578448992091394757e+03 1.176012167687591870e-15 8.612703482139953451e-17
7.583328414249372145e+03 1.387468377545329859e-15 8.802409996073328968e-17
7.588207836407349532e+03 1.311719802493783953e-15 9.024427931145398199e-17
7.593087258565326920e+03 1.324683310830646529e-15 9.131109928231319268e-17
7.597966680723304307e+03 1.239253364933744516e-15 8.982024369259056491e-17
7.602846102881281695e+03 1.178553050770785769e-15 8.749466494618536694e-17
7.607725525039259082e+03 1.313951461540099570e-15 9.132870970388766835e-17
7.612604947197236470e+03 1.175612073626799459e-15 9.082226527925565215e-17
7.617484369355213857e+03 1.191476863115259795e-15 8.790848289027988287e-17
7.622363791513191245e+03 1.386895002085386370e-15 8.886760645877821587e-17
7.627243213671168633e+03 1.308028547802440734e-15 8.902581138637554078e-17
7.632122635829146020e+03 1.406021091786533212e-15 8.915118114422515501e-17
7.637002057987123408e+03 1.430641719503129054e-15 8.942163074909490417e-17
7.641881480145100795e+03 1.432666234290579709e-15 8.971591475062251960e-17
7.646760902303078183e+03 1.491071149075466831e-15 9.097000001151108503e-17
7.651640324461055570e+03 1.411025893325867281e-15 1.004051208831152064e-16
7.656519746619032958e+03 1.368395182496062390e-15 9.102773586389833875e-17
7.661399168777010345e+03 1.375660179185749134e-15 9.014423543015296918e-17
7.666278590934987733e+03 1.355346616515861352e-15 8.997908217310947841e-17
7.671158013092965120e+03 1.350700170464020613e-15 9.001753818193096338e-17
7.676037435250942508e+03 1.517657184870807073e-15 9.193856248865360014e-17
7.680916857408919896e+03 1.682695030560492197e-15 9.282348871445943541e-17
7.685796279566897283e+03 1.569312589658917234e-15 1.042616406119231563e-16
7.690675701724874671e+03 1.471475745947509685e-15 9.347565615537345775e-17
7.695555123882852058e+03 1.331734648359567099e-15 9.160923632508683836e-17
7.700434546040829446e+03 1.471725424641928728e-15 9.380652246701550669e-17
7.705313968198806833e+03 1.368340931607059838e-15 9.317170079110418694e-17
7.710193390356784221e+03 1.511627668105649634e-15 9.731587643013461242e-17
7.715072812514761608e+03 1.480741650162046600e-15 9.669616697916040345e-17
7.719952234672738996e+03 1.560078961527618385e-15 9.961359170359420674e-17
7.724831656830716383e+03 1.513540034158953906e-15 9.690463649603987166e-17
7.729711078988693771e+03 1.577097361261941590e-15 1.212495792027236743e-16
7.734590501146671158e+03 1.481361896979890919e-15 1.006559597075353467e-16
7.739469923304648546e+03 1.462646564740574848e-15 9.506629659531996467e-17
7.744349345462625934e+03 1.402410699550971021e-15 9.416606489480615340e-17
7.749228767620603321e+03 1.486178437421599165e-15 9.585287379120462816e-17
7.754108189778580709e+03 1.508414653566767867e-15 9.594790389190152619e-17
7.758987611936558096e+03 1.429391953466023272e-15 9.712645115256720833e-17
7.763867034094535484e+03 1.620082018516788972e-15 9.763398324421143339e-17
7.768746456252512871e+03 1.505154738028637335e-15 9.878141506696840291e-17
7.773625878410490259e+03 1.368130947220995906e-15 1.006790094599184822e-16
7.778505300568467646e+03 1.536048138016361056e-15 1.010986386242317501e-16
7.783384722726445034e+03 1.566224398887839475e-15 1.086976453781823597e-16
7.788264144884422421e+03 1.590837196322304371e-15 1.003217612988959158e-16
7.793143567042399809e+03 1.377653679089431011e-15 9.709762567407453018e-17
7.798022989200377197e+03 1.330833570224160664e-15 9.757772415670811424e-17
7.802902411358354584e+03 1.274069742005443436e-15 9.869415690228722707e-17
7.807781833516331972e+03 1.156693094270901522e-15 1.109198360729434394e-16
7.812661255674309359e+03 1.294048006167624342e-15 1.020681496292768886e-16
7.817540677832286747e+03 1.299804827924416493e-15 1.052378706494825437e-16
7.822420099990264134e+03 1.419683536894345710e-15 1.029527370660503910e-16
7.827299522148241522e+03 1.065150222686314472e-15 9.871910933635468284e-17
7.832178944306218909e+03 1.368071705649329605e-15 1.477611016965561703e-16
7.837058366464196297e+03 1.405440906818536837e-15 1.094486080358658054e-16
7.841937788622173684e+03 1.101963657378975322e-15 9.812480774982116975e-17
7.846817210780151072e+03 1.351482462415115385e-15 1.010466975872516036e-16
7.851696632938128460e+03 1.252048881477352185e-15 9.932456649278000076e-17
7.856576055096105847e+03 1.093720852535655917e-15 1.020281677270053139e-16
7.861455477254083235e+03 9.103356534189995955e-16 1.012316205225691101e-16
7.866334899412060622e+03 9.869655982542955308e-16 9.972107283046721962e-17
7.871214321570038010e+03 9.580974211119785286e-16 1.118759971713181815e-16
7.876093743728015397e+03 9.522344484261016811e-16 1.028266716105160717e-16
7.880973165885992785e+03 9.256632672522915041e-16 1.038192967273820190e-16
7.885852588043970172e+03 8.302291102611700985e-16 9.982718668772884682e-17
7.890732010201947560e+03 7.924316660962961088e-16 9.958206648963914835e-17
7.895611432359924947e+03 8.850783378912391953e-16 1.062413520066510784e-16
7.900490854517902335e+03 7.729663956432123072e-16 1.007998712049702463e-16
7.905370276675879722e+03 8.234207951930370559e-16 1.035060178046492630e-16
7.910249698833857110e+03 8.532284999120733033e-16 1.025258699123555844e-16
7.915129120991834498e+03 6.087483882876606296e-16 1.028721844337090716e-16
7.920008543149811885e+03 6.966846071851656829e-16 1.029517937064284009e-16
7.924887965307789273e+03 7.160396419526520763e-16 1.004585919747900704e-16
7.929767387465766660e+03 5.473436646476818675e-16 1.004005446117878692e-16
7.934646809623744048e+03 5.507662995748179247e-16 1.015220375227884279e-16
7.939526231781721435e+03 5.391925556524089964e-16 1.028879746199945112e-16
7.944405653939698823e+03 6.634638850240716248e-16 1.047331081780297917e-16
7.949285076097676210e+03 6.540587314580252375e-16 1.030191035160767183e-16
7.954164498255653598e+03 6.806841866609888249e-16 1.024576415168501582e-16
7.959043920413630985e+03 3.189831017108199433e-16 1.033962310867211404e-16
7.963923342571608373e+03 3.497977733209191188e-16 1.098245710999114159e-16
7.968802764729585761e+03 4.985357736678183277e-16 1.116077910677000937e-16
7.973682186887563148e+03 4.285423795746658951e-16 1.040887795849058330e-16
7.978561609045540536e+03 3.913052132078085203e-16 1.036349468198617081e-16
7.983441031203517923e+03 5.159049131630268076e-16 1.042024307004240421e-16
7.988320453361495311e+03 5.779036470808724987e-16 1.050894016724994741e-16
7.993199875519472698e+03 5.215798644633277811e-16 1.032309960023366590e-16
7.998079297677450086e+03 5.112208957853215712e-16 1.040130507514991029e-16
8.002958719835427473e+03 2.168073931816791460e-15 1.235840303332084789e-16
8.007838141993404861e+03 1.002657312191537930e-15 1.106372078317143285e-16
8.012717564151382248e+03 4.379159748518336888e-16 1.054181034501490311e-16
8.017596986309359636e+03 3.611152430262655847e-16 1.044877852469461047e-16
8.022476408467337023e+03 2.885091914467415902e-16 1.062146070764999865e-16
8.027355830625314411e+03 4.920397780978140238e-16 1.083201143425523954e-16
8.032235252783291799e+03 1.749423409836985901e-16 1.313489678145513272e-16
8.037114674941269186e+03 2.214449885555584769e-16 1.114931092375988901e-16
8.041994097099246574e+03 2.283223688864159887e-16 1.078994119668473665e-16
8.046873519257223961e+03 2.651104651980940645e-16 1.096300032968069464e-16
8.051752941415201349e+03 3.681884883850206332e-16 1.089727971292384318e-16
8.056632363573178736e+03 4.090002238472489965e-16 1.089784525399403411e-16
8.061511785731156124e+03 4.982856528126741420e-16 1.142108762077482165e-16
8.066391207889133511e+03 5.123302176987688335e-16 1.101772297249943897e-16
8.071270630047110899e+03 4.088790394376297629e-16 1.109474605784848630e-16
8.076150052205088286e+03 1.967286269031867097e-16 1.100569377535592633e-16
8.081029474363065674e+03 2.143499236875415297e-16 1.094884160971359335e-16
8.085908896521043062e+03 1.675770830974470470e-16 1.091916740315273361e-16
8.090788318679020449e+03 2.036276760002307289e-16 1.096937306539233089e-16
8.095667740836997837e+03 1.401964633476705954e-16 1.131010786422969999e-16
8.100547162994975224e+03 3.548449729594381186e-16 1.123601401815781444e-16
8.105426585152952612e+03 2.695640944835022348e-16 1.132759143800897894e-16
8.110306007310929999e+03 7.793676971792445968e-17 1.128361406483433360e-16
8.115185429468907387e+03 3.031181779211937577e-16 1.147950370648819191e-16
8.120064851626884774e+03 3.105038813315828194e-16 1.135379414096790727e-16
8.124944273784862162e+03 3.030474163632786246e-17 1.124323436359396438e-16
8.129823695942839549e+03 2.898888242144601771e-16 1.140981598533122082e-16
8.134703118100816937e+03 4.193588563876313625e-16 1.144165487823686379e-16
8.139582540258794324e+03 2.626291498279878886e-16 1.160552852388640671e-16
8.144461962416771712e+03 2.496416124353677438e-16 1.239400695310731578e-16
8.149341384574749100e+03 4.694792355856290645e-16 1.199167406310450207e-16
8.154220806732726487e+03 5.530505013853598461e-16 1.163376737861934638e-16
8.159100228890703875e+03 3.518179350124265241e-16 1.152479012207546409e-16
8.163979651048681262e+03 3.625732963977602946e-16 1.163202226845556794e-16
8.168859073206658650e+03 5.525646341175003225e-16 1.181647918198271484e-16
8.173738495364636037e+03 3.924081799523790632e-16 1.190277262982828959e-16
8.178617917522613425e+03 3.777151779998382764e-16 1.185660816774274811e-16
8.183497339680590812e+03 3.032954512917067295e-16 1.207278500559480704e-16
8.188376761838568200e+03 3.769472049148344307e-16 1.187784952042137085e-16
8.193256183996545587e+03 2.499602881770719396e-16 1.260888089976449211e-16
8.198135606154522975e+03 2.263201440670839930e-16 1.190170929193949323e-16
8.203015028312500363e+03 1.935655071811918522e-16 1.225034019529236778e-16
8.207894450470477750e+03 4.303095021830826017e-16 1.204728904158613240e-16
8.212773872628455138e+03 4.578873757771141853e-16 1.202952040306483881e-16
8.217653294786432525e+03 4.010826257001128425e-16 1.198153753873449650e-16
8.222532716944409913e+03 3.164858968362329499e-16 1.194285811430425990e-16
8.227412139102387300e+03 3.665685001337746699e-16 1.209539075432901076e-16
8.232291561260364688e+03 4.157678271723181708e-16 1.212826506238596883e-16
8.237170983418342075e+03 3.888253602899188039e-16 1.209752064699808112e-16
8.242050405576319463e+03 4.652882953298845958e-16 1.217911253773997568e-16
8.246929827734296850e+03 4.002516596299333612e-16 1.215282693915681899e-16
8.251809249892274238e+03 4.093517728457480830e-16 1.218211865178062313e-16
8.256688672050251625e+03 5.782980808426154653e-16 1.233629546600002668e-16
8.261568094208229013e+03 3.344219921943376541e-16 1.214492605499208204e-16
8.266447516366206401e+03 4.788874754633504083e-16 1.232236381510589543e-16
8.271326938524183788e+03 5.766945319111966674e-16 1.268159198381979751e-16
8.276206360682161176e+03 5.247292950201494576e-16 1.277504074717698540e-16
8.281085782840138563e+03 4.461431723726946217e-16 1.245081192828523137e-16
8.285965204998115951e+03 4.736004760754035432e-16 1.303128429690091628e-16
8.290844627156093338e+03 6.350432866015980277e-16 1.256121194859764807e-16
8.295724049314070726e+03 4.373320361659243159e-16 1.228688746622855582e-16
8.300603471472048113e+03 3.801207567323018797e-16 1.267326742650701641e-16
8.305482893630025501e+03 5.429308471583880982e-16 1.260111573315410356e-16
8.310362315788002888e+03 5.740190816378308175e-16 1.268075887581106970e-16
8.315241737945980276e+03 6.468996213302857164e-16 1.306647344150663171e-16
8.320121160103957664e+03 6.117688777980699928e-16 1.282123715040824920e-16
8.325000582261935051e+03 7.558258867724833327e-16 1.317916467300382220e-16
8.329880004419912439e+03 7.315514148657994430e-16 1.337612592986256162e-16
8.334759426577889826e+03 7.986760316902043215e-16 1.297725216694457261e-16
8.339638848735867214e+03 7.047006686713696685e-16 1.296946556803265063e-16
8.344518270893844601e+03 6.804853065657890043e-16 1.304601634596674095e-16
8.349397693051821989e+03 7.543410271101677772e-16 1.320819832982920643e-16
8.354277115209799376e+03 1.488094368161073022e-15 1.861945593912598696e-16
8.359156537367776764e+03 1.126934830752134767e-15 1.430591287296221555e-16
8.364035959525754151e+03 9.844979421095070471e-16 1.313238438209208685e-16
8.368915381683731539e+03 8.519065755494958525e-16 1.299586401662227242e-16
8.373794803841708926e+03 7.720750485280320135e-16 1.302400985089803918e-16
8.378674225999686314e+03 8.346401344869074780e-16 1.302248651814158319e-16
8.383553648157663702e+03 8.607252634868790448e-16 1.309941130452684809e-16
8.388433070315641089e+03 9.930582773803516156e-16 1.384232386488942100e-16
8.393312492473618477e+03 9.745964336372790257e-16 1.330266884905447268e-16
8.398191914631595864e+03 1.150523700299072090e-15 1.623189326740424991e-16
8.403071336789573252e+03 1.065845484543246359e-15 1.380015906261230260e-16
8.407950758947550639e+03 1.111955525094409537e-15 1.377464558107464135e-16
8.412830181105528027e+03 1.019546651839296631e-15 1.374240786994826816e-16
8.417709603263505414e+03 1.168473512372157588e-15 1.391910904909341990e-16
8.422589025421482802e+03 9.727738471844366319e-16 1.324890853439806050e-16
8.427468447579460189e+03 9.616966792011438660e-16 1.338132204623431784e-16
8.432347869737437577e+03 9.795444425532233867e-16 1.334882090178304088e-16
8.437227291895414965e+03 1.131019012537072879e-15 1.356851196184205185e-16
8.442106714053392352e+03 9.606670661605672576e-16 1.378998491520677208e-16
8.446986136211369740e+03 1.072863146018074765e-15 1.351529230917784082e-16
8.451865558369347127e+03 1.296588330419959113e-15 1.401340658705925935e-16
8.456744980527324515e+03 1.262548122495619572e-15 1.359574686689030840e-16
8.461624402685301902e+03 9.323496354020357824e-16 1.344266306805950832e-16
8.466503824843279290e+03 1.170063170402870423e-15 1.360393426557130892e-16
8.471383247001256677e+03 1.224196586216999460e-15 1.382485745295194990e-16
8.476262669159234065e+03 1.261608361694232329e-15 1.370938722609372982e-16
8.481142091317211452e+03 7.608833140886083331e-16 1.530470301537645797e-16
8.486021513475188840e+03 9.055686099209363117e-16 1.391455941552266378e-16
8.490900935633166227e+03 9.030980400095288282e-16 1.341522841696776290e-16
8.495780357791143615e+03 1.013983207053528764e-15 1.354249036933390984e-16
8.500659779949121003e+03 1.146858848338988355e-15 1.364635520436603392e-16
8.505539202107098390e+03 1.208912379246936736e-15 1.373987837441883101e-16
8.510418624265075778e+03 8.133287766865723568e-16 1.396593339151281927e-16
8.515298046423053165e+03 1.056959340127730033e-15 1.377317768112819270e-16
8.520177468581030553e+03 1.184771200773780352e-15 1.390202595987161126e-16
8.525056890739007940e+03 1.144243404207748778e-15 1.366135602949500045e-16
8.529936312896985328e+03 1.162676064260725028e-15 1.434277210392195577e-16
8.534815735054962715e+03 1.267322860627122065e-15 1.831875640397813182e-16
8.539695157212940103e+03 1.444213921929690382e-15 1.421826261659722329e-16
8.544574579370917490e+03 1.152302013659082835e-15 1.383868441378913309e-16
8.549454001528894878e+03 1.062809090500814039e-15 1.384658323961567375e-16
8.554333423686872266e+03 1.108971431658479169e-15 1.378172929115186426e-16
8.559212845844849653e+03 9.856746728891849689e-16 1.384732021211709729e-16
8.564092268002827041e+03 1.091417721255389408e-15 1.377980228728371867e-16
8.568971690160804428e+03 1.159414948580963611e-15 1.379678253724861405e-16
8.573851112318781816e+03 1.154011402556350637e-15 1.368159518947109586e-16
8.578730534476759203e+03 1.159043940952506428e-15 1.378544181771458801e-16
8.583609956634736591e+03 1.482889742029439904e-15 1.417775606788708712e-16
8.588489378792713978e+03 1.271161021598434877e-15 1.372236818092300207e-16
8.593368800950691366e+03 1.248839223513959739e-15 1.382880971393145736e-16
8.598248223108668753e+03 1.231014279008168219e-15 1.458407172148163434e-16
8.603127645266646141e+03 1.362697934673492653e-15 1.400294971606959080e-16
8.608007067424623528e+03 1.117690390665594440e-15 1.384997762494760959e-16
8.612886489582600916e+03 1.272142670580089174e-15 1.394879314285814959e-16
8.617765911740578304e+03 1.332705135362713515e-15 1.422070351300519676e-16
8.622645333898555691e+03 1.507215575865696818e-15 1.422983319410419505e-16
8.627524756056533079e+03 1.165977007993688494e-15 1.441238314693109377e-16
8.632404178214510466e+03 1.134126369773596145e-15 1.450711556988528104e-16
8.637283600372487854e+03 1.358355457912553031e-15 1.405506837580244275e-16
8.642163022530465241e+03 1.409008592515538834e-15 1.403869302648343222e-16
8.647042444688442629e+03 1.237594424898071531e-15 1.396742546242450974e-16
8.651921866846420016e+03 1.390784697444563818e-15 1.586238668442321526e-16
8.656801289004397404e+03 1.294675635622015999e-15 1.417481603365576413e-16
8.661680711162374791e+03 1.365473411930116288e-15 1.409496437282323869e-16
8.666560133320352179e+03 1.455995619691512583e-15 1.441345812479639260e-16
8.671439555478329567e+03 1.234970028678058472e-15 1.429399732931902641e-16
8.676318977636306954e+03 1.407598012131067897e-15 1.442346612351959677e-16
8.681198399794284342e+03 1.114172187145552291e-15 1.416191922511866334e-16
8.686077821952261729e+03 1.117529577403906008e-15 1.404111936621389205e-16
8.690957244110239117e+03 1.413832310060822476e-15 1.575620110805707456e-16
8.695836666268216504e+03 1.518816195589069448e-15 1.491983056366261314e-16
8.700716088426193892e+03 1.291240196297888805e-15 1.424030280158184743e-16
8.705595510584171279e+03 1.294842323074070774e-15 1.446145659920322172e-16
8.710474932742148667e+03 1.340715803371561323e-15 1.439875131814168942e-16
8.715354354900126054e+03 1.285208086561617395e-15 1.415783623428576495e-16
8.720233777058103442e+03 1.112955055601500472e-15 1.413995366887519121e-16
8.725113199216080830e+03 1.196026453818825431e-15 1.471350363533544278e-16
8.729992621374058217e+03 1.183701402598010475e-15 1.433395037611536981e-16
8.734872043532035605e+03 1.338364478002448487e-15 1.438579862848206431e-16
8.739751465690012992e+03 1.219163675643535375e-15 1.448186232039368792e-16
8.744630887847990380e+03 1.060624309340575075e-15 1.503836457683535288e-16
8.749510310005967767e+03 1.404682657861681379e-15 1.495016481570910960e-16
8.754389732163945155e+03 1.368746912085952321e-15 1.522758401284391682e-16
8.759269154321922542e+03 9.954667934876646684e-16 1.461537461693692049e-16
8.764148576479899930e+03 1.168492632201416641e-15 1.480347277085710498e-16
8.769027998637877317e+03 1.259563849317825824e-15 1.513406298517397508e-16
8.773907420795854705e+03 1.244207440256747625e-15 1.519612409736300824e-16
8.778786842953832092e+03 1.189072484110778986e-15 1.474770133857737274e-16
8.783666265111809480e+03 1.061822722334183280e-15 1.422630758450155811e-16
8.788545687269786868e+03 1.187851798202066717e-15 1.510022559106595761e-16
8.793425109427764255e+03 9.658485911574916259e-16 1.481610079848430745e-16
8.798304531585741643e+03 1.173829215952510424e-15 1.482716999230418421e-16
8.803183953743719030e+03 1.057654594317952340e-15 1.493089006085293536e-16
8.808063375901696418e+03 1.242734346007366883e-15 1.556082365507216660e-16
8.812942798059673805e+03 1.188155915174434214e-15 1.460464542738217348e-16
8.817822220217651193e+03 1.226877607107462978e-15 1.529774839663423002e-16
8.822701642375628580e+03 1.312181585401340545e-15 1.460379703851150882e-16
8.827581064533605968e+03 1.076455657600117824e-15 1.510353212216931456e-16
8.832460486691583355e+03 1.059046402162168916e-15 1.551481134209681488e-16
8.837339908849560743e+03 1.178820977544011452e-15 1.486989799969502801e-16
8.842219331007538131e+03 1.235135055490067898e-15 1.858219074416908352e-16
8.847098753165515518e+03 1.066826703855574265e-15 1.497338453101275179e-16
8.851978175323492906e+03 1.157907539727224091e-15 1.461084925876980090e-16
8.856857597481470293e+03 1.053574560977521573e-15 1.452418340414556163e-16
8.861737019639447681e+03 9.798071224517159593e-16 1.449953811156891169e-16
8.866616441797425068e+03 9.946484082203323527e-16 1.456430546110966552e-16
8.871495863955402456e+03 1.034288224947809371e-15 1.451965551887278489e-16
8.876375286113379843e+03 1.132444071719697815e-15 1.464096244057333456e-16
8.881254708271357231e+03 1.225607034499190226e-15 1.662051949598363503e-16
8.886134130429334618e+03 1.107687873825996540e-15 1.956511921684430103e-16
8.891013552587312006e+03 8.585648667675398918e-16 1.527267028964175152e-16
8.895892974745289393e+03 9.697685500034414485e-16 1.564015540534438556e-16
8.900772396903266781e+03 9.544764464366935273e-16 1.486080925803364470e-16
8.905651819061244169e+03 7.449630186818791283e-16 1.666971134433407794e-16
8.910531241219221556e+03 8.515876426440450444e-16 1.667309277911407332e-16
8.915410663377198944e+03 6.901778191277769122e-16 1.476872268990041953e-16
8.920290085535176331e+03 1.062260408691138901e-15 1.891392803701676641e-16
8.925169507693153719e+03 9.273463132198267456e-16 1.492659239835683547e-16
8.930048929851131106e+03 1.113949943802886119e-15 1.481356403360170265e-16
8.934928352009108494e+03 5.295214583656081056e-16 1.631491072885993403e-16
8.939807774167085881e+03 7.507363998527627651e-16 1.480112562551190502e-16
8.944687196325063269e+03 8.013950091514144132e-16 1.456948836583760641e-16
8.949566618483040656e+03 7.655640603563635932e-16 1.494557754427122784e-16
8.954446040641018044e+03 8.701591221981796319e-16 1.472425989832910956e-16
8.959325462798995432e+03 1.717845942317809457e-15 2.404196734037717387e-16
8.964204884956972819e+03 1.619996144114075676e-15 1.708944315738219220e-16
8.969084307114950207e+03 7.302465567608363578e-16 1.576737829450670797e-16
8.973963729272927594e+03 1.010937415965402737e-15 1.519471030384901239e-16
8.978843151430904982e+03 1.021385067903508583e-15 1.589360688080868537e-16
8.983722573588882369e+03 9.697555155477984463e-16 1.539904069922420256e-16
8.988601995746859757e+03 6.986831177446801746e-16 1.518632269006357384e-16
8.993481417904837144e+03 7.151900277385216463e-16 1.536734830859885399e-16
8.998360840062814532e+03 9.233345691002314864e-16 1.561702321858518370e-16
9.003240262220791919e+03 1.053384883191607055e-15 1.512392616586201898e-16
9.008119684378769307e+03 9.104521145723936539e-16 1.495643227362022058e-16
9.012999106536746694e+03 9.333817263792892515e-16 1.511213289014978384e-16
9.017878528694724082e+03 8.058247020962255771e-16 1.514333571575282795e-16
9.022757950852701470e+03 7.964667439916803547e-16 1.565240372584863784e-16
9.027637373010678857e+03 1.304380022072408697e-15 1.954721057015576834e-16
9.032516795168656245e+03 8.409259585625474967e-16 1.543027142989118187e-16
9.037396217326633632e+03 9.476385392194909807e-16 1.524217001173334299e-16
9.042275639484611020e+03 9.935470096107895272e-16 1.525261866920654060e-16
9.047155061642588407e+03 1.022414591586138704e-15 1.542773783242922163e-16
9.052034483800565795e+03 1.148437755003768971e-15 1.561809944871280965e-16
9.056913905958543182e+03 1.059441777137362998e-15 1.580773934926049150e-16
9.061793328116520570e+03 1.094935745327754525e-15 1.602992023155630209e-16
9.066672750274497957e+03 7.127281869888336916e-16 1.529745772756296796e-16
9.071552172432475345e+03 5.907555027728094793e-16 1.540927125452718990e-16
9.076431594590452733e+03 7.886701570338544249e-16 1.598381772535711761e-16
9.081311016748430120e+03 8.665006199727542882e-16 1.549518778895461371e-16
9.086190438906407508e+03 4.904233383285380254e-16 1.503905913578281954e-16
9.091069861064384895e+03 1.102544806963616480e-15 1.592472294430147541e-16
9.095949283222362283e+03 1.012228020732570398e-15 1.642663177066185492e-16
9.100828705380339670e+03 8.580796650421602700e-16 1.598039944070046529e-16
9.105708127538317058e+03 9.811272654992135936e-16 1.568827361216030739e-16
9.110587549696294445e+03 1.073037504724864480e-15 1.804588768444845506e-16
9.115466971854271833e+03 8.611881364638986855e-16 1.628635870964139712e-16
9.120346394012249220e+03 1.053386073217917719e-15 1.598769020203995755e-16
9.125225816170226608e+03 1.092091037627824628e-15 1.607223327633110965e-16
9.130105238328203995e+03 1.058234797436390757e-15 1.592039420034296208e-16
9.134984660486181383e+03 1.094945180496723677e-15 1.597020494317909717e-16
9.139864082644158771e+03 1.270767417041338530e-15 1.660239353072098399e-16
9.144743504802136158e+03 8.481853135134514183e-16 1.647902767856720890e-16
9.149622926960113546e+03 8.495933898861624876e-16 1.674391483147514147e-16
9.154502349118090933e+03 6.457380913487808327e-16 1.583698449701674756e-16
9.159381771276068321e+03 9.444841813334507873e-16 1.696728615386749526e-16
9.164261193434045708e+03 7.607348339335006382e-16 1.605360383576316690e-16
9.169140615592023096e+03 9.744375147678555583e-16 1.613547839052048829e-16
9.174020037750000483e+03 9.598792697977416480e-16 1.615064132704157009e-16
9.178899459907977871e+03 1.110857359665129681e-15 1.742403282992267224e-16
9.183778882065955258e+03 1.305718298956043916e-15 1.662726545585188539e-16
9.188658304223932646e+03 1.267882973461473988e-15 1.648680774545388639e-16
9.193537726381910034e+03 9.400324348328709110e-16 1.662329965933372573e-16
9.198417148539887421e+03 1.141583375949314116e-15 1.648351508801704633e-16
9.203296570697864809e+03 9.665775096445249531e-16 1.650153895146378556e-16
9.208175992855842196e+03 1.099618096894790702e-15 1.660665664624296973e-16
9.213055415013819584e+03 8.520873646676920365e-16 1.637568587129533624e-16
9.217934837171796971e+03 1.159720491769439415e-15 1.669304678142864223e-16
9.222814259329774359e+03 1.101029320684334853e-15 2.218548856807291317e-16
9.227693681487751746e+03 8.761632865922279984e-16 1.660961703052211078e-16
9.232573103645729134e+03 8.862424960663939303e-16 1.684546065691015477e-16
9.237452525803706521e+03 1.086711001413849446e-15 1.676082347239320355e-16
9.242331947961683909e+03 9.987866110447364436e-16 1.669802558866916699e-16
9.247211370119661296e+03 9.626266666515193871e-16 1.691832225064245143e-16
9.252090792277638684e+03 9.705885679891775005e-16 1.704470448553563166e-16
9.256970214435616072e+03 1.023361238457642135e-15 1.684793345313514178e-16
9.261849636593593459e+03 9.013209078098819727e-16 1.725207020075566246e-16
9.266729058751570847e+03 1.095657919513890617e-15 1.822274309270851369e-16
9.271608480909548234e+03 1.281072059832706813e-15 1.755480215103388890e-16
9.276487903067525622e+03 1.106908682352823320e-15 1.772691685690621749e-16
9.281367325225503009e+03 8.418417375514128965e-16 1.734623251381229505e-16
9.286246747383480397e+03 5.189797904614494546e-16 1.729858629537896789e-16
9.291126169541457784e+03 6.547623096463250520e-16 1.751822034420365334e-16
9.296005591699435172e+03 6.240038241478212574e-16 1.766670698298082190e-16
9.300885013857412559e+03 9.495800369040802067e-16 1.740518714972636155e-16
9.305764436015389947e+03 7.772008563017609416e-16 1.755877985082664059e-16
9.310643858173367335e+03 7.999019545051364948e-16 1.790288625877712576e-16
9.315523280331344722e+03 6.281320090125226009e-16 2.000961353762693393e-16
9.320402702489322110e+03 8.692347299139359283e-16 1.761161635451084330e-16
9.325282124647299497e+03 1.252202992619333916e-15 1.827006855637195745e-16
9.330161546805276885e+03 1.279442136238922568e-15 1.855515411160557533e-16
9.335040968963254272e+03 9.635226930232970287e-16 1.860139359452812457e-16
9.339920391121231660e+03 1.130084917778033352e-15 1.913236233452080409e-16
9.344799813279209047e+03 8.478233961845102655e-16 1.815664216752623795e-16
9.349679235437186435e+03 1.386379089840905317e-15 1.984192516289694094e-16
9.354558657595163822e+03 1.321712880269510589e-15 1.881009253853102796e-16
9.359438079753141210e+03 9.681520580047879402e-16 1.903111740377081880e-16
9.364317501911118597e+03 1.484051592215827290e-15 2.062560068303382474e-16
9.369196924069095985e+03 9.962200287340849672e-16 1.930635378987439485e-16
9.374076346227073373e+03 7.266986382949456891e-16 1.842890171254564224e-16
9.378955768385050760e+03 4.038391688592317183e-16 1.924252610700930409e-16
9.383835190543028148e+03 8.454028124656303930e-16 1.913362086550279621e-16
9.388714612701005535e+03 5.297452831101565377e-16 1.865205035521487592e-16
9.393594034858982923e+03 7.797705275419223871e-16 1.917181066484936366e-16
9.398473457016960310e+03 5.700932207905575207e-16 1.892939951457734202e-16
9.403352879174937698e+03 9.245195241053417735e-16 1.929733867309877861e-16
9.408232301332915085e+03 1.129147933794518373e-15 1.951683676977158051e-16
9.413111723490892473e+03 9.791372906978995885e-16 1.957595062126974697e-16
9.417991145648869860e+03 1.351823688416151571e-15 2.009510597081802824e-16
9.422870567806847248e+03 1.164654201374309032e-15 2.007201215694702403e-16
9.427749989964824636e+03 1.062259393975313603e-15 1.992314563512176770e-16
9.432629412122802023e+03 5.911526680105864387e-16 1.960266841649711411e-16
9.437508834280779411e+03 1.141805007952400509e-15 2.025657818205642847e-16
9.442388256438756798e+03 7.872600564612757715e-16 2.097938451434700846e-16
9.447267678596734186e+03 7.951966099838594157e-16 2.014622620508219948e-16
9.452147100754711573e+03 6.717536166223357991e-16 2.023011194528817959e-16
9.457026522912688961e+03 8.885989837298728733e-16 2.036059650051439213e-16
9.461905945070666348e+03 7.562675740108780797e-16 2.209765940262276237e-16
9.466785367228643736e+03 1.127223449148559325e-15 2.196870696954766274e-16
9.471664789386621123e+03 9.496483937974001396e-16 2.093534918207705975e-16
9.476544211544598511e+03 8.518380832203191511e-16 2.086185566453131282e-16
9.481423633702575898e+03 1.060808677873602766e-15 2.133535990128156899e-16
9.486303055860553286e+03 7.136074744740873733e-16 2.130123220546259801e-16
9.491182478018530674e+03 8.449438559405056839e-16 2.128785927857257423e-16
9.496061900176508061e+03 1.085240335144659142e-15 2.157619716785394123e-16
9.500941322334485449e+03 7.845537139847246950e-16 2.117866923088950338e-16
9.505820744492462836e+03 1.233688845903785067e-15 2.181159614738355543e-16
9.510700166650440224e+03 1.022129228075106664e-15 2.346833419769922101e-16
9.515579588808417611e+03 9.809994362808672088e-16 2.161123243950399521e-16
9.520459010966394999e+03 7.025726155653447783e-16 2.113573316144685878e-16
9.525338433124372386e+03 1.006633489078233893e-15 2.159174805147222509e-16
9.530217855282349774e+03 8.584463795499793449e-16 2.135317887985228975e-16
9.535097277440327161e+03 7.574419572413980638e-16 2.150947012186502999e-16
9.539976699598304549e+03 8.100646739045768403e-16 2.186586488551405243e-16
9.544856121756281937e+03 2.384128830399288813e-15 2.841035924046266827e-16
9.549735543914259324e+03 6.076055205809802249e-16 2.124201418543451884e-16
9.554614966072236712e+03 6.401047743344413243e-16 2.182729073056011935e-16
9.559494388230214099e+03 3.608159167815963143e-16 2.188313471734168627e-16
9.564373810388191487e+03 5.647938400535237706e-16 2.245013710489832028e-16
9.569253232546168874e+03 3.197682320492100605e-16 1.579240577366202283e-16
9.574132654704146262e+03 1.595220286826238647e-16 2.101376057316990443e-16
9.579012076862123649e+03 9.328713735224618083e-16 2.285453133268398168e-16
9.583891499020101037e+03 2.151201896667249766e-16 2.205833220382269278e-16
9.588770921178078424e+03 5.954326692713426975e-16 2.263255756817469355e-16
9.593650343336055812e+03 2.762494962311540580e-16 2.269424697785861644e-16
9.598529765494033200e+03 7.919540288547832549e-16 2.199791327840863497e-16
9.603409187652010587e+03 9.985666272390223192e-16 2.234784834124044725e-16
9.608288609809987975e+03 6.951362866369544860e-16 2.376518622193623742e-16
9.613168031967965362e+03 9.238589227879947605e-16 2.416713302612858657e-16
9.618047454125942750e+03 9.542177581381781795e-16 2.310017420071711189e-16
9.622926876283920137e+03 9.354949451656257241e-16 2.579338442158708603e-16
9.627806298441897525e+03 6.919579729691152443e-16 2.258427309570490963e-16
9.632685720599874912e+03 7.120269314667943750e-16 2.241846463203629690e-16
9.637565142757852300e+03 1.038134154902923971e-15 2.338330535070646514e-16
9.642444564915829687e+03 7.268083553515906426e-16 2.255460498940513538e-16
9.647323987073807075e+03 1.065936511985477858e-15 2.325064564633480752e-16
9.652203409231784462e+03 7.144731681367327018e-16 2.372151156553708775e-16
9.657082831389761850e+03 5.339277132995143714e-16 2.322276080572419912e-16
9.661962253547739238e+03 7.323523728390781784e-16 2.364992123137583624e-16
9.666841675705716625e+03 6.136693377669449999e-16 2.321113358925162373e-16
9.671721097863694013e+03 7.562212867565686620e-16 2.361697663193316463e-16
9.676600520021671400e+03 9.043860196267285875e-16 3.283327983419853542e-16
9.681479942179648788e+03 8.593116388235921980e-16 2.422308434932479518e-16
9.686359364337626175e+03 9.738062851036172936e-16 2.378615644430531055e-16
9.691238786495603563e+03 6.067735442931341350e-16 2.369019116627016198e-16
9.696118208653580950e+03 6.900656047689577199e-16 2.454066866425333734e-16
9.700997630811558338e+03 4.212750743261909951e-17 2.531150805990014691e-16
9.705877052969535725e+03 1.689375486378974691e-15 2.515417462143954752e-16
9.710756475127513113e+03 1.179350219126716270e-15 2.473193234457415918e-16
9.715635897285490501e+03 7.553396836314232811e-16 2.459977767016496499e-16
9.720515319443467888e+03 5.412696625360766594e-16 2.434935764820019564e-16
9.725394741601445276e+03 4.869575856451897800e-16 2.518351506443460263e-16
9.730274163759422663e+03 7.914455808482917917e-16 2.486172799837362338e-16
9.735153585917400051e+03 5.115070531705870304e-16 2.489374450155451695e-16
9.740033008075377438e+03 4.162110170447699932e-16 2.766461445271733126e-16
9.744912430233354826e+03 1.084283118372083335e-15 2.869588448705296275e-16
9.749791852391332213e+03 4.920749909477241949e-16 2.716107990937719687e-16
9.754671274549309601e+03 1.042107309897784312e-15 2.752835744112309078e-16
9.759550696707286988e+03 6.789519811077908185e-16 2.612438168260472208e-16
9.764430118865264376e+03 8.915733998117740303e-16 2.565915640605361394e-16
9.769309541023241763e+03 9.866302643137990589e-16 2.619867999546909629e-16
9.774188963181219151e+03 6.438619200094203043e-16 2.655285535999818894e-16
9.779068385339196539e+03 5.572681221244696922e-16 2.616761898392717992e-16
9.783947807497173926e+03 3.777346384103880632e-16 2.637059522535891285e-16
9.788827229655151314e+03 3.215995103920109956e-16 2.617160209283175283e-16
9.793706651813128701e+03 7.453257241124785340e-16 2.664049845117669745e-16
9.798586073971106089e+03 9.137719886692828575e-16 2.682627706131551931e-16
9.803465496129083476e+03 8.852268996844439584e-16 2.683450099476584608e-16
9.808344918287060864e+03 5.084497393686439073e-16 2.758846585167421701e-16
9.813224340445038251e+03 6.366388926581352831e-16 2.693877509261544406e-16
9.818103762603015639e+03 7.117594991648948302e-16 2.724393885105014417e-16
9.822983184760993026e+03 1.075344563239911300e-15 2.781945909140570773e-16
9.827862606918970414e+03 7.358333837478045506e-16 2.779832832467656440e-16
9.832742029076947802e+03 3.792024060951550248e-16 2.770428333586818935e-16
9.837621451234925189e+03 3.137149078357364181e-16 2.781911756084268958e-16
9.842500873392902577e+03 7.183767353421224331e-15 3.108267401537015694e-16
9.847380295550879964e+03 2.531766049699315371e-14 5.596377528467144934e-16
9.852259717708857352e+03 1.678980436880484940e-16 2.819206737271821300e-16
9.857139139866834739e+03 2.409376749755524619e-16 2.896513742247019626e-16
9.862018562024812127e+03 4.323165312887003085e-16 2.881804899271900035e-16
9.866897984182789514e+03 8.938991772690766886e-16 2.952348102593410684e-16
9.871777406340766902e+03 3.657419008541719874e-16 2.917599434781714419e-16
9.876656828498744289e+03 8.348912066256933532e-16 3.115033104078411657e-16
9.881536250656721677e+03 7.324854204792778987e-16 3.114252068653137635e-16
9.886415672814699064e+03 3.216148101824320080e-16 5.206318185847302969e-16
9.891295094972676452e+03 -2.287525462335313992e-16 3.285034068786933395e-16
9.896174517130653840e+03 -5.222733208710159350e-16 3.154838324594448097e-16
9.901053939288631227e+03 -5.901286816139161565e-16 3.149240579769203621e-16
9.905933361446608615e+03 3.372510489840524332e-16 3.026036092177059845e-16
9.910812783604586002e+03 6.044852491485188769e-16 3.112586030342225790e-16
9.915692205762563390e+03 -1.309460376812320466e-17 3.105513534200094158e-16
9.920571627920540777e+03 4.905157225208545361e-16 3.258382701524709385e-16
9.925451050078518165e+03 3.837281572446434194e-16 3.186530394755920480e-16
9.930330472236495552e+03 1.691208501027950542e-16 3.220534460384584658e-16
9.935209894394472940e+03 1.938694748511042333e-16 3.195062978357907880e-16
9.940089316552450327e+03 6.089512302369097606e-16 3.242362970841668094e-16
9.944968738710427715e+03 4.591660790867830028e-16 3.303369546975032154e-16
9.949848160868405103e+03 -7.595066125443534414e-17 3.479639915785555471e-16
9.954727583026382490e+03 7.570825832323054911e-16 3.456016779395067820e-16
9.959607005184359878e+03 1.092394404946942776e-15 4.127802253649117539e-16
9.964486427342337265e+03 3.981972338739541350e-15 4.015604765860986993e-16
9.969365849500314653e+03 8.763861102910455946e-15 6.004966070656241111e-16
9.974245271658292040e+03 6.805306457242998568e-16 4.190274610593315704e-16
9.979124693816269428e+03 1.023236116768503627e-16 3.445383865395818830e-16
9.984004115974246815e+03 -2.997749451152614504e-17 3.468150610192228195e-16
9.988883538132224203e+03 2.043508571238402817e-16 3.539400207564524135e-16
9.993762960290201590e+03 -4.145817124639933301e-17 3.535623826552081220e-16
9.998642382448178978e+03 2.060444891501910075e-16 3.591971070630200934e-16
1.000352180460615637e+04 3.771155261175589998e-16 3.611837180964661664e-16
1.000840122676413375e+04 5.122166155249450112e-16 3.678647465366159051e-16
1.001328064892211114e+04 8.055139862182955027e-16 5.051515503198291106e-16
1.001816007108008853e+04 2.620938573993084437e-16 4.504541780724456822e-16
1.002303949323806592e+04 3.139296354270441533e-16 3.841631347876252259e-16
1.002791891539604330e+04 -8.216884080875967391e-17 3.856500800948975021e-16
1.003279833755402069e+04 -8.719169693550587101e-16 3.920149276600300333e-16
1.003767775971199808e+04 -3.722284912999893379e-16 3.988969509812369040e-16
1.004255718186997547e+04 2.464732985655471993e-16 3.978827503521849459e-16
1.004743660402795285e+04 1.447996123788526753e-15 4.155580410102236567e-16
1.005231602618593024e+04 6.691529382705220590e-16 4.282531709307040896e-16
1.005719544834390763e+04 -3.024751930539145745e-16 4.134196006056063414e-16
1.006207487050188502e+04 -6.514879282840370604e-16 4.118240742050399282e-16
1.006695429265986240e+04 -1.140952690262718676e-16 4.532150072017723260e-16
1.007183371481783979e+04 -4.909188161578072202e-16 4.910945455909226176e-16
1.007671313697581718e+04 7.735185343907647810e-17 4.320194321026312089e-16
1.008159255913379457e+04 6.953832159988392936e-16 4.409232694492605325e-16
1.008647198129177195e+04 7.933618610074607682e-16 4.496841168607478379e-16
1.009135140344974934e+04 8.894268481585638762e-16 4.619704626520803586e-16
1.009623082560772673e+04 3.079104534634962457e-16 4.822521722845232356e-16
1.010111024776570412e+04 2.796937579471716998e-16 4.891849008691235565e-16
1.010598966992368150e+04 3.673333546410005768e-16 4.781879356112217189e-16
1.011086909208165889e+04 2.367882892759154813e-16 4.900078524821187330e-16
1.011574851423963628e+04 -3.559312542115354167e-16 5.571512281745463487e-16
1.012062793639761367e+04 -3.088520277645433797e-16 5.948489651411086594e-16
1.012550735855559105e+04 8.615704626053171771e-17 5.073182902057136645e-16
1.013038678071356844e+04 3.090628671650869465e-16 7.250996428212876186e-16
1.013526620287154583e+04 1.551161131818296667e-16 7.162725726220207401e-16
1.014014562502952322e+04 1.633428296060730782e-16 5.496457023225055590e-16
1.014502504718750060e+04 4.844901458356892498e-16 5.645702440628626067e-16
1.014990446934547799e+04 -2.103785950450787332e-17 5.565806036507714089e-16
1.015478389150345538e+04 -1.067328382972961975e-15 5.625371278732956763e-16
1.015966331366143277e+04 -3.160488923290201479e-16 5.774988482284337920e-16
1.016454273581941015e+04 3.435966313241087165e-16 5.936472112579466907e-16
1.016942215797738754e+04 -3.841083033669329442e-16 6.233676827025116715e-16
1.017430158013536493e+04 -6.919809883129038816e-16 6.339972888943861409e-16
1.017918100229334232e+04 -3.747017797366362029e-16 6.269686993713096566e-16
1.018406042445131970e+04 -2.435650121972437066e-16 8.978515359577693422e-16
1.018893984660929709e+04 1.621258192548756111e-15 9.819095224222491808e-16
1.019381926876727448e+04 6.976951192871265832e-16 6.900243815444122760e-16
1.019869869092525187e+04 -2.189626576208131868e-16 6.943223592464688010e-16
1.020357811308322925e+04 9.834977656739045837e-17 7.246201194051489889e-16
1.020845753524120664e+04 9.943764021630761811e-16 7.556390763437025320e-16
1.021333695739918403e+04 1.295598408394494538e-16 7.681060022029243522e-16
1.021821637955716142e+04 -5.624196732260755011e-16 7.809868064405562334e-16
1.022309580171513880e+04 3.400378818096375849e-16 8.049154958885742989e-16
