# PSN07 ock413010 G230L MAMA z=0.0049 a2center=520.8 extrsize=11 exptime=1345.0 mode=fixed flags=none
# rest_wvl obs_wvl flux error net dq mask
1563.2013 1570.8610 0.000000e+00 0.000000e+00 -4.231943e-03 2564 0
1564.7373 1572.4046 0.000000e+00 0.000000e+00 -2.156484e-03 2564 0
1566.2734 1573.9482 0.000000e+00 0.000000e+00 4.319786e-04 2564 0
1567.8095 1575.4918 0.000000e+00 0.000000e+00 -2.577367e-03 2564 0
1569.3456 1577.0354 0.000000e+00 0.000000e+00 -7.675213e-03 2560 0
1570.8817 1578.5790 0.000000e+00 0.000000e+00 3.575298e-03 512 0
1572.4178 1580.1227 -5.187725e-14 1.248210e-13 -1.399878e-03 0 0
1573.9540 1581.6663 2.626481e-14 3.513870e-14 2.583454e-03 0 0
1575.4901 1583.2100 2.482058e-14 2.051753e-14 4.217639e-03 0 0
1577.0262 1584.7537 -1.673751e-14 1.144427e-14 -4.045028e-03 0 0
1578.5624 1586.2974 -2.969087e-15 1.061754e-14 -9.311355e-04 0 0
1580.0986 1587.8410 -7.954129e-15 7.962263e-15 -3.068162e-03 0 0
1581.6347 1589.3847 -1.036978e-14 6.235724e-15 -4.749778e-03 0 0
1583.1709 1590.9285 -1.257156e-14 4.951130e-15 -6.670009e-03 0 0
1584.7071 1592.4722 -7.755291e-15 4.763434e-15 -4.678785e-03 0 0
1586.2433 1594.0159 7.841426e-16 5.022584e-15 5.378171e-04 0 0
1587.7795 1595.5596 8.967292e-16 4.411955e-15 6.958624e-04 0 0
1589.3157 1597.1034 -1.699792e-15 3.688766e-15 -1.488645e-03 0 0
1590.8519 1598.6471 -8.367429e-15 2.399842e-15 -8.231670e-03 0 0
1592.3882 1600.1909 -2.246736e-15 2.806567e-15 -2.471987e-03 0 0
1593.9244 1601.7347 -6.283713e-16 2.723300e-15 -7.695736e-04 0 0
1595.4607 1603.2784 -4.306969e-15 2.033158e-15 -5.843805e-03 0 0
1596.9969 1604.8222 4.561557e-17 2.246592e-15 6.828015e-05 0 0
1598.5332 1606.3660 5.670728e-16 2.126887e-15 9.323788e-04 0 0
1600.0695 1607.9098 3.691301e-15 2.253350e-15 6.643731e-03 0 0
1601.6058 1609.4536 1.026379e-15 1.801730e-15 2.014333e-03 0 0
1603.1421 1610.9975 -1.060764e-15 1.490169e-15 -2.263834e-03 0 0
1604.6784 1612.5413 -3.745082e-16 1.420839e-15 -8.659796e-04 0 0
1606.2147 1614.0851 4.880311e-16 1.437846e-15 1.219827e-03 0 0
1607.7510 1615.6290 -1.284233e-15 1.084746e-15 -3.457520e-03 0 0
1609.2873 1617.1729 -1.254814e-15 1.027586e-15 -3.630869e-03 0 0
1610.8237 1618.7167 -2.085853e-15 8.552249e-16 -6.464912e-03 0 0
1612.3600 1620.2606 -1.432427e-15 8.517116e-16 -4.745360e-03 0 0
1613.8964 1621.8045 -8.340695e-16 8.366505e-16 -2.944058e-03 0 0
1615.4328 1623.3484 1.287961e-15 1.045617e-15 4.833689e-03 0 0
1616.9691 1624.8923 -2.425841e-16 7.997860e-16 -9.651758e-04 0 0
1618.5055 1626.4362 -1.528175e-16 7.869050e-16 -6.432427e-04 0 0
1620.0419 1627.9801 -9.249282e-16 6.423154e-16 -4.107971e-03 0 0
1621.5783 1629.5241 2.573792e-16 7.669631e-16 1.203701e-03 0 0
1623.1147 1631.0680 -1.199188e-16 6.690382e-16 -5.891779e-04 0 0
1624.6512 1632.6120 6.278928e-17 6.642375e-16 3.234398e-04 0 0
1626.1876 1634.1559 5.185545e-16 6.758282e-16 2.794891e-03 0 0
1627.7240 1635.6999 -6.222299e-17 5.874417e-16 -3.502298e-04 0 0
1629.2605 1637.2439 1.664286e-16 5.886374e-16 9.765468e-04 0 0
1630.7969 1638.7878 2.637472e-16 5.785696e-16 1.610366e-03 0 0
1632.3334 1640.3318 -1.081781e-16 5.183901e-16 -6.862603e-04 0 0
1633.8699 1641.8758 2.420473e-16 5.331536e-16 1.592662e-03 0 0
1635.4064 1643.4199 -1.353819e-16 4.784733e-16 -9.227779e-04 0 0
1636.9429 1644.9639 -7.033362e-16 3.826639e-16 -4.958320e-03 0 0
1638.4794 1646.5079 1.039860e-16 4.718690e-16 7.573697e-04 0 0
1640.0159 1648.0520 3.199110e-16 4.772759e-16 2.403923e-03 0 0
1641.5524 1649.5960 6.795313e-16 5.036987e-16 5.263313e-03 0 0
1643.0889 1651.1401 1.803673e-16 4.404267e-16 1.437894e-03 0 0
1644.6255 1652.6841 -2.333815e-17 4.053147e-16 -1.913231e-04 0 0
1646.1620 1654.2282 6.096953e-16 4.541749e-16 5.134044e-03 0 0
1647.6986 1655.7723 1.425169e-16 3.979700e-16 1.231859e-03 0 0
1649.2351 1657.3164 -3.319238e-17 3.694544e-16 -2.941794e-04 0 0
1650.7717 1658.8605 8.618539e-16 4.460126e-16 7.827641e-03 0 0
1652.3083 1660.4046 -1.488568e-16 3.293695e-16 -1.384032e-03 0 0
1653.8449 1661.9487 5.395121e-16 4.053516e-16 5.132628e-03 0 0
1655.3815 1663.4929 4.211327e-17 3.540185e-16 4.095461e-04 0 0
1656.9181 1665.0370 -1.086427e-16 3.212123e-16 -1.079547e-03 0 0
1658.4547 1666.5812 -3.319917e-16 2.846967e-16 -3.367803e-03 0 0
1659.9914 1668.1253 -4.198533e-16 2.664084e-16 -4.346394e-03 0 0
1661.5280 1669.6695 6.906080e-17 3.145784e-16 7.290266e-04 0 0
1663.0646 1671.2137 2.619544e-16 3.314831e-16 2.818809e-03 0 0
1664.6013 1672.7578 1.056940e-16 3.126947e-16 1.158610e-03 0 0
1666.1380 1674.3020 1.657224e-16 3.039186e-16 1.850017e-03 0 0
1667.6746 1675.8462 -1.332824e-17 2.850192e-16 -1.514400e-04 0 0
1669.2113 1677.3905 -2.320809e-16 2.613390e-16 -2.683196e-03 0 0
1670.7480 1678.9347 2.553346e-16 3.121071e-16 3.002313e-03 0 0
1672.2847 1680.4789 -1.059118e-16 2.596904e-16 -1.266206e-03 0 0
1673.8214 1682.0231 -1.295361e-16 2.572832e-16 -1.573853e-03 0 0
1675.3581 1683.5674 5.434283e-16 3.121063e-16 6.708349e-03 0 0
1676.8949 1685.1117 -1.967091e-16 2.426158e-16 -2.466097e-03 0 0
1678.4316 1686.6559 1.975084e-16 2.799529e-16 2.514069e-03 0 0
1679.9683 1688.2002 -8.604946e-17 2.413447e-16 -1.111655e-03 0 0
1681.5051 1689.7445 -1.242947e-16 2.312626e-16 -1.629309e-03 0 0
1683.0419 1691.2888 -5.450371e-17 2.447490e-16 -7.246756e-04 0 0
1684.5786 1692.8331 -1.175939e-16 2.304363e-16 -1.585525e-03 0 0
1686.1154 1694.3774 -4.383212e-17 2.313191e-16 -5.991043e-04 0 0
1687.6522 1695.9217 -3.416345e-16 1.953204e-16 -4.732629e-03 0 0
1689.1890 1697.4660 1.722718e-16 2.508435e-16 2.417966e-03 0 0
1690.7258 1699.0104 1.403100e-16 2.424840e-16 1.994959e-03 0 0
1692.2626 1700.5547 2.836871e-16 2.525098e-16 4.084766e-03 0 0
1693.7995 1702.0991 -8.637926e-17 2.133103e-16 -1.259224e-03 0 0
1695.3363 1703.6434 2.043122e-16 2.437533e-16 3.014740e-03 0 0
1696.8731 1705.1878 -3.494185e-16 1.691562e-16 -5.217813e-03 0 0
1698.4100 1706.7322 8.211529e-18 2.165680e-16 1.240685e-04 0 0
1699.9469 1708.2766 -1.221793e-16 1.984573e-16 -1.867497e-03 0 0
1701.4837 1709.8210 -5.086904e-17 2.110596e-16 -7.864322e-04 0 0
1703.0206 1711.3654 1.669186e-16 2.221535e-16 2.609721e-03 0 0
1704.5575 1712.9098 1.169773e-16 2.198496e-16 1.849299e-03 0 0
1706.0944 1714.4543 -2.993062e-16 1.626160e-16 -4.783889e-03 0 0
1707.6313 1715.9987 3.836752e-16 2.419854e-16 6.199190e-03 0 0
1709.1682 1717.5432 7.044821e-17 2.058171e-16 1.150529e-03 0 0
1710.7052 1719.0876 9.226419e-17 2.042421e-16 1.522918e-03 0 0
1712.2421 1720.6321 2.213069e-16 2.150863e-16 3.691586e-03 0 0
1713.7790 1722.1765 -2.520518e-16 1.600799e-16 -4.248662e-03 0 0
1715.3160 1723.7210 -4.991461e-17 1.794549e-16 -8.501629e-04 0 0
1716.8529 1725.2655 -3.545247e-17 1.824919e-16 -6.101161e-04 0 0
1718.3899 1726.8100 1.321898e-16 1.977681e-16 2.298437e-03 0 0
1719.9269 1728.3545 -2.128574e-16 1.579352e-16 -3.739118e-03 0 0
1721.4639 1729.8991 1.074393e-16 1.917051e-16 1.906629e-03 0 0
1723.0009 1731.4436 2.243165e-16 2.025428e-16 4.021246e-03 0 0
1724.5379 1732.9881 4.065090e-17 1.835204e-16 7.361054e-04 0 0
1726.0749 1734.5327 -3.167496e-16 1.329506e-16 -5.793284e-03 0 0
1727.6119 1736.0772 -1.615431e-16 1.534017e-16 -2.984051e-03 0 0
1729.1490 1737.6218 -5.802317e-17 1.652925e-16 -1.082414e-03 0 0
1730.6860 1739.1664 -2.917789e-17 1.695185e-16 -5.496499e-04 0 0
1732.2231 1740.7109 7.162038e-17 1.765742e-16 1.362291e-03 0 0
1733.7601 1742.2555 3.152503e-17 1.649426e-16 6.054101e-04 0 0
1735.2972 1743.8001 1.197338e-16 1.800409e-16 2.321300e-03 0 0
1736.8343 1745.3448 -3.342289e-17 1.577829e-16 -6.540862e-04 0 0
1738.3714 1746.8894 -6.227949e-17 1.503175e-16 -1.230180e-03 0 0
1739.9084 1748.4340 2.527919e-17 1.645582e-16 5.039271e-04 0 0
1741.4456 1749.9786 -1.178112e-16 1.449458e-16 -2.369885e-03 0 0
1742.9827 1751.5233 -1.252481e-16 1.425980e-16 -2.542907e-03 0 0
1744.5198 1753.0679 3.063461e-16 1.882285e-16 6.276987e-03 0 0
1746.0569 1754.6126 -1.293137e-16 1.336431e-16 -2.673659e-03 0 0
1747.5941 1756.1573 1.011594e-16 1.646678e-16 2.110331e-03 0 0
1749.1312 1757.7020 1.967245e-16 1.726756e-16 4.140284e-03 0 0
1750.6684 1759.2466 -9.808370e-17 1.357519e-16 -2.082375e-03 0 0
1752.2055 1760.7913 -1.404680e-16 1.320661e-16 -3.007981e-03 0 0
1753.7427 1762.3361 2.238983e-16 1.732986e-16 4.835599e-03 0 0
1755.2799 1763.8808 -2.906572e-16 1.068496e-16 -6.330384e-03 0 0
1756.8171 1765.4255 -3.303735e-17 1.425415e-16 -7.255590e-04 0 0
1758.3543 1766.9702 3.396381e-17 1.460620e-16 7.520594e-04 0 0
1759.8915 1768.5150 -1.533772e-16 1.239809e-16 -3.424019e-03 0 0
1761.4287 1770.0597 -4.772885e-17 1.327579e-16 -1.074109e-03 0 0
1762.9660 1771.6045 -1.018570e-16 1.274161e-16 -2.310595e-03 0 0
1764.5032 1773.1493 7.570954e-17 1.486135e-16 1.731026e-03 0 0
1766.0405 1774.6941 5.188589e-17 1.431337e-16 1.195634e-03 0 0
1767.5777 1776.2389 8.248468e-19 1.347486e-16 1.915474e-05 0 0
1769.1150 1777.7837 3.272537e-16 1.713674e-16 7.658078e-03 0 0
1770.6523 1779.3285 -9.031898e-17 1.225790e-16 -2.129664e-03 0 0
1772.1895 1780.8733 2.354329e-17 1.384622e-16 5.593408e-04 0 0
1773.7268 1782.4181 1.374593e-16 1.480501e-16 3.290305e-03 0 0
1775.2641 1783.9629 9.032466e-18 1.340313e-16 2.178227e-04 0 0
1776.8015 1785.5078 1.317114e-16 1.444761e-16 3.199919e-03 0 0
1778.3388 1787.0526 9.972787e-17 1.392581e-16 2.440813e-03 0 0
1779.8761 1788.5975 8.769061e-17 1.347164e-16 2.162066e-03 0 0
1781.4135 1790.1424 3.076164e-17 1.318706e-16 7.640234e-04 0 0
1782.9508 1791.6873 3.315529e-17 1.277258e-16 8.295414e-04 0 0
1784.4882 1793.2321 -3.161447e-17 1.197806e-16 -7.967870e-04 0 0
1786.0255 1794.7770 -1.350818e-16 1.040361e-16 -3.429599e-03 0 0
1787.5629 1796.3220 -1.070668e-16 1.135878e-16 -2.738258e-03 0 0
1789.1003 1797.8669 -6.769176e-17 1.128579e-16 -1.744054e-03 0 0
1790.6377 1799.4118 6.209804e-17 1.288199e-16 1.611722e-03 0 0
1792.1751 1800.9567 7.096530e-17 1.297583e-16 1.855597e-03 0 0
1793.7125 1802.5017 1.629922e-16 1.355917e-16 4.293530e-03 0 0
1795.2499 1804.0466 1.138609e-16 1.323810e-16 3.021755e-03 0 0
1796.7873 1805.5916 1.243939e-16 1.305281e-16 3.325875e-03 0 0
1798.3248 1807.1366 9.330605e-17 1.250537e-16 2.513326e-03 0 0
1799.8622 1808.6816 -9.624923e-18 1.124113e-16 -2.611880e-04 0 0
1801.3997 1810.2265 2.911134e-16 1.446137e-16 7.958440e-03 0 0
1802.9371 1811.7715 1.463610e-16 1.305042e-16 4.030739e-03 0 0
1804.4746 1813.3165 4.459266e-16 1.575430e-16 1.237065e-02 0 0
1806.0121 1814.8616 1.368218e-16 1.253325e-16 3.823285e-03 0 0
1807.5496 1816.4066 1.781480e-16 1.317429e-16 5.013898e-03 0 0
1809.0871 1817.9516 1.943185e-16 1.304563e-16 5.508098e-03 0 0
1810.6246 1819.4967 2.038217e-16 1.299008e-16 5.818029e-03 0 0
1812.1621 1821.0417 1.087125e-16 1.223520e-16 3.124777e-03 0 0
1813.6997 1822.5868 3.182470e-16 1.393443e-16 9.209788e-03 0 0
1815.2372 1824.1319 1.655432e-16 1.236528e-16 4.822971e-03 0 0
1816.7747 1825.6769 3.113148e-16 1.379321e-16 9.129412e-03 0 0
1818.3123 1827.2220 2.250261e-16 1.303392e-16 6.641762e-03 0 0
1819.8499 1828.7671 9.915288e-17 1.156130e-16 2.945038e-03 0 0
1821.3874 1830.3122 2.030102e-16 1.248851e-16 6.067452e-03 0 0
1822.9250 1831.8573 1.259084e-16 1.159034e-16 3.786064e-03 0 0
1824.4626 1833.4025 2.453820e-16 1.290735e-16 7.423207e-03 0 0
1826.0002 1834.9476 3.770605e-16 1.392804e-16 1.147440e-02 0 0
1827.5378 1836.4928 1.406052e-16 1.151168e-16 4.303932e-03 0 0
1829.0754 1838.0379 7.143573e-17 1.067478e-16 2.199335e-03 0 0
1830.6131 1839.5831 2.761540e-16 1.292708e-16 8.551030e-03 0 0
1832.1507 1841.1282 1.668149e-16 1.172458e-16 5.194822e-03 0 0
1833.6883 1842.6734 2.445695e-16 1.247872e-16 7.659334e-03 0 0
1835.2260 1844.2186 2.836469e-16 1.266529e-16 8.933218e-03 0 0
1836.7637 1845.7638 2.682239e-16 1.237742e-16 8.494893e-03 0 0
1838.3013 1847.3090 1.529416e-16 1.126475e-16 4.870970e-03 0 0
1839.8390 1848.8542 1.382068e-16 1.110654e-16 4.426340e-03 0 0
1841.3767 1850.3995 1.758421e-16 1.142463e-16 5.662703e-03 0 0
1842.9144 1851.9447 3.729469e-16 1.326457e-16 1.207241e-02 0 0
1844.4521 1853.4899 1.524337e-16 1.106824e-16 4.959986e-03 0 0
1845.9898 1855.0352 1.752659e-16 1.123208e-16 5.732608e-03 0 0
1847.5276 1856.5804 7.733163e-17 1.031726e-16 2.542548e-03 0 0
1849.0653 1858.1257 2.264815e-17 9.369974e-17 7.485180e-04 0 0
1850.6030 1859.6710 1.895954e-16 1.127989e-16 6.298752e-03 0 0
1852.1408 1861.2163 1.956715e-16 1.133384e-16 6.534470e-03 0 0
1853.6786 1862.7616 1.607153e-16 1.083332e-16 5.395005e-03 0 0
1855.2163 1864.3069 1.981219e-16 1.108544e-16 6.685207e-03 0 0
1856.7541 1865.8522 2.027440e-16 1.105846e-16 6.876551e-03 0 0
1858.2919 1867.3975 3.486834e-16 1.241568e-16 1.188739e-02 0 0
1859.8297 1868.9429 2.757086e-16 1.167520e-16 9.447755e-03 0 0
1861.3675 1870.4882 1.564492e-16 1.052835e-16 5.388465e-03 0 0
1862.9053 1872.0336 3.543046e-16 1.240142e-16 1.226506e-02 0 0
1864.4431 1873.5789 3.226914e-16 1.185956e-16 1.122712e-02 0 0
1865.9810 1875.1243 3.179714e-16 1.217161e-16 1.111841e-02 0 0
1867.5188 1876.6697 3.472175e-16 1.227364e-16 1.220150e-02 0 0
1869.0567 1878.2151 2.711589e-16 1.145452e-16 9.575909e-03 0 0
1870.5945 1879.7604 3.402351e-16 1.196251e-16 1.207439e-02 0 0
1872.1324 1881.3059 3.332885e-16 1.177655e-16 1.188574e-02 0 0
1873.6703 1882.8513 3.147773e-16 1.181021e-16 1.128022e-02 0 0
1875.2082 1884.3967 2.950712e-16 1.149167e-16 1.062530e-02 0 0
1876.7461 1885.9421 3.435641e-16 1.193039e-16 1.243122e-02 0 0
1878.2840 1887.4876 4.607562e-16 1.274145e-16 1.675187e-02 0 0
1879.8219 1889.0330 3.124684e-16 1.160829e-16 1.141514e-02 0 0
1881.3598 1890.5785 4.205435e-16 1.233984e-16 1.543705e-02 0 0
1882.8978 1892.1240 2.219594e-16 1.067632e-16 8.186637e-03 0 0
1884.4357 1893.6694 4.083952e-16 1.226249e-16 1.513521e-02 0 0
1885.9736 1895.2149 1.701565e-16 1.015302e-16 6.336328e-03 0 0
1887.5116 1896.7604 5.064928e-16 1.285373e-16 1.895140e-02 0 0
1889.0496 1898.3059 4.304314e-16 1.221792e-16 1.618304e-02 0 0
1890.5876 1899.8514 3.696412e-16 1.169169e-16 1.396443e-02 0 0
1892.1255 1901.3970 2.972175e-16 1.101404e-16 1.128283e-02 0 0
1893.6635 1902.9425 4.079964e-16 1.215844e-16 1.556315e-02 0 0
1895.2015 1904.4880 6.016678e-16 1.332018e-16 2.306251e-02 0 0
1896.7396 1906.0336 3.005469e-16 1.106075e-16 1.157617e-02 0 0
1898.2776 1907.5791 2.140115e-16 1.003627e-16 8.283137e-03 0 0
1899.8156 1909.1247 3.102081e-16 1.094060e-16 1.206448e-02 0 0
1901.3537 1910.6703 2.105335e-16 1.016898e-16 8.227553e-03 0 0
1902.8917 1912.2159 3.684713e-16 1.114304e-16 1.446899e-02 0 0
1904.4298 1913.7615 3.712742e-16 1.127998e-16 1.464875e-02 0 0
1905.9678 1915.3071 2.232121e-16 1.002725e-16 8.848825e-03 0 0
1907.5059 1916.8527 3.193168e-16 1.089544e-16 1.271837e-02 0 0
1909.0440 1918.3983 2.600030e-16 1.025957e-16 1.040448e-02 0 0
1910.5821 1919.9440 4.035359e-16 1.138546e-16 1.622279e-02 0 0
1912.1202 1921.4896 1.575684e-16 9.238049e-17 6.363621e-03 0 0
1913.6583 1923.0352 4.187421e-16 1.136418e-16 1.698764e-02 0 0
1915.1964 1924.5809 3.622985e-16 1.093286e-16 1.476371e-02 0 0
1916.7346 1926.1266 3.437888e-16 1.083470e-16 1.407069e-02 0 0
1918.2727 1927.6722 4.083432e-16 1.117145e-16 1.678558e-02 0 0
1919.8109 1929.2179 2.520901e-16 9.843699e-17 1.040652e-02 0 0
1921.3490 1930.7636 4.449418e-16 1.145121e-16 1.844528e-02 0 0
1922.8872 1932.3093 9.989574e-17 8.358753e-17 4.158326e-03 0 0
1924.4254 1933.8551 2.158546e-16 9.382559e-17 9.022284e-03 0 0
1925.9636 1935.4008 3.561142e-16 1.071393e-16 1.494481e-02 0 0
1927.5017 1936.9465 1.871658e-16 9.010462e-17 7.886184e-03 0 0
1929.0400 1938.4922 3.647769e-16 1.081280e-16 1.543036e-02 0 0
1930.5782 1940.0380 2.111945e-16 9.283115e-17 8.968774e-03 0 0
1932.1164 1941.5838 1.747805e-16 8.881316e-17 7.451107e-03 0 0
1933.6546 1943.1295 3.620948e-16 1.044297e-16 1.549603e-02 0 0
1935.1929 1944.6753 2.137578e-16 9.162841e-17 9.182723e-03 0 0
1936.7311 1946.2211 3.581605e-16 1.059611e-16 1.544443e-02 0 0
1938.2694 1947.7669 2.223073e-16 9.097234e-17 9.622290e-03 0 0
1939.8076 1949.3127 3.701575e-16 1.073121e-16 1.608184e-02 0 0
1941.3459 1950.8585 2.038061e-16 8.908496e-17 8.889068e-03 0 0
1942.8842 1952.4043 2.248666e-16 9.049575e-17 9.847144e-03 0 0
1944.4225 1953.9502 2.700097e-16 9.688446e-17 1.187164e-02 0 0
1945.9608 1955.4960 2.990927e-16 9.511174e-17 1.320322e-02 0 0
1947.4991 1957.0418 3.340730e-16 1.006217e-16 1.480702e-02 0 0
1949.0374 1958.5877 4.450986e-16 1.092839e-16 1.980768e-02 0 0
1950.5758 1960.1336 2.474991e-16 9.268094e-17 1.105915e-02 0 0
1952.1141 1961.6795 9.251373e-17 7.640633e-17 4.150752e-03 0 0
1953.6524 1963.2253 7.152724e-17 7.483745e-17 3.222492e-03 0 0
1955.1908 1964.7712 2.831953e-16 9.417378e-17 1.281182e-02 0 0
1956.7292 1966.3171 3.031422e-16 9.600833e-17 1.377245e-02 0 0
1958.2675 1967.8631 2.519385e-16 9.074194e-17 1.149497e-02 0 0
1959.8059 1969.4090 3.834271e-16 1.013406e-16 1.757061e-02 0 0
1961.3443 1970.9549 2.423691e-16 9.058100e-17 1.115540e-02 0 0
1962.8827 1972.5008 2.233619e-16 8.809292e-17 1.032692e-02 0 0
1964.4211 1974.0468 2.891651e-16 9.275850e-17 1.343010e-02 0 0
1965.9596 1975.5928 2.334879e-16 9.026903e-17 1.089491e-02 0 0
1967.4980 1977.1387 3.350393e-16 9.440210e-17 1.570736e-02 0 0
1969.0364 1978.6847 3.332239e-16 9.831295e-17 1.569788e-02 0 0
1970.5749 1980.2307 2.460369e-16 8.826777e-17 1.164728e-02 0 0
1972.1133 1981.7767 1.770502e-16 8.307301e-17 8.423262e-03 0 0
1973.6518 1983.3227 4.203732e-16 1.032268e-16 2.010010e-02 0 0
1975.1903 1984.8687 3.136094e-16 9.254197e-17 1.507172e-02 0 0
1976.7287 1986.4147 2.667552e-16 8.868136e-17 1.288587e-02 0 0
1978.2672 1987.9607 2.213008e-16 8.432822e-17 1.074571e-02 0 0
1979.8057 1989.5068 3.811100e-16 9.765995e-17 1.860234e-02 0 0
1981.3443 1991.0528 3.864950e-16 9.774104e-17 1.896452e-02 0 0
1982.8828 1992.5989 4.287522e-16 1.009744e-16 2.114923e-02 0 0
1984.4213 1994.1450 3.447475e-16 9.454101e-17 1.709572e-02 0 0
1985.9598 1995.6910 3.482786e-16 9.288846e-17 1.736266e-02 0 0
1987.4984 1997.2371 4.790071e-16 1.032678e-16 2.400694e-02 0 0
1989.0369 1998.7832 4.392543e-16 9.982312e-17 2.213182e-02 0 0
1990.5755 2000.3293 3.850245e-16 9.580747e-17 1.950206e-02 0 0
1992.1141 2001.8754 2.468944e-16 8.323795e-17 1.257126e-02 0 0
1993.6527 2003.4216 4.771957e-16 1.024177e-16 2.442477e-02 0 0
1995.1913 2004.9677 3.369041e-16 8.926324e-17 1.733396e-02 0 0
1996.7299 2006.5138 3.275236e-16 9.043515e-17 1.693880e-02 0 0
1998.2685 2008.0600 3.143244e-16 8.753441e-17 1.634020e-02 0 0
1999.8071 2009.6061 4.970124e-16 1.016487e-16 2.597023e-02 0 0
2001.3457 2011.1523 3.547743e-16 9.068381e-17 1.863289e-02 0 0
2002.8843 2012.6985 3.618958e-16 8.909150e-17 1.910378e-02 0 0
2004.4230 2014.2447 3.674441e-16 9.124594e-17 1.949496e-02 0 0
2005.9616 2015.7909 4.585869e-16 9.686411e-17 2.445316e-02 0 0
2007.5003 2017.3371 2.663711e-16 8.170305e-17 1.427471e-02 0 0
2009.0390 2018.8833 2.105708e-16 7.698601e-17 1.134048e-02 0 0
2010.5777 2020.4295 2.926385e-16 8.227416e-17 1.583797e-02 0 0
2012.1164 2021.9757 4.935574e-16 9.919671e-17 2.684271e-02 0 0
2013.6551 2023.5220 2.048896e-16 7.540739e-17 1.119720e-02 0 0
2015.1938 2025.0682 3.368173e-16 8.574968e-17 1.849565e-02 0 0
2016.7325 2026.6145 2.625663e-16 7.863088e-17 1.448693e-02 0 0
2018.2712 2028.1607 4.009956e-16 8.983468e-17 2.222929e-02 0 0
2019.8099 2029.7070 1.838574e-16 7.180260e-17 1.023987e-02 0 0
2021.3487 2031.2533 3.947283e-16 8.982275e-17 2.208653e-02 0 0
2022.8874 2032.7996 3.205035e-16 8.381044e-17 1.801599e-02 0 0
2024.4262 2034.3459 4.245429e-16 9.027914e-17 2.397358e-02 0 0
2025.9650 2035.8922 2.426327e-16 7.723483e-17 1.376354e-02 0 0
2027.5038 2037.4385 3.064988e-16 8.093468e-17 1.746507e-02 0 0
2029.0426 2038.9849 1.945814e-16 7.264646e-17 1.113757e-02 0 0
2030.5814 2040.5312 2.814536e-16 7.933264e-17 1.618216e-02 0 0
2032.1202 2042.0775 2.176800e-16 7.276313e-17 1.257125e-02 0 0
2033.6590 2043.6239 2.061913e-16 7.121203e-17 1.196064e-02 0 0
2035.1978 2045.1703 2.326278e-16 7.481762e-17 1.355385e-02 0 0
2036.7366 2046.7166 2.635014e-16 7.640166e-17 1.542039e-02 0 0
2038.2755 2048.2630 1.477773e-16 6.558388e-17 8.686163e-03 0 0
2039.8143 2049.8094 2.396565e-16 7.558677e-17 1.414857e-02 0 0
2041.3532 2051.3558 1.423590e-16 6.403198e-17 8.443609e-03 0 0
2042.8921 2052.9022 1.430057e-16 6.543066e-17 8.521779e-03 0 0
2044.4310 2054.4487 1.507840e-16 6.501056e-17 9.027613e-03 0 0
2045.9698 2055.9951 1.281926e-16 6.209567e-17 7.711124e-03 0 0
2047.5087 2057.5415 1.731801e-16 6.670078e-17 1.046655e-02 0 0
2049.0476 2059.0880 2.339391e-16 7.288879e-17 1.420547e-02 0 0
2050.5866 2060.6344 1.272369e-16 6.177915e-17 7.763099e-03 0 0
2052.1255 2062.1809 1.174698e-16 6.101489e-17 7.201350e-03 0 0
2053.6644 2063.7274 1.460974e-16 6.326727e-17 8.999633e-03 0 0
2055.2034 2065.2739 1.948294e-16 6.723784e-17 1.205944e-02 0 0
2056.7423 2066.8204 1.595682e-16 6.410106e-17 9.925374e-03 0 0
2058.2813 2068.3669 1.310651e-16 5.998460e-17 8.192381e-03 0 0
2059.8203 2069.9134 1.814251e-16 6.610693e-17 1.139697e-02 0 0
2061.3592 2071.4599 1.591344e-16 6.327680e-17 1.004658e-02 0 0
2062.8982 2073.0064 1.535517e-16 6.249614e-17 9.743733e-03 0 0
2064.4372 2074.5530 1.121136e-16 5.963347e-17 7.150535e-03 0 0
2065.9762 2076.0995 1.383592e-16 5.975150e-17 8.870689e-03 0 0
2067.5152 2077.6461 2.025156e-16 6.651697e-17 1.305181e-02 0 0
2069.0543 2079.1926 9.602587e-17 5.586052e-17 6.221720e-03 0 0
2070.5933 2080.7392 1.854501e-16 6.500819e-17 1.207964e-02 0 0
2072.1323 2082.2858 7.943247e-17 5.433600e-17 5.201871e-03 0 0
2073.6714 2083.8324 2.018304e-16 6.444913e-17 1.328853e-02 0 0
2075.2105 2085.3790 1.458434e-16 6.061316e-17 9.654271e-03 0 0
2076.7495 2086.9256 8.680873e-17 5.388591e-17 5.777392e-03 0 0
2078.2886 2088.4722 4.167159e-17 4.900440e-17 2.788308e-03 0 0
2079.8277 2090.0189 1.024954e-16 5.459228e-17 6.894927e-03 0 0
2081.3668 2091.5655 1.489389e-16 5.874321e-17 1.007256e-02 0 0
2082.9059 2093.1121 1.996702e-16 6.483276e-17 1.357505e-02 0 0
2084.4450 2094.6588 7.044620e-17 5.064594e-17 4.814484e-03 0 0
2085.9841 2096.2055 1.032118e-16 5.412037e-17 7.090447e-03 0 0
2087.5233 2097.7521 6.044214e-17 4.994199e-17 4.173380e-03 0 0
2089.0624 2099.2988 1.110853e-16 5.360463e-17 7.708913e-03 0 0
2090.6016 2100.8455 1.399738e-16 5.849343e-17 9.761408e-03 0 0
2092.1407 2102.3922 2.821714e-18 4.145952e-17 1.977375e-04 0 0
2093.6799 2103.9389 9.306844e-17 5.227677e-17 6.552846e-03 0 0
2095.2191 2105.4856 4.061108e-17 4.585760e-17 2.872787e-03 0 0
2096.7583 2107.0324 1.631936e-16 5.822062e-17 1.159682e-02 0 0
2098.2975 2108.5791 1.259105e-16 5.527402e-17 8.987827e-03 0 0
2099.8367 2110.1259 1.199520e-16 5.294294e-17 8.600146e-03 0 0
2101.3759 2111.6726 2.364553e-17 4.360359e-17 1.702676e-03 0 0
2102.9151 2113.2194 1.219647e-16 5.406758e-17 8.819747e-03 0 0
2104.4543 2114.7662 1.200625e-16 5.304653e-17 8.718632e-03 0 0
2105.9936 2116.3129 7.895714e-17 4.998271e-17 5.757158e-03 0 0
2107.5328 2117.8597 7.729470e-17 4.861636e-17 5.658766e-03 0 0
2109.0721 2119.4065 1.608263e-16 5.627767e-17 1.182076e-02 0 0
2110.6114 2120.9533 4.769583e-19 3.930655e-17 3.519375e-05 0 0
2112.1506 2122.5002 -1.629196e-17 3.830744e-17 -1.206759e-03 0 0
2113.6899 2124.0470 5.353532e-17 4.594192e-17 3.980434e-03 0 0
2115.2292 2125.5938 2.168630e-17 4.132787e-17 1.618405e-03 0 0
2116.7685 2127.1407 1.319202e-16 5.352582e-17 9.881120e-03 0 0
2118.3078 2128.6875 5.994512e-17 4.726106e-17 4.506295e-03 0 0
2119.8472 2130.2344 1.183449e-16 5.150548e-17 8.928357e-03 0 0
2121.3865 2131.7813 5.586602e-17 4.544886e-17 4.229736e-03 0 0
2122.9258 2133.3282 2.733588e-17 4.205014e-17 2.076982e-03 0 0
2124.4652 2134.8751 4.841393e-17 4.373588e-17 3.691486e-03 0 0
2126.0045 2136.4220 2.486368e-16 6.347314e-17 1.902499e-02 0 0
2127.5439 2137.9689 5.004424e-17 4.336906e-17 3.842785e-03 0 0
2129.0833 2139.5158 8.708734e-17 4.788521e-17 6.710940e-03 0 0
2130.6227 2141.0627 8.147636e-17 4.768202e-17 6.300989e-03 0 0
2132.1621 2142.6097 5.488799e-17 4.404866e-17 4.260038e-03 0 0
2133.7015 2144.1566 4.143743e-17 4.286844e-17 3.227814e-03 0 0
2135.2409 2145.7036 5.899328e-17 4.395090e-17 4.612295e-03 0 0
2136.7803 2147.2505 3.010581e-17 4.092908e-17 2.362597e-03 0 0
2138.3197 2148.7975 1.063566e-17 3.909546e-17 8.378294e-04 0 0
2139.8592 2150.3445 6.529057e-17 4.464486e-17 5.163317e-03 0 0
2141.3986 2151.8915 1.833682e-17 3.907190e-17 1.455938e-03 0 0
2142.9381 2153.4385 8.131613e-17 4.512686e-17 6.482729e-03 0 0
2144.4776 2154.9855 3.795533e-17 4.084273e-17 3.038384e-03 0 0
2146.0170 2156.5325 8.790486e-17 4.683681e-17 7.066114e-03 0 0
2147.5565 2158.0795 3.657313e-17 4.108584e-17 2.952167e-03 0 0
2149.0960 2159.6266 1.183146e-16 4.971826e-17 9.590136e-03 0 0
2150.6355 2161.1736 6.102043e-18 3.663520e-17 4.966687e-04 0 0
2152.1750 2162.7207 1.003123e-17 3.810879e-17 8.198563e-04 0 0
2153.7145 2164.2677 1.136675e-16 4.853469e-17 9.328121e-03 0 0
2155.2541 2165.8148 1.799169e-17 3.765894e-17 1.482456e-03 0 0
2156.7936 2167.3619 6.377549e-17 4.290740e-17 5.275700e-03 0 0
2158.3332 2168.9090 1.198427e-16 4.902224e-17 9.952314e-03 0 0
2159.8727 2170.4561 7.014871e-17 4.267399e-17 5.847420e-03 0 0
2161.4123 2172.0032 7.090284e-17 4.331071e-17 5.932030e-03 0 0
2162.9519 2173.5503 3.482661e-17 3.976314e-17 2.923969e-03 0 0
2164.4915 2175.0975 4.978880e-18 3.504945e-17 4.194444e-04 0 0
2166.0310 2176.6446 2.792016e-17 3.814341e-17 2.359678e-03 0 0
2167.5706 2178.1917 8.288036e-17 4.407739e-17 7.026596e-03 0 0
2169.1103 2179.7389 9.049070e-17 4.446859e-17 7.694406e-03 0 0
2170.6499 2181.2861 1.175522e-16 4.737867e-17 1.002436e-02 0 0
2172.1895 2182.8332 5.075833e-17 4.061456e-17 4.340375e-03 0 0
2173.7292 2184.3804 2.142579e-17 3.681162e-17 1.837117e-03 0 0
2175.2688 2185.9276 7.437951e-17 4.358315e-17 6.394297e-03 0 0
2176.8085 2187.4748 4.442855e-17 3.899024e-17 3.829439e-03 0 0
2178.3481 2189.0220 5.025108e-17 3.975697e-17 4.342438e-03 0 0
2179.8878 2190.5692 7.093223e-17 4.251911e-17 6.145359e-03 0 0
2181.4275 2192.1165 8.093097e-17 4.274868e-17 7.029726e-03 0 0
2182.9672 2193.6637 2.775976e-17 3.796846e-17 2.417493e-03 0 0
2184.5069 2195.2110 7.360957e-17 4.194536e-17 6.427475e-03 0 0
2186.0466 2196.7582 5.779968e-17 4.054595e-17 5.060547e-03 0 0
2187.5863 2198.3055 8.715690e-17 4.292706e-17 7.652367e-03 0 0
2189.1260 2199.8528 3.007168e-17 3.750127e-17 2.647797e-03 0 0
2190.6658 2201.4000 3.810734e-17 3.847810e-17 3.365472e-03 0 0
2192.2055 2202.9473 5.184172e-17 3.937807e-17 4.592351e-03 0 0
2193.7453 2204.4946 7.418283e-17 4.226016e-17 6.592490e-03 0 0
2195.2850 2206.0419 1.015351e-17 3.422668e-17 9.052251e-04 0 0
2196.8248 2207.5893 2.547630e-17 3.646567e-17 2.278896e-03 0 0
2198.3646 2209.1366 2.777716e-17 3.608227e-17 2.493014e-03 0 0
2199.9044 2210.6839 5.138168e-17 3.857973e-17 4.627314e-03 0 0
2201.4442 2212.2313 -6.743386e-18 3.253323e-17 -6.093699e-04 0 0
2202.9840 2213.7786 2.741247e-17 3.640428e-17 2.485696e-03 0 0
2204.5238 2215.3260 4.359814e-18 3.320580e-17 3.966998e-04 0 0
2206.0637 2216.8734 3.202113e-17 3.596083e-17 2.923612e-03 0 0
2207.6035 2218.4208 7.946667e-17 4.122586e-17 7.280377e-03 0 0
2209.1433 2219.9682 2.422569e-17 3.482982e-17 2.226911e-03 0 0
2210.6832 2221.5156 6.679799e-17 4.009886e-17 6.160922e-03 0 0
2212.2231 2223.0630 9.214381e-17 4.175825e-17 8.526173e-03 0 0
2213.7629 2224.6104 -1.670218e-17 2.968377e-17 -1.550474e-03 0 0
2215.3028 2226.1578 1.220033e-16 4.456840e-17 1.136053e-02 0 0
2216.8427 2227.7052 2.197589e-17 3.506092e-17 2.052609e-03 0 0
2218.3826 2229.2527 5.883057e-17 3.809561e-17 5.510934e-03 0 0
2219.9225 2230.8002 6.015066e-17 3.817855e-17 5.650932e-03 0 0
2221.4625 2232.3476 4.037312e-17 3.611785e-17 3.803331e-03 0 0
2223.0024 2233.8951 9.224031e-17 4.132381e-17 8.713220e-03 0 0
2224.5423 2235.4426 2.437383e-17 3.404130e-17 2.308369e-03 0 0
2226.0823 2236.9901 8.711803e-17 4.082457e-17 8.271914e-03 0 0
2227.6222 2238.5376 -3.249082e-17 2.693474e-17 -3.092553e-03 0 0
2229.1622 2240.0851 2.830641e-17 3.408482e-17 2.700796e-03 0 0
2230.7022 2241.6326 2.399352e-17 3.452494e-17 2.294547e-03 0 0
2232.2421 2243.1801 2.294547e-17 3.404711e-17 2.199313e-03 0 0
2233.7821 2244.7277 4.239653e-17 3.558524e-17 4.072456e-03 0 0
2235.3221 2246.2752 6.079464e-17 3.769996e-17 5.852182e-03 0 0
2236.8621 2247.8228 7.941655e-17 3.997424e-17 7.660223e-03 0 0
2238.4022 2249.3703 6.805460e-17 3.816797e-17 6.577420e-03 0 0
2239.9422 2250.9179 8.093834e-17 3.925416e-17 7.836895e-03 0 0
2241.4822 2252.4655 4.321793e-17 3.547564e-17 4.191905e-03 0 0
2243.0223 2254.0131 3.671063e-17 3.484355e-17 3.566673e-03 0 0
2244.5623 2255.5607 2.019286e-17 3.346177e-17 1.965099e-03 0 0
2246.1024 2257.1083 3.678412e-17 3.409686e-17 3.585432e-03 0 0
2247.6425 2258.6559 2.120003e-17 3.282456e-17 2.069693e-03 0 0
2249.1825 2260.2035 -6.389009e-18 2.934447e-17 -6.247130e-04 0 0
2250.7226 2261.7512 1.018454e-16 4.071367e-17 9.973843e-03 0 0
2252.2627 2263.2988 3.499174e-17 3.407729e-17 3.432109e-03 0 0
2253.8029 2264.8465 4.037050e-17 3.522914e-17 3.965831e-03 0 0
2255.3430 2266.3941 4.641479e-17 3.448841e-17 4.566805e-03 0 0
2256.8831 2267.9418 8.840520e-17 3.973911e-17 8.712128e-03 0 0
2258.4232 2269.4895 6.961042e-17 3.791405e-17 6.871191e-03 0 0
2259.9634 2271.0372 5.854149e-18 3.117300e-17 5.788178e-04 0 0
2261.5035 2272.5849 7.167550e-17 3.811863e-17 7.099019e-03 0 0
2263.0437 2274.1326 5.943199e-17 3.642786e-17 5.896731e-03 0 0
2264.5839 2275.6803 3.817512e-17 3.398158e-17 3.794652e-03 0 0
2266.1241 2277.2281 9.976064e-17 4.076539e-17 9.935063e-03 0 0
2267.6642 2278.7758 1.143257e-16 4.128725e-17 1.140791e-02 0 0
2269.2044 2280.3235 7.464896e-17 3.808727e-17 7.463700e-03 0 0
2270.7447 2281.8713 5.202585e-17 3.571000e-17 5.212412e-03 0 0
2272.2849 2283.4191 8.617554e-17 3.869532e-17 8.651781e-03 0 0
2273.8251 2284.9668 1.160976e-16 4.166528e-17 1.168045e-02 0 0
2275.3653 2286.5146 6.457155e-17 3.710097e-17 6.510301e-03 0 0
2276.9056 2288.0624 6.483642e-17 3.678872e-17 6.550997e-03 0 0
2278.4458 2289.6102 8.023864e-17 3.859560e-17 8.124640e-03 0 0
2279.9861 2291.1580 8.631904e-17 3.915617e-17 8.759038e-03 0 0
2281.5264 2292.7058 1.125570e-16 4.108002e-17 1.144588e-02 0 0
2283.0666 2294.2537 8.216333e-17 3.844823e-17 8.372812e-03 0 0
2284.6069 2295.8015 1.696140e-16 4.592411e-17 1.732060e-02 0 0
2286.1472 2297.3494 1.341066e-16 4.213517e-17 1.372279e-02 0 0
2287.6875 2298.8972 9.779819e-17 4.031448e-17 1.002763e-02 0 0
2289.2279 2300.4451 1.030847e-16 4.041523e-17 1.059048e-02 0 0
2290.7682 2301.9930 1.372273e-16 4.278090e-17 1.412520e-02 0 0
2292.3085 2303.5408 1.272402e-16 4.231005e-17 1.312170e-02 0 0
2293.8489 2305.0887 1.493015e-16 4.356762e-17 1.542483e-02 0 0
2295.3892 2306.6366 1.331878e-16 4.273821e-17 1.378463e-02 0 0
2296.9296 2308.1845 1.859251e-16 4.656276e-17 1.927636e-02 0 0
2298.4700 2309.7325 1.474799e-16 4.346755e-17 1.531665e-02 0 0
2300.0103 2311.2804 8.352816e-17 3.829456e-17 8.689445e-03 0 0
2301.5507 2312.8283 1.827140e-16 4.582173e-17 1.903924e-02 0 0
2303.0911 2314.3763 1.330812e-16 4.223412e-17 1.388995e-02 0 0
2304.6315 2315.9242 1.487917e-16 4.410828e-17 1.555474e-02 0 0
2306.1720 2317.4722 1.913877e-16 4.592140e-17 2.003962e-02 0 0
2307.7124 2319.0202 1.977291e-16 4.744010e-17 2.073644e-02 0 0
2309.2528 2320.5682 2.422050e-16 5.066841e-17 2.544078e-02 0 0
2310.7933 2322.1162 2.319138e-16 4.960507e-17 2.439814e-02 0 0
2312.3337 2323.6642 2.242332e-16 4.951021e-17 2.362715e-02 0 0
2313.8742 2325.2122 1.676287e-16 4.435407e-17 1.769059e-02 0 0
2315.4147 2326.7602 2.286284e-16 5.022954e-17 2.416622e-02 0 0
2316.9551 2328.3082 2.206053e-16 4.771620e-17 2.335495e-02 0 0
2318.4956 2329.8562 2.246864e-16 4.934483e-17 2.382457e-02 0 0
2320.0361 2331.4043 2.342049e-16 4.917213e-17 2.487296e-02 0 0
2321.5766 2332.9524 2.534556e-16 5.092840e-17 2.695954e-02 0 0
2323.1171 2334.5004 2.719884e-16 5.166743e-17 2.897589e-02 0 0
2324.6577 2336.0485 3.013171e-16 5.336615e-17 3.214976e-02 0 0
2326.1982 2337.5966 1.727843e-16 4.541862e-17 1.846379e-02 0 0
2327.7387 2339.1447 2.555702e-16 5.078481e-17 2.735124e-02 0 0
2329.2793 2340.6928 2.656773e-16 5.091539e-17 2.847511e-02 0 0
2330.8199 2342.2409 2.914968e-16 5.307034e-17 3.128747e-02 0 0
2332.3604 2343.7890 1.904825e-16 4.603685e-17 2.047440e-02 0 0
2333.9010 2345.3371 1.757079e-16 4.431585e-17 1.891231e-02 0 0
2335.4416 2346.8853 1.930849e-16 4.690369e-17 2.081094e-02 0 0
2336.9822 2348.4334 2.942699e-16 5.279387e-17 3.175781e-02 0 0
2338.5228 2349.9816 3.226541e-16 5.500670e-17 3.486549e-02 0 0
2340.0634 2351.5297 3.101882e-16 5.396781e-17 3.355823e-02 0 0
2341.6041 2353.0779 3.354214e-16 5.485460e-17 3.633073e-02 0 0
2343.1447 2354.6261 2.947067e-16 5.313225e-17 3.195629e-02 0 0
2344.6853 2356.1743 2.201506e-16 4.776534e-17 2.389822e-02 0 0
2346.2260 2357.7225 2.230633e-16 4.813390e-17 2.424012e-02 0 0
2347.7666 2359.2707 2.039597e-16 4.667602e-17 2.218761e-02 0 0
2349.3073 2360.8189 2.140586e-16 4.747062e-17 2.331040e-02 0 0
2350.8480 2362.3671 2.710978e-16 5.083313e-17 2.955248e-02 0 0
2352.3887 2363.9154 2.671544e-16 5.119347e-17 2.915288e-02 0 0
2353.9294 2365.4636 2.003009e-16 4.552440e-17 2.188034e-02 0 0
2355.4701 2367.0119 3.941237e-16 5.910371e-17 4.309889e-02 0 0
2357.0108 2368.5602 3.049787e-16 5.296000e-17 3.338620e-02 0 0
2358.5515 2370.1084 2.757533e-16 5.223771e-17 3.022063e-02 0 0
2360.0923 2371.6567 1.352251e-16 4.092520e-17 1.483634e-02 0 0
2361.6330 2373.2050 2.591425e-16 4.945663e-17 2.846601e-02 0 0
2363.1738 2374.7533 2.012901e-16 4.668113e-17 2.213756e-02 0 0
2364.7145 2376.3016 2.241739e-16 4.734969e-17 2.468608e-02 0 0
2366.2553 2377.8499 2.312124e-16 4.809143e-17 2.549400e-02 0 0
2367.7961 2379.3983 2.819375e-16 5.277095e-17 3.112968e-02 0 0
2369.3369 2380.9466 2.398825e-16 4.839093e-17 2.652256e-02 0 0
2370.8777 2382.4950 2.179656e-16 4.795057e-17 2.413367e-02 0 0
2372.4185 2384.0433 1.862657e-16 4.434933e-17 2.065317e-02 0 0
2373.9593 2385.5917 2.673284e-16 5.059155e-17 2.968455e-02 0 0
2375.5001 2387.1401 2.241966e-16 4.734630e-17 2.493135e-02 0 0
2377.0409 2388.6884 1.651303e-16 4.315642e-17 1.838978e-02 0 0
2378.5818 2390.2368 1.989550e-16 4.573864e-17 2.218899e-02 0 0
2380.1226 2391.7852 1.881338e-16 4.432417e-17 2.101229e-02 0 0
2381.6635 2393.3336 2.036612e-16 4.596969e-17 2.277917e-02 0 0
2383.2044 2394.8821 1.743381e-16 4.342584e-17 1.952654e-02 0 0
2384.7452 2396.4305 1.584670e-16 4.234052e-17 1.777351e-02 0 0
2386.2861 2397.9789 1.628132e-16 4.313190e-17 1.828508e-02 0 0
2387.8270 2399.5274 1.845253e-16 4.426287e-17 2.075069e-02 0 0
2389.3679 2401.0758 1.494972e-16 4.155313e-17 1.683190e-02 0 0
2390.9088 2402.6243 1.430783e-16 4.062325e-17 1.612818e-02 0 0
2392.4498 2404.1728 1.813379e-16 4.404948e-17 2.046361e-02 0 0
2393.9907 2405.7213 2.059310e-16 4.584775e-17 2.326443e-02 0 0
2395.5316 2407.2698 1.828677e-16 4.359437e-17 2.068053e-02 0 0
2397.0726 2408.8183 1.089797e-16 3.829545e-17 1.233728e-02 0 0
2398.6136 2410.3668 2.374789e-16 4.767538e-17 2.691121e-02 0 0
2400.1545 2411.9153 1.023772e-16 3.752664e-17 1.161295e-02 0 0
2401.6955 2413.4638 1.915604e-16 4.511374e-17 2.175048e-02 0 0
2403.2365 2415.0124 1.405601e-16 4.068178e-17 1.597524e-02 0 0
2404.7775 2416.5609 1.625509e-16 4.258741e-17 1.849256e-02 0 0
2406.3185 2418.1095 1.334876e-16 3.985079e-17 1.520094e-02 0 0
2407.8595 2419.6580 1.898402e-16 4.470186e-17 2.163947e-02 0 0
2409.4005 2421.2066 1.629329e-16 4.286797e-17 1.859080e-02 0 0
2410.9416 2422.7552 1.847282e-16 4.357352e-17 2.109926e-02 0 0
2412.4826 2424.3038 2.417080e-16 4.839148e-17 2.763595e-02 0 0
2414.0237 2425.8524 2.460802e-16 4.861098e-17 2.816619e-02 0 0
2415.5647 2427.4010 1.579911e-16 4.197341e-17 1.810335e-02 0 0
2417.1058 2428.9496 1.083183e-16 3.829522e-17 1.242563e-02 0 0
2418.6469 2430.4982 1.276729e-16 3.935401e-17 1.466264e-02 0 0
2420.1880 2432.0469 1.300696e-16 4.030971e-17 1.495533e-02 0 0
2421.7291 2433.5955 2.006067e-16 4.480318e-17 2.309282e-02 0 0
2423.2702 2435.1442 1.219351e-16 3.887580e-17 1.405323e-02 0 0
2424.8113 2436.6929 1.322181e-16 3.992934e-17 1.525655e-02 0 0
2426.3524 2438.2415 1.082033e-16 3.769240e-17 1.250044e-02 0 0
2427.8935 2439.7902 7.384018e-17 3.446258e-17 8.540786e-03 0 0
2429.4347 2441.3389 2.107110e-16 4.529864e-17 2.440099e-02 0 0
2430.9758 2442.8876 1.612750e-16 4.237847e-17 1.869817e-02 0 0
2432.5170 2444.4363 1.472304e-16 4.131970e-17 1.708965e-02 0 0
2434.0582 2445.9850 1.188614e-16 3.869007e-17 1.381258e-02 0 0
2435.5993 2447.5338 9.335758e-17 3.640455e-17 1.086099e-02 0 0
2437.1405 2449.0825 1.439908e-16 4.052001e-17 1.676994e-02 0 0
2438.6817 2450.6313 6.793163e-17 3.371347e-17 7.920657e-03 0 0
2440.2229 2452.1800 1.387225e-16 4.024542e-17 1.619440e-02 0 0
2441.7641 2453.7288 1.683828e-16 4.241955e-17 1.968018e-02 0 0
2443.3054 2455.2776 1.302437e-16 3.926663e-17 1.524016e-02 0 0
2444.8466 2456.8263 1.302103e-16 3.952160e-17 1.525338e-02 0 0
2446.3878 2458.3751 1.459252e-16 4.068023e-17 1.711305e-02 0 0
2447.9291 2459.9239 1.188755e-16 3.851701e-17 1.395577e-02 0 0
2449.4703 2461.4728 1.446865e-16 4.051968e-17 1.700363e-02 0 0
2451.0116 2463.0216 1.027064e-16 3.625748e-17 1.208241e-02 0 0
2452.5529 2464.5704 1.281487e-16 3.872582e-17 1.509046e-02 0 0
2454.0942 2466.1192 1.076382e-16 3.729001e-17 1.268753e-02 0 0
2455.6355 2467.6681 1.372378e-16 3.946424e-17 1.619188e-02 0 0
2457.1768 2469.2170 1.060273e-16 3.742716e-17 1.252119e-02 0 0
2458.7181 2470.7658 1.149781e-16 3.816505e-17 1.359058e-02 0 0
2460.2594 2472.3147 1.496799e-16 4.055924e-17 1.770821e-02 0 0
2461.8008 2473.8636 1.312567e-16 3.887490e-17 1.554219e-02 0 0
2463.3421 2475.4125 1.484386e-16 4.137006e-17 1.759187e-02 0 0
2464.8834 2476.9614 1.942126e-16 4.285885e-17 2.303616e-02 0 0
2466.4248 2478.5103 1.762849e-16 4.283180e-17 2.092718e-02 0 0
2467.9662 2480.0592 7.396957e-17 3.460276e-17 8.788290e-03 0 0
2469.5076 2481.6081 1.740478e-16 4.213247e-17 2.069538e-02 0 0
2471.0489 2483.1571 1.108709e-16 3.807006e-17 1.319387e-02 0 0
2472.5903 2484.7060 2.109474e-16 4.523540e-17 2.512335e-02 0 0
2474.1317 2486.2550 1.706114e-16 4.194212e-17 2.033563e-02 0 0
2475.6732 2487.8040 1.446207e-16 4.018914e-17 1.725148e-02 0 0
2477.2146 2489.3529 1.656934e-16 4.160170e-17 1.978094e-02 0 0
2478.7560 2490.9019 1.143075e-16 3.779613e-17 1.365726e-02 0 0
2480.2974 2492.4509 2.291590e-16 4.586017e-17 2.740155e-02 0 0
2481.8389 2493.9999 1.784172e-16 4.277097e-17 2.135141e-02 0 0
2483.3804 2495.5489 1.590427e-16 4.104653e-17 1.904844e-02 0 0
2484.9218 2497.0979 1.835479e-16 4.321280e-17 2.200159e-02 0 0
2486.4633 2498.6470 2.037551e-16 4.438324e-17 2.444440e-02 0 0
2488.0048 2500.1960 2.408328e-16 4.653169e-17 2.891720e-02 0 0
2489.5463 2501.7451 2.335288e-16 4.718553e-17 2.806461e-02 0 0
2491.0878 2503.2941 2.740792e-16 4.899394e-17 3.296672e-02 0 0
2492.6293 2504.8432 2.159403e-16 4.570057e-17 2.599703e-02 0 0
2494.1708 2506.3923 2.256216e-16 4.611495e-17 2.718711e-02 0 0
2495.7124 2507.9414 1.657512e-16 4.128150e-17 1.999115e-02 0 0
2497.2539 2509.4904 2.792739e-16 5.008885e-17 3.371406e-02 0 0
2498.7955 2511.0395 1.798545e-16 4.229275e-17 2.173232e-02 0 0
2500.3370 2512.5887 3.157212e-16 5.245672e-17 3.818502e-02 0 0
2501.8786 2514.1378 2.345076e-16 4.681722e-17 2.838924e-02 0 0
2503.4202 2515.6869 2.997657e-16 4.925317e-17 3.632339e-02 0 0
2504.9617 2517.2361 3.207785e-16 5.199711e-17 3.890605e-02 0 0
2506.5033 2518.7852 2.994928e-16 5.009472e-17 3.635846e-02 0 0
2508.0449 2520.3344 3.673010e-16 5.458020e-17 4.463210e-02 0 0
2509.5866 2521.8835 4.384663e-16 5.812245e-17 5.332937e-02 0 0
2511.1282 2523.4327 3.637216e-16 5.345627e-17 4.427921e-02 0 0
2512.6698 2524.9819 3.311711e-16 5.223967e-17 4.035361e-02 0 0
2514.2115 2526.5311 3.822309e-16 5.436716e-17 4.661755e-02 0 0
2515.7531 2528.0803 3.530970e-16 5.321621e-17 4.310326e-02 0 0
2517.2948 2529.6295 3.172626e-16 5.162228e-17 3.876311e-02 0 0
2518.8364 2531.1787 4.067718e-16 5.607669e-17 4.974313e-02 0 0
2520.3781 2532.7280 3.375222e-16 5.265691e-17 4.131031e-02 0 0
2521.9198 2534.2772 3.795512e-16 5.454994e-17 4.649424e-02 0 0
2523.4615 2535.8264 4.414798e-16 5.753212e-17 5.412539e-02 0 0
2525.0032 2537.3757 4.626079e-16 6.012979e-17 5.676275e-02 0 0
2526.5449 2538.9250 3.532856e-16 5.211696e-17 4.338336e-02 0 0
2528.0866 2540.4743 4.010948e-16 5.603518e-17 4.929354e-02 0 0
2529.6284 2542.0235 4.201084e-16 5.679832e-17 5.166964e-02 0 0
2531.1701 2543.5728 4.464686e-16 5.776056e-17 5.495350e-02 0 0
2532.7118 2545.1221 3.336067e-16 5.259256e-17 4.109162e-02 0 0
2534.2536 2546.6715 4.822872e-16 5.869819e-17 5.944807e-02 0 0
2535.7954 2548.2208 4.624682e-16 6.006260e-17 5.704394e-02 0 0
2537.3372 2549.7701 4.222642e-16 5.666095e-17 5.212034e-02 0 0
2538.8789 2551.3194 3.597578e-16 5.284800e-17 4.443045e-02 0 0
2540.4207 2552.8688 5.080469e-16 6.196025e-17 6.277926e-02 0 0
2541.9625 2554.4182 4.457203e-16 5.755852e-17 5.510624e-02 0 0
2543.5044 2555.9675 4.323906e-16 5.725110e-17 5.348598e-02 0 0
2545.0462 2557.5169 4.947875e-16 6.119759e-17 6.123419e-02 0 0
2546.5880 2559.0663 5.310073e-16 6.160407e-17 6.574859e-02 0 0
2548.1298 2560.6157 4.037564e-16 5.593920e-17 5.001561e-02 0 0
2549.6717 2562.1651 4.878333e-16 6.014617e-17 6.045843e-02 0 0
2551.2136 2563.7145 5.885708e-16 6.412709e-17 7.297529e-02 0 0
2552.7554 2565.2639 5.258590e-16 6.254158e-17 6.522847e-02 0 0
2554.2973 2566.8134 5.364416e-16 6.231339e-17 6.656983e-02 0 0
2555.8392 2568.3628 5.551012e-16 6.397498e-17 6.891499e-02 0 0
2557.3811 2569.9122 5.098543e-16 6.135279e-17 6.332456e-02 0 0
2558.9230 2571.4617 5.034222e-16 6.084588e-17 6.255219e-02 0 0
2560.4649 2573.0112 5.408218e-16 6.198833e-17 6.722789e-02 0 0
2562.0068 2574.5607 5.096951e-16 6.131378e-17 6.338562e-02 0 0
2563.5488 2576.1101 4.724770e-16 5.852877e-17 5.878279e-02 0 0
2565.0907 2577.6596 5.061133e-16 6.153833e-17 6.299513e-02 0 0
2566.6326 2579.2091 4.312138e-16 5.720865e-17 5.369588e-02 0 0
2568.1746 2580.7587 4.871038e-16 6.093200e-17 6.068181e-02 0 0
2569.7166 2582.3082 4.892620e-16 5.906203e-17 6.097643e-02 0 0
2571.2585 2583.8577 5.430934e-16 6.268632e-17 6.771380e-02 0 0
2572.8005 2585.4073 3.523994e-16 5.282188e-17 4.395528e-02 0 0
2574.3425 2586.9568 4.258583e-16 5.706494e-17 5.313878e-02 0 0
2575.8845 2588.5064 3.921245e-16 5.532864e-17 4.894710e-02 0 0
2577.4265 2590.0559 3.673521e-16 5.398732e-17 4.587095e-02 0 0
2578.9686 2591.6055 4.533221e-16 5.805508e-17 5.662347e-02 0 0
2580.5106 2593.1551 3.223063e-16 5.101140e-17 4.027050e-02 0 0
2582.0526 2594.7047 4.219680e-16 5.606805e-17 5.273573e-02 0 0
2583.5947 2596.2543 3.996513e-16 5.575377e-17 4.995816e-02 0 0
2585.1367 2597.8039 2.692978e-16 4.862716e-17 3.366914e-02 0 0
2586.6788 2599.3535 2.706744e-16 4.802724e-17 3.384626e-02 0 0
2588.2209 2600.9032 2.706780e-16 4.772436e-17 3.384958e-02 0 0
2589.7630 2602.4528 1.673029e-16 4.177146e-17 2.092325e-02 0 0
2591.3051 2604.0025 2.093923e-16 4.465211e-17 2.618728e-02 0 0
2592.8472 2605.5521 2.801269e-16 4.816624e-17 3.503312e-02 0 0
2594.3893 2607.1018 2.027709e-16 4.389879e-17 2.535765e-02 0 0
2595.9314 2608.6515 2.924377e-16 5.019171e-17 3.656863e-02 0 0
2597.4735 2610.2012 3.231570e-16 5.126470e-17 4.040674e-02 0 0
2599.0157 2611.7509 2.596367e-16 4.770329e-17 3.246142e-02 0 0
2600.5578 2613.3006 2.325486e-16 4.640272e-17 2.907206e-02 0 0
2602.1000 2614.8503 9.136013e-17 3.529774e-17 1.142033e-02 0 0
2603.6422 2616.4000 3.186919e-16 5.096167e-17 3.983453e-02 0 0
2605.1843 2617.9497 2.298328e-16 4.583740e-17 2.872574e-02 0 0
2606.7265 2619.4995 2.973404e-16 5.009221e-17 3.716169e-02 0 0
2608.2687 2621.0492 2.726770e-16 4.837921e-17 3.407845e-02 0 0
2609.8109 2622.5990 3.348364e-16 5.255338e-17 4.184771e-02 0 0
2611.3531 2624.1488 3.581472e-16 5.333274e-17 4.476315e-02 0 0
2612.8953 2625.6985 2.803977e-16 4.883959e-17 3.504900e-02 0 0
2614.4376 2627.2483 2.743557e-16 4.887553e-17 3.429837e-02 0 0
2615.9798 2628.7981 2.869265e-16 4.929077e-17 3.587608e-02 0 0
2617.5221 2630.3479 3.290687e-16 5.193726e-17 4.115366e-02 0 0
2619.0643 2631.8977 3.503392e-16 5.281531e-17 4.382361e-02 0 0
2620.6066 2633.4476 2.821025e-16 4.925562e-17 3.529656e-02 0 0
2622.1489 2634.9974 3.751833e-16 5.482801e-17 4.695465e-02 0 0
2623.6912 2636.5472 3.752355e-16 5.459818e-17 4.697336e-02 0 0
2625.2334 2638.0971 3.792465e-16 5.435015e-17 4.748749e-02 0 0
2626.7758 2639.6470 3.376284e-16 5.266806e-17 4.228674e-02 0 0
2628.3181 2641.1968 3.623662e-16 5.359904e-17 4.539540e-02 0 0
2629.8604 2642.7467 4.317059e-16 5.830266e-17 5.409312e-02 0 0
2631.4027 2644.2966 2.883470e-16 4.937136e-17 3.613647e-02 0 0
2632.9451 2645.8465 4.742309e-16 5.915401e-17 5.944026e-02 0 0
2634.4874 2647.3964 4.775699e-16 5.975525e-17 5.986460e-02 0 0
2636.0298 2648.9463 3.903276e-16 5.528628e-17 4.893079e-02 0 0
2637.5721 2650.4962 5.108651e-16 6.093522e-17 6.404012e-02 0 0
2639.1145 2652.0462 3.829312e-16 5.499348e-17 4.799761e-02 0 0
2640.6569 2653.5961 3.894422e-16 5.596154e-17 4.880609e-02 0 0
2642.1993 2655.1461 4.754904e-16 5.999200e-17 5.957658e-02 0 0
2643.7417 2656.6960 5.729793e-16 6.500905e-17 7.177247e-02 0 0
2645.2841 2658.2460 5.300191e-16 6.196601e-17 6.636962e-02 0 0
2646.8265 2659.7960 5.953105e-16 6.528893e-17 7.451859e-02 0 0
2648.3690 2661.3460 5.323937e-16 6.257379e-17 6.661505e-02 0 0
2649.9114 2662.8960 6.522407e-16 6.795538e-17 8.157411e-02 0 0
2651.4538 2664.4460 6.682035e-16 7.074356e-17 8.352877e-02 0 0
2652.9963 2665.9960 7.215271e-16 7.042295e-17 9.014708e-02 0 0
2654.5388 2667.5460 7.105704e-16 7.162065e-17 8.872740e-02 0 0
2656.0812 2669.0960 6.172781e-16 6.705016e-17 7.703257e-02 0 0
2657.6237 2670.6461 6.542832e-16 6.778619e-17 8.159913e-02 0 0
2659.1662 2672.1961 7.201059e-16 7.123723e-17 8.975002e-02 0 0
2660.7087 2673.7462 6.941841e-16 6.969465e-17 8.646012e-02 0 0
2662.2512 2675.2963 8.771443e-16 7.725948e-17 1.091717e-01 0 0
2663.7938 2676.8464 7.942499e-16 7.589006e-17 9.878324e-02 0 0
2665.3363 2678.3964 8.414037e-16 7.555953e-17 1.045717e-01 0 0
2666.8788 2679.9465 7.415671e-16 7.342159e-17 9.209528e-02 0 0
2668.4214 2681.4967 8.783832e-16 7.763993e-17 1.090050e-01 0 0
2669.9639 2683.0468 8.752769e-16 7.826347e-17 1.085380e-01 0 0
2671.5065 2684.5969 8.120173e-16 7.536865e-17 1.006181e-01 0 0
2673.0491 2686.1470 9.954357e-16 8.360723e-17 1.232543e-01 0 0
2674.5917 2687.6972 9.215006e-16 7.885576e-17 1.140157e-01 0 0
2676.1343 2689.2473 1.060482e-15 8.385581e-17 1.311181e-01 0 0
2677.6769 2690.7975 1.012499e-15 8.426807e-17 1.250972e-01 0 0
2679.2195 2692.3477 1.066964e-15 8.435270e-17 1.317379e-01 0 0
2680.7621 2693.8978 1.024855e-15 8.353548e-17 1.264551e-01 0 0
2682.3047 2695.4480 1.178158e-15 9.028694e-17 1.452824e-01 0 0
2683.8474 2696.9982 9.790805e-16 8.113607e-17 1.206614e-01 0 0
2685.3900 2698.5484 8.678736e-16 7.847689e-17 1.068991e-01 0 0
2686.9327 2700.0987 1.137428e-15 8.712373e-17 1.400279e-01 0 0
2688.4754 2701.6489 1.091773e-15 8.646193e-17 1.343473e-01 0 0
2690.0180 2703.1991 1.264909e-15 9.271265e-17 1.555841e-01 0 0
2691.5607 2704.7494 1.257641e-15 9.149070e-17 1.546301e-01 0 0
2693.1034 2706.2996 1.360211e-15 9.507744e-17 1.671767e-01 0 0
2694.6461 2707.8499 1.401224e-15 9.648726e-17 1.721548e-01 0 0
2696.1888 2709.4002 1.212792e-15 8.990206e-17 1.489493e-01 0 0
2697.7315 2710.9504 1.288958e-15 9.337976e-17 1.582441e-01 0 0
2699.2743 2712.5007 1.453793e-15 1.001169e-16 1.784126e-01 0 0
2700.8170 2714.0510 1.377569e-15 9.545676e-17 1.689865e-01 0 0
2702.3598 2715.6013 1.478803e-15 9.869533e-17 1.813262e-01 0 0
2703.9025 2717.1516 1.417265e-15 9.741938e-17 1.736919e-01 0 0
2705.4453 2718.7020 1.664425e-15 1.044121e-16 2.038764e-01 0 0
2706.9881 2720.2523 1.716975e-15 1.063552e-16 2.101810e-01 0 0
2708.5309 2721.8027 1.530125e-15 1.000783e-16 1.871884e-01 0 0
2710.0736 2723.3530 1.611573e-15 1.030789e-16 1.969975e-01 0 0
2711.6165 2724.9034 1.722650e-15 1.067916e-16 2.104080e-01 0 0
2713.1593 2726.4537 1.797468e-15 1.078997e-16 2.193338e-01 0 0
2714.7021 2728.0041 1.774618e-15 1.095399e-16 2.163346e-01 0 0
2716.2449 2729.5545 1.818770e-15 1.088525e-16 2.214687e-01 0 0
2717.7878 2731.1049 1.841783e-15 1.105556e-16 2.240190e-01 0 0
2719.3306 2732.6553 2.062677e-15 1.158358e-16 2.505798e-01 0 0
2720.8735 2734.2057 2.064722e-15 1.166918e-16 2.505204e-01 0 0
2722.4163 2735.7562 2.168464e-15 1.196366e-16 2.627705e-01 0 0
2723.9592 2737.3066 2.078071e-15 1.158375e-16 2.514926e-01 0 0
2725.5021 2738.8571 2.004531e-15 1.151804e-16 2.422781e-01 0 0
2727.0450 2740.4075 2.288268e-15 1.232158e-16 2.762120e-01 0 0
2728.5879 2741.9580 2.287769e-15 1.232239e-16 2.758027e-01 0 0
2730.1308 2743.5084 2.399987e-15 1.265170e-16 2.889648e-01 0 0
2731.6737 2745.0589 2.587553e-15 1.300046e-16 3.111780e-01 0 0
2733.2167 2746.6094 2.257086e-15 1.227852e-16 2.711141e-01 0 0
2734.7596 2748.1599 2.478273e-15 1.288208e-16 2.973641e-01 0 0
2736.3025 2749.7104 2.564315e-15 1.281099e-16 3.073613e-01 0 0
2737.8455 2751.2609 2.678349e-15 1.337878e-16 3.207282e-01 0 0
2739.3885 2752.8115 2.743677e-15 1.347462e-16 3.282451e-01 0 0
2740.9315 2754.3620 2.913534e-15 1.394910e-16 3.482754e-01 0 0
2742.4744 2755.9126 2.624346e-15 1.324446e-16 3.134482e-01 0 0
2744.0174 2757.4631 2.622468e-15 1.308461e-16 3.129782e-01 0 0
2745.5604 2759.0137 2.498188e-15 1.301251e-16 2.979134e-01 0 0
2747.1034 2760.5643 2.596811e-15 1.327903e-16 3.094275e-01 0 0
2748.6465 2762.1148 2.650455e-15 1.307299e-16 3.155664e-01 0 0
2750.1895 2763.6654 2.761866e-15 1.390119e-16 3.285420e-01 0 0
2751.7325 2765.2160 2.710990e-15 1.320629e-16 3.222008e-01 0 0
2753.2756 2766.7666 2.803551e-15 1.359545e-16 3.328600e-01 0 0
2754.8186 2768.3173 2.773053e-15 1.379473e-16 3.288912e-01 0 0
2756.3617 2769.8679 2.705664e-15 1.324945e-16 3.205016e-01 0 0
2757.9048 2771.4185 2.731782e-15 1.349128e-16 3.231796e-01 0 0
2759.4479 2772.9692 2.898306e-15 1.398449e-16 3.423613e-01 0 0
2760.9910 2774.5198 2.907408e-15 1.362247e-16 3.428943e-01 0 0
2762.5341 2776.0705 2.985128e-15 1.435112e-16 3.514142e-01 0 0
2764.0772 2777.6212 2.792787e-15 1.363525e-16 3.281413e-01 0 0
2765.6203 2779.1719 2.891901e-15 1.410387e-16 3.390684e-01 0 0
2767.1634 2780.7225 2.932014e-15 1.406022e-16 3.430210e-01 0 0
2768.7066 2782.2732 2.718783e-15 1.385131e-16 3.173440e-01 0 0
2770.2497 2783.8240 2.897266e-15 1.400960e-16 3.373845e-01 0 0
2771.7929 2785.3747 3.005551e-15 1.435111e-16 3.491614e-01 0 0
2773.3361 2786.9254 3.272937e-15 1.495746e-16 3.793120e-01 0 0
2774.8792 2788.4761 3.108057e-15 1.465818e-16 3.593527e-01 0 0
2776.4224 2790.0269 3.071498e-15 1.459145e-16 3.542905e-01 0 0
2777.9656 2791.5776 2.890011e-15 1.421691e-16 3.326088e-01 0 0
2779.5088 2793.1284 2.988968e-15 1.410871e-16 3.432415e-01 0 0
2781.0520 2794.6792 2.904906e-15 1.407806e-16 3.329139e-01 0 0
2782.5953 2796.2300 2.726169e-15 1.384125e-16 3.118238e-01 0 0
2784.1385 2797.7808 2.383845e-15 1.289673e-16 2.722049e-01 0 0
2785.6817 2799.3316 1.878804e-15 1.161258e-16 2.141972e-01 0 0
2787.2250 2800.8824 2.603093e-15 1.349244e-16 2.963835e-01 0 0
2788.7682 2802.4332 2.724759e-15 1.368351e-16 3.098756e-01 0 0
2790.3115 2803.9840 2.715985e-15 1.368386e-16 3.085920e-01 0 0
2791.8548 2805.5349 2.031024e-15 1.199868e-16 2.305852e-01 0 0
2793.3981 2807.0857 1.901074e-15 1.176627e-16 2.156981e-01 0 0
2794.9414 2808.6366 2.709353e-15 1.381168e-16 3.072482e-01 0 0
2796.4847 2810.1874 2.072654e-15 1.233369e-16 2.349472e-01 0 0
2798.0280 2811.7383 1.408127e-15 1.032681e-16 1.595638e-01 0 0
2799.5713 2813.2892 2.094524e-15 1.217224e-16 2.372708e-01 0 0
2801.1146 2814.8401 2.757851e-15 1.392320e-16 3.123262e-01 0 0
2802.6580 2816.3910 3.110777e-15 1.474707e-16 3.521891e-01 0 0
2804.2013 2817.9419 1.925384e-15 1.185428e-16 2.179147e-01 0 0
2805.7447 2819.4928 1.907153e-15 1.169083e-16 2.157663e-01 0 0
2807.2881 2821.0438 2.892589e-15 1.418123e-16 3.271043e-01 0 0
2808.8314 2822.5947 3.234406e-15 1.519366e-16 3.655434e-01 0 0
2810.3748 2824.1456 3.130829e-15 1.461819e-16 3.535891e-01 0 0
2811.9182 2825.6966 3.457065e-15 1.544473e-16 3.900947e-01 0 0
2813.4616 2827.2476 3.460055e-15 1.555121e-16 3.900325e-01 0 0
2815.0050 2828.7986 3.367006e-15 1.520012e-16 3.790936e-01 0 0
2816.5484 2830.3495 3.352912e-15 1.549416e-16 3.769985e-01 0 0
2818.0919 2831.9005 3.618851e-15 1.574461e-16 4.062959e-01 0 0
2819.6353 2833.4515 3.445158e-15 1.554361e-16 3.861632e-01 0 0
2821.1788 2835.0025 3.517319e-15 1.572211e-16 3.935601e-01 0 0
2822.7222 2836.5536 3.595815e-15 1.574169e-16 4.015830e-01 0 0
2824.2657 2838.1046 3.493434e-15 1.580276e-16 3.893717e-01 0 0
2825.8092 2839.6556 3.424096e-15 1.548834e-16 3.808365e-01 0 0
2827.3527 2841.2067 3.162229e-15 1.495846e-16 3.509373e-01 0 0
2828.8962 2842.7577 3.323865e-15 1.548950e-16 3.680241e-01 0 0
2830.4397 2844.3088 3.607589e-15 1.580463e-16 3.984887e-01 0 0
2831.9832 2845.8599 3.461051e-15 1.579321e-16 3.813580e-01 0 0
2833.5267 2847.4110 3.579511e-15 1.589291e-16 3.934148e-01 0 0
2835.0702 2848.9621 3.280855e-15 1.513350e-16 3.596528e-01 0 0
2836.6138 2850.5132 3.288958e-15 1.557984e-16 3.595937e-01 0 0
2838.1573 2852.0643 3.424199e-15 1.561876e-16 3.733856e-01 0 0
2839.7009 2853.6154 3.500788e-15 1.610587e-16 3.807108e-01 0 0
2841.2444 2855.1665 3.226785e-15 1.512707e-16 3.499537e-01 0 0
2842.7880 2856.7177 3.505743e-15 1.577075e-16 3.791598e-01 0 0
2844.3316 2858.2688 3.640573e-15 1.634129e-16 3.926457e-01 0 0
2845.8752 2859.8200 3.868516e-15 1.660519e-16 4.160619e-01 0 0
2847.4188 2861.3712 4.125161e-15 1.717859e-16 4.424150e-01 0 0
2848.9624 2862.9223 4.124304e-15 1.731325e-16 4.410751e-01 0 0
2850.5060 2864.4735 4.158986e-15 1.751785e-16 4.435299e-01 0 0
2852.0497 2866.0247 4.213137e-15 1.773507e-16 4.480382e-01 0 0
2853.5933 2867.5759 4.174245e-15 1.747548e-16 4.426578e-01 0 0
2855.1370 2869.1271 3.824730e-15 1.679846e-16 4.044591e-01 0 0
2856.6806 2870.6784 4.373403e-15 1.771946e-16 4.612018e-01 0 0
2858.2243 2872.2296 4.694290e-15 1.853849e-16 4.936786e-01 0 0
2859.7680 2873.7808 4.835094e-15 1.879731e-16 5.071125e-01 0 0
2861.3117 2875.3321 4.562421e-15 1.861909e-16 4.772281e-01 0 0
2862.8554 2876.8834 4.568721e-15 1.843859e-16 4.766315e-01 0 0
2864.3991 2878.4346 4.668234e-15 1.870025e-16 4.857365e-01 0 0
2865.9428 2879.9859 4.900988e-15 1.909625e-16 5.086381e-01 0 0
2867.4865 2881.5372 5.145052e-15 1.965593e-16 5.325859e-01 0 0
2869.0302 2883.0885 5.058079e-15 1.968013e-16 5.222307e-01 0 0
2870.5740 2884.6398 5.557199e-15 2.062667e-16 5.722716e-01 0 0
2872.1177 2886.1911 5.740693e-15 2.103142e-16 5.896121e-01 0 0
2873.6615 2887.7424 5.686601e-15 2.075075e-16 5.825049e-01 0 0
2875.2053 2889.2938 5.881858e-15 2.103048e-16 6.008665e-01 0 0
2876.7490 2890.8451 6.365951e-15 2.189514e-16 6.485284e-01 0 0
2878.2928 2892.3965 5.944552e-15 2.094368e-16 6.038696e-01 0 0
2879.8366 2893.9478 6.174472e-15 2.188166e-16 6.254098e-01 0 0
2881.3804 2895.4992 6.869522e-15 2.280394e-16 6.937001e-01 0 0
2882.9242 2897.0506 6.605669e-15 2.280663e-16 6.650009e-01 0 0
2884.4681 2898.6020 7.312533e-15 2.334436e-16 7.337620e-01 0 0
2886.0119 2900.1533 7.176957e-15 2.315091e-16 7.177755e-01 0 0
2887.5557 2901.7048 7.549445e-15 2.451615e-16 7.523759e-01 0 0
2889.0996 2903.2562 7.733993e-15 2.410428e-16 7.680268e-01 0 0
2890.6434 2904.8076 7.953431e-15 2.497910e-16 7.868672e-01 0 0
2892.1873 2906.3590 8.119508e-15 2.524638e-16 8.002681e-01 0 0
2893.7312 2907.9105 8.447178e-15 2.539414e-16 8.293105e-01 0 0
2895.2751 2909.4619 8.907503e-15 2.664532e-16 8.710606e-01 0 0
2896.8190 2911.0134 8.678717e-15 2.618666e-16 8.452682e-01 0 0
2898.3629 2912.5649 8.931425e-15 2.637323e-16 8.663540e-01 0 0
2899.9068 2914.1163 9.400966e-15 2.730385e-16 9.081581e-01 0 0
2901.4507 2915.6678 9.685893e-15 2.818445e-16 9.318227e-01 0 0
2902.9946 2917.2193 1.029156e-14 2.852019e-16 9.860036e-01 0 0
2904.5386 2918.7708 9.723518e-15 2.801096e-16 9.277173e-01 0 0
2906.0825 2920.3223 1.030261e-14 2.883990e-16 9.789371e-01 0 0
2907.6265 2921.8739 1.042978e-14 2.901436e-16 9.869376e-01 0 0
2909.1705 2923.4254 1.076151e-14 2.979114e-16 1.014230e+00 0 0
2910.7144 2924.9769 1.038856e-14 2.926193e-16 9.751222e-01 0 0
2912.2584 2926.5285 1.018645e-14 2.910905e-16 9.524070e-01 0 0
2913.8024 2928.0801 1.063128e-14 2.990132e-16 9.900859e-01 0 0
2915.3464 2929.6316 1.107056e-14 3.063942e-16 1.027049e+00 0 0
2916.8905 2931.1832 1.057419e-14 2.995143e-16 9.772226e-01 0 0
2918.4345 2932.7348 1.093196e-14 3.004050e-16 1.006464e+00 0 0
2919.9785 2934.2864 1.137300e-14 3.080159e-16 1.043087e+00 0 0
2921.5226 2935.8380 1.085798e-14 3.034432e-16 9.920909e-01 0 0
2923.0666 2937.3896 1.153848e-14 3.101295e-16 1.050266e+00 0 0
2924.6107 2938.9413 1.150993e-14 3.163032e-16 1.043674e+00 0 0
2926.1547 2940.4929 1.172622e-14 3.156811e-16 1.059210e+00 0 0
2927.6988 2942.0445 1.123417e-14 3.140292e-16 1.010822e+00 0 0
2929.2429 2943.5962 1.160767e-14 3.131808e-16 1.040348e+00 0 0
2930.7870 2945.1479 1.200871e-14 3.239326e-16 1.071986e+00 0 0
2932.3311 2946.6995 1.155896e-14 3.180728e-16 1.027684e+00 0 0
2933.8752 2948.2512 1.185975e-14 3.201292e-16 1.050051e+00 0 0
2935.4193 2949.8029 1.194137e-14 3.248632e-16 1.052856e+00 0 0
2936.9635 2951.3546 1.264219e-14 3.331340e-16 1.109711e+00 0 0
2938.5076 2952.9063 1.148219e-14 3.203577e-16 1.003369e+00 0 0
2940.0518 2954.4580 1.167621e-14 3.209642e-16 1.015596e+00 0 0
2941.5959 2956.0097 1.214105e-14 3.281079e-16 1.051090e+00 0 0
2943.1401 2957.5615 1.201599e-14 3.247151e-16 1.035252e+00 0 0
2944.6843 2959.1132 1.229073e-14 3.379317e-16 1.053775e+00 0 0
2946.2285 2960.6650 1.197007e-14 3.192664e-16 1.021157e+00 0 0
2947.7727 2962.2167 1.176124e-14 3.287584e-16 9.982830e-01 0 0
2949.3169 2963.7685 1.219993e-14 3.333543e-16 1.030169e+00 0 0
2950.8611 2965.3203 1.142926e-14 3.220136e-16 9.600586e-01 0 0
2952.4053 2966.8721 1.132261e-14 3.271607e-16 9.460306e-01 0 0
2953.9495 2968.4239 1.195658e-14 3.248426e-16 9.936240e-01 0 0
2955.4938 2969.9757 1.154202e-14 3.319573e-16 9.539097e-01 0 0
2957.0380 2971.5275 1.149591e-14 3.303626e-16 9.448340e-01 0 0
2958.5823 2973.0794 1.176769e-14 3.288896e-16 9.617171e-01 0 0
2960.1266 2974.6312 1.190761e-14 3.393658e-16 9.676110e-01 0 0
2961.6708 2976.1830 1.171358e-14 3.339165e-16 9.463384e-01 0 0
2963.2151 2977.7349 1.119415e-14 3.256660e-16 8.990931e-01 0 0
2964.7594 2979.2868 1.178485e-14 3.378723e-16 9.409358e-01 0 0
2966.3037 2980.8386 1.227974e-14 3.451370e-16 9.745954e-01 0 0
2967.8481 2982.3905 1.176797e-14 3.361594e-16 9.283394e-01 0 0
2969.3924 2983.9424 1.176297e-14 3.421638e-16 9.222940e-01 0 0
2970.9367 2985.4943 1.135131e-14 3.316139e-16 8.845522e-01 0 0
2972.4811 2987.0462 1.162072e-14 3.402387e-16 8.999430e-01 0 0
2974.0254 2988.5981 1.107409e-14 3.309691e-16 8.522668e-01 0 0
2975.5698 2990.1501 1.079423e-14 3.265629e-16 8.255160e-01 0 0
2977.1141 2991.7020 1.141108e-14 3.407319e-16 8.671870e-01 0 0
2978.6585 2993.2539 1.108454e-14 3.364882e-16 8.370241e-01 0 0
2980.2029 2994.8059 1.009474e-14 3.229218e-16 7.574270e-01 0 0
2981.7473 2996.3579 1.094534e-14 3.322255e-16 8.159894e-01 0 0
2983.2917 2997.9098 9.863185e-15 3.223644e-16 7.305961e-01 0 0
2984.8361 2999.4618 1.049818e-14 3.302121e-16 7.726188e-01 0 0
2986.3806 3001.0138 9.286020e-15 3.161512e-16 6.789994e-01 0 0
2987.9250 3002.5658 1.041620e-14 3.335785e-16 7.567019e-01 0 0
2989.4694 3004.1178 9.432383e-15 3.121456e-16 6.807791e-01 0 0
2991.0139 3005.6699 9.106668e-15 3.144425e-16 6.529789e-01 0 0
2992.5583 3007.2219 9.740664e-15 3.244149e-16 6.938554e-01 0 0
2994.1028 3008.7739 9.284410e-15 3.197567e-16 6.569883e-01 0 0
2995.6473 3010.3260 9.064144e-15 3.189751e-16 6.371375e-01 0 0
2997.1918 3011.8780 9.019985e-15 3.182855e-16 6.297876e-01 0 0
2998.7363 3013.4301 8.832751e-15 3.108208e-16 6.125485e-01 0 0
3000.2808 3014.9822 8.280885e-15 3.095646e-16 5.703644e-01 0 0
3001.8253 3016.5343 8.959616e-15 3.167596e-16 6.128644e-01 0 0
3003.3698 3018.0863 8.684350e-15 3.143482e-16 5.899050e-01 0 0
3004.9144 3019.6384 8.004643e-15 3.034251e-16 5.399075e-01 0 0
3006.4589 3021.1906 8.264724e-15 3.098344e-16 5.534828e-01 0 0
3008.0035 3022.7427 8.733022e-15 3.183144e-16 5.806268e-01 0 0
3009.5480 3024.2948 7.966712e-15 2.980530e-16 5.258116e-01 0 0
3011.0926 3025.8470 8.022983e-15 3.213663e-16 5.256054e-01 0 0
3012.6372 3027.3991 7.888137e-15 3.063835e-16 5.128955e-01 0 0
3014.1818 3028.9513 8.068315e-15 3.129309e-16 5.206285e-01 0 0
3015.7264 3030.5034 8.779687e-15 3.277490e-16 5.621807e-01 0 0
3017.2710 3032.0556 8.218578e-15 3.155696e-16 5.221707e-01 0 0
3018.8156 3033.6078 8.001508e-15 3.174799e-16 5.043981e-01 0 0
3020.3602 3035.1600 7.904293e-15 3.102992e-16 4.943371e-01 0 0
3021.9049 3036.7122 7.818261e-15 3.161617e-16 4.850660e-01 0 0
3023.4495 3038.2644 8.591563e-15 3.266741e-16 5.287763e-01 0 0
3024.9942 3039.8166 8.449096e-15 3.273032e-16 5.158190e-01 0 0
3026.5388 3041.3689 8.078449e-15 3.263010e-16 4.892008e-01 0 0
3028.0835 3042.9211 8.060375e-15 3.192566e-16 4.841410e-01 0 0
3029.6282 3044.4733 9.048176e-15 3.504521e-16 5.390442e-01 0 0
3031.1729 3046.0256 8.492259e-15 3.309192e-16 5.017933e-01 0 0
3032.7176 3047.5779 8.529941e-15 3.342538e-16 4.998967e-01 0 0
3034.2623 3049.1301 8.989583e-15 3.492640e-16 5.225230e-01 0 0
3035.8070 3050.6824 8.579432e-15 3.406421e-16 4.945984e-01 0 0
3037.3517 3052.2347 8.560116e-15 3.418180e-16 4.894472e-01 0 0
3038.8964 3053.7870 8.363255e-15 3.409961e-16 4.742717e-01 0 0
3040.4412 3055.3393 8.142186e-15 3.355695e-16 4.579527e-01 0 0
3041.9859 3056.8917 9.095642e-15 3.611922e-16 5.073748e-01 0 0
3043.5307 3058.4440 8.266194e-15 3.420897e-16 4.573130e-01 0 0
3045.0755 3059.9963 8.728115e-15 3.513059e-16 4.788773e-01 0 0
3046.6203 3061.5487 8.802922e-15 3.626866e-16 4.789807e-01 0 0
3048.1650 3063.1011 8.284797e-15 3.437759e-16 4.470323e-01 0 0
3049.7098 3064.6534 7.965277e-15 3.502829e-16 4.261961e-01 0 0
3051.2547 3066.2058 8.053806e-15 3.409505e-16 4.273022e-01 0 0
3052.7995 3067.7582 8.114314e-15 3.474815e-16 4.268653e-01 0 0
3054.3443 3069.3106 8.117871e-15 3.491891e-16 4.234055e-01 0 0
3055.8891 3070.8630 7.626327e-15 3.403906e-16 3.943480e-01 0 0
3057.4340 3072.4154 7.689846e-15 3.432469e-16 3.941824e-01 0 0
3058.9788 3073.9678 7.274628e-15 3.357008e-16 3.696352e-01 0 0
3060.5237 3075.5203 7.677948e-15 3.504502e-16 3.866813e-01 0 0
3062.0686 3077.0727 7.737209e-15 3.532850e-16 3.861900e-01 0 0
3063.6135 3078.6252 7.840835e-15 3.543266e-16 3.878385e-01 0 0
3065.1583 3080.1776 7.975567e-15 3.599729e-16 3.909202e-01 0 0
3066.7032 3081.7301 7.854512e-15 3.569958e-16 3.814591e-01 0 0
3068.2481 3083.2826 8.011369e-15 3.646880e-16 3.854865e-01 0 0
3069.7931 3084.8351 7.981807e-15 3.638957e-16 3.804899e-01 0 0
3071.3380 3086.3876 8.219330e-15 3.724191e-16 3.881452e-01 0 0
3072.8829 3087.9401 7.626135e-15 3.599562e-16 3.567341e-01 0 0
3074.4279 3089.4926 7.455738e-15 3.596553e-16 3.454580e-01 0 0
3075.9728 3091.0451 7.229486e-15 3.528810e-16 3.317750e-01 0 0
3077.5178 3092.5976 7.264305e-15 3.579604e-16 3.301792e-01 0 0
3079.0628 3094.1502 7.096138e-15 3.581696e-16 3.194218e-01 0 0
3080.6078 3095.7027 7.593097e-15 3.687776e-16 3.384869e-01 0 0
3082.1527 3097.2553 7.196880e-15 3.648004e-16 3.176987e-01 0 0
3083.6977 3098.8079 7.793628e-15 3.816575e-16 3.406892e-01 0 0
3085.2428 3100.3604 7.826270e-15 3.784762e-16 3.387576e-01 0 0
3086.7878 3101.9130 8.052928e-15 3.841454e-16 3.451506e-01 0 0
3088.3328 3103.4656 8.172671e-15 3.942391e-16 3.468224e-01 0 0
3089.8778 3105.0182 8.070624e-15 3.929502e-16 3.391148e-01 0 0
3091.4229 3106.5709 8.485507e-15 4.051352e-16 3.530047e-01 0 0
3092.9679 3108.1235 7.351873e-15 3.816124e-16 3.028131e-01 0 0
3094.5130 3109.6761 7.666298e-15 3.891856e-16 3.126092e-01 0 0
3096.0581 3111.2288 7.620219e-15 3.831243e-16 3.076352e-01 0 0
3097.6032 3112.7814 7.802900e-15 3.981618e-16 3.118469e-01 0 0
3099.1482 3114.3341 8.414883e-15 4.101435e-16 3.329401e-01 0 0
3100.6933 3115.8867 8.602852e-15 4.215900e-16 3.369431e-01 0 0
3102.2385 3117.4394 8.821016e-15 4.301273e-16 3.420174e-01 0 0
3103.7836 3118.9921 7.847579e-15 4.010866e-16 3.011917e-01 0 0
3105.3287 3120.5448 9.469517e-15 4.535650e-16 3.597773e-01 0 0
3106.8738 3122.0975 8.278105e-15 4.164034e-16 3.113127e-01 0 0
3108.4190 3123.6502 8.918275e-15 4.428508e-16 3.319952e-01 0 0
3109.9641 3125.2030 8.530535e-15 4.337781e-16 3.143199e-01 0 0
3111.5093 3126.7557 1.002926e-14 4.693828e-16 3.657938e-01 0 0
3113.0545 3128.3085 9.305672e-15 4.577287e-16 3.359274e-01 0 0
3114.5997 3129.8612 8.870024e-15 4.460561e-16 3.169443e-01 0 0
3116.1449 3131.4140 9.672044e-15 4.707593e-16 3.420537e-01 0 0
3117.6901 3132.9667 9.340944e-15 4.548147e-16 3.269776e-01 0 0
3119.2353 3134.5195 9.297709e-15 4.606512e-16 3.221147e-01 0 0
3120.7805 3136.0723 9.340198e-15 4.642222e-16 3.202833e-01 0 0
3122.3257 3137.6251 9.517238e-15 4.756430e-16 3.229888e-01 0 0
3123.8710 3139.1779 1.100081e-14 5.161981e-16 3.695206e-01 0 0
3125.4162 3140.7307 9.982057e-15 4.910133e-16 3.318369e-01 0 0
3126.9615 3142.2836 1.205338e-14 5.297612e-16 3.965945e-01 0 0
3128.5067 3143.8364 1.160738e-14 5.352742e-16 3.779701e-01 0 0
3130.0520 3145.3893 1.105675e-14 5.129314e-16 3.563531e-01 0 0
3131.5973 3146.9421 1.080559e-14 5.173094e-16 3.446530e-01 0 0
3133.1426 3148.4950 9.184453e-15 4.415199e-16 2.899453e-01 2560 0
3134.6879 3150.0478 7.497325e-15 4.313925e-16 2.342321e-01 2564 0
3136.2332 3151.6007 1.504731e-14 6.127567e-16 4.651800e-01 2564 0
3137.7785 3153.1536 2.416490e-14 7.816618e-16 7.391204e-01 2564 0
3139.3238 3154.7065 1.635224e-16 6.505580e-17 4.947873e-03 2564 0
