# PSN07 ock411040 G750L CCD z=0.0049 a2center=894.9 extrsize=23 exptime=240.0 mode=adaptive_es23@0.98 flags=no_defringe(no_flat)
# rest_wvl obs_wvl flux error net dq mask
5217.4495 5243.0150 7.517895e-15 8.507062e-16 2.022397e+00 528 0
5222.3018 5247.8911 5.468421e-15 4.547600e-16 2.405977e+00 512 0
5227.1542 5252.7673 5.120282e-15 3.376803e-16 3.144930e+00 512 0
5232.0066 5257.6434 4.979539e-15 2.712784e-16 3.934648e+00 512 0
5236.8591 5262.5197 5.220361e-15 2.361614e-16 5.058656e+00 512 0
5241.7115 5267.3959 6.157510e-15 2.133896e-16 7.095134e+00 528 0
5246.5641 5272.2722 6.013090e-15 1.888880e-16 8.004958e+00 512 0
5251.4166 5277.1486 6.277830e-15 1.745791e-16 9.495580e+00 512 0
5256.2692 5282.0249 6.428498e-15 1.738088e-16 1.088882e+01 528 0
5261.1219 5286.9014 6.487219e-15 1.535724e-16 1.217184e+01 512 0
5265.9745 5291.7778 6.500296e-15 1.472827e-16 1.338476e+01 16 0
5270.8273 5296.6543 6.802145e-15 1.380110e-16 1.525477e+01 16 0
5275.6800 5301.5308 6.638567e-15 1.311989e-16 1.594217e+01 16 0
5280.5328 5306.4074 6.552002e-15 1.261517e-16 1.641902e+01 0 0
5285.3856 5311.2840 6.745006e-15 1.255347e-16 1.749001e+01 16 0
5290.2385 5316.1607 6.950868e-15 1.292427e-16 1.820164e+01 16 0
5295.0914 5321.0373 6.997641e-15 1.297169e-16 1.836421e+01 16 0
5299.9443 5325.9141 1.439702e-14 2.150759e-16 3.749614e+01 16 0
5304.7973 5330.7908 6.210437e-15 1.502056e-16 1.577458e+01 16 0
5309.6503 5335.6676 6.948586e-15 1.357824e-16 1.722792e+01 16 0
5314.5034 5340.5444 6.727195e-15 1.379310e-16 1.630623e+01 0 0
5319.3565 5345.4213 6.714294e-15 1.408131e-16 1.589464e+01 16 0
5324.2096 5350.2982 6.908572e-15 1.388765e-16 1.599438e+01 16 0
5329.0628 5355.1752 6.905149e-15 1.396891e-16 1.571870e+01 16 0
5333.9160 5360.0521 6.941744e-15 1.384132e-16 1.553419e+01 0 0
5338.7692 5364.9292 6.877121e-15 1.422250e-16 1.523956e+01 16 0
5343.6225 5369.8062 6.871244e-15 1.438183e-16 1.507908e+01 16 0
5348.4758 5374.6833 6.835317e-15 1.395026e-16 1.496810e+01 16 0
5353.3291 5379.5604 6.896043e-15 1.414330e-16 1.508756e+01 0 0
5358.1825 5384.4376 6.577764e-15 1.423919e-16 1.445954e+01 16 0
5363.0359 5389.3148 6.815025e-15 1.383380e-16 1.509226e+01 0 0
5367.8894 5394.1920 6.232731e-15 1.346233e-16 1.395151e+01 0 0
5372.7429 5399.0693 6.321739e-15 1.443739e-16 1.433892e+01 0 0
5377.5964 5403.9466 6.535662e-15 1.377769e-16 1.508414e+01 16 0
5382.4499 5408.8240 6.270826e-15 1.413283e-16 1.472084e+01 16 0
5387.3035 5413.7013 6.615596e-15 1.611566e-16 1.586235e+01 16 0
5392.1572 5418.5787 6.556702e-15 1.316936e-16 1.605420e+01 16 0
5397.0108 5423.4562 6.198710e-15 1.241722e-16 1.550829e+01 0 0
5401.8645 5428.3337 5.924628e-15 1.205421e-16 1.512802e+01 0 0
5406.7183 5433.2112 5.868786e-15 1.192077e-16 1.530093e+01 16 0
5411.5720 5438.0888 5.777992e-15 1.183020e-16 1.538280e+01 16 0
5416.4259 5442.9663 6.074515e-15 1.198722e-16 1.651986e+01 16 0
5421.2797 5447.8440 5.745519e-15 1.164292e-16 1.594615e+01 16 0
5426.1336 5452.7216 5.676800e-15 1.411716e-16 1.607520e+01 16 0
5430.9875 5457.5993 5.455811e-15 1.084324e-16 1.575629e+01 16 0
5435.8414 5462.4770 5.468892e-15 1.065552e-16 1.609878e+01 0 0
5440.6954 5467.3548 5.578935e-15 1.066680e-16 1.669658e+01 16 0
5445.5494 5472.2326 5.406013e-15 1.169685e-16 1.641862e+01 16 0
5450.4035 5477.1104 5.488252e-15 1.035046e-16 1.687374e+01 0 0
5455.2575 5481.9883 5.606791e-15 1.045397e-16 1.743411e+01 0 0
5460.1117 5486.8662 5.552816e-15 1.040731e-16 1.742849e+01 0 0
5464.9658 5491.7441 5.786073e-15 1.054208e-16 1.832885e+01 16 0
5469.8200 5496.6221 5.911791e-15 1.037300e-16 1.885329e+01 0 0
5474.6742 5501.5001 5.967021e-15 1.039831e-16 1.914898e+01 16 0
5479.5284 5506.3781 6.420873e-15 1.077776e-16 2.070979e+01 16 0
5484.3827 5511.2562 6.169202e-15 1.061546e-16 1.997104e+01 16 0
5489.2370 5516.1343 6.337820e-15 1.107317e-16 2.058251e+01 16 0
5494.0914 5521.0124 6.693283e-15 1.098494e-16 2.181323e+01 16 0
5498.9458 5525.8906 6.468454e-15 1.122397e-16 2.112852e+01 0 0
5503.8002 5530.7688 6.883877e-15 1.091876e-16 2.256010e+01 16 0
5508.6546 5535.6470 6.825580e-15 1.083100e-16 2.239384e+01 0 0
5513.5091 5540.5253 7.081441e-15 1.099387e-16 2.327029e+01 16 0
5518.3636 5545.4036 7.090589e-15 1.119921e-16 2.335342e+01 16 0
5523.2182 5550.2819 6.944188e-15 1.096085e-16 2.291679e+01 0 0
5528.0727 5555.1603 6.966687e-15 1.090591e-16 2.302921e+01 16 0
5532.9273 5560.0387 7.218556e-15 1.119042e-16 2.391395e+01 16 0
5537.7820 5564.9171 7.095654e-15 1.091545e-16 2.358211e+01 16 0
5542.6366 5569.7956 7.082231e-15 1.081994e-16 2.361930e+01 0 0
5547.4914 5574.6741 7.083913e-15 1.179525e-16 2.368920e+01 16 0
5552.3461 5579.5526 7.417317e-15 1.101228e-16 2.488783e+01 0 0
5557.2009 5584.4311 7.577023e-15 1.146795e-16 2.554051e+01 16 0
5562.0556 5589.3097 7.561796e-15 1.447971e-16 2.560473e+01 16 0
5566.9105 5594.1883 7.985209e-15 1.524385e-16 2.719148e+01 16 0
5571.7653 5599.0670 7.344858e-15 1.137618e-16 2.512397e+01 16 0
5576.6202 5603.9457 7.549513e-15 1.091343e-16 2.598388e+01 0 0
5581.4751 5608.8244 7.315011e-15 1.086489e-16 2.532240e+01 16 0
5586.3301 5613.7031 7.686947e-15 1.125544e-16 2.674628e+01 16 0
5591.1851 5618.5819 7.532152e-15 1.084845e-16 2.632969e+01 16 0
5596.0401 5623.4607 7.670464e-15 1.096419e-16 2.697678e+01 16 0
5600.8951 5628.3395 2.238817e-14 1.831726e-16 7.981640e+01 8208 0
5605.7502 5633.2184 7.465333e-15 1.085011e-16 2.654290e+01 16 0
5610.6053 5638.0973 7.479222e-15 1.062692e-16 2.672949e+01 0 0
5615.4604 5642.9762 7.373176e-15 1.057532e-16 2.647251e+01 0 0
5620.3156 5647.8552 7.296474e-15 1.240887e-16 2.631207e+01 16 0
5625.1708 5652.7341 7.217620e-15 1.059848e-16 2.612021e+01 16 0
5630.0260 5657.6132 7.503395e-15 1.053185e-16 2.725455e+01 0 0
5634.8813 5662.4922 7.207502e-15 1.090000e-16 2.628105e+01 16 0
5639.7366 5667.3713 7.274145e-15 1.041703e-16 2.662902e+01 16 0
5644.5919 5672.2504 7.296262e-15 1.050970e-16 2.681735e+01 16 0
5649.4472 5677.1295 7.380034e-15 1.035696e-16 2.722607e+01 0 0
5654.3026 5682.0087 6.983127e-15 1.043745e-16 2.583838e+01 16 0
5659.1580 5686.8879 7.156931e-15 1.021294e-16 2.657200e+01 0 0
5664.0134 5691.7671 7.145404e-15 1.122222e-16 2.661340e+01 16 0
5668.8689 5696.6463 6.988969e-15 1.035883e-16 2.609853e+01 16 0
5673.7244 5701.5256 7.021414e-15 1.007124e-16 2.629195e+01 0 0
5678.5799 5706.4049 7.170362e-15 1.031248e-16 2.692070e+01 16 0
5683.4354 5711.2843 6.813051e-15 9.960789e-17 2.562722e+01 0 0
5688.2910 5716.1636 7.012979e-15 1.014464e-16 2.644749e+01 16 0
5693.1466 5721.0430 6.703715e-15 9.877522e-17 2.532634e+01 16 0
5698.0022 5725.9224 6.755959e-15 1.002042e-16 2.558388e+01 16 0
5702.8579 5730.8019 6.343558e-15 1.063325e-16 2.405918e+01 16 0
5707.7136 5735.6814 6.517512e-15 9.714174e-17 2.478368e+01 0 0
5712.5693 5740.5609 6.385961e-15 9.634101e-17 2.433371e+01 0 0
5717.4250 5745.4404 6.294406e-15 9.589424e-17 2.404201e+01 16 0
5722.2808 5750.3200 5.931846e-15 9.387053e-17 2.270121e+01 16 0
5727.1366 5755.1996 5.937656e-15 9.390348e-17 2.278858e+01 16 0
5731.9924 5760.0792 5.662955e-15 9.257352e-17 2.178691e+01 16 0
5736.8483 5764.9588 5.552576e-15 9.266343e-17 2.142449e+01 16 0
5741.7041 5769.8385 5.334146e-15 8.899385e-17 2.063890e+01 0 0
5746.5601 5774.7182 5.316318e-15 9.387182e-17 2.063766e+01 16 0
5751.4160 5779.5979 5.174931e-15 8.752628e-17 2.015033e+01 0 0
5756.2719 5784.4777 5.006711e-15 8.955501e-17 1.955404e+01 0 0
5761.1279 5789.3575 5.432078e-15 8.881593e-17 2.130785e+01 16 0
5765.9839 5794.2373 5.367179e-15 8.977309e-17 2.112170e+01 0 0
5770.8400 5799.1171 5.591190e-15 9.565370e-17 2.208704e+01 16 0
5775.6960 5803.9970 5.300311e-15 9.198442e-17 2.099405e+01 0 0
5780.5521 5808.8768 5.563943e-15 8.922963e-17 2.212048e+01 16 0
5785.4083 5813.7568 5.558453e-15 9.346455e-17 2.216680e+01 16 0
5790.2644 5818.6367 5.744690e-15 9.737701e-17 2.298542e+01 16 0
5795.1206 5823.5167 5.791121e-15 9.012212e-17 2.323938e+01 16 0
5799.9768 5828.3966 5.803808e-15 9.172095e-17 2.335268e+01 16 0
5804.8330 5833.2767 5.721605e-15 8.949598e-17 2.307736e+01 16 0
5809.6892 5838.1567 5.844449e-15 9.087531e-17 2.363207e+01 16 0
5814.5455 5843.0368 6.089485e-15 9.464998e-17 2.468771e+01 16 0
5819.4018 5847.9169 6.311043e-15 9.564157e-17 2.564234e+01 0 0
5824.2581 5852.7970 5.896014e-15 1.028105e-16 2.398212e+01 16 0
5829.1145 5857.6771 6.357395e-15 9.967407e-17 2.591363e+01 16 0
5833.9708 5862.5573 6.122059e-15 9.124435e-17 2.497803e+01 0 0
5838.8272 5867.4375 6.222839e-15 1.027001e-16 2.541608e+01 16 0
5843.6837 5872.3177 6.345920e-15 1.119794e-16 2.594703e+01 16 0
5848.5401 5877.1980 6.433301e-15 9.224500e-17 2.632062e+01 16 0
5853.3966 5882.0782 6.441076e-15 9.305286e-17 2.636536e+01 16 0
5858.2531 5886.9585 6.406878e-15 9.289199e-17 2.622742e+01 0 0
5863.1096 5891.8388 6.357371e-15 9.203378e-17 2.602540e+01 0 0
5867.9661 5896.7192 6.643316e-15 9.896783e-17 2.720244e+01 16 0
5872.8227 5901.5995 6.775704e-15 9.450961e-17 2.774314e+01 0 0
5877.6793 5906.4799 6.871681e-15 9.442662e-17 2.812690e+01 0 0
5882.5359 5911.3604 6.614310e-15 9.421553e-17 2.704959e+01 16 0
5887.3926 5916.2408 6.826335e-15 9.679454e-17 2.790734e+01 16 0
5892.2492 5921.1213 6.889486e-15 9.548627e-17 2.814889e+01 16 0
5897.1059 5926.0017 6.829921e-15 9.737493e-17 2.788304e+01 16 0
5901.9626 5930.8822 7.055042e-15 9.652919e-17 2.878983e+01 16 0
5906.8194 5935.7628 7.157354e-15 9.654437e-17 2.919117e+01 0 0
5911.6761 5940.6433 7.140767e-15 9.725802e-17 2.910390e+01 16 0
5916.5329 5945.5239 7.015400e-15 1.098097e-16 2.857277e+01 16 0
5921.3897 5950.4045 7.409687e-15 1.210398e-16 3.018050e+01 16 0
5926.2465 5955.2851 7.093396e-15 9.626198e-17 2.887198e+01 0 0
5931.1034 5960.1658 7.039682e-15 9.634106e-17 2.864726e+01 0 0
5935.9603 5965.0465 6.989671e-15 9.578118e-17 2.844246e+01 16 0
5940.8172 5969.9272 7.348955e-15 9.755394e-17 2.992522e+01 16 0
5945.6741 5974.8079 7.073870e-15 9.639030e-17 2.880641e+01 0 0
5950.5310 5979.6886 6.965729e-15 9.588404e-17 2.838052e+01 0 0
5955.3880 5984.5694 7.199450e-15 9.686925e-17 2.936619e+01 0 0
5960.2450 5989.4502 7.233925e-15 9.721549e-17 2.954188e+01 16 0
5965.1020 5994.3310 7.058209e-15 9.593484e-17 2.885562e+01 16 0
5969.9590 5999.2118 6.881457e-15 9.863310e-17 2.817394e+01 16 0
5974.8160 6004.0926 6.910885e-15 9.546008e-17 2.834775e+01 16 0
5979.6731 6008.9735 6.908425e-15 9.578748e-17 2.840139e+01 16 0
5984.5302 6013.8544 6.760725e-15 9.418622e-17 2.785404e+01 0 0
5989.3873 6018.7353 6.570313e-15 9.376323e-17 2.713617e+01 16 0
5994.2445 6023.6163 6.606406e-15 1.025425e-16 2.736362e+01 16 0
5999.1016 6028.4972 6.330412e-15 9.502581e-17 2.629193e+01 16 0
6003.9588 6033.3782 6.350112e-15 9.085612e-17 2.645862e+01 0 0
6008.8160 6038.2592 6.245450e-15 9.007235e-17 2.610809e+01 16 0
6013.6732 6043.1402 5.855741e-15 8.817716e-17 2.454810e+01 0 0
6018.5305 6048.0213 5.796130e-15 8.777368e-17 2.438477e+01 16 0
6023.3877 6052.9023 5.502509e-15 8.543805e-17 2.322225e+01 0 0
6028.2450 6057.7834 5.462809e-15 8.570215e-17 2.314027e+01 16 0
6033.1023 6062.6645 7.645639e-15 1.230715e-16 3.261488e+01 16 0
6037.9596 6067.5456 4.945550e-15 8.228592e-17 2.108578e+01 0 0
6042.8170 6072.4268 4.836679e-15 8.080428e-17 2.069474e+01 0 0
6047.6743 6077.3079 4.762921e-15 8.106694e-17 2.045159e+01 16 0
6052.5317 6082.1891 4.673727e-15 8.036391e-17 2.013838e+01 16 0
6057.3891 6087.0703 4.386183e-15 7.976576e-17 1.895258e+01 16 0
6062.2465 6091.9515 4.166381e-15 7.563814e-17 1.805453e+01 0 0
6067.1040 6096.8328 4.146280e-15 7.546784e-17 1.802560e+01 0 0
6071.9614 6101.7140 3.863709e-15 9.130726e-17 1.683597e+01 16 0
6076.8189 6106.5953 3.646489e-15 8.034256e-17 1.592538e+01 0 0
6081.6764 6111.4766 3.581735e-15 7.137254e-17 1.568364e+01 0 0
6086.5339 6116.3579 3.461130e-15 7.118235e-17 1.518892e+01 0 0
6091.3915 6121.2393 3.273915e-15 7.032299e-17 1.439211e+01 16 0
6096.2490 6126.1206 3.194352e-15 6.865385e-17 1.406996e+01 0 0
6101.1066 6131.0020 3.216605e-15 6.891678e-17 1.419938e+01 0 0
6105.9642 6135.8834 3.138354e-15 7.385907e-17 1.387638e+01 272 0
6110.8218 6140.7648 3.153693e-15 7.323041e-17 1.396983e+01 16 0
6115.6794 6145.6463 3.044394e-15 6.798004e-17 1.350100e+01 16 0
6120.5371 6150.5277 3.114346e-15 7.269133e-17 1.383564e+01 16 0
6125.3948 6155.4092 3.092487e-15 7.156687e-17 1.375546e+01 16 0
6130.2524 6160.2907 3.227968e-15 7.009646e-17 1.438300e+01 16 0
6135.1101 6165.1722 3.160424e-15 6.804334e-17 1.409258e+01 16 0
6139.9679 6170.0537 3.237794e-15 6.910120e-17 1.445493e+01 16 0
6144.8256 6174.9352 3.342809e-15 7.458273e-17 1.494212e+01 16 0
6149.6834 6179.8168 3.428168e-15 6.988365e-17 1.533837e+01 16 0
6154.5411 6184.6984 3.515317e-15 7.012702e-17 1.574242e+01 16 0
6159.3989 6189.5800 3.536957e-15 7.956110e-17 1.584700e+01 16 0
6164.2567 6194.4616 3.781988e-15 7.229635e-17 1.696571e+01 16 0
6169.1146 6199.3432 4.820613e-15 1.115543e-16 2.169178e+01 16 0
6173.9724 6204.2249 4.004662e-15 7.490327e-17 1.798493e+01 16 0
6178.8303 6209.1065 4.230338e-15 7.645873e-17 1.901271e+01 16 0
6183.6881 6213.9882 4.603289e-15 9.324973e-17 2.071094e+01 16 0
6188.5460 6218.8699 4.653707e-15 7.873523e-17 2.094130e+01 16 0
6193.4039 6223.7516 4.730840e-15 7.821164e-17 2.129332e+01 16 0
6198.2619 6228.6334 4.677815e-15 7.685538e-17 2.105352e+01 0 0
6203.1198 6233.5151 5.015253e-15 7.962294e-17 2.259120e+01 16 0
6207.9778 6238.3969 5.394514e-15 8.388175e-17 2.432251e+01 16 0
6212.8358 6243.2786 5.254177e-15 8.192792e-17 2.368748e+01 16 0
6217.6937 6248.1604 5.406131e-15 8.123646e-17 2.438786e+01 0 0
6222.5518 6253.0423 5.514256e-15 8.370132e-17 2.488928e+01 16 0
6227.4098 6257.9241 5.617525e-15 8.217440e-17 2.537387e+01 0 0
6232.2678 6262.8059 5.829111e-15 8.319357e-17 2.635430e+01 0 0
6237.1259 6267.6878 5.782475e-15 8.364726e-17 2.616211e+01 0 0
6241.9839 6272.5697 5.992836e-15 8.457813e-17 2.714640e+01 0 0
6246.8420 6277.4516 5.846912e-15 8.489530e-17 2.650788e+01 0 0
6251.7001 6282.3335 6.205551e-15 8.824477e-17 2.818316e+01 16 0
6256.5582 6287.2154 6.022679e-15 8.406844e-17 2.738354e+01 0 0
6261.4164 6292.0973 6.272155e-15 8.553313e-17 2.857301e+01 16 0
6266.2745 6296.9793 6.458234e-15 8.637826e-17 2.948127e+01 16 0
6271.1327 6301.8612 6.527642e-15 8.684796e-17 2.985965e+01 0 0
6275.9909 6306.7432 6.469809e-15 8.730528e-17 2.965629e+01 16 0
6280.8490 6311.6252 6.503708e-15 8.623414e-17 2.988344e+01 0 0
6285.7073 6316.5072 6.995967e-15 8.913593e-17 3.224648e+01 16 0
6290.5655 6321.3892 6.888152e-15 8.806132e-17 3.183030e+01 0 0
6295.4237 6326.2713 6.987172e-15 8.903837e-17 3.237777e+01 16 0
6300.2820 6331.1533 7.140062e-15 9.955503e-17 3.318529e+01 16 0
6305.1402 6336.0354 6.758547e-15 8.848003e-17 3.148409e+01 16 0
6309.9985 6340.9175 6.786640e-15 8.743609e-17 3.170758e+01 16 0
6314.8568 6345.7996 6.838433e-15 8.721598e-17 3.204047e+01 16 0
6319.7151 6350.6817 6.929063e-15 8.811597e-17 3.256141e+01 16 0
6324.5734 6355.5638 6.866448e-15 8.697066e-17 3.235354e+01 0 0
6329.4317 6360.4459 6.821092e-15 8.662439e-17 3.222698e+01 0 0
6334.2901 6365.3281 6.570724e-15 8.506489e-17 3.111622e+01 0 0
6339.1484 6370.2103 6.722399e-15 8.600286e-17 3.192374e+01 16 0
6344.0068 6375.0924 6.847398e-15 8.675589e-17 3.260471e+01 0 0
6348.8652 6379.9746 6.894519e-15 8.691733e-17 3.290960e+01 0 0
6353.7236 6384.8568 6.763563e-15 8.560348e-17 3.235378e+01 0 0
6358.5820 6389.7390 7.029063e-15 9.068678e-17 3.370514e+01 16 0
6363.4404 6394.6213 7.162716e-15 9.206970e-17 3.442213e+01 16 0
6368.2988 6399.5035 7.033725e-15 8.964549e-17 3.385564e+01 0 0
6373.1573 6404.3858 7.065106e-15 8.663870e-17 3.406699e+01 0 0
6378.0157 6409.2680 6.950048e-15 8.843797e-17 3.355361e+01 16 0
6382.8742 6414.1503 7.026886e-15 8.693080e-17 3.397500e+01 16 0
6387.7327 6419.0326 6.806312e-15 8.619947e-17 3.293485e+01 16 0
6392.5912 6423.9149 7.012198e-15 8.788511e-17 3.397714e+01 16 0
6397.4497 6428.7972 7.092185e-15 8.797754e-17 3.439631e+01 16 0
6402.3082 6433.6795 6.945380e-15 8.579276e-17 3.370670e+01 16 0
6407.1667 6438.5619 6.793412e-15 8.760081e-17 3.298274e+01 16 0
6412.0253 6443.4442 6.740898e-15 8.614085e-17 3.274586e+01 16 0
6416.8838 6448.3266 6.768564e-15 8.654765e-17 3.289519e+01 0 0
6421.7424 6453.2089 6.548334e-15 8.362775e-17 3.182962e+01 0 0
6426.6010 6458.0913 6.445075e-15 8.323587e-17 3.133165e+01 0 0
6431.4596 6462.9737 6.562886e-15 8.573936e-17 3.191785e+01 16 0
6436.3182 6467.8561 6.672726e-15 8.821519e-17 3.246069e+01 16 0
6441.1768 6472.7385 6.561150e-15 8.515078e-17 3.191675e+01 16 0
6446.0354 6477.6210 6.702631e-15 8.504571e-17 3.261105e+01 16 0
6450.8940 6482.5034 6.714201e-15 8.490040e-17 3.266666e+01 0 0
6455.7527 6487.3858 6.530806e-15 8.409410e-17 3.176267e+01 16 0
6460.6113 6492.2683 6.412634e-15 8.279611e-17 3.117755e+01 0 0
6465.4700 6497.1508 6.284060e-15 8.235305e-17 3.053951e+01 16 0
6470.3286 6502.0332 6.335319e-15 8.280554e-17 3.078119e+01 16 0
6475.1873 6506.9157 6.377576e-15 8.289391e-17 3.097674e+01 0 0
6480.0460 6511.7982 6.484756e-15 8.386054e-17 3.148771e+01 0 0
6484.9047 6516.6807 6.364385e-15 8.527036e-17 3.088298e+01 16 0
6489.7634 6521.5633 6.131554e-15 9.472717e-17 2.972627e+01 16 0
6494.6221 6526.4458 6.246057e-15 8.239670e-17 3.026878e+01 16 0
6499.4809 6531.3283 6.183051e-15 8.791916e-17 2.994078e+01 16 0
6504.3396 6536.2109 6.216977e-15 8.285507e-17 3.008630e+01 16 0
6509.1983 6541.0934 6.175549e-15 8.229470e-17 2.986206e+01 16 0
6514.0571 6545.9760 6.342193e-15 8.320072e-17 3.065273e+01 0 0
6518.9159 6550.8586 6.416414e-15 8.458441e-17 3.099038e+01 16 0
6523.7746 6555.7411 6.229440e-15 8.390027e-17 3.005576e+01 16 0
6528.6334 6560.6237 6.223566e-15 8.270968e-17 3.000323e+01 0 0
6533.4922 6565.5063 6.185828e-15 8.498295e-17 2.979595e+01 16 0
6538.3510 6570.3889 6.126188e-15 8.170001e-17 2.948340e+01 0 0
6543.2098 6575.2716 6.075036e-15 8.207179e-17 2.921249e+01 1040 0
6548.0686 6580.1542 6.215479e-15 8.424989e-17 2.987333e+01 1040 0
6552.9275 6585.0368 6.062755e-15 8.224022e-17 2.911228e+01 1040 0
6557.7863 6589.9195 6.098330e-15 8.197265e-17 2.926756e+01 1024 0
6562.6451 6594.8021 5.838121e-15 8.393761e-17 2.799101e+01 1040 0
6567.5040 6599.6848 5.981073e-15 8.153286e-17 2.867071e+01 1040 0
6572.3628 6604.5674 5.867093e-15 8.274361e-17 2.810769e+01 1040 0
6577.2217 6609.4501 5.838207e-15 8.146296e-17 2.796111e+01 1024 0
6582.0806 6614.3328 5.864601e-15 8.189394e-17 2.808261e+01 1040 0
6586.9395 6619.2155 5.842676e-15 8.161264e-17 2.797506e+01 1040 0
6591.7983 6624.0982 5.604071e-15 7.976561e-17 2.682128e+01 1040 0
6596.6572 6628.9809 5.722555e-15 8.007022e-17 2.739723e+01 1024 0
6601.5161 6633.8636 5.630496e-15 8.088982e-17 2.695660e+01 1040 0
6606.3750 6638.7463 5.808848e-15 8.499778e-17 2.782727e+01 1040 0
6611.2340 6643.6290 5.683865e-15 8.339129e-17 2.723225e+01 1040 0
6616.0929 6648.5117 5.701864e-15 8.053768e-17 2.733200e+01 1040 0
6620.9518 6653.3945 5.564623e-15 7.925558e-17 2.668131e+01 1040 0
6625.8107 6658.2772 5.565475e-15 8.449084e-17 2.670168e+01 1040 0
6630.6697 6663.1600 5.560358e-15 7.990465e-17 2.669419e+01 1040 0
6635.5286 6668.0427 5.448291e-15 7.859939e-17 2.617033e+01 1040 0
6640.3876 6672.9255 5.418981e-15 7.843691e-17 2.604837e+01 1040 0
6645.2465 6677.8083 5.582986e-15 8.340725e-17 2.686703e+01 1040 0
6650.1055 6682.6910 5.490043e-15 8.112864e-17 2.643819e+01 1040 0
6654.9645 6687.5738 8.198332e-15 1.032759e-16 3.965460e+01 1040 0
6659.8235 6692.4566 5.173977e-15 8.673535e-17 2.494669e+01 1040 0
6664.6824 6697.3394 5.185015e-15 8.139490e-17 2.502388e+01 1040 0
6669.5414 6702.2222 5.242422e-15 7.679697e-17 2.532764e+01 1024 0
6674.4004 6707.1050 5.391017e-15 7.753968e-17 2.607727e+01 1024 0
6679.2594 6711.9878 5.266219e-15 7.728372e-17 2.549147e+01 1024 0
6684.1184 6716.8706 5.252864e-15 7.730961e-17 2.544938e+01 1024 0
6688.9774 6721.7534 5.346404e-15 8.670912e-17 2.593049e+01 1040 0
6693.8364 6726.6362 5.384176e-15 7.782754e-17 2.613789e+01 0 0
6698.6955 6731.5191 5.498323e-15 8.119651e-17 2.671978e+01 16 0
6703.5545 6736.4019 5.411181e-15 8.025836e-17 2.631286e+01 16 0
6708.4135 6741.2847 5.470374e-15 7.986819e-17 2.662362e+01 16 0
6713.2725 6746.1676 5.351017e-15 7.784173e-17 2.605512e+01 16 0
6718.1316 6751.0504 5.204780e-15 7.664151e-17 2.535247e+01 0 0
6722.9906 6755.9333 5.248294e-15 7.729377e-17 2.558189e+01 16 0
6727.8497 6760.8161 5.110718e-15 7.566854e-17 2.491807e+01 0 0
6732.7087 6765.6990 5.240483e-15 7.681547e-17 2.556952e+01 16 0
6737.5678 6770.5818 4.898808e-15 7.469062e-17 2.389597e+01 0 0
6742.4268 6775.4647 4.878995e-15 7.622171e-17 2.380720e+01 16 0
6747.2859 6780.3476 4.789149e-15 7.402376e-17 2.337128e+01 16 0
6752.1449 6785.2305 4.949135e-15 7.640089e-17 2.416646e+01 16 0
6757.0040 6790.1133 4.798102e-15 7.363420e-17 2.342562e+01 0 0
6761.8631 6794.9962 4.822337e-15 7.588475e-17 2.354854e+01 16 0
6766.7222 6799.8791 4.816295e-15 7.422484e-17 2.352027e+01 16 0
6771.5812 6804.7620 4.654117e-15 7.385513e-17 2.272079e+01 16 0
6776.4403 6809.6449 4.637256e-15 7.279035e-17 2.263685e+01 0 0
6781.2994 6814.5278 4.648147e-15 8.022146e-17 2.268926e+01 16 0
6786.1585 6819.4106 4.589189e-15 8.141728e-17 2.239595e+01 16 0
6791.0176 6824.2935 4.596683e-15 7.915952e-17 2.243021e+01 16 0
6795.8766 6829.1764 4.679088e-15 8.252755e-17 2.283300e+01 16 0
6800.7357 6834.0593 4.597133e-15 7.425180e-17 2.242524e+01 0 0
6805.5948 6838.9423 4.469405e-15 7.816410e-17 2.179145e+01 16 0
6810.4539 6843.8252 4.508299e-15 7.307041e-17 2.197931e+01 16 0
6815.3130 6848.7081 4.568083e-15 7.300830e-17 2.226967e+01 16 0
6820.1721 6853.5910 4.850367e-15 7.471919e-17 2.365677e+01 16 0
6825.0312 6858.4739 4.631078e-15 7.321443e-17 2.257194e+01 16 0
6829.8903 6863.3568 4.813811e-15 7.725728e-17 2.346839e+01 16 0
6834.7494 6868.2397 4.707403e-15 7.941359e-17 2.294039e+01 16 0
6839.6085 6873.1226 4.822498e-15 7.459567e-17 2.350410e+01 0 0
6844.4677 6878.0055 4.881320e-15 7.514619e-17 2.379067e+01 16 0
6849.3268 6882.8885 4.845778e-15 7.569629e-17 2.361334e+01 16 0
6854.1859 6887.7714 4.936262e-15 7.669229e-17 2.405670e+01 0 0
6859.0450 6892.6543 5.106623e-15 8.472597e-17 2.489419e+01 16 0
6863.9041 6897.5372 4.835541e-15 7.451463e-17 2.355823e+01 16 0
6868.7632 6902.4202 4.802097e-15 7.381078e-17 2.339341e+01 0 0
6873.6223 6907.3031 4.603585e-15 7.311023e-17 2.241620e+01 0 0
6878.4814 6912.1860 4.877434e-15 7.451539e-17 2.376510e+01 0 0
6883.3406 6917.0689 4.810762e-15 7.434647e-17 2.343781e+01 16 0
6888.1997 6921.9519 4.850022e-15 7.536411e-17 2.363297e+01 16 0
6893.0588 6926.8348 4.774841e-15 7.772204e-17 2.326468e+01 16 0
6897.9179 6931.7177 4.719625e-15 7.441261e-17 2.299569e+01 16 0
6902.7770 6936.6006 4.656319e-15 7.317242e-17 2.268680e+01 16 0
6907.6361 6941.4836 4.677070e-15 7.482862e-17 2.279288e+01 0 0
6912.4953 6946.3665 4.729124e-15 7.753040e-17 2.305321e+01 16 0
6917.3544 6951.2494 4.781051e-15 7.485014e-17 2.331404e+01 16 0
6922.2135 6956.1323 4.614035e-15 7.519142e-17 2.249596e+01 16 0
6927.0726 6961.0152 4.804880e-15 7.468778e-17 2.344267e+01 0 0
6931.9317 6965.8982 4.716325e-15 7.317580e-17 2.301224e+01 16 0
6936.7908 6970.7811 4.890931e-15 7.630378e-17 2.388099e+01 16 0
6941.6499 6975.6640 4.658591e-15 7.454935e-17 2.274238e+01 16 0
6946.5090 6980.5469 4.715960e-15 7.440702e-17 2.303451e+01 16 0
6951.3681 6985.4299 4.781241e-15 7.345546e-17 2.336629e+01 16 0
6956.2273 6990.3128 4.924023e-15 8.115157e-17 2.408261e+01 16 0
6961.0864 6995.1957 4.693322e-15 7.362985e-17 2.295429e+01 0 0
6965.9455 7000.0786 4.665859e-15 7.870283e-17 2.284456e+01 16 0
6970.8046 7004.9615 4.808342e-15 8.111058e-17 2.357590e+01 16 0
6975.6637 7009.8444 4.637885e-15 7.333787e-17 2.274556e+01 16 0
6980.5228 7014.7273 4.614794e-15 7.313631e-17 2.264557e+01 16 0
6985.3819 7019.6102 4.683349e-15 7.277202e-17 2.300010e+01 0 0
6990.2410 7024.4931 4.875217e-15 8.139376e-17 2.396777e+01 16 0
6995.1001 7029.3761 4.526117e-15 7.249703e-17 2.224771e+01 0 0
6999.9592 7034.2590 4.605094e-15 7.283381e-17 2.265401e+01 272 0
7004.8182 7039.1419 4.621713e-15 7.315466e-17 2.274963e+01 16 0
7009.6773 7044.0247 4.765835e-15 7.285733e-17 2.347956e+01 16 0
7014.5364 7048.9076 4.624613e-15 7.265685e-17 2.278789e+01 0 0
7019.3955 7053.7905 4.736484e-15 7.341527e-17 2.335565e+01 0 0
7024.2546 7058.6734 4.754257e-15 7.456239e-17 2.345355e+01 16 0
7029.1136 7063.5563 4.657125e-15 7.317878e-17 2.297694e+01 16 0
7033.9727 7068.4392 4.696754e-15 7.328459e-17 2.318102e+01 16 0
7038.8318 7073.3221 4.506024e-15 7.196455e-17 2.223394e+01 16 0
7043.6909 7078.2049 4.475150e-15 7.175764e-17 2.208283e+01 16 0
7048.5499 7083.0878 4.488997e-15 7.200341e-17 2.215202e+01 0 0
7053.4090 7087.9707 4.606262e-15 7.336006e-17 2.273598e+01 16 0
7058.2680 7092.8535 4.529909e-15 7.211350e-17 2.235059e+01 16 0
7063.1271 7097.7364 4.516581e-15 7.152108e-17 2.227887e+01 0 0
7067.9861 7102.6193 4.560136e-15 7.208738e-17 2.248648e+01 0 0
7072.8452 7107.5021 4.538919e-15 7.247176e-17 2.237081e+01 0 0
7077.7042 7112.3850 4.578977e-15 7.243578e-17 2.255576e+01 0 0
7082.5632 7117.2678 4.606006e-15 7.314027e-17 2.267516e+01 16 0
7087.4223 7122.1506 4.582632e-15 7.260259e-17 2.253929e+01 16 0
7092.2813 7127.0335 4.710356e-15 7.984606e-17 2.315408e+01 0 0
7097.1403 7131.9163 4.355306e-15 7.360126e-17 2.136813e+01 16 0
7101.9993 7136.7991 4.511641e-15 7.164044e-17 2.211990e+01 0 0
7106.8584 7141.6820 4.632811e-15 7.257810e-17 2.269243e+01 0 0
7111.7174 7146.5648 4.753709e-15 7.451390e-17 2.326229e+01 16 0
7116.5764 7151.4476 4.731556e-15 7.347963e-17 2.312554e+01 0 0
7121.4354 7156.3304 4.757524e-15 8.178317e-17 2.322537e+01 16 0
7126.2943 7161.2132 4.770694e-15 8.223097e-17 2.325870e+01 0 0
7131.1533 7166.0960 4.458584e-15 8.543859e-17 2.169060e+01 16 0
7136.0123 7170.9788 4.451516e-15 7.751525e-17 2.162292e+01 16 0
7140.8713 7175.8616 4.601621e-15 7.674162e-17 2.232526e+01 16 0
7145.7303 7180.7443 4.764662e-15 7.400664e-17 2.308650e+01 16 0
7150.5892 7185.6271 4.635755e-15 7.307213e-17 2.241684e+01 0 0
7155.4482 7190.5099 4.716861e-15 7.892672e-17 2.277229e+01 16 0
7160.3071 7195.3926 2.464465e-15 8.626964e-17 1.177626e+01 8464 0
7165.1661 7200.2754 4.713331e-15 8.106161e-17 2.266929e+01 0 0
7170.0250 7205.1581 4.622788e-15 7.807336e-17 2.218547e+01 16 0
7174.8840 7210.0409 4.502574e-15 7.298148e-17 2.155866e+01 0 0
7179.7429 7214.9236 4.477182e-15 7.353096e-17 2.139138e+01 16 0
7184.6018 7219.8063 4.583230e-15 7.344965e-17 2.185727e+01 0 0
7189.4607 7224.6891 4.388934e-15 7.342442e-17 2.087560e+01 16 0
7194.3196 7229.5718 4.668077e-15 7.900307e-17 2.216935e+01 16 0
7199.1785 7234.4545 4.549503e-15 7.454373e-17 2.155199e+01 16 0
7204.0374 7239.3372 5.546407e-15 1.012757e-16 2.626732e+01 16 0
7208.8963 7244.2199 4.462785e-15 7.531892e-17 2.104064e+01 16 0
7213.7552 7249.1026 4.396846e-15 7.450740e-17 2.067853e+01 0 0
7218.6140 7253.9852 4.456695e-15 7.458846e-17 2.091414e+01 16 0
7223.4729 7258.8679 4.434056e-15 7.465556e-17 2.075791e+01 16 0
7228.3318 7263.7506 4.300753e-15 7.524227e-17 2.007938e+01 0 0
7233.1906 7268.6332 4.429374e-15 8.797232e-17 2.063720e+01 16 0
7238.0494 7273.5159 4.266576e-15 7.434848e-17 1.982315e+01 0 0
7242.9083 7278.3985 4.319346e-15 7.472914e-17 2.002292e+01 16 0
7247.7671 7283.2812 4.501330e-15 7.593851e-17 2.082578e+01 16 0
7252.6259 7288.1638 4.404841e-15 7.446292e-17 2.032567e+01 16 0
7257.4847 7293.0464 4.402536e-15 7.430120e-17 2.026629e+01 0 0
7262.3435 7297.9290 4.241669e-15 7.591710e-17 1.947100e+01 16 0
7267.2023 7302.8116 4.376391e-15 7.550541e-17 2.004865e+01 16 0
7272.0611 7307.6942 4.327250e-15 8.604171e-17 1.977413e+01 16 0
7276.9199 7312.5768 4.175656e-15 7.729281e-17 1.902942e+01 16 0
7281.7786 7317.4593 4.234219e-15 7.465030e-17 1.925407e+01 16 0
7286.6374 7322.3419 4.283751e-15 7.712047e-17 1.943695e+01 16 0
7291.4961 7327.2245 4.116063e-15 7.656639e-17 1.862503e+01 16 0
7296.3549 7332.1070 4.109575e-15 7.356482e-17 1.855355e+01 16 0
7301.2136 7336.9895 4.364670e-15 7.760374e-17 1.967393e+01 16 0
7306.0723 7341.8721 4.134338e-15 7.412988e-17 1.858407e+01 16 0
7310.9310 7346.7546 4.055743e-15 8.607580e-17 1.818740e+01 16 0
7315.7897 7351.6371 3.947271e-15 7.304765e-17 1.765818e+01 0 0
7320.6484 7356.5196 3.946078e-15 7.404642e-17 1.761601e+01 16 0
7325.5071 7361.4021 3.918761e-15 7.314388e-17 1.745733e+01 0 0
7330.3657 7366.2845 3.727485e-15 7.309907e-17 1.656286e+01 16 0
7335.2244 7371.1670 4.024665e-15 7.658671e-17 1.786465e+01 16 0
7340.0830 7376.0495 3.825275e-15 7.422585e-17 1.693839e+01 16 0
7344.9417 7380.9319 3.793806e-15 7.235328e-17 1.676726e+01 16 0
7349.8003 7385.8143 3.723863e-15 7.319251e-17 1.642624e+01 16 0
7354.6589 7390.6968 3.907419e-15 7.861389e-17 1.721673e+01 16 0
7359.5175 7395.5792 3.899807e-15 7.362854e-17 1.715587e+01 16 0
7364.3761 7400.4616 3.685442e-15 7.200581e-17 1.617793e+01 0 0
7369.2347 7405.3440 3.690675e-15 7.304117e-17 1.617848e+01 16 0
7374.0933 7410.2263 3.783978e-15 7.261123e-17 1.656979e+01 0 0
7378.9518 7415.1087 3.740329e-15 7.295413e-17 1.635617e+01 8208 0
7383.8104 7419.9911 3.807599e-15 7.437383e-17 1.663374e+01 16 0
7388.6689 7424.8734 3.720358e-15 7.587989e-17 1.623063e+01 16 0
7393.5275 7429.7557 3.924588e-15 7.462953e-17 1.711350e+01 16 0
7398.3860 7434.6381 3.887812e-15 7.591392e-17 1.693489e+01 16 0
7403.2445 7439.5204 3.845108e-15 7.746065e-17 1.673100e+01 16 0
7408.1030 7444.4027 3.881067e-15 7.510673e-17 1.687475e+01 16 0
7412.9614 7449.2850 3.881086e-15 7.427838e-17 1.686064e+01 0 0
7417.8199 7454.1672 3.816848e-15 7.474310e-17 1.656587e+01 16 0
7422.6784 7459.0495 3.794642e-15 7.462015e-17 1.645607e+01 0 0
7427.5368 7463.9317 3.775503e-15 7.549179e-17 1.636089e+01 16 0
7432.3952 7468.8140 3.757013e-15 7.330812e-17 1.626890e+01 16 0
7437.2537 7473.6962 3.688318e-15 7.302347e-17 1.595807e+01 16 0
7442.1121 7478.5784 3.621463e-15 7.267279e-17 1.565598e+01 16 0
7446.9705 7483.4606 3.582101e-15 7.330942e-17 1.547483e+01 16 0
7451.8288 7488.3428 3.172012e-15 7.052245e-17 1.367570e+01 0 0
7456.6872 7493.2250 3.442376e-15 7.551020e-17 1.484764e+01 16 0
7461.5456 7498.1071 3.278161e-15 7.034061e-17 1.412349e+01 0 0
7466.4039 7502.9893 3.266704e-15 7.342060e-17 1.406570e+01 16 0
7471.2622 7507.8714 2.991883e-15 6.871921e-17 1.286143e+01 16 0
7476.1205 7512.7535 2.860756e-15 6.964441e-17 1.228368e+01 16 0
7480.9788 7517.6356 2.837362e-15 6.752111e-17 1.217532e+01 16 0
7485.8371 7522.5177 2.782368e-15 6.668139e-17 1.192924e+01 0 0
7490.6954 7527.3998 2.917334e-15 6.827110e-17 1.250834e+01 16 0
7495.5537 7532.2819 2.980657e-15 6.849726e-17 1.277515e+01 0 0
7500.4119 7537.1639 2.859118e-15 6.882755e-17 1.223978e+01 16 0
7505.2701 7542.0459 2.829322e-15 6.716810e-17 1.210201e+01 0 0
7510.1283 7546.9280 2.818902e-15 6.839230e-17 1.204808e+01 16 0
7514.9865 7551.8100 3.007769e-15 7.018277e-17 1.285576e+01 0 0
7519.8447 7556.6920 2.834147e-15 6.817958e-17 1.209428e+01 16 0
7524.7029 7561.5739 2.775584e-15 6.818975e-17 1.183032e+01 0 0
7529.5611 7566.4559 2.894579e-15 7.383269e-17 1.233226e+01 16 0
7534.4192 7571.3379 3.063112e-15 7.058016e-17 1.304591e+01 16 0
7539.2773 7576.2198 2.921388e-15 6.815185e-17 1.242086e+01 0 0
7544.1354 7581.1017 3.102606e-15 6.950898e-17 1.318528e+01 0 0
7548.9935 7585.9836 3.240700e-15 7.123354e-17 1.376110e+01 16 0
7553.8516 7590.8655 3.135552e-15 7.415069e-17 1.329089e+01 16 0
7558.7097 7595.7474 2.976441e-15 7.279151e-17 1.258917e+01 16 0
7563.5677 7600.6292 3.048849e-15 7.059750e-17 1.287878e+01 16 0
7568.4258 7605.5111 2.922670e-15 6.959914e-17 1.231808e+01 0 0
7573.2838 7610.3929 2.997348e-15 7.139937e-17 1.261441e+01 16 0
7578.1418 7615.2747 2.849626e-15 6.997497e-17 1.196167e+01 16 0
7582.9998 7620.1565 2.932549e-15 6.966091e-17 1.228966e+01 16 0
7587.8578 7625.0383 2.967498e-15 6.970153e-17 1.241079e+01 16 0
7592.7157 7629.9200 2.998636e-15 7.010838e-17 1.251491e+01 0 0
7597.5737 7634.8018 3.078710e-15 7.070038e-17 1.282230e+01 0 0
7602.4316 7639.6835 3.035553e-15 7.851309e-17 1.260977e+01 16 0
7607.2895 7644.5652 3.195806e-15 7.394401e-17 1.324887e+01 16 0
7612.1474 7649.4469 3.245858e-15 7.254498e-17 1.342346e+01 16 0
7617.0053 7654.3286 3.208944e-15 8.662225e-17 1.323157e+01 16 0
7621.8631 7659.2102 3.272670e-15 7.211255e-17 1.345913e+01 0 0
7626.7209 7664.0919 3.089287e-15 7.422535e-17 1.265810e+01 16 0
7631.5788 7668.9735 3.405443e-15 7.382691e-17 1.392687e+01 0 0
7636.4366 7673.8551 3.468246e-15 7.465147e-17 1.414136e+01 0 0
7641.2944 7678.7367 3.568527e-15 7.580536e-17 1.450795e+01 0 0
7646.1521 7683.6183 3.622228e-15 7.561843e-17 1.467912e+01 16 0
7651.0099 7688.4998 3.677666e-15 9.455371e-17 1.485558e+01 16 0
7655.8676 7693.3814 3.592291e-15 8.626622e-17 1.445609e+01 16 0
7660.7253 7698.2629 3.564063e-15 7.620471e-17 1.429031e+01 16 0
7665.5830 7703.1444 3.558136e-15 7.689533e-17 1.421439e+01 16 0
7670.4407 7708.0259 3.469929e-15 7.788709e-17 1.380742e+01 16 0
7675.2984 7712.9073 3.549638e-15 7.632162e-17 1.407502e+01 0 0
7680.1560 7717.7888 3.768502e-15 7.841359e-17 1.489550e+01 16 0
7685.0137 7722.6702 4.002882e-15 8.651295e-17 1.577014e+01 16 0
7689.8713 7727.5516 3.905897e-15 8.059288e-17 1.532395e+01 16 0
7694.7289 7732.4330 3.949948e-15 1.047772e-16 1.543685e+01 16 0
7699.5864 7737.3144 3.629564e-15 7.812155e-17 1.411540e+01 0 0
7704.4440 7742.1957 3.741077e-15 7.873795e-17 1.449451e+01 0 0
7709.3015 7747.0771 3.613877e-15 8.050890e-17 1.393913e+01 16 0
7714.1590 7751.9584 3.705169e-15 7.916222e-17 1.423590e+01 0 0
7719.0165 7756.8397 3.826744e-15 8.127523e-17 1.464660e+01 16 0
7723.8740 7761.7210 4.007312e-15 8.149876e-17 1.528054e+01 0 0
7728.7314 7766.6022 4.118077e-15 8.426869e-17 1.564088e+01 16 0
7733.5889 7771.4835 4.091709e-15 8.377237e-17 1.547402e+01 16 0
7738.4463 7776.3647 4.195039e-15 8.338199e-17 1.580121e+01 0 0
7743.3037 7781.2459 4.218721e-15 8.906481e-17 1.582375e+01 16 0
7748.1611 7786.1271 4.142537e-15 8.896042e-17 1.546913e+01 16 0
7753.0184 7791.0082 4.023270e-15 8.369127e-17 1.495553e+01 16 0
7757.8758 7795.8894 3.882212e-15 8.229202e-17 1.436455e+01 16 0
7762.7331 7800.7705 3.927138e-15 8.400552e-17 1.447074e+01 16 0
7767.5904 7805.6516 3.883162e-15 8.489266e-17 1.424645e+01 16 0
7772.4477 7810.5327 4.255867e-15 9.467814e-17 1.556197e+01 16 0
7777.3049 7815.4137 4.174138e-15 8.507752e-17 1.519607e+01 0 0
7782.1622 7820.2947 4.364219e-15 9.111586e-17 1.582825e+01 16 0
7787.0194 7825.1758 4.348159e-15 8.745438e-17 1.570365e+01 0 0
7791.8766 7830.0568 4.390933e-15 8.757455e-17 1.579361e+01 16 0
7796.7337 7834.9377 4.311377e-15 9.123817e-17 1.544055e+01 16 0
7801.5909 7839.8187 4.108295e-15 8.596005e-17 1.464577e+01 0 0
7806.4480 7844.6996 3.977484e-15 8.531466e-17 1.411665e+01 0 0
7811.3051 7849.5805 3.938940e-15 8.513930e-17 1.392147e+01 0 0
7816.1622 7854.4614 3.638540e-15 8.344879e-17 1.279689e+01 0 0
7821.0193 7859.3423 3.853141e-15 8.529612e-17 1.350505e+01 0 0
7825.8763 7864.2231 3.759289e-15 8.532422e-17 1.311964e+01 16 0
7830.7333 7869.1039 3.720973e-15 8.478401e-17 1.293255e+01 16 0
7835.5904 7873.9847 3.783093e-15 9.998509e-17 1.309828e+01 16 0
7840.4473 7878.8655 3.682660e-15 8.927643e-17 1.269636e+01 16 0
7845.3043 7883.7463 4.005969e-15 8.905699e-17 1.376832e+01 16 0
7850.1612 7888.6270 3.797046e-15 8.626263e-17 1.299188e+01 0 0
7855.0181 7893.5077 3.988976e-15 8.835966e-17 1.360202e+01 16 0
7859.8750 7898.3884 4.116204e-15 9.076836e-17 1.398567e+01 16 0
7864.7319 7903.2691 3.778260e-15 8.668867e-17 1.277645e+01 0 0
7869.5887 7908.1497 3.804554e-15 8.887055e-17 1.281659e+01 16 0
7874.4456 7913.0303 3.474769e-15 8.781423e-17 1.164900e+01 16 0
7879.3024 7917.9109 3.377478e-15 8.741798e-17 1.127573e+01 16 0
7884.1591 7922.7915 3.280528e-15 8.653066e-17 1.090635e+01 16 0
7889.0159 7927.6721 3.288645e-15 8.496486e-17 1.089188e+01 0 0
7893.8726 7932.5526 3.519105e-15 8.736394e-17 1.161959e+01 16 0
7898.7293 7937.4331 3.444080e-15 8.652100e-17 1.132592e+01 16 0
7903.5860 7942.3136 3.376839e-15 8.594663e-17 1.106008e+01 16 0
7908.4427 7947.1940 3.418854e-15 8.921570e-17 1.115678e+01 16 0
7913.2993 7952.0745 3.178150e-15 8.473620e-17 1.032308e+01 0 0
7918.1559 7956.9549 3.099591e-15 8.488230e-17 1.002677e+01 16 0
7923.0125 7961.8353 2.829231e-15 8.479853e-17 9.106970e+00 16 0
7927.8691 7966.7156 2.777694e-15 9.447882e-17 8.905067e+00 16 0
7932.7256 7971.5960 2.777090e-15 8.569173e-17 8.869311e+00 16 0
7937.5821 7976.4763 2.787263e-15 8.420008e-17 8.868545e+00 16 0
7942.4386 7981.3566 2.715916e-15 8.431691e-17 8.605741e+00 16 0
7947.2951 7986.2368 2.951672e-15 8.750656e-17 9.327484e+00 16 0
7952.1515 7991.1171 2.876219e-15 8.719104e-17 9.051470e+00 16 0
7957.0079 7995.9973 2.733023e-15 9.024813e-17 8.562439e+00 0 0
7961.8643 8000.8775 2.698903e-15 8.322608e-17 8.421906e+00 0 0
7966.7207 8005.7576 2.598526e-15 8.791610e-17 8.073677e+00 16 0
7971.5770 8010.6378 2.608823e-15 8.987151e-17 8.075210e+00 16 0
7976.4334 8015.5179 2.531289e-15 8.258095e-17 7.802099e+00 0 0
7981.2896 8020.3980 2.415374e-15 8.259934e-17 7.411363e+00 16 0
7986.1459 8025.2780 2.208444e-15 8.193231e-17 6.741430e+00 1024 0
7991.0021 8030.1581 2.349997e-15 8.420555e-17 7.153026e+00 1040 0
7995.8584 8035.0381 2.587588e-15 1.154787e-16 7.857323e+00 1040 0
8000.7146 8039.9181 2.504350e-15 8.857437e-17 7.572148e+00 1040 0
8005.5707 8044.7980 2.382220e-15 8.442673e-17 7.170386e+00 1024 0
8010.4269 8049.6779 2.258172e-15 8.286296e-17 6.765796e+00 1040 0
8015.2830 8054.5579 2.388427e-15 8.559314e-17 7.135248e+00 1040 0
8020.1391 8059.4377 2.242889e-15 8.292453e-17 6.668911e+00 1024 0
8024.9951 8064.3176 2.638049e-15 9.203486e-17 7.833261e+00 1040 0
8029.8511 8069.1974 2.040930e-15 8.378898e-17 6.014054e+00 1024 0
8034.7071 8074.0772 2.247003e-15 8.517753e-17 6.607094e+00 1024 0
8039.5631 8078.9570 2.045637e-15 8.230428e-17 5.983795e+00 1024 0
8044.4191 8083.8367 2.259688e-15 8.399240e-17 6.596375e+00 1024 0
8049.2750 8088.7165 2.236914e-15 8.495005e-17 6.505187e+00 1040 0
8054.1309 8093.5961 2.234799e-15 8.437350e-17 6.475530e+00 1024 0
8058.9868 8098.4758 2.190048e-15 8.742311e-17 6.321200e+00 1040 0
8063.8426 8103.3555 2.279069e-15 8.556448e-17 6.558178e+00 1024 0
8068.6984 8108.2351 2.549683e-15 8.804148e-17 7.322105e+00 1040 0
8073.5542 8113.1146 2.309149e-15 8.838742e-17 6.597454e+00 1040 0
8078.4100 8117.9942 2.309406e-15 9.162340e-17 6.574438e+00 1040 0
8083.2657 8122.8737 2.215849e-15 8.808758e-17 6.281516e+00 1040 0
8088.1214 8127.7532 2.505177e-15 8.831807e-17 7.089899e+00 1040 0
8092.9771 8132.6327 2.496381e-15 9.058023e-17 7.039972e+00 1040 0
8097.8328 8137.5121 2.308536e-15 8.832023e-17 6.480396e+00 1040 0
8102.6884 8142.3916 2.287669e-15 9.150783e-17 6.399080e+00 1040 0
8107.5440 8147.2709 2.234931e-15 9.879870e-17 6.228541e+00 1040 0
8112.3995 8152.1503 2.073623e-15 8.909288e-17 5.752922e+00 1040 0
8117.2551 8157.0296 1.976754e-15 8.452887e-17 5.462132e+00 1024 0
8122.1106 8161.9089 2.273101e-15 8.817704e-17 6.275224e+00 1040 0
8126.9661 8166.7882 2.229139e-15 8.763642e-17 6.132929e+00 1024 0
8131.8215 8171.6674 2.036039e-15 8.692684e-17 5.576059e+00 1040 0
8136.6769 8176.5467 2.144653e-15 9.347174e-17 5.861031e+00 16 0
8141.5323 8181.4258 1.977137e-15 9.235530e-17 5.379808e+00 16 0
8146.3877 8186.3050 1.887036e-15 8.903136e-17 5.115769e+00 16 0
8151.2430 8191.1841 2.152181e-15 8.865030e-17 5.831009e+00 16 0
8156.0983 8196.0632 1.899980e-15 8.658099e-17 5.122807e+00 16 0
8160.9536 8200.9423 1.965936e-15 8.661521e-17 5.289225e+00 0 0
8165.8089 8205.8213 2.022798e-15 9.485154e-17 5.430489e+00 16 0
8170.6641 8210.7003 1.871079e-15 8.620445e-17 5.003312e+00 0 0
8175.5193 8215.5793 1.921860e-15 9.054549e-17 5.128687e+00 16 0
8180.3744 8220.4583 1.913524e-15 8.694543e-17 5.093394e+00 16 0
8185.2296 8225.3372 1.918545e-15 8.733735e-17 5.094782e+00 0 0
8190.0847 8230.2161 1.947691e-15 9.244220e-17 5.161309e+00 16 0
8194.9397 8235.0949 1.952551e-15 8.917433e-17 5.162584e+00 0 0
8199.7948 8239.9738 1.756729e-15 8.671732e-17 4.625545e+00 16 0
8204.6498 8244.8525 1.852450e-15 8.762498e-17 4.871673e+00 16 0
8209.5047 8249.7313 1.937085e-15 8.847331e-17 5.087320e+00 16 0
8214.3597 8254.6100 1.869911e-15 8.753508e-17 4.897602e+00 16 0
8219.2146 8259.4887 1.686105e-15 8.834947e-17 4.398690e+00 16 0
8224.0695 8264.3674 1.835126e-15 8.765174e-17 4.785464e+00 0 0
8228.9243 8269.2461 1.999338e-15 8.940227e-17 5.211352e+00 0 0
8233.7792 8274.1247 2.111994e-15 9.533431e-17 5.499525e+00 16 0
8238.6339 8279.0032 2.070630e-15 9.095407e-17 5.380041e+00 16 0
8243.4887 8283.8818 1.974865e-15 8.997379e-17 5.117795e+00 16 0
8248.3434 8288.7603 2.098727e-15 9.480949e-17 5.434641e+00 16 0
8253.1981 8293.6388 2.206066e-15 9.128533e-17 5.707184e+00 0 0
8258.0528 8298.5172 2.101092e-15 9.060997e-17 5.422244e+00 0 0
8262.9074 8303.3957 2.352924e-15 9.330278e-17 6.072793e+00 0 0
8267.7620 8308.2740 2.237780e-15 9.254289e-17 5.761942e+00 0 0
8272.6166 8313.1524 2.006355e-15 9.129150e-17 5.148779e+00 16 0
8277.4711 8318.0307 2.295492e-15 9.815088e-17 5.894469e+00 16 0
8282.3256 8322.9090 2.213352e-15 9.380120e-17 5.671767e+00 16 0
8287.1801 8327.7873 2.168905e-15 9.864623e-17 5.548115e+00 16 0
8292.0345 8332.6655 2.193431e-15 9.932789e-17 5.603816e+00 16 0
8296.8889 8337.5437 2.168512e-15 1.044225e-16 5.531630e+00 0 0
8301.7433 8342.4218 2.302872e-15 9.650082e-17 5.871838e+00 16 0
8306.5976 8347.3000 2.344402e-15 9.611869e-17 5.971706e+00 16 0
8311.4519 8352.1781 2.377596e-15 1.000703e-16 6.049783e+00 16 0
8316.3062 8357.0561 3.646669e-15 1.596063e-16 9.317561e+00 16 0
8321.1605 8361.9341 2.207562e-15 9.875869e-17 5.597332e+00 16 0
8326.0147 8366.8121 2.226350e-15 9.312137e-17 5.639390e+00 0 0
8330.8688 8371.6901 2.386606e-15 9.495118e-17 6.044887e+00 0 0
8335.7230 8376.5680 2.254382e-15 9.407487e-17 5.699161e+00 0 0
8340.5771 8381.4459 2.253345e-15 9.345575e-17 5.690601e+00 0 0
8345.4312 8386.3238 2.378838e-15 9.486776e-17 6.006548e+00 0 0
8350.2852 8391.2016 2.657747e-15 9.989129e-17 6.714782e+00 16 0
8355.1392 8396.0794 2.551257e-15 9.674638e-17 6.436409e+00 0 0
8359.9932 8400.9571 2.957204e-15 1.270724e-16 7.468410e+00 16 0
8364.8471 8405.8349 2.600082e-15 9.708911e-17 6.550220e+00 0 0
8369.7010 8410.7125 2.637430e-15 1.005814e-16 6.640306e+00 16 0
8374.5549 8415.5902 2.693732e-15 1.044444e-16 6.778935e+00 16 0
8379.4087 8420.4678 2.456848e-15 9.967209e-17 6.170614e+00 16 0
8384.2625 8425.3454 2.788972e-15 9.993724e-17 7.012073e+00 0 0
8389.1163 8430.2229 2.907548e-15 1.015717e-16 7.309344e+00 16 0
8393.9700 8435.1005 2.870703e-15 1.031027e-16 7.211244e+00 16 0
8398.8237 8439.9779 3.129343e-15 1.044785e-16 7.864646e+00 16 0
8403.6774 8444.8554 3.180008e-15 1.029405e-16 7.989174e+00 1040 0
8408.5310 8449.7328 3.238548e-15 1.024163e-16 8.133792e+00 1024 0
8413.3846 8454.6101 3.248731e-15 1.061301e-16 8.155636e+00 1040 0
8418.2381 8459.4875 2.990088e-15 1.043087e-16 7.495616e+00 1024 0
8423.0916 8464.3648 3.570780e-15 1.275728e-16 8.965638e+00 1040 0
8427.9451 8469.2420 3.218209e-15 1.025336e-16 8.068244e+00 1040 0
8432.7986 8474.1193 3.187765e-15 1.033047e-16 7.987798e+00 1040 0
8437.6520 8478.9965 3.130717e-15 1.060595e-16 7.840259e+00 1040 0
8442.5053 8483.8736 3.107945e-15 1.118832e-16 7.779684e+00 1040 0
8447.3587 8488.7507 3.176652e-15 1.041625e-16 7.950947e+00 1040 0
8452.2120 8493.6278 3.156983e-15 1.033930e-16 7.898863e+00 1040 0
8457.0652 8498.5049 3.336560e-15 1.039209e-16 8.351132e+00 1024 0
8461.9185 8503.3819 3.015168e-15 1.029426e-16 7.536575e+00 1024 0
8466.7717 8508.2588 3.191715e-15 1.030469e-16 7.982236e+00 1024 0
8471.6248 8513.1358 3.315760e-15 1.047470e-16 8.294659e+00 1040 0
8476.4779 8518.0127 3.437770e-15 1.052298e-16 8.602044e+00 1024 0
8481.3310 8522.8895 3.673866e-15 1.075602e-16 9.197853e+00 1040 0
8486.1841 8527.7664 3.499632e-15 1.072879e-16 8.756228e+00 1024 0
8491.0371 8532.6431 3.735749e-15 1.137812e-16 9.352115e+00 1040 0
8495.8900 8537.5199 3.786276e-15 1.083246e-16 9.478831e+00 1024 0
8500.7430 8542.3966 3.916431e-15 1.156676e-16 9.805878e+00 1040 0
8505.5959 8547.2733 3.642815e-15 1.069748e-16 9.112549e+00 1024 0
8510.4487 8552.1499 3.730438e-15 1.082982e-16 9.332147e+00 1040 0
8515.3015 8557.0265 3.564779e-15 1.065651e-16 8.911989e+00 1040 0
8520.1543 8561.9031 3.447963e-15 1.102594e-16 8.614963e+00 1040 0
8525.0071 8566.7796 3.332171e-15 1.056147e-16 8.320685e+00 1040 0
8529.8598 8571.6561 3.290270e-15 1.061025e-16 8.212223e+00 1040 0
8534.7124 8576.5325 3.179072e-15 1.037442e-16 7.929067e+00 1040 0
8539.5651 8581.4089 3.344762e-15 1.062293e-16 8.343809e+00 1040 0
8544.4177 8586.2853 3.501025e-15 1.053554e-16 8.734498e+00 1024 0
8549.2702 8591.1616 3.443766e-15 1.047295e-16 8.586889e+00 1024 0
8554.1227 8596.0379 3.415154e-15 1.053041e-16 8.511493e+00 16 0
8558.9752 8600.9142 3.240884e-15 1.153512e-16 8.068688e+00 16 0
8563.8276 8605.7904 3.571164e-15 1.102012e-16 8.895684e+00 0 0
8568.6800 8610.6666 3.238786e-15 1.054214e-16 8.054850e+00 0 0
8573.5324 8615.5427 3.745860e-15 1.081713e-16 9.324602e+00 0 0
8578.3847 8620.4188 3.725671e-15 1.107890e-16 9.268161e+00 0 0
8583.2370 8625.2948 3.781726e-15 1.134164e-16 9.403150e+00 0 0
8588.0892 8630.1709 3.706469e-15 1.144376e-16 9.208069e+00 16 0
8592.9414 8635.0468 3.376801e-15 1.059395e-16 8.375472e+00 16 0
8597.7936 8639.9228 3.310413e-15 1.063084e-16 8.203194e+00 0 0
8602.6457 8644.7987 3.265269e-15 1.034520e-16 8.084305e+00 16 0
8607.4978 8649.6745 3.156968e-15 1.032925e-16 7.807345e+00 272 0
8612.3498 8654.5503 3.138691e-15 1.168976e-16 7.755724e+00 16 0
8617.2018 8659.4261 3.243714e-15 1.035745e-16 8.011815e+00 0 0
8622.0538 8664.3018 3.319242e-15 1.065395e-16 8.193904e+00 16 0
8626.9057 8669.1775 3.291566e-15 1.059225e-16 8.118276e+00 16 0
8631.7576 8674.0532 3.445745e-15 1.050708e-16 8.495758e+00 0 0
8636.6094 8678.9288 3.576100e-15 1.076264e-16 8.813299e+00 16 0
8641.4612 8683.8044 3.530366e-15 1.130740e-16 8.692338e+00 16 0
8646.3130 8688.6799 3.614129e-15 1.079704e-16 8.893397e+00 0 0
8651.1647 8693.5554 3.789471e-15 1.268992e-16 9.321563e+00 16 0
8656.0164 8698.4309 3.284730e-15 1.087292e-16 8.061645e+00 16 0
8660.8680 8703.3063 3.321578e-15 1.048818e-16 8.146428e+00 0 0
8665.7196 8708.1816 3.367572e-15 1.182462e-16 8.253968e+00 16 0
8670.5712 8713.0570 3.361050e-15 1.093801e-16 8.231392e+00 16 0
8675.4227 8717.9322 3.158484e-15 1.062634e-16 7.724404e+00 16 0
8680.2741 8722.8075 3.158557e-15 1.040013e-16 7.718913e+00 0 0
8685.1256 8727.6827 3.283945e-15 1.132770e-16 8.023114e+00 16 0
8689.9770 8732.5578 3.350322e-15 1.063930e-16 8.181284e+00 16 0
8694.8283 8737.4330 3.261229e-15 1.068785e-16 7.956278e+00 0 0
8699.6796 8742.3080 3.646923e-15 1.110488e-16 8.901784e+00 16 0
8704.5309 8747.1831 3.360120e-15 1.120126e-16 8.190056e+00 16 0
8709.3821 8752.0580 3.605912e-15 1.100597e-16 8.790364e+00 16 0
8714.2333 8756.9330 3.382298e-15 1.184889e-16 8.235494e+00 16 0
8719.0844 8761.8079 3.158834e-15 1.038595e-16 7.681666e+00 0 0
8723.9355 8766.6828 3.099055e-15 1.080416e-16 7.531246e+00 16 0
8728.7865 8771.5576 3.134166e-15 1.116514e-16 7.614031e+00 16 0
8733.6375 8776.4324 3.193550e-15 1.130286e-16 7.756874e+00 16 0
8738.4885 8781.3071 3.035886e-15 1.097276e-16 7.366867e+00 16 0
8743.3394 8786.1818 3.045153e-15 1.026700e-16 7.387191e+00 0 0
8748.1903 8791.0564 3.046000e-15 1.265445e-16 7.386858e+00 16 0
8753.0411 8795.9310 3.177856e-15 1.118342e-16 7.708187e+00 16 0
8757.8919 8800.8056 3.209289e-15 1.053033e-16 7.783157e+00 16 0
8762.7427 8805.6801 3.273437e-15 1.132375e-16 7.938737e+00 16 0
8767.5934 8810.5546 3.170516e-15 1.128135e-16 7.684824e+00 16 0
8772.4440 8815.4290 3.200826e-15 1.072547e-16 7.757871e+00 0 0
8777.2946 8820.3034 2.925533e-15 1.108555e-16 7.082296e+00 16 0
8782.1452 8825.1777 2.836152e-15 1.031552e-16 6.862526e+00 16 0
8786.9957 8830.0520 2.781962e-15 1.099103e-16 6.728946e+00 16 0
8791.8462 8834.9263 2.702056e-15 1.122087e-16 6.532713e+00 16 0
8796.6967 8839.8005 2.800143e-15 1.013755e-16 6.772123e+00 16 0
8801.5470 8844.6746 3.029471e-15 1.435480e-16 7.332923e+00 16 0
8806.3974 8849.5487 2.680445e-15 1.023286e-16 6.478103e+00 16 0
8811.2477 8854.4228 2.520446e-15 9.927568e-17 6.086138e+00 0 0
8816.0980 8859.2968 2.470576e-15 9.923377e-17 5.963619e+00 16 0
8820.9482 8864.1708 2.487621e-15 9.993636e-17 6.004803e+00 0 0
8825.7983 8869.0448 2.708405e-15 1.226717e-16 6.544228e+00 16 0
8830.6485 8873.9187 2.571002e-15 1.008958e-16 6.207454e+00 16 0
8835.4986 8878.7925 2.531918e-15 9.922287e-17 6.111150e+00 0 0
8840.3486 8883.6663 2.521486e-15 1.187889e-16 6.084787e+00 16 0
8845.1986 8888.5401 2.564048e-15 1.484267e-16 6.187914e+00 16 0
8850.0485 8893.4138 2.240390e-15 9.701809e-17 5.395971e+00 0 0
8854.8984 8898.2874 2.309418e-15 1.097599e-16 5.563548e+00 16 0
8859.7483 8903.1610 2.257993e-15 9.650124e-17 5.436522e+00 0 0
8864.5981 8908.0346 2.185313e-15 1.214028e-16 5.257587e+00 16 0
8869.4478 8912.9081 2.057410e-15 1.216779e-16 4.943794e+00 16 0
8874.2976 8917.7816 2.168170e-15 9.623086e-17 5.212239e+00 0 0
8879.1472 8922.6551 2.394171e-15 1.260934e-16 5.761252e+00 16 0
8883.9969 8927.5284 2.085449e-15 9.987681e-17 5.006526e+00 16 0
8888.8464 8932.4018 2.108879e-15 1.063585e-16 5.061280e+00 16 0
8893.6960 8937.2751 1.622866e-15 1.128648e-16 3.876323e+00 16 0
8898.5454 8942.1483 1.842764e-15 9.521833e-17 4.408871e+00 16 0
8903.3949 8947.0215 1.834134e-15 9.391720e-17 4.385526e+00 0 0
8908.2443 8951.8947 1.880334e-15 9.361722e-17 4.495130e+00 0 0
8913.0936 8956.7678 2.081787e-15 9.864397e-17 4.981617e+00 16 0
8917.9429 8961.6408 2.609934e-15 1.580305e-16 6.260696e+00 16 0
8922.7922 8966.5138 2.003173e-15 1.011901e-16 4.784331e+00 0 0
8927.6414 8971.3868 1.967357e-15 1.072826e-16 4.694108e+00 16 0
8932.4905 8976.2597 2.119051e-15 9.982593e-17 5.058105e+00 16 0
8937.3396 8981.1326 2.157943e-15 1.082500e-16 5.148334e+00 16 0
8942.1887 8986.0054 2.177196e-15 9.857571e-17 5.190915e+00 16 0
8947.0377 8990.8782 2.087609e-15 1.010696e-16 4.970313e+00 16 0
8951.8867 8995.7509 1.944173e-15 9.856710e-17 4.620101e+00 16 0
8956.7356 9000.6236 2.260307e-15 1.044678e-16 5.378944e+00 16 0
8961.5844 9005.4962 2.341398e-15 1.030485e-16 5.570034e+00 0 0
8966.4333 9010.3688 2.064484e-15 1.006421e-16 4.898314e+00 0 0
8971.2820 9015.2413 2.047303e-15 9.950809e-17 4.852845e+00 0 0
8976.1308 9020.1138 2.080494e-15 1.144490e-16 4.928542e+00 16 0
8980.9794 9024.9862 2.404617e-15 1.057961e-16 5.703180e+00 16 0
8985.8281 9029.8586 3.255425e-15 1.665631e-16 7.742391e+00 16 0
8990.6766 9034.7310 2.391165e-15 1.025991e-16 5.661344e+00 16 0
8995.5252 9039.6032 2.493338e-15 9.988393e-17 5.901617e+00 0 0
9000.3737 9044.4755 2.581974e-15 1.030984e-16 6.109091e+00 16 0
9005.2221 9049.3477 2.494688e-15 1.009179e-16 5.895290e+00 0 0
9010.0705 9054.2198 2.451736e-15 1.029737e-16 5.787878e+00 16 0
9014.9188 9059.0919 2.647246e-15 1.056995e-16 6.250759e+00 16 0
9019.7671 9063.9639 2.432268e-15 1.074275e-16 5.732590e+00 16 0
9024.6153 9068.8359 2.098051e-15 1.005465e-16 4.931178e+00 0 0
9029.4635 9073.7079 1.946463e-15 9.598767e-17 4.566415e+00 0 0
9034.3116 9078.5798 1.996833e-15 9.944613e-17 4.683311e+00 16 0
9039.1597 9083.4516 1.941379e-15 9.696760e-17 4.548230e+00 16 0
9044.0077 9088.3234 2.217844e-15 9.879690e-17 5.203006e+00 0 0
9048.8557 9093.1951 2.154127e-15 1.010932e-16 5.048301e+00 16 0
9053.7037 9098.0668 2.603497e-15 1.178583e-16 6.113458e+00 16 0
9058.5516 9102.9385 2.142872e-15 1.117302e-16 5.015849e+00 16 0
9063.3994 9107.8100 2.167104e-15 1.081305e-16 5.070792e+00 16 0
9068.2472 9112.6816 2.347907e-15 1.223142e-16 5.497053e+00 16 0
9073.0949 9117.5531 2.451929e-15 1.068751e-16 5.741231e+00 16 0
9077.9426 9122.4245 2.560108e-15 1.024115e-16 5.994955e+00 16 0
9082.7902 9127.2959 2.627690e-15 1.029746e-16 6.152603e+00 16 0
9087.6378 9132.1672 2.531439e-15 1.036399e-16 5.921842e+00 16 0
9092.4853 9137.0385 2.327486e-15 1.000424e-16 5.436675e+00 0 0
9097.3328 9141.9097 2.404814e-15 1.015973e-16 5.617402e+00 16 0
9102.1802 9146.7809 2.331783e-15 1.037211e-16 5.442582e+00 16 0
9107.0276 9151.6520 2.165080e-15 1.100575e-16 5.046279e+00 16 0
9111.8749 9156.5231 2.103598e-15 9.796631e-17 4.899094e+00 0 0
9116.7222 9161.3941 2.021294e-15 1.068000e-16 4.702667e+00 16 0
9121.5694 9166.2651 2.107958e-15 9.949009e-17 4.905553e+00 16 0
9126.4166 9171.1360 2.286773e-15 1.002149e-16 5.325533e+00 16 0
9131.2637 9176.0069 2.361088e-15 1.018550e-16 5.498721e+00 16 0
9136.1108 9180.8777 2.525622e-15 1.113849e-16 5.884256e+00 16 0
9140.9578 9185.7485 2.702903e-15 1.029171e-16 6.299632e+00 1024 0
9145.8047 9190.6192 2.836305e-15 1.048794e-16 6.610812e+00 1040 0
9150.6516 9195.4898 2.730045e-15 1.055923e-16 6.357066e+00 1040 0
9155.4985 9200.3604 2.761752e-15 1.041979e-16 6.427973e+00 1024 0
9160.3453 9205.2310 2.708203e-15 1.243328e-16 6.298078e+00 1040 0
9165.1921 9210.1015 2.095147e-15 9.949046e-17 4.852889e+00 1040 0
9170.0387 9214.9719 2.043705e-15 9.733969e-17 4.728570e+00 1024 0
9174.8854 9219.8423 2.331792e-15 1.056947e-16 5.400662e+00 1040 0
9179.7320 9224.7127 2.191453e-15 1.305162e-16 5.067375e+00 1040 0
9184.5785 9229.5830 2.158892e-15 1.040767e-16 4.986781e+00 1040 0
9189.4250 9234.4532 2.323951e-15 1.019618e-16 5.368174e+00 1040 0
9194.2714 9239.3234 2.515843e-15 1.022351e-16 5.811281e+00 1024 0
9199.1178 9244.1935 2.550616e-15 1.105919e-16 5.886055e+00 1040 0
9203.9641 9249.0636 2.685750e-15 1.048882e-16 6.194472e+00 1040 0
9208.8104 9253.9336 2.998664e-15 1.096664e-16 6.915754e+00 1040 0
9213.6566 9258.8035 2.750815e-15 1.042875e-16 6.329525e+00 1024 0
9218.5028 9263.6734 2.750769e-15 1.071370e-16 6.320682e+00 1040 0
9223.3489 9268.5433 2.946179e-15 1.132430e-16 6.765137e+00 1040 0
9228.1949 9273.4131 2.735781e-15 1.063425e-16 6.266607e+00 1040 0
9233.0409 9278.2828 2.596332e-15 1.103576e-16 5.933612e+00 1040 0
9237.8869 9283.1525 2.248530e-15 1.046659e-16 5.120597e+00 1040 0
9242.7328 9288.0222 2.238268e-15 1.023199e-16 5.087949e+00 1040 0
9247.5786 9292.8918 2.045891e-15 1.021675e-16 4.635745e+00 1040 0
9252.4244 9297.7613 2.133572e-15 1.060507e-16 4.827660e+00 1040 0
9257.2701 9302.6308 2.181839e-15 1.014348e-16 4.927963e+00 1040 0
9262.1158 9307.5002 2.243815e-15 1.043356e-16 5.058687e+00 1040 0
9266.9614 9312.3695 2.217512e-15 1.039542e-16 4.986775e+00 1040 0
9271.8070 9317.2388 2.266343e-15 1.136232e-16 5.085898e+00 1040 0
9276.6525 9322.1081 2.420456e-15 1.049954e-16 5.422689e+00 1024 0
9281.4979 9326.9773 2.436409e-15 1.090605e-16 5.445033e+00 1040 0
9286.3433 9331.8464 2.394300e-15 1.104015e-16 5.335741e+00 1040 0
9291.1887 9336.7155 2.499413e-15 1.088645e-16 5.558310e+00 16 0
9296.0340 9341.5845 2.903409e-15 1.180324e-16 6.450066e+00 16 0
9300.8792 9346.4535 2.734642e-15 1.103068e-16 6.054204e+00 16 0
9305.7244 9351.3224 2.955017e-15 1.181022e-16 6.528905e+00 16 0
9310.5695 9356.1913 2.929730e-15 1.117645e-16 6.453785e+00 16 0
9315.4145 9361.0601 2.784529e-15 1.106876e-16 6.112191e+00 16 0
9320.2595 9365.9288 2.792629e-15 1.237104e-16 6.111855e+00 16 0
9325.1045 9370.7975 2.605195e-15 1.107517e-16 5.679552e+00 16 0
9329.9494 9375.6661 2.242075e-15 1.065989e-16 4.863579e+00 16 0
9334.7942 9380.5347 2.111945e-15 1.098117e-16 4.563066e+00 16 0
9339.6390 9385.4032 1.898417e-15 1.033844e-16 4.082329e+00 0 0
9344.4837 9390.2717 2.104399e-15 1.055832e-16 4.517656e+00 16 0
9349.3284 9395.1401 2.388617e-15 1.079139e-16 5.120012e+00 0 0
9354.1730 9400.0084 2.228146e-15 1.072802e-16 4.756140e+00 16 0
9359.0175 9404.8767 2.461669e-15 1.095776e-16 5.244138e+00 16 0
9363.8620 9409.7449 2.814770e-15 1.122318e-16 5.986025e+00 0 0
9368.7065 9414.6131 1.177533e-14 3.070323e-16 2.520030e+01 16 0
9373.5508 9419.4812 2.945294e-15 1.154601e-16 6.224997e+00 16 0
9378.3952 9424.3493 2.844675e-15 1.142673e-16 5.989756e+00 16 0
9383.2394 9429.2173 2.541675e-15 1.105796e-16 5.326560e+00 0 0
9388.0836 9434.0852 2.043795e-15 1.132379e-16 4.255957e+00 0 0
9392.9278 9438.9531 2.122700e-15 1.133807e-16 4.407641e+00 16 0
9397.7719 9443.8209 2.038600e-15 1.089338e-16 4.215930e+00 16 0
9402.6159 9448.6887 1.955350e-15 1.083459e-16 4.027218e+00 16 0
9407.4599 9453.5564 1.851001e-15 1.098078e-16 3.795571e+00 16 0
9412.3038 9458.4241 1.876614e-15 1.068511e-16 3.835512e+00 0 0
9417.1476 9463.2917 2.395644e-15 1.473658e-16 4.895862e+00 16 0
9421.9914 9468.1592 1.999809e-15 1.120456e-16 4.062214e+00 16 0
9426.8352 9473.0267 2.201149e-15 1.138573e-16 4.461061e+00 16 0
9431.6788 9477.8941 2.363347e-15 1.133361e-16 4.776976e+00 16 0
9436.5225 9482.7614 2.619987e-15 1.158607e-16 5.282874e+00 0 0
9441.3660 9487.6287 2.427386e-15 1.248973e-16 4.871789e+00 16 0
9446.2095 9492.4960 2.585279e-15 1.165510e-16 5.173069e+00 0 0
9451.0530 9497.3631 2.587433e-15 1.174448e-16 5.157907e+00 16 0
9455.8964 9502.2302 2.629787e-15 1.172454e-16 5.223034e+00 0 0
9460.7397 9507.0973 2.573571e-15 1.232808e-16 5.089875e+00 16 0
9465.5829 9511.9643 2.640775e-15 1.328211e-16 5.203220e+00 16 0
9470.4261 9516.8312 2.697440e-15 1.222406e-16 5.294810e+00 16 0
9475.2693 9521.6981 2.555531e-15 1.221633e-16 4.992205e+00 16 0
9480.1124 9526.5649 2.615828e-15 1.214376e-16 5.089943e+00 16 0
9484.9554 9531.4317 2.307826e-15 1.225373e-16 4.464045e+00 0 0
9489.7984 9536.2984 2.157653e-15 1.231811e-16 4.151540e+00 0 0
9494.6413 9541.1650 2.179088e-15 1.192277e-16 4.174686e+00 16 0
9499.4841 9546.0316 2.912026e-15 1.894148e-16 5.573976e+00 16 0
9504.3269 9550.8981 1.753575e-15 1.138163e-16 3.317581e+00 16 0
9509.1696 9555.7645 1.893481e-15 1.188003e-16 3.569632e+00 16 0
9514.0123 9560.6309 1.371791e-15 1.188485e-16 2.558598e+00 16 0
9518.8549 9565.4973 1.923308e-15 1.176591e-16 3.590952e+00 16 0
9523.6974 9570.3635 2.268859e-14 3.428101e-16 4.287113e+01 16 0
9528.5399 9575.2297 1.754154e-15 1.154334e-16 3.236527e+00 0 0
9533.3823 9580.0959 1.800491e-15 1.242528e-16 3.305871e+00 16 0
9538.2247 9584.9620 1.729596e-15 1.189083e-16 3.156078e+00 0 0
9543.0670 9589.8280 2.114662e-15 1.251384e-16 3.849543e+00 16 0
9547.9092 9594.6940 1.887501e-15 1.339518e-16 3.410461e+00 16 0
9552.7514 9599.5599 1.905627e-15 1.199735e-16 3.423875e+00 0 0
9557.5935 9604.4257 2.308587e-15 1.243292e-16 4.134917e+00 0 0
9562.4355 9609.2915 2.287052e-15 1.279352e-16 4.071034e+00 16 0
9567.2775 9614.1572 2.350160e-15 1.378379e-16 4.158905e+00 16 0
9572.1195 9619.0228 2.339439e-15 1.281498e-16 4.113634e+00 16 0
9576.9613 9623.8884 2.225017e-15 1.561724e-16 3.884166e+00 16 0
9581.8031 9628.7540 2.359022e-15 1.289517e-16 4.094402e+00 0 0
9586.6449 9633.6194 2.008619e-15 1.270588e-16 3.454619e+00 0 0
9591.4865 9638.4848 2.207086e-15 1.280231e-16 3.775727e+00 0 0
9596.3281 9643.3502 1.900906e-15 1.277799e-16 3.221562e+00 0 0
9601.1697 9648.2154 1.812307e-15 1.281013e-16 3.047194e+00 0 0
9606.0112 9653.0806 1.760424e-15 1.362282e-16 2.937052e+00 16 0
9610.8526 9657.9458 1.771990e-15 1.272453e-16 2.935156e+00 0 0
9615.6940 9662.8109 1.499757e-15 1.266827e-16 2.457939e+00 0 0
9620.5353 9667.6759 1.773405e-15 1.320756e-16 2.893857e+00 16 0
9625.3765 9672.5409 1.692033e-15 1.315485e-16 2.737724e+00 16 0
9630.2177 9677.4057 1.860806e-15 1.604927e-16 2.992878e+00 16 0
9635.0588 9682.2706 1.640351e-15 1.353586e-16 2.611647e+00 16 0
9639.8998 9687.1353 1.773269e-15 1.386627e-16 2.805124e+00 16 0
9644.7408 9692.0000 1.934753e-15 1.455426e-16 3.040909e+00 0 0
9649.5817 9696.8647 2.247588e-15 1.528219e-16 3.512835e+00 0 0
9654.4226 9701.7293 2.623877e-15 1.767515e-16 4.076909e+00 16 0
9659.2634 9706.5938 2.306855e-15 1.615515e-16 3.549048e+00 16 0
9664.1041 9711.4582 2.150439e-15 1.464577e-16 3.278145e+00 16 0
9668.9448 9716.3226 1.931590e-15 1.442739e-16 2.915352e+00 16 0
9673.7854 9721.1869 1.502205e-15 1.401338e-16 2.237806e+00 16 0
9678.6259 9726.0512 1.759119e-15 1.438804e-16 2.607122e+00 0 0
9683.4664 9730.9153 1.477388e-15 1.402670e-16 2.163671e+00 0 0
9688.3068 9735.7795 1.657588e-15 1.437035e-16 2.413008e+00 16 0
9693.1471 9740.6435 1.481429e-15 1.465716e-16 2.133548e+00 16 0
9697.9874 9745.5075 1.456787e-15 1.610038e-16 2.079629e+00 16 0
9702.8276 9750.3714 1.221497e-15 1.506740e-16 1.721723e+00 0 0
9707.6677 9755.2353 1.579944e-15 1.473372e-16 2.221342e+00 0 0
9712.5078 9760.0991 1.578659e-15 1.466063e-16 2.200597e+00 0 0
9717.3478 9764.9628 1.559106e-15 1.474169e-16 2.154090e+00 0 0
9722.1878 9769.8265 1.433144e-15 1.496790e-16 1.959442e+00 16 0
9727.0277 9774.6901 1.593353e-15 1.504438e-16 2.164844e+00 0 0
9731.8675 9779.5536 1.525093e-15 1.520829e-16 2.052409e+00 0 0
9736.7072 9784.4171 1.815564e-15 1.604450e-16 2.431077e+00 16 0
9741.5469 9789.2805 1.908882e-15 1.563913e-16 2.536445e+00 0 0
9746.3865 9794.1438 2.066581e-15 1.599089e-16 2.726144e+00 0 0
9751.2261 9799.0071 2.056388e-15 1.633671e-16 2.689158e+00 272 0
9756.0656 9803.8703 2.067236e-15 1.612496e-16 2.680167e+00 0 0
9760.9050 9808.7334 2.003663e-15 1.655411e-16 2.573685e+00 16 0
9765.7443 9813.5965 2.052183e-15 1.639643e-16 2.614032e+00 0 0
9770.5836 9818.4595 2.007827e-15 1.650247e-16 2.534108e+00 0 0
9775.4229 9823.3224 1.460090e-15 1.650326e-16 1.814115e+00 16 0
9780.2620 9828.1853 1.609668e-15 1.735931e-16 1.986849e+00 0 0
9785.1011 9833.0481 1.353966e-15 1.790506e-16 1.649506e+00 16 0
9789.9401 9837.9108 1.700867e-15 1.811958e-16 2.064880e+00 16 0
9794.7791 9842.7735 1.544519e-15 1.685842e-16 1.854211e+00 16 0
9799.6180 9847.6361 1.641867e-14 3.698115e-16 2.003723e+01 16 0
9804.4568 9852.4986 1.782418e-15 1.730531e-16 2.108043e+00 0 0
9809.2955 9857.3611 2.045483e-15 1.785270e-16 2.403906e+00 16 0
9814.1342 9862.2235 2.094321e-15 1.799861e-16 2.439887e+00 16 0
9818.9728 9867.0858 2.192582e-15 1.890600e-16 2.532985e+00 16 0
9823.8114 9871.9481 2.060269e-15 1.854422e-16 2.355233e+00 0 0
9828.6499 9876.8102 1.908873e-15 2.051251e-16 2.158508e+00 16 0
9833.4883 9881.6724 1.723525e-15 1.833844e-16 1.926297e+00 16 0
9838.3266 9886.5344 1.635564e-15 2.134778e-16 1.808286e+00 16 0
9843.1649 9891.3964 2.124361e-15 2.141356e-16 2.339190e+00 16 0
9848.0031 9896.2583 1.592289e-15 1.857512e-16 1.725342e+00 0 0
9852.8412 9901.1202 1.200250e-15 1.945266e-16 1.277739e+00 16 0
9857.6793 9905.9819 1.724726e-15 1.896691e-16 1.835639e+00 0 0
9862.5173 9910.8437 1.363781e-15 1.885267e-16 1.428294e+00 0 0
9867.3553 9915.7053 1.351687e-15 1.937591e-16 1.400825e+00 0 0
9872.1931 9920.5669 1.640284e-15 2.136462e-16 1.691129e+00 16 0
9877.0309 9925.4284 1.768321e-15 2.019903e-16 1.807557e+00 16 0
9881.8686 9930.2898 2.081464e-15 2.049773e-16 2.113081e+00 16 0
9886.7063 9935.1512 1.967522e-15 2.036972e-16 1.973904e+00 16 0
9891.5439 9940.0125 1.661515e-15 2.295321e-16 1.642541e+00 16 0
9896.3814 9944.8737 1.550621e-15 2.079462e-16 1.513501e+00 0 0
9901.2189 9949.7348 1.808382e-15 2.370898e-16 1.752482e+00 16 0
9906.0562 9954.5959 2.053339e-15 2.140464e-16 1.973623e+00 16 0
9910.8936 9959.4569 2.063602e-15 2.803987e-16 1.961610e+00 16 0
9915.7308 9964.3179 1.466771e-15 2.151859e-16 1.366665e+00 0 0
9920.5680 9969.1788 6.082340e-16 3.394480e-16 5.396110e-01 16 0
9925.4051 9974.0396 1.539569e-15 2.736065e-16 1.403411e+00 16 0
9930.2421 9978.9003 1.671012e-15 2.274646e-16 1.508694e+00 0 0
9935.0791 9983.7610 1.122383e-15 2.268357e-16 9.889100e-01 0 0
9939.9160 9988.6215 1.319244e-15 2.281057e-16 1.154801e+00 16 0
9944.7528 9993.4821 1.962246e-15 2.318992e-16 1.715872e+00 0 0
9949.5895 9998.3425 9.350967e-16 2.386905e-16 7.882788e-01 16 0
9954.4262 10003.2029 1.948755e-15 2.366712e-16 1.662398e+00 0 0
9959.2628 10008.0632 2.240427e-15 2.396000e-16 1.893655e+00 0 0
9964.0994 10012.9234 1.944859e-15 2.462463e-16 1.617794e+00 16 0
9968.9358 10017.7836 1.910860e-15 2.611646e-16 1.568594e+00 16 0
9973.7722 10022.6437 1.321606e-15 2.558362e-16 1.059260e+00 16 0
9978.6085 10027.5037 1.269641e-15 2.689704e-16 1.002890e+00 16 0
9983.4448 10032.3637 1.318019e-15 2.600006e-16 1.028638e+00 16 0
9988.2810 10037.2236 1.167277e-15 2.510023e-16 8.946716e-01 0 0
9993.1171 10042.0834 1.444085e-15 2.570622e-16 1.100163e+00 16 0
9997.9531 10046.9431 1.122107e-15 2.574063e-16 8.351988e-01 0 0
10002.7891 10051.8028 1.136193e-15 2.951311e-16 8.342475e-01 16 0
10007.6250 10056.6623 2.003345e-15 2.749251e-16 1.477694e+00 16 0
10012.4608 10061.5219 1.796334e-15 2.750744e-16 1.302066e+00 16 0
10017.2966 10066.3813 1.390688e-15 2.819444e-16 9.851076e-01 16 0
10022.1322 10071.2407 2.396731e-15 4.018369e-16 1.699661e+00 16 0
10026.9678 10076.1000 1.896699e-15 2.897999e-16 1.316938e+00 16 0
10031.8034 10080.9592 1.784658e-15 2.865957e-16 1.218097e+00 0 0
10036.6388 10085.8184 1.593262e-15 3.180573e-16 1.066699e+00 16 0
10041.4742 10090.6774 3.235234e-15 5.535645e-16 2.171495e+00 16 0
10046.3095 10095.5365 2.241946e-15 3.343501e-16 1.468591e+00 16 0
10051.1448 10100.3954 1.537703e-15 3.501774e-16 9.794924e-01 16 0
10055.9800 10105.2543 1.302016e-15 3.152533e-16 8.102887e-01 16 0
10060.8151 10110.1130 1.794056e-15 3.273630e-16 1.110616e+00 16 0
10065.6501 10114.9718 2.981174e-15 3.640157e-16 1.838724e+00 16 0
10070.4850 10119.8304 1.102706e-15 5.374207e-16 6.461948e-01 16 0
10075.3199 10124.6890 1.099302e-15 3.261615e-16 6.324184e-01 0 0
10080.1547 10129.5475 1.770839e-15 3.419128e-16 1.020273e+00 0 0
10084.9894 10134.4059 1.498656e-15 3.430343e-16 8.421516e-01 0 0
10089.8241 10139.2642 7.241479e-16 3.616646e-16 3.831861e-01 16 0
10094.6587 10144.1225 1.066175e-15 3.521503e-16 5.671236e-01 0 0
10099.4932 10148.9807 2.132874e-15 3.694585e-16 1.144807e+00 0 0
10104.3276 10153.8388 1.123036e-15 3.653722e-16 5.750948e-01 0 0
10109.1620 10158.6969 1.413099e-15 3.821259e-16 7.168024e-01 16 0
10113.9963 10163.5548 1.249857e-15 3.822904e-16 6.170093e-01 0 0
10118.8305 10168.4127 1.387113e-15 3.972343e-16 6.734424e-01 16 0
10123.6646 10173.2706 3.876994e-16 4.641279e-16 1.635288e-01 16 0
10128.4987 10178.1283 7.140184e-16 4.035261e-16 3.170210e-01 0 0
10133.3327 10182.9860 2.198480e-15 4.243039e-16 1.016157e+00 0 0
10138.1666 10187.8436 1.005849e-15 4.240899e-16 4.371420e-01 0 0
10143.0004 10192.7011 5.688139e-16 4.297869e-16 2.332542e-01 0 0
10147.8342 10197.5586 2.441991e-15 4.692234e-16 1.055713e+00 16 0
10152.6679 10202.4159 1.386700e-15 4.615317e-16 5.719736e-01 0 0
10157.5015 10207.2732 1.818320e-15 5.011601e-16 7.374291e-01 16 0
10162.3350 10212.1305 1.641102e-15 5.107762e-16 6.424649e-01 16 0
10167.1685 10216.9876 1.651455e-15 5.325819e-16 6.289607e-01 16 0
10172.0019 10221.8447 1.622685e-15 5.175335e-16 6.003629e-01 0 0
10176.8352 10226.7017 8.405220e-16 5.527776e-16 2.847103e-01 16 0
10181.6684 10231.5586 2.573685e-15 5.933715e-16 9.227555e-01 528 0
