# LMC-SN1987A-STIS-2 o6mi30030 G750M CCD z=0.0009 a2center=474.0 extrsize=25 exptime=661.0 mode=fixed flags=extended_host
# rest_wvl obs_wvl flux error net dq mask
6290.3636 6296.0249 2.968316e-15 1.468311e-16 2.738825e+00 528 0
6290.9192 6296.5810 1.700978e-15 7.076619e-17 1.550733e+00 0 0
6291.4748 6297.1371 1.349913e-15 6.635385e-17 1.223153e+00 0 0
6292.0304 6297.6932 1.668911e-15 7.825969e-17 1.521820e+00 16 0
6292.5860 6298.2493 2.285609e-15 7.767656e-17 2.100683e+00 256 0
6293.1416 6298.8055 2.513812e-15 7.938288e-17 2.315751e+00 256 0
6293.6973 6299.3616 1.687302e-15 7.193885e-17 1.540476e+00 16 0
6294.2529 6299.9177 1.568510e-15 7.035211e-17 1.429644e+00 0 0
6294.8085 6300.4738 1.472642e-15 6.925513e-17 1.340358e+00 0 0
6295.3641 6301.0300 1.511035e-15 6.878576e-17 1.376731e+00 0 0
6295.9198 6301.5861 1.680315e-15 6.875761e-17 1.534777e+00 0 0
6296.4754 6302.1422 1.614463e-15 7.010957e-17 1.473493e+00 0 0
6297.0311 6302.6984 1.705919e-15 8.332036e-17 1.559774e+00 16 0
6297.5867 6303.2545 1.539389e-15 6.826197e-17 1.403998e+00 16 0
6298.1424 6303.8107 1.505813e-15 7.089438e-17 1.372949e+00 16 0
6298.6980 6304.3668 1.554904e-15 6.814463e-17 1.419442e+00 0 0
6299.2537 6304.9230 1.548031e-15 7.108969e-17 1.413437e+00 16 0
6299.8093 6305.4792 1.535430e-15 6.850630e-17 1.402050e+00 0 0
6300.3650 6306.0353 1.581576e-15 6.946204e-17 1.445838e+00 16 0
6300.9207 6306.5915 1.678574e-15 7.056356e-17 1.537481e+00 16 0
6301.4763 6307.1477 1.369730e-15 6.634733e-17 1.247774e+00 0 0
6302.0320 6307.7039 1.514857e-15 7.021606e-17 1.384475e+00 16 0
6302.5877 6308.2600 1.643735e-15 1.109146e-16 1.506134e+00 16 0
6303.1434 6308.8162 1.454586e-15 6.750165e-17 1.328678e+00 0 0
6303.6991 6309.3724 1.454305e-15 6.847575e-17 1.328831e+00 16 0
6304.2548 6309.9286 1.410434e-15 6.628241e-17 1.287995e+00 0 0
6304.8105 6310.4848 1.478809e-15 6.726653e-17 1.352718e+00 16 0
6305.3662 6311.0410 1.347579e-15 6.693884e-17 1.229694e+00 16 0
6305.9219 6311.5972 2.409570e-15 7.758783e-17 2.232462e+00 16 0
6306.4776 6312.1534 1.565940e-15 7.107546e-17 1.436079e+00 16 0
6307.0333 6312.7096 1.467509e-15 6.716964e-17 1.343763e+00 0 0
6307.5890 6313.2658 1.663552e-15 1.252052e-16 1.529062e+00 16 0
6308.1447 6313.8220 1.391859e-15 6.648485e-17 1.273319e+00 0 0
6308.7004 6314.3782 1.417947e-15 6.783790e-17 1.298299e+00 16 0
6309.2561 6314.9345 1.663556e-15 8.183756e-17 1.530487e+00 16 0
6309.8119 6315.4907 1.433435e-15 6.775923e-17 1.313714e+00 16 0
6310.3676 6316.0469 1.483139e-15 6.857290e-17 1.361025e+00 16 0
6310.9233 6316.6031 1.455745e-15 6.707422e-17 1.335586e+00 0 0
6311.4791 6317.1594 1.435641e-15 6.652818e-17 1.317019e+00 0 0
6312.0348 6317.7156 1.670318e-15 7.243446e-17 1.539248e+00 16 0
6312.5905 6318.2719 1.589207e-15 6.961307e-17 1.462985e+00 16 0
6313.1463 6318.8281 1.341645e-15 6.724592e-17 1.229467e+00 0 0
6313.7020 6319.3844 1.458342e-15 9.346982e-17 1.340107e+00 16 0
6314.2578 6319.9406 1.444994e-15 7.243696e-17 1.327898e+00 16 0
6314.8135 6320.4969 1.438208e-15 6.687319e-17 1.321889e+00 0 0
6315.3693 6321.0531 1.509452e-15 6.768481e-17 1.389716e+00 0 0
6315.9250 6321.6094 1.392924e-15 6.701913e-17 1.279859e+00 16 0
6316.4808 6322.1656 1.403573e-15 6.598252e-17 1.290329e+00 0 0
6317.0366 6322.7219 1.368666e-15 6.582502e-17 1.257689e+00 0 0
6317.5923 6323.2782 1.463852e-15 6.971425e-17 1.348212e+00 16 0
6318.1481 6323.8344 1.537174e-15 6.874952e-17 1.418129e+00 0 0
6318.7039 6324.3907 1.683906e-15 7.519652e-17 1.557812e+00 16 0
6319.2597 6324.9470 3.425327e-15 8.617958e-17 3.217931e+00 0 0
6319.8155 6325.5033 1.582563e-15 6.850007e-17 1.462511e+00 0 0
6320.3712 6326.0596 1.483364e-15 7.596084e-17 1.368787e+00 16 0
6320.9270 6326.6159 1.385764e-15 7.020351e-17 1.276599e+00 16 0
6321.4828 6327.1722 1.433297e-15 6.659735e-17 1.322091e+00 0 0
6322.0386 6327.7284 1.408754e-15 7.143572e-17 1.299196e+00 16 0
6322.5944 6328.2847 1.377585e-15 6.593476e-17 1.270002e+00 272 0
6323.1502 6328.8410 1.350619e-15 7.728039e-17 1.244787e+00 16 0
6323.7060 6329.3974 1.331787e-15 6.594382e-17 1.227286e+00 16 0
6324.2618 6329.9537 1.430188e-15 6.767418e-17 1.321141e+00 0 0
6324.8176 6330.5100 1.359561e-15 6.559414e-17 1.254415e+00 0 0
6325.3734 6331.0663 1.280617e-15 6.586920e-17 1.179796e+00 0 0
6325.9293 6331.6226 1.424181e-15 7.062561e-17 1.316623e+00 16 0
6326.4851 6332.1789 1.292181e-15 6.610801e-17 1.191497e+00 16 0
6327.0409 6332.7352 1.458692e-15 6.639620e-17 1.350268e+00 0 0
6327.5967 6333.2916 1.370427e-15 6.674560e-17 1.266646e+00 16 0
6328.1526 6333.8479 1.444055e-15 6.769825e-17 1.337135e+00 272 0
6328.7084 6334.4042 4.393873e-15 9.777804e-17 4.164167e+00 272 0
6329.2642 6334.9606 1.499259e-15 6.727381e-17 1.390561e+00 256 0
6329.8201 6335.5169 1.565947e-15 6.798472e-17 1.454599e+00 16 0
6330.3759 6336.0732 1.424842e-15 6.736257e-17 1.320414e+00 16 0
6330.9317 6336.6296 1.531738e-15 7.083002e-17 1.422805e+00 16 0
6331.4876 6337.1859 1.417108e-15 7.633057e-17 1.313823e+00 16 0
6332.0434 6337.7423 1.441394e-15 6.688950e-17 1.337390e+00 0 0
6332.5993 6338.2986 1.343178e-15 6.756074e-17 1.244060e+00 16 0
6333.1551 6338.8550 1.542513e-15 7.024661e-17 1.434791e+00 16 0
6333.7110 6339.4113 1.570558e-15 7.807393e-17 1.462029e+00 16 0
6334.2668 6339.9677 1.574198e-15 1.277132e-16 1.465941e+00 16 0
6334.8227 6340.5240 1.348561e-15 7.097791e-17 1.250675e+00 16 0
6335.3786 6341.0804 1.441274e-15 6.670877e-17 1.339650e+00 0 0
6335.9344 6341.6368 4.069963e-15 9.195073e-17 3.867419e+00 256 0
6336.4903 6342.1931 1.768275e-15 7.294603e-17 1.653633e+00 16 0
6337.0462 6342.7495 1.353745e-15 7.371124e-17 1.257106e+00 16 0
6337.6020 6343.3059 1.365187e-15 6.734033e-17 1.268419e+00 16 0
6338.1579 6343.8623 1.406571e-15 6.949227e-17 1.308396e+00 16 0
6338.7138 6344.4186 1.292284e-15 6.590462e-17 1.199412e+00 0 0
6339.2697 6344.9750 1.399598e-15 6.602317e-17 1.302481e+00 0 0
6339.8256 6345.5314 1.433229e-15 6.653809e-17 1.335082e+00 0 0
6340.3815 6346.0878 1.242563e-15 6.434862e-17 1.152880e+00 0 0
6340.9374 6346.6442 1.351756e-15 6.599351e-17 1.257774e+00 0 0
6341.4932 6347.2006 1.413358e-15 7.481795e-17 1.317191e+00 16 0
6342.0491 6347.7570 1.406306e-15 6.771789e-17 1.310809e+00 0 0
6342.6050 6348.3134 1.383214e-15 6.562054e-17 1.289036e+00 0 0
6343.1609 6348.8698 1.374418e-15 7.145412e-17 1.280970e+00 16 0
6343.7168 6349.4262 1.387110e-15 7.255924e-17 1.293520e+00 16 0
6344.2727 6349.9826 1.823916e-15 9.289297e-17 1.713902e+00 16 0
6344.8287 6350.5390 3.765748e-15 8.898691e-17 3.590387e+00 0 0
6345.3846 6351.0954 3.755565e-15 8.929548e-17 3.581530e+00 0 0
6345.9405 6351.6518 4.039205e-15 9.186471e-17 3.857265e+00 0 0
6346.4964 6352.2082 1.405070e-15 6.606394e-17 1.312639e+00 0 0
6347.0523 6352.7647 1.317598e-15 6.496315e-17 1.228943e+00 0 0
6347.6082 6353.3211 1.459910e-15 6.744365e-17 1.366144e+00 0 0
6348.1642 6353.8775 1.367544e-15 7.418428e-17 1.277667e+00 16 0
6348.7201 6354.4339 1.435395e-15 6.611482e-17 1.343320e+00 0 0
6349.2760 6354.9904 1.353647e-15 7.474389e-17 1.265021e+00 16 0
6349.8319 6355.5468 1.284783e-15 6.674220e-17 1.199127e+00 16 0
6350.3879 6356.1032 1.268527e-15 6.580598e-17 1.183829e+00 0 0
6350.9438 6356.6597 1.363923e-15 6.721991e-17 1.275990e+00 16 0
6351.4998 6357.2161 1.432892e-15 6.664184e-17 1.342806e+00 0 0
6352.0557 6357.7725 1.402954e-15 6.758106e-17 1.314323e+00 16 0
6352.6116 6358.3290 1.269221e-15 6.446731e-17 1.185832e+00 0 0
6353.1676 6358.8854 1.390740e-15 6.731649e-17 1.303282e+00 0 0
6353.7235 6359.4419 1.227238e-15 6.428951e-17 1.146056e+00 0 0
6354.2795 6359.9983 1.307651e-15 6.459369e-17 1.223873e+00 0 0
6354.8354 6360.5548 1.217218e-15 6.351042e-17 1.137042e+00 0 0
6355.3914 6361.1112 1.445210e-15 6.754016e-17 1.357331e+00 16 0
6355.9473 6361.6677 1.179626e-15 6.877709e-17 1.101444e+00 16 0
6356.5033 6362.2241 1.506860e-15 7.381725e-17 1.417671e+00 16 0
6357.0593 6362.7806 1.405243e-15 6.622751e-17 1.319834e+00 0 0
6357.6152 6363.3371 1.317777e-15 7.212168e-17 1.235692e+00 16 0
6358.1712 6363.8935 1.713238e-15 8.747920e-17 1.618662e+00 16 0
6358.7272 6364.4500 1.363479e-15 6.801774e-17 1.280544e+00 16 0
6359.2831 6365.0065 1.415908e-15 6.619349e-17 1.331604e+00 0 0
6359.8391 6365.5629 1.399874e-15 6.657091e-17 1.316453e+00 0 0
6360.3951 6366.1194 1.369076e-15 7.541000e-17 1.287012e+00 16 0
6360.9510 6366.6759 1.288435e-15 6.760534e-17 1.209347e+00 16 0
6361.5070 6367.2324 1.315408e-15 6.556814e-17 1.235772e+00 0 0
6362.0630 6367.7889 1.532816e-15 7.304202e-17 1.446718e+00 16 0
6362.6190 6368.3453 1.416754e-15 8.188557e-17 1.334601e+00 16 0
6363.1750 6368.9018 1.368711e-15 6.613547e-17 1.288409e+00 0 0
6363.7310 6369.4583 1.171647e-15 6.939460e-17 1.097963e+00 16 0
6364.2869 6370.0148 1.225285e-15 6.482481e-17 1.150167e+00 256 0
6364.8429 6370.5713 1.239164e-15 6.490849e-17 1.163916e+00 16 0
6365.3989 6371.1278 1.405016e-15 6.676484e-17 1.325011e+00 16 0
6365.9549 6371.6843 1.379357e-15 6.640774e-17 1.300469e+00 16 0
6366.5109 6372.2408 1.387039e-15 7.073681e-17 1.308273e+00 16 0
6367.0669 6372.7973 1.171322e-15 6.332782e-17 1.099419e+00 0 0
6367.6229 6373.3538 1.256356e-15 6.515587e-17 1.182147e+00 16 0
6368.1789 6373.9103 1.844533e-15 7.055006e-17 1.754364e+00 256 0
6368.7349 6374.4668 1.927457e-15 7.257495e-17 1.835638e+00 256 0
6369.2909 6375.0233 1.370658e-15 7.222902e-17 1.294092e+00 16 0
6369.8469 6375.5798 1.276347e-15 6.675168e-17 1.202811e+00 16 0
6370.4029 6376.1363 1.179572e-15 6.524826e-17 1.109175e+00 16 0
6370.9590 6376.6928 1.208510e-15 6.373998e-17 1.137558e+00 0 0
6371.5150 6377.2493 1.385025e-15 6.907497e-17 1.309427e+00 16 0
6372.0710 6377.8059 1.292832e-15 6.515206e-17 1.220101e+00 0 0
6372.6270 6378.3624 1.323419e-15 6.523773e-17 1.250168e+00 0 0
6373.1830 6378.9189 1.440299e-15 7.159197e-17 1.364272e+00 16 0
6373.7390 6379.4754 1.197197e-15 6.522152e-17 1.128047e+00 16 0
6374.2951 6380.0319 1.433557e-15 6.668180e-17 1.358409e+00 16 0
6374.8511 6380.5885 1.323380e-15 1.251651e-16 1.251427e+00 16 0
6375.4071 6381.1450 1.168269e-15 6.764246e-17 1.100786e+00 16 0
6375.9632 6381.7015 1.322613e-15 6.476405e-17 1.251325e+00 256 0
6376.5192 6382.2580 1.416459e-15 7.013318e-17 1.343132e+00 272 0
6377.0752 6382.8146 1.254160e-15 7.638292e-17 1.185265e+00 16 0
6377.6312 6383.3711 1.172921e-15 7.522725e-17 1.106445e+00 16 0
6378.1873 6383.9277 1.055599e-15 6.520672e-17 9.925572e-01 16 0
6378.7433 6384.4842 1.277746e-15 6.698898e-17 1.209167e+00 16 0
6379.2994 6385.0407 1.238286e-15 6.409936e-17 1.170995e+00 0 0
6379.8554 6385.5973 1.402337e-15 6.592968e-17 1.331389e+00 0 0
6380.4114 6386.1538 1.289665e-15 6.471884e-17 1.221716e+00 0 0
6380.9675 6386.7104 1.333736e-15 6.564452e-17 1.265050e+00 0 0
6381.5235 6387.2669 1.264994e-15 6.710069e-17 1.198244e+00 16 0
6382.0796 6387.8235 1.266847e-15 6.433771e-17 1.200353e+00 0 0
6382.6356 6388.3800 1.285205e-15 6.581621e-17 1.218583e+00 16 0
6383.1917 6388.9366 1.210793e-15 6.565900e-17 1.146207e+00 16 0
6383.7477 6389.4931 1.220396e-15 6.361033e-17 1.155871e+00 0 0
6384.3038 6390.0497 1.317848e-15 6.660259e-17 1.251406e+00 16 0
6384.8598 6390.6062 1.288362e-15 6.496113e-17 1.222879e+00 0 0
6385.4159 6391.1628 1.390895e-15 6.553574e-17 1.323506e+00 0 0
6385.9720 6391.7193 1.409930e-15 7.058977e-17 1.342469e+00 16 0
6386.5280 6392.2759 1.317231e-15 6.571319e-17 1.252033e+00 16 0
6387.0841 6392.8325 1.370222e-15 7.041312e-17 1.304228e+00 16 0
6387.6401 6393.3890 1.245838e-15 6.477947e-17 1.182755e+00 0 0
6388.1962 6393.9456 1.238042e-15 6.798460e-17 1.175412e+00 16 0
6388.7523 6394.5022 1.297654e-15 6.601094e-17 1.234073e+00 16 0
6389.3083 6395.0587 1.341634e-15 6.505940e-17 1.277469e+00 0 0
6389.8644 6395.6153 1.320349e-15 6.548620e-17 1.256911e+00 0 0
6390.4205 6396.1719 1.351066e-15 9.019716e-17 1.287332e+00 16 0
6390.9766 6396.7284 1.323381e-15 6.814039e-17 1.260487e+00 16 0
6391.5326 6397.2850 1.288771e-15 6.999714e-17 1.226844e+00 16 0
6392.0887 6397.8416 1.293013e-15 6.414813e-17 1.231297e+00 0 0
6392.6448 6398.3982 1.287410e-15 7.067821e-17 1.226092e+00 16 0
6393.2009 6398.9547 1.271618e-15 6.649495e-17 1.210886e+00 16 0
6393.7569 6399.5113 1.301077e-15 6.574007e-17 1.240086e+00 16 0
6394.3130 6400.0679 1.165307e-15 6.422901e-17 1.107153e+00 0 0
6394.8691 6400.6245 1.265975e-15 7.250253e-17 1.206201e+00 16 0
6395.4252 6401.1811 1.385231e-15 7.147786e-17 1.323654e+00 16 0
6395.9813 6401.7376 3.672897e-15 9.106605e-17 3.583683e+00 16 0
6396.5374 6402.2942 1.154215e-15 6.337962e-17 1.097301e+00 0 0
6397.0934 6402.8508 1.342999e-15 6.530312e-17 1.283040e+00 16 0
6397.6495 6403.4074 1.383382e-15 6.547677e-17 1.323061e+00 256 0
6398.2056 6403.9640 1.193465e-15 6.465228e-17 1.136616e+00 0 0
6398.7617 6404.5206 1.300241e-15 6.535431e-17 1.241859e+00 0 0
6399.3178 6405.0772 1.317219e-15 9.330519e-17 1.258848e+00 16 0
6399.8739 6405.6338 1.269589e-15 7.171319e-17 1.212264e+00 16 0
6400.4300 6406.1904 1.132509e-15 6.293949e-17 1.077732e+00 0 0
6400.9861 6406.7470 1.205881e-15 7.526389e-17 1.150126e+00 16 0
6401.5422 6407.3036 1.309304e-15 6.667577e-17 1.252195e+00 16 0
6402.0983 6407.8602 1.148224e-15 6.428189e-17 1.093918e+00 16 0
6402.6544 6408.4168 1.173295e-15 6.385234e-17 1.118832e+00 0 0
6403.2105 6408.9734 1.210616e-15 6.383430e-17 1.155822e+00 16 0
6403.7666 6409.5300 1.179468e-15 6.324563e-17 1.125408e+00 0 0
6404.3227 6410.0866 1.320988e-15 6.613000e-17 1.265113e+00 16 0
6404.8788 6410.6432 1.234854e-15 7.249443e-17 1.180475e+00 16 0
6405.4349 6411.1998 1.199654e-15 6.415467e-17 1.146044e+00 16 0
6405.9910 6411.7564 1.234417e-15 6.500237e-17 1.180564e+00 16 0
6406.5471 6412.3130 1.029128e-15 6.136076e-17 9.785895e-01 0 0
6407.1032 6412.8696 1.316022e-15 6.679191e-17 1.261601e+00 16 0
6407.6593 6413.4262 1.280118e-15 7.826530e-17 1.226433e+00 16 0
6408.2154 6413.9828 1.212610e-15 6.321785e-17 1.160077e+00 0 0
6408.7715 6414.5394 1.236448e-15 6.462213e-17 1.183852e+00 16 0
6409.3277 6415.0960 1.134460e-15 6.232058e-17 1.083472e+00 0 0
6409.8838 6415.6527 1.211384e-15 6.333197e-17 1.159615e+00 256 0
6410.4399 6416.2093 2.325910e-15 7.569195e-17 2.264212e+00 256 0
6410.9960 6416.7659 2.355217e-15 7.652750e-17 2.293802e+00 256 0
6411.5521 6417.3225 1.113341e-15 6.211895e-17 1.063553e+00 256 0
6412.1082 6417.8791 3.959631e-15 9.083076e-17 3.891997e+00 272 0
6412.6643 6418.4357 2.756198e-15 8.174720e-17 2.694066e+00 272 0
6413.2205 6418.9924 1.278443e-15 7.323014e-17 1.227393e+00 16 0
6413.7766 6419.5490 1.177523e-15 6.349221e-17 1.127861e+00 0 0
6414.3327 6420.1056 1.004079e-15 7.154040e-17 9.567980e-01 16 0
6414.8888 6420.6622 1.165183e-15 6.325849e-17 1.116130e+00 0 0
6415.4450 6421.2189 1.275330e-15 6.676070e-17 1.225333e+00 16 0
6416.0011 6421.7755 1.215037e-15 6.378459e-17 1.165910e+00 0 0
6416.5572 6422.3321 1.218942e-15 6.740715e-17 1.170016e+00 16 0
6417.1133 6422.8887 1.235964e-15 6.611884e-17 1.187107e+00 16 0
6417.6694 6423.4454 1.290971e-15 6.595991e-17 1.241835e+00 0 0
6418.2256 6424.0020 1.464370e-15 1.103421e-16 1.414033e+00 16 0
6418.7817 6424.5586 1.337955e-15 6.557763e-17 1.288917e+00 0 0
6419.3378 6425.1152 1.320861e-15 6.487857e-17 1.272225e+00 0 0
6419.8940 6425.6719 1.124374e-15 6.349621e-17 1.077774e+00 16 0
6420.4501 6426.2285 1.171484e-15 6.381434e-17 1.124650e+00 1024 0
6421.0062 6426.7851 1.258785e-15 6.991755e-17 1.211415e+00 1040 0
6421.5623 6427.3418 1.213175e-15 6.409497e-17 1.166427e+00 1024 0
6422.1185 6427.8984 1.270216e-15 6.576392e-17 1.223238e+00 1024 0
6422.6746 6428.4550 1.634659e-15 6.953933e-17 1.585617e+00 1024 0
6423.2307 6429.0117 1.802585e-15 7.309569e-17 1.753089e+00 1040 0
6423.7869 6429.5683 1.271215e-15 6.539738e-17 1.224954e+00 1040 0
6424.3430 6430.1249 1.097012e-15 6.277519e-17 1.052356e+00 1024 0
6424.8992 6430.6816 1.201346e-15 6.405199e-17 1.156064e+00 1040 0
6425.4553 6431.2382 1.172791e-15 6.387406e-17 1.127945e+00 1024 0
6426.0114 6431.7948 1.206284e-15 7.016188e-17 1.161416e+00 1040 0
6426.5676 6432.3515 1.208585e-15 6.507744e-17 1.163926e+00 1040 0
6427.1237 6432.9081 1.480661e-15 6.969721e-17 1.434715e+00 1040 0
6427.6798 6433.4647 1.897433e-15 7.188684e-17 1.850412e+00 1024 0
6428.2360 6434.0214 1.163748e-15 6.388733e-17 1.120048e+00 1040 0
6428.7921 6434.5780 1.182773e-15 6.444472e-17 1.139165e+00 1024 0
6429.3483 6435.1347 1.071670e-15 7.697278e-17 1.029018e+00 1040 0
6429.9044 6435.6913 1.057843e-15 6.237674e-17 1.015485e+00 1024 0
6430.4605 6436.2479 1.135924e-15 6.716734e-17 1.093241e+00 1040 0
6431.0167 6436.8046 1.246746e-15 6.491336e-17 1.203661e+00 1024 0
6431.5728 6437.3612 1.163003e-15 6.504599e-17 1.120577e+00 1040 0
6432.1290 6437.9179 1.180778e-15 6.780280e-17 1.138467e+00 1040 0
6432.6851 6438.4745 3.770065e-15 8.955937e-17 3.729653e+00 1040 0
6433.2412 6439.0312 1.654355e-15 1.484462e-16 1.611026e+00 1040 0
6433.7974 6439.5878 1.175609e-15 6.405460e-17 1.133955e+00 1024 0
6434.3535 6440.1444 1.209072e-15 6.654305e-17 1.167479e+00 1040 0
6434.9097 6440.7011 1.243505e-15 7.222245e-17 1.201992e+00 1040 0
6435.4658 6441.2577 1.314726e-15 6.718767e-17 1.273200e+00 1040 0
6436.0220 6441.8144 1.134551e-15 6.314506e-17 1.093898e+00 1024 0
6436.5781 6442.3710 1.194791e-15 6.410730e-17 1.154101e+00 1024 0
6437.1343 6442.9277 1.697596e-15 1.624748e-16 1.656310e+00 1040 0
6437.6904 6443.4843 1.138671e-15 6.318328e-17 1.098596e+00 1024 0
6438.2465 6444.0410 1.220249e-15 6.323751e-17 1.180107e+00 1024 0
6438.8027 6444.5976 1.209263e-15 6.433751e-17 1.169362e+00 16 0
6439.3588 6445.1543 1.083404e-15 6.194458e-17 1.044114e+00 0 0
6439.9150 6445.7109 1.188347e-15 6.305086e-17 1.148915e+00 0 0
6440.4711 6446.2676 1.075295e-15 6.414184e-17 1.036404e+00 16 0
6441.0273 6446.8242 1.158304e-15 6.337594e-17 1.119351e+00 0 0
6441.5834 6447.3809 1.118683e-15 6.278091e-17 1.080028e+00 0 0
6442.1396 6447.9375 1.969065e-15 7.890153e-17 1.930985e+00 272 0
6442.6957 6448.4942 1.714261e-15 6.916142e-17 1.675929e+00 256 0
6443.2519 6449.0508 1.109498e-15 6.233101e-17 1.071430e+00 0 0
6443.8080 6449.6075 1.145239e-15 6.384635e-17 1.107286e+00 16 0
6444.3642 6450.1641 1.339436e-15 6.462425e-17 1.301522e+00 0 0
6444.9203 6450.7208 1.198797e-15 6.966448e-17 1.161161e+00 16 0
6445.4765 6451.2774 1.485579e-15 6.743700e-17 1.448235e+00 16 0
6446.0326 6451.8341 1.673007e-15 8.282886e-17 1.636292e+00 16 0
6446.5888 6452.3907 1.152994e-15 6.614477e-17 1.115984e+00 16 0
6447.1449 6452.9474 1.077778e-15 6.343911e-17 1.041038e+00 16 0
6447.7011 6453.5040 1.234517e-15 6.889317e-17 1.197871e+00 16 0
6448.2572 6454.0607 1.238066e-15 6.751768e-17 1.201624e+00 16 0
6448.8134 6454.6173 1.090695e-15 6.201975e-17 1.054470e+00 0 0
6449.3695 6455.1740 1.175304e-15 6.620447e-17 1.139237e+00 16 0
6449.9257 6455.7306 2.456843e-15 7.722260e-17 2.426170e+00 256 0
6450.4818 6456.2873 2.509551e-15 7.867144e-17 2.479630e+00 272 0
6451.0380 6456.8439 1.152295e-15 6.249518e-17 1.116783e+00 0 0
6451.5941 6457.4006 1.244701e-15 6.562086e-17 1.209469e+00 16 0
6452.1503 6457.9572 1.115871e-15 6.535232e-17 1.080706e+00 16 0
6452.7064 6458.5139 1.066702e-15 6.430591e-17 1.031695e+00 16 0
6453.2626 6459.0705 1.164747e-15 6.292124e-17 1.129984e+00 0 0
6453.8187 6459.6272 1.113134e-15 6.259684e-17 1.078496e+00 0 0
6454.3749 6460.1838 1.134110e-15 6.301922e-17 1.099672e+00 16 0
6454.9310 6460.7405 1.158791e-15 6.478226e-17 1.124568e+00 16 0
6455.4872 6461.2971 1.071300e-15 6.177447e-17 1.037136e+00 0 0
6456.0433 6461.8538 1.150433e-15 6.766623e-17 1.116556e+00 16 0
6456.5995 6462.4104 1.099035e-15 6.682116e-17 1.065243e+00 16 0
6457.1556 6462.9671 1.179975e-15 7.143519e-17 1.146525e+00 16 0
6457.7118 6463.5237 1.136812e-15 6.313375e-17 1.103438e+00 0 0
6458.2679 6464.0804 1.091933e-15 6.199416e-17 1.058635e+00 0 0
6458.8241 6464.6370 1.310199e-15 7.050574e-17 1.277751e+00 16 0
6459.3802 6465.1937 1.232169e-15 6.401661e-17 1.199619e+00 0 0
6459.9364 6465.7503 1.160117e-15 6.349964e-17 1.127509e+00 16 0
6460.4925 6466.3070 1.074103e-15 6.369792e-17 1.041425e+00 16 0
6461.0487 6466.8636 1.155788e-15 6.580960e-17 1.123517e+00 16 0
6461.6048 6467.4203 1.210997e-15 6.541363e-17 1.179110e+00 16 0
6462.1610 6467.9769 1.092642e-15 6.408730e-17 1.060505e+00 16 0
6462.7171 6468.5336 1.903299e-15 8.597987e-17 1.876332e+00 272 0
6463.2733 6469.0902 2.615857e-15 1.540769e-16 2.596044e+00 272 0
6463.8294 6469.6469 1.177172e-15 6.438962e-17 1.145859e+00 16 0
6464.3856 6470.2035 1.112402e-15 6.258416e-17 1.080991e+00 0 0
6464.9417 6470.7602 2.216143e-15 7.563554e-17 2.193286e+00 272 0
6465.4979 6471.3168 1.923064e-15 7.153776e-17 1.897698e+00 256 0
6466.0540 6471.8734 1.773748e-15 7.128097e-17 1.747323e+00 256 0
6466.6101 6472.4301 1.480764e-15 1.017876e-16 1.452224e+00 272 0
6467.1663 6472.9867 1.249911e-15 7.514247e-17 1.220042e+00 16 0
6467.7224 6473.5434 1.061078e-15 8.456386e-17 1.030413e+00 16 0
6468.2786 6474.1000 1.140500e-15 6.507582e-17 1.110372e+00 16 0
6468.8347 6474.6567 1.113816e-15 6.405554e-17 1.083714e+00 16 0
6469.3909 6475.2133 1.062964e-15 6.237390e-17 1.032767e+00 16 0
6469.9470 6475.7700 1.125629e-15 6.222372e-17 1.095912e+00 0 0
6470.5032 6476.3266 1.045534e-15 6.305913e-17 1.015554e+00 16 0
6471.0593 6476.8833 1.145932e-15 6.300582e-17 1.116657e+00 0 0
6471.6154 6477.4399 1.096285e-15 6.193852e-17 1.066878e+00 0 0
6472.1716 6477.9965 1.098411e-15 6.259581e-17 1.069171e+00 0 0
6472.7277 6478.5532 1.069441e-15 6.284668e-17 1.040187e+00 16 0
6473.2839 6479.1098 1.111533e-15 9.827448e-17 1.082685e+00 16 0
6473.8400 6479.6665 1.228487e-15 6.471216e-17 1.200607e+00 16 0
6474.3961 6480.2231 1.036604e-15 6.155106e-17 1.007604e+00 0 0
6474.9523 6480.7797 1.438201e-15 8.281429e-17 1.412450e+00 16 0
6475.5084 6481.3364 1.133890e-15 6.386941e-17 1.105819e+00 16 0
6476.0646 6481.8930 1.204511e-15 7.322362e-17 1.177127e+00 272 0
6476.6207 6482.4497 1.181712e-15 7.295532e-17 1.154316e+00 272 0
6477.1768 6483.0063 2.223261e-15 1.472464e-16 2.207494e+00 272 0
6477.7330 6483.5629 1.563512e-15 6.839037e-17 1.540052e+00 272 0
6478.2891 6484.1196 1.051887e-15 6.195525e-17 1.023991e+00 0 0
6478.8452 6484.6762 1.122115e-15 6.583244e-17 1.094887e+00 16 0
6479.4014 6485.2328 1.039453e-15 6.157730e-17 1.011754e+00 0 0
6479.9575 6485.7895 1.171654e-15 6.832772e-17 1.145142e+00 16 0
6480.5136 6486.3461 1.081596e-15 6.288511e-17 1.054500e+00 0 0
6481.0698 6486.9027 1.495386e-15 9.904591e-17 1.472438e+00 16 0
6481.6259 6487.4594 1.082139e-15 6.259467e-17 1.055337e+00 0 0
6482.1820 6488.0160 1.015295e-15 1.027584e-16 9.881090e-01 16 0
6482.7382 6488.5726 1.136239e-15 6.331388e-17 1.110194e+00 0 0
6483.2943 6489.1293 1.174299e-15 6.273242e-17 1.148755e+00 0 0
6483.8504 6489.6859 1.240027e-15 8.651197e-17 1.215283e+00 272 0
6484.4066 6490.2425 1.171576e-15 6.294199e-17 1.146317e+00 0 0
6484.9627 6490.7991 1.164179e-15 6.439146e-17 1.139003e+00 16 0
6485.5188 6491.3558 1.067739e-15 6.183978e-17 1.041811e+00 0 0
6486.0749 6491.9124 1.049717e-15 6.236502e-17 1.023767e+00 16 0
6486.6311 6492.4690 1.075553e-15 6.203163e-17 1.049975e+00 16 0
6487.1872 6493.0257 1.097537e-15 7.069405e-17 1.072309e+00 16 0
6487.7433 6493.5823 1.088690e-15 6.249547e-17 1.063517e+00 0 0
6488.2994 6494.1389 1.070745e-15 6.204568e-17 1.045539e+00 0 0
6488.8556 6494.6955 1.131900e-15 6.218475e-17 1.107448e+00 0 0
6489.4117 6495.2521 1.098920e-15 6.443026e-17 1.074272e+00 16 0
6489.9678 6495.8088 1.079186e-15 6.199993e-17 1.054478e+00 0 0
6490.5239 6496.3654 1.141409e-15 6.371471e-17 1.117494e+00 16 0
6491.0800 6496.9220 1.053395e-15 6.413911e-17 1.028697e+00 16 0
6491.6361 6497.4786 1.192775e-15 6.332786e-17 1.169732e+00 0 0
6492.1923 6498.0352 1.055205e-15 6.874442e-17 1.030792e+00 16 0
6492.7484 6498.5919 1.045171e-15 6.164975e-17 1.020786e+00 0 0
6493.3045 6499.1485 1.046513e-15 6.198193e-17 1.022273e+00 0 0
6493.8606 6499.7051 1.152844e-15 6.776606e-17 1.129928e+00 16 0
6494.4167 6500.2617 1.211668e-15 6.308563e-17 1.189608e+00 0 0
6494.9728 6500.8183 1.131955e-15 6.280529e-17 1.109079e+00 0 0
6495.5289 6501.3749 1.023981e-15 6.106822e-17 1.000015e+00 0 0
6496.0850 6501.9315 1.137702e-15 6.219093e-17 1.115177e+00 0 0
6496.6412 6502.4881 1.134071e-15 6.255514e-17 1.111643e+00 256 0
6497.1973 6503.0447 2.781076e-15 7.939935e-17 2.786158e+00 256 0
6497.7534 6503.6013 2.335470e-15 7.640300e-17 2.332499e+00 256 0
6498.3095 6504.1580 1.121388e-15 6.731579e-17 1.099219e+00 16 0
6498.8656 6504.7146 1.057505e-15 9.728423e-17 1.034688e+00 16 0
6499.4217 6505.2712 1.744995e-15 7.297458e-17 1.732400e+00 272 0
6499.9778 6505.8278 1.147491e-15 6.403983e-17 1.126068e+00 272 0
6500.5339 6506.3844 1.039775e-15 6.325904e-17 1.017124e+00 16 0
6501.0900 6506.9410 1.055088e-15 6.239295e-17 1.032752e+00 16 0
6501.6461 6507.4976 1.128009e-15 6.461021e-17 1.106742e+00 16 0
6502.2022 6508.0542 1.005829e-15 6.147635e-17 9.831328e-01 0 0
6502.7583 6508.6108 1.243864e-15 6.880536e-17 1.224489e+00 16 0
6503.3144 6509.1673 3.158728e-15 1.370287e-16 3.175412e+00 16 0
6503.8705 6509.7239 3.025389e-15 8.260264e-17 3.039625e+00 16 0
6504.4266 6510.2805 1.764503e-15 7.031091e-17 1.754151e+00 272 0
6504.9826 6510.8371 1.441176e-15 1.120008e-16 1.425482e+00 16 0
6505.5387 6511.3937 3.182643e-15 9.035448e-17 3.201347e+00 272 0
6506.0948 6511.9503 1.658251e-15 6.774912e-17 1.646619e+00 256 0
6506.6509 6512.5069 1.140479e-15 6.250922e-17 1.120595e+00 0 0
6507.2070 6513.0635 1.187791e-15 6.686223e-17 1.168740e+00 16 0
6507.7631 6513.6201 3.247899e-15 8.575400e-17 3.269547e+00 272 0
6508.3192 6514.1766 1.304714e-15 6.627992e-17 1.287774e+00 16 0
6508.8752 6514.7332 9.065540e-16 6.097480e-17 8.839717e-01 0 0
6509.4313 6515.2898 1.352771e-15 1.007999e-16 1.336927e+00 16 0
6509.9874 6515.8464 1.315467e-15 6.432566e-17 1.299158e+00 256 0
6510.5435 6516.4030 1.987286e-15 7.112543e-17 1.983570e+00 256 0
6511.0996 6516.9595 1.487753e-15 6.788221e-17 1.474734e+00 272 0
6511.6556 6517.5161 1.829281e-15 7.224773e-17 1.822873e+00 272 0
6512.2117 6518.0727 9.940827e-16 6.118961e-17 9.733223e-01 0 0
6512.7678 6518.6293 1.048521e-15 6.190754e-17 1.028670e+00 16 0
6513.3238 6519.1858 1.040495e-15 6.136870e-17 1.020642e+00 0 0
6513.8799 6519.7424 9.918348e-16 6.163407e-17 9.713776e-01 0 0
6514.4360 6520.2990 1.094791e-15 6.335480e-17 1.076011e+00 16 0
6514.9920 6520.8555 1.139713e-15 6.582609e-17 1.121776e+00 16 0
6515.5481 6521.4121 1.006488e-15 6.051773e-17 9.865830e-01 0 0
6516.1042 6521.9687 1.038233e-15 6.075526e-17 1.018928e+00 0 0
6516.6602 6522.5252 1.054492e-15 6.398885e-17 1.035557e+00 16 0
6517.2163 6523.0818 1.110472e-15 6.270413e-17 1.092559e+00 0 0
6517.7724 6523.6384 1.053865e-15 6.157007e-17 1.035154e+00 0 0
6518.3284 6524.1949 1.159934e-15 6.325532e-17 1.143101e+00 0 0
6518.8845 6524.7515 1.997099e-15 7.178527e-17 1.996966e+00 256 0
6519.4405 6525.3080 3.738392e-15 8.790863e-17 3.779999e+00 256 0
6519.9966 6525.8646 3.188169e-15 8.371278e-17 3.216435e+00 256 0
6520.5526 6526.4211 2.568795e-15 7.748301e-17 2.582413e+00 256 0
6521.1087 6526.9777 1.579121e-15 6.740782e-17 1.570946e+00 256 0
6521.6647 6527.5342 1.159260e-15 6.817177e-17 1.143177e+00 16 0
6522.2208 6528.0908 1.150496e-15 6.434583e-17 1.134382e+00 16 0
6522.7768 6528.6473 9.875210e-16 6.140283e-17 9.687358e-01 0 0
6523.3329 6529.2039 1.066433e-15 6.562128e-17 1.049085e+00 16 0
6523.8889 6529.7604 1.070337e-15 6.374401e-17 1.053170e+00 16 0
6524.4449 6530.3169 1.183542e-15 1.031234e-16 1.168530e+00 16 0
6525.0010 6530.8735 1.020049e-15 6.082440e-17 1.002238e+00 0 0
6525.5570 6531.4300 1.135246e-15 6.304073e-17 1.119593e+00 0 0
6526.1130 6531.9865 1.007754e-15 6.195916e-17 9.899464e-01 256 0
6526.6691 6532.5431 1.064797e-15 7.104546e-17 1.048100e+00 272 0
6527.2251 6533.0996 1.167645e-15 6.936340e-17 1.152961e+00 16 0
6527.7811 6533.6561 1.062810e-15 6.242215e-17 1.046301e+00 0 0
6528.3372 6534.2127 1.063151e-15 6.397721e-17 1.046760e+00 16 0
6528.8932 6534.7692 1.132656e-15 6.257603e-17 1.117671e+00 0 0
6529.4492 6535.3257 1.158016e-15 6.402567e-17 1.143635e+00 0 0
6530.0052 6535.8822 1.056689e-15 6.247958e-17 1.040510e+00 0 0
6530.5613 6536.4388 1.958942e-14 1.779882e-16 2.011241e+01 272 0
6531.1173 6536.9953 1.069812e-15 7.487029e-17 1.054098e+00 16 0
6531.6733 6537.5518 1.090324e-15 6.175716e-17 1.075109e+00 0 0
6532.2293 6538.1083 1.119589e-15 6.310416e-17 1.105052e+00 0 0
6532.7853 6538.6648 1.083016e-15 6.687727e-17 1.067883e+00 16 0
6533.3413 6539.2213 9.448193e-16 6.092639e-17 9.272175e-01 16 0
6533.8973 6539.7778 1.023657e-15 6.176176e-17 1.007607e+00 0 0
6534.4533 6540.3343 1.085986e-15 6.348694e-17 1.071242e+00 16 0
6535.0093 6540.8909 9.690816e-16 6.255884e-17 9.522117e-01 16 0
6535.5653 6541.4474 9.992040e-16 6.189176e-17 9.829969e-01 0 0
6536.1213 6542.0039 1.102040e-15 9.065350e-17 1.087944e+00 16 0
6536.6773 6542.5604 9.924517e-16 6.084752e-17 9.763154e-01 0 0
6537.2333 6543.1169 1.011220e-15 6.109978e-17 9.955446e-01 0 0
6537.7893 6543.6733 1.195910e-15 6.389296e-17 1.184091e+00 0 0
6538.3453 6544.2298 1.116532e-15 6.232868e-17 1.103173e+00 0 0
6538.9013 6544.7863 1.112873e-15 6.260436e-17 1.099547e+00 0 0
6539.4573 6545.3428 1.508891e-15 7.461489e-17 1.504480e+00 16 0
6540.0133 6545.8993 2.356317e-15 7.594840e-17 2.373555e+00 0 0
6540.5693 6546.4558 2.192189e-15 7.405366e-17 2.205288e+00 16 0
6541.1253 6547.0123 2.270292e-15 7.648292e-17 2.285684e+00 16 0
6541.6812 6547.5688 2.006975e-15 7.253883e-17 2.015628e+00 0 0
6542.2372 6548.1252 2.149420e-15 7.398792e-17 2.162021e+00 0 0
6542.7932 6548.6817 2.909443e-15 8.132042e-17 2.943234e+00 16 0
6543.3492 6549.2382 2.239636e-15 7.443153e-17 2.255081e+00 0 0
6543.9051 6549.7947 1.990945e-15 7.202931e-17 1.999952e+00 0 0
6544.4611 6550.3511 1.588808e-15 6.756394e-17 1.587681e+00 0 0
6545.0171 6550.9076 1.495511e-15 7.200691e-17 1.492235e+00 16 0
6545.5730 6551.4641 1.356642e-15 6.538549e-17 1.350163e+00 0 0
6546.1290 6552.0205 1.372592e-15 6.546342e-17 1.366621e+00 0 0
6546.6850 6552.5770 1.411347e-15 6.700377e-17 1.406439e+00 16 0
6547.2409 6553.1334 1.365053e-15 6.551500e-17 1.359160e+00 16 0
6547.7969 6553.6899 1.386754e-15 6.700462e-17 1.381513e+00 0 0
6548.3528 6554.2464 1.673810e-15 6.810516e-17 1.675914e+00 256 0
6548.9088 6554.8028 3.456977e-15 8.527443e-17 3.510136e+00 256 0
6549.4647 6555.3593 1.404988e-15 6.662065e-17 1.400581e+00 272 0
6550.0207 6555.9157 1.275699e-15 6.524008e-17 1.268279e+00 16 0
6550.5766 6556.4721 1.371843e-15 7.054282e-17 1.366876e+00 272 0
6551.1326 6557.0286 1.361386e-15 6.665978e-17 1.356286e+00 16 0
6551.6885 6557.5850 1.382630e-15 7.240025e-17 1.378181e+00 16 0
6552.2444 6558.1415 1.549141e-15 6.691817e-17 1.549055e+00 0 0
6552.8004 6558.6979 1.774454e-15 7.028000e-17 1.780487e+00 16 0
6553.3563 6559.2543 1.921107e-15 7.060125e-17 1.931321e+00 256 0
6553.9122 6559.8108 3.527328e-15 8.652625e-17 3.585504e+00 272 0
6554.4682 6560.3672 2.433853e-15 8.992165e-17 2.459112e+00 16 0
6555.0241 6560.9236 3.373935e-15 8.669460e-17 3.427953e+00 16 0
6555.5800 6561.4800 3.749790e-15 8.977863e-17 3.815914e+00 16 0
6556.1359 6562.0365 3.735395e-15 8.900262e-17 3.801394e+00 16 0
6556.6919 6562.5929 3.472597e-15 8.581049e-17 3.530607e+00 16 0
6557.2478 6563.1493 3.565301e-15 8.631287e-17 3.626547e+00 0 0
6557.8037 6563.7057 3.491856e-15 9.011110e-17 3.551081e+00 16 0
6558.3596 6564.2621 3.470162e-15 8.519195e-17 3.529002e+00 0 0
6558.9155 6564.8185 3.374111e-15 8.539504e-17 3.430198e+00 16 0
6559.4714 6565.3749 3.224012e-15 8.717743e-17 3.275633e+00 16 0
6560.0273 6565.9313 3.149253e-15 8.302886e-17 3.198786e+00 0 0
6560.5832 6566.4877 3.267546e-15 8.393694e-17 3.321101e+00 256 0
6561.1391 6567.0441 3.517542e-15 9.563073e-17 3.579391e+00 272 0
6561.6950 6567.6005 3.839733e-15 8.843852e-17 3.912346e+00 256 0
6562.2509 6568.1569 4.609650e-15 9.514589e-17 4.708061e+00 0 0
6562.8068 6568.7133 5.785512e-15 1.031407e-16 5.924092e+00 0 0
6563.3627 6569.2697 7.878352e-15 1.199304e-16 8.089860e+00 16 0
6563.9186 6569.8261 1.091207e-14 1.350158e-16 1.123138e+01 0 0
6564.4745 6570.3825 1.115401e-14 1.430090e-16 1.148284e+01 16 0
6565.0303 6570.9389 1.127682e-14 1.371556e-16 1.161095e+01 0 0
6565.5862 6571.4952 9.119511e-15 1.252931e-16 9.377528e+00 16 0
6566.1421 6572.0516 7.147552e-15 1.124729e-16 7.336514e+00 16 0
6566.6980 6572.6080 5.266382e-15 9.932526e-17 5.390317e+00 0 0
6567.2538 6573.1644 4.087383e-15 9.060578e-17 4.171473e+00 0 0
6567.8097 6573.7207 3.472586e-15 8.530732e-17 3.536418e+00 0 0
6568.3656 6574.2771 3.014851e-15 1.023235e-16 3.063891e+00 16 0
6568.9214 6574.8334 2.622538e-15 8.282773e-17 2.659133e+00 16 0
6569.4773 6575.3898 2.419206e-15 9.691241e-17 2.449539e+00 16 0
6570.0331 6575.9462 2.210057e-15 7.466566e-17 2.234011e+00 16 0
6570.5890 6576.5025 2.168158e-15 7.897744e-17 2.190981e+00 16 0
6571.1448 6577.0589 2.060157e-15 7.197444e-17 2.079800e+00 0 0
6571.7007 6577.6152 2.051284e-15 7.660733e-17 2.070813e+00 16 0
6572.2565 6578.1716 1.896985e-15 7.230407e-17 1.911934e+00 16 0
6572.8124 6578.7279 -8.177256e-15 2.576773e-16 -8.491413e+00 16656 0
6573.3682 6579.2842 1.803249e-15 7.271767e-17 1.815638e+00 16 0
6573.9240 6579.8406 1.840421e-15 7.050258e-17 1.854077e+00 0 0
6574.4799 6580.3969 1.722506e-15 6.928622e-17 1.732728e+00 0 0
6575.0357 6580.9532 1.748478e-15 7.012006e-17 1.759614e+00 16 0
6575.5915 6581.5096 3.420365e-15 8.456258e-17 3.486171e+00 0 0
6576.1474 6582.0659 4.956707e-15 9.754117e-17 5.076507e+00 0 0
6576.7032 6582.6222 4.575798e-15 9.425018e-17 4.682432e+00 0 0
6577.2590 6583.1785 4.083696e-15 9.399922e-17 4.173308e+00 16 0
6577.8148 6583.7348 3.887846e-15 9.193682e-17 3.970890e+00 16 0
6578.3706 6584.2912 3.958324e-15 8.999134e-17 4.044123e+00 16 0
6578.9264 6584.8475 3.749916e-15 8.790221e-17 3.828691e+00 0 0
6579.4822 6585.4038 3.193200e-15 8.404261e-17 3.252919e+00 16 0
6580.0380 6585.9601 2.371556e-15 7.639301e-17 2.403785e+00 16 0
6580.5938 6586.5164 1.966350e-15 7.119327e-17 1.985611e+00 0 0
6581.1496 6587.0727 1.883999e-15 7.302078e-17 1.900788e+00 16 0
6581.7054 6587.6290 1.626559e-15 6.774799e-17 1.635463e+00 0 0
6582.2612 6588.1853 1.745368e-15 7.099211e-17 1.758061e+00 16 0
6582.8170 6588.7416 1.671529e-15 6.905491e-17 1.682049e+00 16 0
6583.3728 6589.2978 1.557601e-15 6.724180e-17 1.564736e+00 0 0
6583.9286 6589.8541 1.496091e-15 7.049677e-17 1.501465e+00 16 0
6584.4844 6590.4104 1.412813e-15 6.560795e-17 1.415789e+00 0 0
6585.0401 6590.9667 1.225980e-15 6.332068e-17 1.223582e+00 0 0
6585.5959 6591.5230 1.321638e-15 6.453236e-17 1.322101e+00 0 0
6586.1517 6592.0792 1.286502e-15 6.399139e-17 1.286025e+00 0 0
6586.7075 6592.6355 1.381220e-15 6.510825e-17 1.383631e+00 0 0
6587.2632 6593.1918 1.367742e-15 6.463043e-17 1.369842e+00 0 0
6587.8190 6593.7480 1.469465e-15 6.688939e-17 1.474732e+00 0 0
6588.3747 6594.3043 1.342761e-15 6.982949e-17 1.344294e+00 16 0
6588.9305 6594.8605 1.273871e-15 6.352504e-17 1.273448e+00 0 0
6589.4862 6595.4168 1.274194e-15 6.554104e-17 1.273863e+00 16 0
6590.0420 6595.9730 1.340908e-15 6.724039e-17 1.342647e+00 16 0
6590.5977 6596.5293 1.399996e-15 6.631860e-17 1.403611e+00 16 0
6591.1535 6597.0855 1.328512e-15 6.505388e-17 1.330050e+00 0 0
6591.7092 6597.6417 1.395328e-15 6.672824e-17 1.398978e+00 16 0
6592.2649 6598.1980 1.384534e-15 6.654695e-17 1.387942e+00 16 0
6592.8207 6598.7542 1.362120e-15 6.598186e-17 1.364930e+00 0 0
6593.3764 6599.3104 1.254169e-15 6.431451e-17 1.253805e+00 16 0
6593.9321 6599.8667 1.365789e-15 6.759887e-17 1.368880e+00 16 0
6594.4878 6600.4229 1.297605e-15 6.483902e-17 1.298702e+00 16 0
6595.0436 6600.9791 1.369234e-15 6.844360e-17 1.372598e+00 16 0
6595.5993 6601.5353 1.286519e-15 6.561872e-17 1.287438e+00 16 0
6596.1550 6602.0915 1.485781e-15 1.465743e-16 1.492950e+00 16 0
6596.7107 6602.6477 1.175543e-15 6.531958e-17 1.173285e+00 16 0
6597.2664 6603.2039 1.046232e-15 6.498018e-17 1.040280e+00 16 0
6597.8221 6603.7601 1.143055e-15 6.526914e-17 1.139975e+00 16 0
6598.3778 6604.3163 1.243668e-15 6.396758e-17 1.243663e+00 0 0
6598.9335 6604.8725 2.364697e-15 7.616366e-17 2.401897e+00 16 0
6599.4892 6605.4287 1.023604e-15 6.084270e-17 1.017246e+00 0 0
6600.0449 6605.9849 1.086314e-15 6.262687e-17 1.081827e+00 16 0
6600.6006 6606.5411 1.141118e-15 8.005507e-17 1.138309e+00 16 0
6601.1562 6607.0973 1.004235e-15 9.746019e-17 9.974972e-01 16 0
6601.7119 6607.6535 1.152482e-15 6.432818e-17 1.150140e+00 16 0
6602.2676 6608.2096 1.048455e-15 6.123324e-17 1.043105e+00 0 0
6602.8233 6608.7658 1.291046e-15 1.210655e-16 1.293066e+00 16 0
6603.3789 6609.3220 9.974530e-16 6.046410e-17 9.907422e-01 256 0
6603.9346 6609.8781 1.205665e-15 9.731476e-17 1.205190e+00 272 0
6604.4902 6610.4343 1.028499e-15 6.111326e-17 1.022794e+00 0 0
6605.0459 6610.9904 1.065262e-15 6.193529e-17 1.060689e+00 0 0
6605.6016 6611.5466 1.056683e-15 6.181361e-17 1.051914e+00 0 0
6606.1572 6612.1027 1.045025e-15 6.075732e-17 1.039968e+00 0 0
6606.7128 6612.6589 1.016653e-15 6.169507e-17 1.010818e+00 16 0
6607.2685 6613.2150 1.105575e-15 6.351629e-17 1.102430e+00 0 0
6607.8241 6613.7712 1.077443e-15 6.357145e-17 1.073511e+00 16 0
6608.3798 6614.3273 1.013842e-15 6.427213e-17 1.008080e+00 16 0
6608.9354 6614.8834 9.936957e-16 6.114007e-17 9.873953e-01 0 0
6609.4910 6615.4396 1.176790e-15 7.064428e-17 1.176044e+00 16 0
6610.0466 6615.9957 9.568167e-16 5.976637e-17 9.495426e-01 0 0
6610.6023 6616.5518 1.004329e-15 6.556973e-17 9.984881e-01 16 0
6611.1579 6617.1079 9.226296e-16 6.180302e-17 9.144646e-01 16 0
6611.7135 6617.6640 1.043144e-15 6.115569e-17 1.038552e+00 0 0
6612.2691 6618.2201 9.849842e-16 6.036459e-17 9.787178e-01 0 0
6612.8247 6618.7762 1.035886e-15 6.335562e-17 1.031176e+00 16 0
6613.3803 6619.3323 1.053474e-15 6.161435e-17 1.049341e+00 0 0
6613.9359 6619.8884 1.053324e-15 6.274649e-17 1.049235e+00 16 0
6614.4915 6620.4445 1.130474e-15 6.233814e-17 1.128790e+00 16 0
6615.0471 6621.0006 2.145342e-15 7.350420e-17 2.178093e+00 256 0
6615.6027 6621.5567 6.601891e-15 1.112050e-16 6.808458e+00 272 0
6616.1582 6622.1128 1.575213e-15 6.679899e-17 1.588170e+00 256 0
6616.7138 6622.6689 1.534369e-15 6.693221e-17 1.546013e+00 256 0
6617.2694 6623.2249 1.105365e-15 6.290668e-17 1.103153e+00 16 0
6617.8250 6623.7810 9.533731e-16 6.123873e-17 9.466145e-01 16 0
6618.3805 6624.3371 9.376806e-16 5.989007e-17 9.305009e-01 0 0
6618.9361 6624.8931 9.500937e-16 6.072537e-17 9.433192e-01 16 0
6619.4916 6625.4492 1.082779e-15 6.194410e-17 1.080056e+00 0 0
6620.0472 6626.0052 9.947843e-16 6.384677e-17 9.894223e-01 16 0
6620.6027 6626.5613 9.675579e-16 6.040883e-17 9.614205e-01 0 0
6621.1583 6627.1173 1.072566e-15 6.119851e-17 1.069659e+00 0 0
6621.7138 6627.6734 9.604121e-16 5.994126e-17 9.541389e-01 0 0
6622.2694 6628.2294 9.834931e-16 6.122911e-17 9.779503e-01 16 0
6622.8249 6628.7854 1.016846e-15 6.062954e-17 1.012353e+00 0 0
6623.3804 6629.3415 1.012310e-15 6.242401e-17 1.007718e+00 16 0
6623.9360 6629.8975 1.064772e-15 6.181079e-17 1.061832e+00 0 0
6624.4915 6630.4535 1.075246e-15 7.223103e-17 1.072672e+00 16 0
6625.0470 6631.0095 9.738148e-16 6.125313e-17 9.681667e-01 0 0
6625.6025 6631.5656 1.128280e-15 6.562357e-17 1.127452e+00 16 0
6626.1580 6632.1216 9.843739e-16 6.094712e-17 9.791173e-01 0 0
6626.7135 6632.6776 1.020764e-15 6.275330e-17 1.016656e+00 16 0
6627.2690 6633.2336 1.027376e-15 6.072834e-17 1.023508e+00 16 0
6627.8245 6633.7896 1.104943e-15 6.251605e-17 1.103535e+00 0 0
6628.3800 6634.3456 1.036102e-15 6.111538e-17 1.032575e+00 0 0
6628.9355 6634.9015 1.579571e-15 6.818082e-17 1.594075e+00 272 0
6629.4910 6635.4575 2.862710e-15 8.007962e-17 2.924716e+00 256 0
6630.0465 6636.0135 9.379380e-16 6.179227e-17 9.315089e-01 272 0
6630.6019 6636.5695 1.004010e-15 6.096870e-17 9.996265e-01 0 0
6631.1574 6637.1255 1.098210e-15 6.238349e-17 1.096807e+00 0 0
6631.7129 6637.6814 1.058022e-15 6.118893e-17 1.055385e+00 0 0
6632.2684 6638.2374 9.569467e-16 6.156701e-17 9.512138e-01 16 0
6632.8238 6638.7934 9.270212e-16 5.991208e-17 9.204116e-01 0 0
6633.3793 6639.3493 9.813510e-16 7.224110e-17 9.764237e-01 16 0
6633.9347 6639.9053 1.328268e-15 1.115440e-16 1.334577e+00 16 0
6634.4902 6640.4612 1.016063e-15 6.215167e-17 1.012269e+00 16 0
6635.0456 6641.0171 1.085347e-15 6.590330e-17 1.083764e+00 16 0
6635.6010 6641.5731 1.003161e-15 6.149167e-17 9.990240e-01 16 0
6636.1565 6642.1290 1.018551e-15 6.119151e-17 1.014921e+00 16 0
6636.7119 6642.6850 9.345619e-16 6.129474e-17 9.283695e-01 16 0
6637.2673 6643.2409 9.244820e-16 6.291397e-17 9.180089e-01 16 0
6637.8228 6643.7968 9.803290e-16 6.212865e-17 9.755918e-01 16 0
6638.3782 6644.3527 1.082397e-15 6.333606e-17 1.080897e+00 16 0
6638.9336 6644.9086 1.090309e-15 6.166589e-17 1.089091e+00 0 0
6639.4890 6645.4645 1.064893e-15 6.482827e-17 1.062890e+00 16 0
6640.0444 6646.0204 1.043080e-15 6.136363e-17 1.040411e+00 16 0
6640.5998 6646.5763 1.114159e-15 6.213197e-17 1.113790e+00 16 0
6641.1552 6647.1322 1.007362e-15 6.169558e-17 1.003617e+00 16 0
6641.7106 6647.6881 1.557623e-15 1.128228e-16 1.572362e+00 16 0
6642.2660 6648.2440 1.054938e-15 6.115678e-17 1.052745e+00 0 0
6642.8213 6648.7999 1.042967e-15 6.129322e-17 1.040417e+00 0 0
6643.3767 6649.3558 9.348007e-16 6.101621e-17 9.288960e-01 16 0
6643.9321 6649.9116 9.121125e-16 5.930839e-17 9.055358e-01 0 0
6644.4875 6650.4675 1.066683e-15 6.200680e-17 1.064960e+00 0 0
6645.0428 6651.0234 9.734773e-16 6.206628e-17 9.688312e-01 16 0
6645.5982 6651.5792 1.029958e-15 6.180085e-17 1.027109e+00 16 0
6646.1535 6652.1351 9.542378e-16 6.054175e-17 9.490349e-01 16 0
6646.7089 6652.6909 9.653650e-16 5.984239e-17 9.605269e-01 0 0
6647.2642 6653.2468 9.764155e-16 5.989970e-17 9.719418e-01 0 0
6647.8196 6653.8026 1.272089e-15 9.261581e-17 1.277277e+00 16 0
6648.3749 6654.3585 9.994244e-16 5.976174e-17 9.957113e-01 0 0
6648.9302 6654.9143 9.260696e-16 6.079793e-17 9.200909e-01 0 0
6649.4856 6655.4701 1.094132e-15 6.384296e-17 1.093487e+00 16 0
6650.0409 6656.0259 1.044726e-15 6.422230e-17 1.042508e+00 16 0
6650.5962 6656.5817 9.852508e-16 6.013013e-17 9.811653e-01 16 0
6651.1515 6657.1376 1.023078e-15 6.076423e-17 1.020206e+00 16 0
6651.7068 6657.6934 1.117471e-15 6.764065e-17 1.117665e+00 16 0
6652.2621 6658.2492 9.364591e-16 6.014322e-17 9.309022e-01 0 0
6652.8174 6658.8050 1.072353e-15 6.148281e-17 1.071116e+00 0 0
6653.3727 6659.3608 1.033557e-15 6.145780e-17 1.031089e+00 16 0
6653.9280 6659.9166 7.896830e-15 2.657102e-16 8.170910e+00 16 0
6654.4833 6660.4723 9.310507e-16 6.132888e-17 9.253885e-01 16 0
6655.0386 6661.0281 1.077719e-15 6.186908e-17 1.076723e+00 0 0
6655.5939 6661.5839 1.050771e-15 6.069532e-17 1.048920e+00 0 0
6656.1491 6662.1397 9.809067e-16 5.999892e-17 9.768455e-01 0 0
6656.7044 6662.6954 1.015078e-15 7.901938e-17 1.012115e+00 16 0
6657.2597 6663.2512 1.088540e-15 6.234647e-17 1.087960e+00 16 0
6657.8149 6663.8069 9.892563e-16 5.983966e-17 9.855018e-01 0 0
6658.3702 6664.3627 1.004935e-15 6.192445e-17 1.001691e+00 16 0
6658.9254 6664.9184 9.993520e-16 6.244776e-17 9.959449e-01 16 0
6659.4806 6665.4742 1.016829e-15 6.157331e-17 1.013992e+00 16 0
6660.0359 6666.0299 1.091697e-15 7.010802e-17 1.091292e+00 16 0
6660.5911 6666.5857 1.057994e-15 6.113570e-17 1.056507e+00 16 0
6661.1463 6667.1414 9.591621e-16 6.012817e-17 9.545375e-01 0 0
6661.7016 6667.6971 1.059657e-15 6.986477e-17 1.058249e+00 16 0
6662.2568 6668.2528 1.012315e-15 6.061149e-17 1.009398e+00 0 0
6662.8120 6668.8085 9.883053e-16 6.224631e-17 9.846355e-01 16 0
6663.3672 6669.3642 9.397799e-16 6.028794e-17 9.345955e-01 16 0
6663.9224 6669.9199 1.002000e-15 6.000182e-17 9.987884e-01 0 0
6664.4776 6670.4756 9.606861e-16 6.007806e-17 9.561781e-01 0 0
6665.0328 6671.0313 8.825685e-16 5.875418e-17 8.756503e-01 0 0
6665.5880 6671.5870 9.203247e-16 5.950555e-17 9.145778e-01 0 0
6666.1432 6672.1427 1.030096e-15 6.504734e-17 1.027828e+00 16 0
6666.6983 6672.6984 1.166596e-15 7.928364e-17 1.168816e+00 16 0
6667.2535 6673.2540 1.386754e-15 7.066341e-17 1.396516e+00 16 0
6667.8087 6673.8097 1.067330e-15 6.062919e-17 1.066298e+00 0 0
6668.3638 6674.3654 9.747073e-16 6.040729e-17 9.707127e-01 0 0
6668.9190 6674.9210 1.046533e-15 7.056712e-17 1.044846e+00 16 0
6669.4742 6675.4767 1.033462e-15 9.939381e-17 1.031362e+00 16 0
6670.0293 6676.0323 9.017610e-16 6.074346e-17 8.955159e-01 16 0
6670.5844 6676.5880 1.039836e-15 6.024972e-17 1.037960e+00 0 0
6671.1396 6677.1436 1.049567e-15 6.249283e-17 1.048016e+00 16 0
6671.6947 6677.6992 1.000241e-15 6.138947e-17 9.971115e-01 0 0
6672.2498 6678.2549 1.011771e-15 6.066103e-17 1.009019e+00 0 0
6672.8050 6678.8105 9.957139e-16 6.030847e-17 9.924572e-01 0 0
6673.3601 6679.3661 1.163328e-15 6.251378e-17 1.165558e+00 0 0
6673.9152 6679.9217 1.136976e-15 6.225693e-17 1.138337e+00 0 0
6674.4703 6680.4773 1.604335e-15 6.844290e-17 1.621991e+00 272 0
6675.0254 6681.0329 9.682166e-16 6.020822e-17 9.641188e-01 272 0
6675.5805 6681.5885 1.076497e-15 6.640110e-17 1.075889e+00 16 0
6676.1356 6682.1441 1.005078e-15 6.262261e-17 1.002167e+00 16 0
6676.6907 6682.6997 1.014353e-15 6.370440e-17 1.011747e+00 16 0
6677.2457 6683.2553 9.851113e-16 5.964731e-17 9.815786e-01 0 0
6677.8008 6683.8108 1.087212e-15 8.851038e-17 1.086985e+00 16 0
6678.3559 6684.3664 1.185334e-15 7.097617e-17 1.188374e+00 16 0
6678.9110 6684.9220 1.012605e-15 6.146446e-17 1.009971e+00 0 0
6679.4660 6685.4775 5.045155e-16 1.800067e-16 4.873765e-01 16 0
6680.0211 6686.0331 9.268644e-16 6.022977e-17 9.215325e-01 16 0
6680.5761 6686.5886 8.921378e-16 5.855072e-17 8.857380e-01 0 0
6681.1312 6687.1442 8.827069e-16 5.925791e-17 8.760241e-01 16 0
6681.6862 6687.6997 9.082312e-16 5.910041e-17 9.023402e-01 0 0
6682.2412 6688.2552 9.822648e-16 6.027314e-17 9.787014e-01 0 0
6682.7962 6688.8108 1.081270e-15 6.377381e-17 1.080908e+00 16 0
6683.3513 6689.3663 1.065216e-15 6.125079e-17 1.064336e+00 0 0
6683.9063 6689.9218 9.120117e-16 5.889091e-17 9.062623e-01 0 0
6684.4613 6690.4773 1.057480e-15 6.208229e-17 1.056360e+00 16 0
6685.0163 6691.0328 9.378601e-16 6.101122e-17 9.329271e-01 16 0
6685.5713 6691.5883 9.933548e-16 5.984597e-17 9.901806e-01 0 0
6686.1263 6692.1438 1.060267e-15 6.191178e-17 1.059255e+00 16 0
6686.6813 6692.6993 1.101055e-15 6.275852e-17 1.101385e+00 16 0
6687.2363 6693.2548 1.131746e-15 6.174294e-17 1.133098e+00 256 0
6687.7912 6693.8103 1.018793e-15 6.202900e-17 1.016456e+00 16 0
6688.3462 6694.3657 1.151863e-15 6.594363e-17 1.153895e+00 16 0
6688.9012 6694.9212 9.912299e-16 6.683185e-17 9.880222e-01 16 0
6689.4561 6695.4766 1.089941e-15 6.351739e-17 1.089933e+00 16 0
6690.0111 6696.0321 1.047123e-15 6.148010e-17 1.045723e+00 0 0
6690.5660 6696.5876 1.108205e-15 6.146475e-17 1.108810e+00 16 0
6691.1210 6697.1430 1.057946e-15 6.295929e-17 1.056909e+00 16 0
6691.6759 6697.6984 4.040844e-15 8.977916e-17 4.154934e+00 16 0
6692.2309 6698.2539 1.747131e-15 1.151747e-16 1.770253e+00 16 0
6692.7858 6698.8093 1.116413e-15 9.619852e-17 1.117311e+00 16 0
6693.3407 6699.3647 9.789410e-16 6.212991e-17 9.753861e-01 16 0
6693.8956 6699.9201 1.080427e-15 7.464518e-17 1.080150e+00 16 0
6694.4505 6700.4755 1.004729e-15 6.269915e-17 1.002006e+00 16 0
6695.0054 6701.0309 1.009762e-15 6.700117e-17 1.007206e+00 16 0
6695.5603 6701.5863 1.092450e-15 6.724995e-17 1.092585e+00 16 0
6696.1152 6702.1417 1.035018e-15 6.120131e-17 1.033287e+00 272 0
6696.6701 6702.6971 9.959332e-16 6.019191e-17 9.929517e-01 0 0
6697.2250 6703.2525 1.088951e-15 6.391671e-17 1.088987e+00 16 0
6697.7799 6703.8079 1.064258e-15 8.255746e-17 1.063492e+00 16 0
6698.3347 6704.3632 1.338288e-15 1.152322e-16 1.346778e+00 16 0
6698.8896 6704.9186 1.468000e-15 1.177004e-16 1.481062e+00 16 0
6699.4445 6705.4740 9.846381e-16 6.226363e-17 9.813248e-01 16 0
6699.9993 6706.0293 1.084399e-15 6.159802e-17 1.084313e+00 16 0
6700.5542 6706.5847 1.004734e-15 6.092876e-17 1.002073e+00 0 0
6701.1090 6707.1400 1.010650e-15 6.132532e-17 1.008185e+00 16 0
6701.6638 6707.6953 1.106027e-15 6.121527e-17 1.106670e+00 0 0
6702.2187 6708.2507 1.020242e-15 5.996532e-17 1.018096e+00 0 0
6702.7735 6708.8060 9.491426e-16 5.943786e-17 9.447438e-01 0 0
6703.3283 6709.3613 1.075006e-15 7.003146e-17 1.074648e+00 16 0
6703.8831 6709.9166 -6.514813e-15 3.064304e-16 -6.808379e+00 16656 0
6704.4379 6710.4719 1.100521e-15 6.150006e-17 1.101012e+00 0 0
6704.9927 6711.0272 1.063388e-15 6.184808e-17 1.062669e+00 0 0
6705.5475 6711.5825 9.612383e-16 5.925577e-17 9.572508e-01 0 0
6706.1023 6712.1378 9.739111e-16 6.153746e-17 9.703304e-01 16 0
6706.6571 6712.6931 9.918513e-16 6.033147e-17 9.888467e-01 16 0
6707.2119 6713.2484 1.042951e-15 6.222593e-17 1.041594e+00 16 0
6707.7667 6713.8036 1.034441e-15 6.647638e-17 1.032816e+00 16 0
6708.3214 6714.3589 1.074304e-15 6.607887e-17 1.073980e+00 16 0
6708.8762 6714.9142 1.211178e-15 6.447121e-17 1.215421e+00 16 0
6709.4309 6715.4694 1.259802e-15 6.311389e-17 1.265709e+00 16 0
6709.9857 6716.0247 1.227658e-15 6.253668e-17 1.232475e+00 0 0
6710.5404 6716.5799 1.278902e-15 6.329816e-17 1.285480e+00 0 0
6711.0952 6717.1351 1.261745e-15 6.720219e-17 1.267741e+00 16 0
6711.6499 6717.6904 1.360248e-15 6.421709e-17 1.369663e+00 0 0
6712.2046 6718.2456 1.263635e-15 6.457297e-17 1.269711e+00 16 0
6712.7593 6718.8008 1.225667e-15 6.853815e-17 1.230455e+00 16 0
6713.3140 6719.3560 1.203879e-15 6.271136e-17 1.207936e+00 0 0
6713.8687 6719.9112 1.057648e-15 6.358203e-17 1.056858e+00 16 0
6714.4234 6720.4664 1.374380e-15 8.762622e-17 1.384333e+00 16 0
6714.9781 6721.0216 1.088555e-15 6.122011e-17 1.088792e+00 16 0
6715.5328 6721.5768 1.328741e-15 1.259416e-16 1.337119e+00 16 0
6716.0875 6722.1320 1.175321e-15 6.357903e-17 1.178460e+00 0 0
6716.6422 6722.6871 1.138803e-15 6.157947e-17 1.140728e+00 0 0
6717.1968 6723.2423 1.103992e-15 6.067579e-17 1.104773e+00 0 0
6717.7515 6723.7975 1.008743e-15 6.600474e-17 1.006436e+00 16 0
6718.3061 6724.3526 1.052255e-15 6.152837e-17 1.051362e+00 16 0
6718.8608 6724.9078 1.189042e-15 6.335204e-17 1.192692e+00 16 0
6719.4154 6725.4629 2.204904e-15 7.495074e-17 2.245760e+00 272 0
6719.9701 6726.0180 2.870199e-15 1.434866e-16 2.937269e+00 272 0
6720.5247 6726.5732 1.868850e-15 7.145580e-17 1.896933e+00 272 0
6721.0793 6727.1283 1.083351e-15 6.061237e-17 1.083525e+00 256 0
6721.6339 6727.6834 1.134733e-15 6.121071e-17 1.136615e+00 0 0
6722.1886 6728.2385 1.252726e-15 7.343743e-17 1.258608e+00 16 0
6722.7432 6728.7936 1.363079e-15 6.371130e-17 1.372799e+00 0 0
6723.2978 6729.3487 1.461244e-15 6.584644e-17 1.474450e+00 16 0
6723.8524 6729.9038 1.548612e-15 6.611832e-17 1.564969e+00 0 0
6724.4069 6730.4589 1.461127e-15 6.505720e-17 1.474357e+00 16 0
6724.9615 6731.0140 1.453121e-15 6.470595e-17 1.466080e+00 0 0
6725.5161 6731.5691 1.523778e-15 7.330607e-17 1.539284e+00 16 0
6726.0707 6732.1241 1.387532e-15 6.816249e-17 1.398195e+00 16 0
6726.6252 6732.6792 2.146990e-15 7.338477e-17 2.185849e+00 272 0
6727.1798 6733.2342 2.151883e-15 7.252550e-17 2.190953e+00 272 0
6727.7343 6733.7893 4.719578e-15 9.468437e-17 4.863225e+00 272 0
6728.2889 6734.3443 1.169058e-15 6.439938e-17 1.172245e+00 16 0
6728.8434 6734.8994 1.282889e-15 6.827804e-17 1.289975e+00 16 0
6729.3979 6735.4544 2.086717e-15 2.196536e-16 2.123370e+00 16 0
6729.9524 6736.0094 2.553896e-15 7.574131e-17 2.608805e+00 256 0
6730.5070 6736.5644 5.452134e-15 1.039934e-16 5.626988e+00 272 0
6731.0615 6737.1194 6.625980e-15 1.100015e-16 6.851037e+00 272 0
6731.6160 6737.6744 1.934965e-15 9.224000e-17 1.965920e+00 272 0
6732.1705 6738.2294 1.273884e-15 6.577860e-17 1.280759e+00 16 0
6732.7250 6738.7844 1.035515e-15 6.045328e-17 1.034410e+00 16 0
6733.2794 6739.3394 1.055459e-15 6.037488e-17 1.055019e+00 0 0
6733.8339 6739.8944 1.034741e-15 6.132621e-17 1.033643e+00 16 0
6734.3884 6740.4493 1.096039e-15 6.085455e-17 1.096967e+00 0 0
6734.9429 6741.0043 1.060066e-15 7.107639e-17 1.059828e+00 16 0
6735.4973 6741.5593 1.099717e-15 6.094219e-17 1.100803e+00 0 0
6736.0518 6742.1142 1.168016e-15 6.305239e-17 1.171404e+00 16 0
6736.6062 6742.6691 9.901782e-16 6.200641e-17 9.877329e-01 16 0
6737.1606 6743.2241 1.126422e-15 6.321286e-17 1.128453e+00 16 0
6737.7151 6743.7790 1.099910e-15 6.156750e-17 1.101079e+00 16 0
6738.2695 6744.3339 1.075326e-15 5.972094e-17 1.075702e+00 0 0
6738.8239 6744.8888 1.201999e-15 7.242998e-17 1.206643e+00 16 0
6739.3783 6745.4438 1.050328e-15 6.351785e-17 1.049923e+00 16 0
6739.9327 6745.9987 1.017306e-15 6.006932e-17 1.015848e+00 16 0
6740.4871 6746.5536 1.127229e-15 6.144523e-17 1.129412e+00 16 0
6741.0415 6747.1084 1.154875e-15 6.613989e-17 1.158009e+00 16 0
6741.5959 6747.6633 1.120531e-15 6.436957e-17 1.122535e+00 16 0
6742.1503 6748.2182 1.243196e-15 6.959076e-17 1.249393e+00 16 0
6742.7046 6748.7731 1.005860e-15 6.082670e-17 1.004138e+00 16 0
6743.2590 6749.3279 2.242502e-15 7.309339e-17 2.285993e+00 0 0
6743.8134 6749.8828 1.252592e-15 6.256414e-17 1.259190e+00 256 0
6744.3677 6750.4376 1.073758e-15 6.241508e-17 1.074323e+00 16 0
6744.9220 6750.9925 1.333542e-15 9.297775e-17 1.343025e+00 16 0
6745.4764 6751.5473 9.874799e-16 6.053159e-17 9.852806e-01 16 0
6746.0307 6752.1021 1.085548e-15 6.047537e-17 1.086578e+00 16 0
6746.5850 6752.6570 1.139424e-15 6.202335e-17 1.142285e+00 16 0
6747.1393 6753.2118 1.182892e-15 6.156167e-17 1.187256e+00 0 0
6747.6937 6753.7666 1.148973e-15 6.295531e-17 1.152210e+00 16 0
6748.2480 6754.3214 1.011025e-15 5.876382e-17 1.009711e+00 0 0
6748.8023 6754.8762 1.268544e-15 1.158190e-16 1.275953e+00 16 0
6749.3565 6755.4310 1.134582e-15 6.072656e-17 1.137417e+00 0 0
6749.9108 6755.9857 1.106762e-15 6.073672e-17 1.108690e+00 16 0
6750.4651 6756.5405 1.125499e-15 6.193242e-17 1.128086e+00 16 0
6751.0194 6757.0953 1.167187e-15 6.161288e-17 1.171219e+00 0 0
6751.5736 6757.6500 1.090945e-15 6.058507e-17 1.092430e+00 0 0
6752.1279 6758.2048 1.216825e-15 7.792220e-17 1.222626e+00 16 0
6752.6821 6758.7595 1.118531e-15 6.064195e-17 1.121004e+00 0 0
6753.2364 6759.3143 1.002807e-15 6.029259e-17 1.001473e+00 0 0
6753.7906 6759.8690 1.087637e-15 6.189470e-17 1.089134e+00 16 0
6754.3448 6760.4237 1.102148e-15 6.419353e-17 1.104163e+00 16 0
6754.8990 6760.9784 1.010784e-15 5.978157e-17 1.009799e+00 0 0
6755.4532 6761.5332 1.103426e-15 6.023925e-17 1.105549e+00 0 0
6756.0074 6762.0879 1.152817e-15 6.139436e-17 1.156649e+00 16 0
6756.5616 6762.6425 1.111461e-15 6.040163e-17 1.113921e+00 0 0
6757.1158 6763.1972 1.223772e-15 6.143899e-17 1.230124e+00 0 0
6757.6700 6763.7519 1.062669e-15 6.049711e-17 1.063556e+00 16 0
6758.2242 6764.3066 1.065421e-15 5.988491e-17 1.066434e+00 0 0
6758.7784 6764.8613 1.371180e-15 6.374740e-17 1.382877e+00 272 0
6759.3325 6765.4159 1.574426e-15 6.501573e-17 1.593624e+00 256 0
6759.8867 6765.9706 1.066848e-15 5.999252e-17 1.068010e+00 0 0
6760.4408 6766.5252 1.001586e-15 6.100028e-17 1.000620e+00 16 0
6760.9950 6767.0799 1.127233e-15 6.175004e-17 1.130509e+00 16 0
6761.5491 6767.6345 1.039913e-15 1.028643e-16 1.040282e+00 16 0
6762.1032 6768.1891 1.120775e-15 6.074257e-17 1.123905e+00 0 0
6762.6573 6768.7437 1.012730e-15 6.529292e-17 1.012268e+00 16 0
6763.2114 6769.2983 9.043143e-16 1.302693e-16 9.003822e-01 16 0
6763.7655 6769.8529 9.782568e-16 5.923522e-17 9.767343e-01 0 0
6764.3196 6770.4075 9.715714e-16 5.931422e-17 9.698657e-01 0 0
6764.8737 6770.9621 1.127775e-15 6.517086e-17 1.131337e+00 16 0
6765.4278 6771.5167 9.878282e-16 5.886566e-17 9.867254e-01 0 0
6765.9819 6772.0713 1.021969e-15 5.964976e-17 1.022031e+00 0 0
6766.5360 6772.6258 1.028485e-15 6.115839e-17 1.028801e+00 16 0
6767.0900 6773.1804 1.148178e-15 6.081643e-17 1.152605e+00 0 0
6767.6441 6773.7349 1.078001e-15 5.957441e-17 1.080061e+00 16 0
6768.1981 6774.2895 1.225891e-15 7.551035e-17 1.233125e+00 16 0
6768.7521 6774.8440 1.053139e-15 6.101516e-17 1.054437e+00 16 0
6769.3062 6775.3986 9.941996e-16 5.867163e-17 9.935682e-01 0 0
6769.8602 6775.9531 1.030156e-15 6.033252e-17 1.030761e+00 16 0
6770.4142 6776.5076 1.119468e-15 6.043341e-17 1.123154e+00 16 0
6770.9682 6777.0621 1.055556e-15 5.968747e-17 1.057098e+00 16 0
6771.5222 6777.6166 1.020623e-15 5.870145e-17 1.021028e+00 0 0
6772.0762 6778.1711 1.098112e-15 5.911919e-17 1.101190e+00 0 0
6772.6302 6778.7256 1.197152e-15 6.072592e-17 1.203730e+00 0 0
6773.1842 6779.2800 1.146247e-15 6.016292e-17 1.151082e+00 16 0
6773.7382 6779.8345 1.252985e-15 6.344414e-17 1.261649e+00 16 0
6774.2921 6780.3890 1.062928e-15 6.076208e-17 1.064973e+00 16 0
6774.8461 6780.9434 3.427840e-15 8.285932e-17 3.524644e+00 0 0
6775.4000 6781.4979 1.370530e-15 7.745267e-17 1.383630e+00 16 0
6775.9540 6782.0523 1.161255e-15 6.120501e-17 1.166845e+00 16 0
6776.5079 6782.6068 1.164550e-15 6.206039e-17 1.170304e+00 16 0
6777.0618 6783.1612 9.972439e-16 6.116582e-17 9.972817e-01 16 0
6777.6157 6783.7156 1.128467e-15 7.838319e-17 1.133047e+00 16 0
6778.1697 6784.2700 1.111661e-15 6.162392e-17 1.115701e+00 16 0
6778.7236 6784.8244 1.048079e-15 5.927640e-17 1.049969e+00 0 0
6779.2774 6785.3788 1.072448e-15 6.166488e-17 1.075221e+00 16 0
6779.8313 6785.9332 1.181041e-15 6.233986e-17 1.187672e+00 0 0
6780.3852 6786.4876 2.404938e-15 7.489589e-17 2.459641e+00 16 0
6780.9391 6787.0419 1.286792e-15 6.308787e-17 1.297350e+00 16 0
6781.4930 6787.5963 1.142575e-15 6.157091e-17 1.147989e+00 16 0
6782.0468 6788.1507 1.054278e-15 6.239206e-17 1.056656e+00 16 0
6782.6007 6788.7050 1.092477e-15 6.536383e-17 1.096228e+00 16 0
6783.1545 6789.2593 1.296398e-15 6.331033e-17 1.307528e+00 0 0
6783.7083 6789.8137 1.129016e-15 6.225442e-17 1.134150e+00 16 0
6784.2622 6790.3680 1.168402e-15 6.121311e-17 1.174989e+00 0 0
6784.8160 6790.9223 1.208921e-15 7.228033e-17 1.217019e+00 16 0
6785.3698 6791.4766 1.039941e-15 5.860075e-17 1.042109e+00 0 0
6785.9236 6792.0309 9.763951e-16 5.791835e-17 9.764429e-01 0 0
6786.4774 6792.5852 1.143791e-15 6.081806e-17 1.149705e+00 16 0
6787.0312 6793.1395 1.227809e-15 6.109544e-17 1.236812e+00 0 0
6787.5850 6793.6938 1.056277e-15 5.835855e-17 1.059206e+00 0 0
6788.1387 6794.2481 1.148338e-15 6.052560e-17 1.154573e+00 16 0
6788.6925 6794.8023 1.131140e-15 6.190725e-17 1.136812e+00 16 0
6789.2463 6795.3566 1.215361e-15 6.099861e-17 1.224132e+00 0 0
6789.8000 6795.9108 1.013984e-15 5.836760e-17 1.015646e+00 0 0
6790.3537 6796.4651 1.122653e-15 6.006963e-17 1.128181e+00 16 0
6790.9075 6797.0193 1.077854e-15 6.085662e-17 1.081843e+00 16 0
6791.4612 6797.5735 1.148669e-15 6.022056e-17 1.155238e+00 0 0
6792.0149 6798.1277 1.134226e-15 5.939217e-17 1.140330e+00 0 0
6792.5686 6798.6819 1.204962e-15 6.689735e-17 1.213692e+00 16 0
6793.1223 6799.2361 1.053610e-15 5.919870e-17 1.056953e+00 0 0
6793.6760 6799.7903 1.082657e-15 5.886653e-17 1.087078e+00 0 0
6794.2297 6800.3445 1.158813e-15 6.019075e-17 1.166026e+00 16 0
6794.7834 6800.8987 1.206547e-15 8.654564e-17 1.215566e+00 16 0
6795.3371 6801.4529 1.154068e-15 6.617900e-17 1.161222e+00 16 0
6795.8907 6802.0070 1.191982e-15 7.975296e-17 1.200582e+00 272 0
6796.4444 6802.5612 3.232543e-15 8.231076e-17 3.326244e+00 272 0
6796.9980 6803.1153 1.167954e-15 5.961225e-17 1.175786e+00 256 0
6797.5517 6803.6695 1.128905e-15 6.084573e-17 1.135371e+00 16 0
6798.1053 6804.2236 1.182031e-15 6.623924e-17 1.190498e+00 16 0
6798.6589 6804.7777 1.167239e-15 6.185546e-17 1.175220e+00 16 0
6799.2125 6805.3318 1.218734e-15 6.151693e-17 1.228682e+00 16 0
6799.7661 6805.8859 1.129972e-15 5.995448e-17 1.136704e+00 16 0
6800.3197 6806.4400 1.107342e-15 6.108901e-17 1.113308e+00 16 0
6800.8733 6806.9941 1.188958e-15 6.496846e-17 1.197979e+00 16 0
6801.4269 6807.5482 1.114887e-15 6.016889e-17 1.121242e+00 16 0
6801.9805 6808.1023 1.202540e-15 6.113150e-17 1.212188e+00 16 0
6802.5340 6808.6563 2.601476e-15 7.823659e-17 2.668962e+00 16 0
6803.0876 6809.2104 1.855681e-15 7.114304e-17 1.891431e+00 16 0
6803.6411 6809.7644 1.155658e-15 6.171479e-17 1.163744e+00 16 0
6804.1947 6810.3185 3.251842e-15 9.184202e-17 3.348540e+00 16 0
6804.7482 6810.8725 1.201316e-15 6.744781e-17 1.211227e+00 16 0
6805.3017 6811.4265 1.264905e-15 6.663158e-17 1.277288e+00 16 0
6805.8553 6811.9805 1.157867e-15 6.688774e-17 1.166277e+00 16 0
6806.4088 6812.5345 1.125740e-15 5.908998e-17 1.133020e+00 0 0
6806.9623 6813.0885 1.256437e-15 6.276877e-17 1.268692e+00 16 0
6807.5158 6813.6425 2.035425e-15 7.059540e-17 2.079504e+00 272 0
6808.0692 6814.1965 1.681567e-15 6.572582e-17 1.710909e+00 0 0
6808.6227 6814.7505 2.890411e-15 8.263694e-17 2.972136e+00 16 0
6809.1762 6815.3044 1.245973e-15 6.317473e-17 1.258090e+00 16 0
6809.7296 6815.8584 1.147667e-15 6.984161e-17 1.156126e+00 16 0
6810.2831 6816.4123 1.203326e-15 6.043520e-17 1.213945e+00 16 0
6810.8365 6816.9663 1.212280e-15 6.020539e-17 1.223306e+00 0 0
6811.3900 6817.5202 1.129699e-15 5.895683e-17 1.137671e+00 0 0
6811.9434 6818.0741 1.219657e-15 6.189884e-17 1.231095e+00 16 0
6812.4968 6818.6281 1.064574e-15 6.024442e-17 1.070258e+00 16 0
6813.0502 6819.1820 1.194487e-15 6.011990e-17 1.205094e+00 16 0
6813.6036 6819.7359 1.271095e-15 6.556329e-17 1.284719e+00 16 0
6814.1570 6820.2898 1.164039e-15 6.099466e-17 1.173616e+00 16 0
6814.7104 6820.8436 1.136414e-15 5.984705e-17 1.145011e+00 16 0
6815.2638 6821.3975 1.122642e-15 6.261901e-17 1.130783e+00 16 0
6815.8171 6821.9514 1.164525e-15 5.977441e-17 1.174312e+00 0 0
6816.3705 6822.5052 1.356231e-15 7.559973e-17 1.373560e+00 16 0
6816.9238 6823.0591 2.899603e-15 7.714211e-17 2.983948e+00 256 0
6817.4772 6823.6129 2.243800e-15 7.992666e-17 2.298880e+00 272 0
6818.0305 6824.1667 1.357552e-15 6.190879e-17 1.375155e+00 16 0
6818.5838 6824.7206 1.127319e-15 6.708749e-17 1.136014e+00 16 0
6819.1372 6825.2744 1.193957e-15 6.899750e-17 1.205265e+00 16 0
6819.6905 6825.8282 1.164977e-15 6.085733e-17 1.175236e+00 16 0
6820.2438 6826.3820 1.163931e-15 6.116254e-17 1.174215e+00 16 0
6820.7971 6826.9358 1.188085e-15 6.261844e-17 1.199366e+00 16 0
6821.3503 6827.4896 3.732127e-15 8.489535e-17 3.856335e+00 0 0
6821.9036 6828.0433 2.183925e-15 7.200174e-17 2.237294e+00 16 0
6822.4569 6828.5971 1.282994e-15 6.165270e-17 1.298206e+00 0 0
6823.0101 6829.1508 1.207143e-15 6.061671e-17 1.219435e+00 16 0
6823.5634 6829.7046 1.218913e-15 6.003468e-17 1.231734e+00 0 0
6824.1166 6830.2583 1.276045e-15 6.018259e-17 1.291195e+00 0 0
6824.6698 6830.8121 1.199816e-15 5.922303e-17 1.212026e+00 0 0
6825.2231 6831.3658 1.210466e-15 5.987567e-17 1.223162e+00 0 0
6825.7763 6831.9195 1.438172e-15 7.834834e-17 1.460126e+00 16 0
6826.3295 6832.4732 1.398719e-15 6.090179e-17 1.419128e+00 0 0
6826.8827 6833.0269 1.341124e-15 6.130950e-17 1.359259e+00 0 0
6827.4359 6833.5806 1.266001e-15 6.030114e-17 1.281181e+00 0 0
6827.9890 6834.1342 1.319342e-15 6.105623e-17 1.336743e+00 272 0
6828.5422 6834.6879 1.224549e-15 5.964703e-17 1.238218e+00 0 0
6829.0954 6835.2416 1.143184e-15 6.029580e-17 1.153723e+00 16 0
6829.6485 6835.7952 1.320040e-15 6.103624e-17 1.337693e+00 16 0
6830.2017 6836.3489 1.148125e-15 6.391565e-17 1.158990e+00 16 0
6830.7548 6836.9025 1.233894e-15 5.936470e-17 1.248217e+00 0 0
6831.3079 6837.4561 1.239652e-15 5.935554e-17 1.254277e+00 0 0
6831.8611 6838.0097 1.139048e-15 6.275161e-17 1.149759e+00 16 0
6832.4142 6838.5633 1.377518e-15 6.222796e-17 1.397914e+00 272 0
6832.9673 6839.1169 2.368422e-15 7.183238e-17 2.432578e+00 256 0
6833.5204 6839.6705 1.283728e-15 6.165431e-17 1.300425e+00 256 0
6834.0734 6840.2241 1.174288e-15 5.936100e-17 1.186657e+00 16 0
6834.6265 6840.7777 1.249005e-15 6.009184e-17 1.264438e+00 16 0
6835.1796 6841.3312 1.290920e-15 6.264998e-17 1.308133e+00 16 0
6835.7326 6841.8848 1.293912e-15 6.582337e-17 1.311321e+00 16 0
6836.2857 6842.4383 1.222694e-15 5.991532e-17 1.237280e+00 16 0
6836.8387 6842.9919 1.175569e-15 5.801130e-17 1.188334e+00 0 0
6837.3917 6843.5454 1.232741e-15 6.253256e-17 1.247877e+00 16 0
6837.9448 6844.0989 1.347220e-15 7.899393e-17 1.367137e+00 16 0
6838.4978 6844.6524 1.224907e-15 5.932173e-17 1.239868e+00 0 0
6839.0508 6845.2059 1.259737e-15 5.905559e-17 1.276191e+00 0 0
6839.6038 6845.7594 1.229419e-15 5.965734e-17 1.244708e+00 0 0
6840.1568 6846.3129 1.110929e-15 6.509753e-17 1.121539e+00 16 0
6840.7097 6846.8664 1.814612e-15 1.268410e-16 1.855244e+00 16 0
6841.2627 6847.4198 1.205393e-15 5.906064e-17 1.219920e+00 0 0
6841.8156 6847.9733 1.248023e-15 5.952489e-17 1.264362e+00 0 0
6842.3686 6848.5267 1.285825e-15 7.007546e-17 1.303800e+00 16 0
6842.9215 6849.0802 1.350414e-15 6.120286e-17 1.371167e+00 0 0
6843.4745 6849.6336 1.224724e-15 5.981015e-17 1.240325e+00 256 0
6844.0274 6850.1870 1.292735e-15 6.015441e-17 1.311224e+00 0 0
6844.5803 6850.7404 1.249489e-15 5.900977e-17 1.266256e+00 0 0
6845.1332 6851.2938 1.313924e-15 6.064784e-17 1.333452e+00 0 0
6845.6861 6851.8472 1.387580e-15 8.920889e-17 1.410306e+00 16 0
6846.2390 6852.4006 1.390403e-15 6.316280e-17 1.413329e+00 16 0
6846.7919 6852.9540 1.223171e-15 5.871963e-17 1.239143e+00 0 0
6847.3447 6853.5073 1.222619e-15 6.277681e-17 1.238640e+00 272 0
6847.8976 6854.0607 2.023912e-15 7.231332e-17 2.075483e+00 272 0
6848.4504 6854.6140 2.635719e-15 7.419970e-17 2.716314e+00 256 0
6849.0033 6855.1674 1.473991e-15 6.895945e-17 1.500943e+00 272 0
6849.5561 6855.7207 1.257661e-15 5.990318e-17 1.275433e+00 16 0
6850.1089 6856.2740 1.262201e-15 6.052250e-17 1.280237e+00 16 0
6850.6617 6856.8273 1.211678e-15 5.867827e-17 1.227679e+00 0 0
6851.2145 6857.3806 1.258438e-15 6.875701e-17 1.276465e+00 16 0
6851.7673 6857.9339 1.166224e-15 6.139467e-17 1.180492e+00 16 0
6852.3201 6858.4872 1.251746e-15 5.977136e-17 1.269639e+00 0 0
6852.8729 6859.0405 1.287441e-15 6.558358e-17 1.306917e+00 16 0
6853.4256 6859.5937 1.443686e-15 8.023682e-17 1.469987e+00 16 0
6853.9784 6860.1470 1.631805e-15 6.527372e-17 1.666631e+00 16 0
6854.5312 6860.7002 1.054965e-15 5.771784e-17 1.064875e+00 16 0
6855.0839 6861.2535 9.910998e-16 5.662630e-17 9.984799e-01 0 0
6855.6366 6861.8067 1.130432e-15 5.942321e-17 1.143564e+00 0 0
6856.1893 6862.3599 1.004404e-15 5.747617e-17 1.012453e+00 16 0
6856.7420 6862.9131 1.122463e-15 5.853655e-17 1.135394e+00 16 0
6857.2947 6863.4663 1.052349e-15 6.155113e-17 1.062408e+00 16 0
6857.8474 6864.0195 1.139881e-15 5.859286e-17 1.153589e+00 0 0
6858.4001 6864.5727 1.853070e-15 1.060575e-16 1.898937e+00 528 0
