# obs_wvl flux error
1.580000000000000000e+03 1.010324382342457986e-14 7.612180742515295417e-14
1.581548142864299280e+03 2.481015619379839279e-14 2.282520144935231990e-14
1.583096285728598559e+03 -1.420807406619890036e-14 9.462384247690913968e-15
1.584644428592897839e+03 8.659194839648620167e-15 9.182763159057354968e-15
1.586192571457197118e+03 -2.478823362421415355e-15 5.912343119141522489e-15
1.587740714321496398e+03 5.333795912624280658e-15 5.765354757146292941e-15
1.589288857185795678e+03 5.781487394358941133e-16 4.324591199301403824e-15
1.590837000050094957e+03 1.604813218891759440e-15 3.972292735991781968e-15
1.592385142914394237e+03 5.316045708467431854e-15 3.892811898038935863e-15
1.593933285778693516e+03 4.600194873927590040e-17 2.852897469803542410e-15
1.595481428642992796e+03 -3.845431376280129161e-15 2.123044946066063648e-15
1.597029571507292076e+03 -2.568193541695222031e-15 1.958519167655523409e-15
1.598577714371591355e+03 2.457053672324629997e-16 2.058420896262306294e-15
1.600125857235890635e+03 7.964348140962245701e-16 1.915589943993897099e-15
1.601674000100189915e+03 -1.112237474483249727e-15 1.522070277855723463e-15
1.603222142964489194e+03 3.249584029336894474e-16 1.534721343317870647e-15
1.604770285828788474e+03 2.369831467695781892e-16 1.410066948327787258e-15
1.606318428693087753e+03 -4.006878860011351855e-16 1.213645025888288951e-15
1.607866571557387033e+03 -1.412301653079307886e-15 9.530761689885769757e-16
1.609414714421686313e+03 -2.733405079118796887e-16 1.004012317623737858e-15
1.610962857285985592e+03 -1.063422465784372269e-15 8.023955680465526066e-16
1.612511000150284872e+03 6.560737711250323440e-16 9.524362489104474411e-16
1.614059143014584151e+03 -2.154509279663766734e-16 7.919391053261304511e-16
1.615607285878883431e+03 -4.894383198930039635e-16 6.728524284560636566e-16
1.617155428743182711e+03 2.159048477677270667e-17 7.133960522324403081e-16
1.618703571607481990e+03 -1.761943698596246538e-16 6.215303684422693020e-16
1.620251714471781270e+03 -6.111395263642098948e-16 5.244636044585952828e-16
1.621799857336080549e+03 -1.733900922545227826e-16 5.294508486796389318e-16
1.623348000200379829e+03 -1.551779236968527578e-16 5.115492331218864052e-16
1.624896143064679109e+03 -1.334580175394445147e-16 4.644521694214872650e-16
1.626444285928978388e+03 -1.364249294806834056e-16 4.474569605477030033e-16
1.627992428793277668e+03 -5.480804729504299502e-16 3.563016831259450397e-16
1.629540571657576947e+03 1.079306819061558012e-15 5.250037778954784165e-16
1.631088714521876227e+03 1.526166951807571290e-16 4.114865733940872908e-16
1.632636857386175507e+03 8.965781693549285197e-16 4.673718610754216303e-16
1.634185000250474786e+03 1.612650350943831763e-16 3.747736994805276966e-16
1.635733143114774066e+03 -8.639481578760288701e-17 3.287140225261301658e-16
1.637281285979073346e+03 1.963075069420895475e-16 3.506113240541528654e-16
1.638829428843372625e+03 -3.605009571555501629e-16 2.695880013282428469e-16
1.640377571707671905e+03 1.731903897123636768e-16 3.207164650434142288e-16
1.641925714571971184e+03 -3.621952776735036066e-16 2.349147100402014809e-16
1.643473857436270464e+03 5.118608414593406547e-16 3.308760502292187075e-16
1.645022000300569744e+03 2.357096493402268163e-16 2.967729962051300269e-16
1.646570143164869023e+03 -6.205094456955499759e-17 2.510977710902796133e-16
1.648118286029168303e+03 2.460298372260212179e-16 2.782193629710440115e-16
1.649666428893467582e+03 3.688012226289105207e-17 2.459610148143028547e-16
1.651214571757766862e+03 -1.307114278381975604e-16 2.136932285877110113e-16
1.652762714622066142e+03 3.947919252841016978e-16 2.710518965601725549e-16
1.654310857486365421e+03 2.121276531154849988e-17 2.194162923341256758e-16
1.655859000350664701e+03 1.008658668768402817e-16 2.315579884679600170e-16
1.657407143214963980e+03 2.429613320883274781e-16 2.332711911039542605e-16
1.658955286079263260e+03 3.564791095261928237e-16 2.433177771015865723e-16
1.660503428943562540e+03 1.007456475819598919e-16 2.103683424200155265e-16
1.662051571807861819e+03 -1.259258268652758044e-16 1.736171466068480296e-16
1.663599714672161099e+03 3.953471192860097164e-16 2.288398849434466189e-16
1.665147857536460378e+03 4.286012378322698668e-16 2.261904794422129171e-16
1.666696000400759658e+03 3.352430406614411289e-16 2.206965797828395265e-16
1.668244143265058938e+03 2.277416790629921603e-17 1.824164875817335632e-16
1.669792286129358217e+03 -1.405753804013468420e-16 1.550600557867518009e-16
1.671340428993657497e+03 -1.764481025606828876e-16 1.467575570411827582e-16
1.672888571857956777e+03 -6.295426701645864923e-18 1.639854934549780034e-16
1.674436714722256056e+03 2.218800542202363702e-16 1.853881634199520123e-16
1.675984857586555336e+03 -1.029517338899516751e-16 1.470586889715781667e-16
1.677533000450854615e+03 6.095324922570069399e-17 1.622880522613835547e-16
1.679081143315153895e+03 -6.630768200434190269e-17 1.435417121692533009e-16
1.680629286179453175e+03 1.058022117136890847e-16 1.579428097168719250e-16
1.682177429043752454e+03 4.108332756948683394e-16 1.884051827911798688e-16
1.683725571908051734e+03 1.098056651659378972e-16 1.583100189927676535e-16
1.685273714772351013e+03 9.109544366060725411e-17 1.550272604615486139e-16
1.686821857636650293e+03 -1.591945417991730936e-17 1.369441023803128042e-16
1.688370000500949573e+03 -8.400942692428892967e-17 1.219758711780021847e-16
1.689918143365248852e+03 8.719181684330753636e-17 1.465659685094751704e-16
1.691466286229548132e+03 -2.681725855391911978e-17 1.288232641244538517e-16
1.693014429093847411e+03 1.149649790173491411e-17 1.358293944875256250e-16
1.694562571958146691e+03 -1.719134910394270826e-17 1.280588992987950556e-16
1.696110714822445971e+03 6.645510667739287084e-19 1.228250866612999603e-16
1.697658857686745250e+03 3.601639437443987784e-17 1.306138724930619035e-16
1.699207000551044530e+03 -2.089245326980498825e-17 1.148221935132144354e-16
1.700755143415343809e+03 1.595066358997367273e-16 1.403439072908233154e-16
1.702303286279643089e+03 1.184973930335207349e-16 1.253806376950168304e-16
1.703851429143942369e+03 4.099983368858545880e-16 1.606648517003771047e-16
1.705399572008241648e+03 -1.040839682876568646e-17 1.184243636111253889e-16
1.706947714872540928e+03 -1.313010957146594738e-16 9.863731962528819886e-17
1.708495857736840208e+03 -3.592343512205119501e-17 1.051432189631757987e-16
1.710044000601139487e+03 9.860564647294493190e-17 1.209754916663922602e-16
1.711592143465438767e+03 1.988425953881339560e-16 1.322026063996641529e-16
1.713140286329738046e+03 1.344859548781901444e-16 1.213144655324913197e-16
1.714688429194037326e+03 1.794297455981426982e-16 1.254788722818399010e-16
1.716236572058336606e+03 7.025500656774093895e-17 1.172818556774741309e-16
1.717784714922635885e+03 6.727319630340224973e-18 1.012478047260387092e-16
1.719332857786935165e+03 1.950874298206149531e-16 1.233476482696415440e-16
1.720881000651234444e+03 1.984114723839804613e-16 1.216345602781087546e-16
1.722429143515533724e+03 1.055446676113900643e-18 1.035960729465113102e-16
1.723977286379833004e+03 -8.366664054036803168e-17 8.962534187694566576e-17
1.725525429244132283e+03 -6.622317317482088258e-17 9.204467543134611979e-17
1.727073572108431563e+03 2.660695358673461927e-17 9.887060373489467645e-17
1.728621714972730842e+03 1.852117987419704339e-16 1.118798223265753031e-16
1.730169857837030122e+03 2.214951081408407887e-16 1.207155010672787752e-16
1.731718000701329402e+03 1.310185676916105882e-17 9.219014923573501142e-17
1.733266143565628681e+03 8.959510815447783105e-17 1.045001287969371361e-16
1.734814286429927961e+03 1.518865759405544649e-17 9.178822448544969259e-17
1.736362429294227240e+03 2.563835619551160469e-17 9.226822042225395243e-17
1.737910572158526520e+03 1.092149734828192288e-16 1.021168134761094068e-16
1.739458715022825800e+03 6.490388700799385766e-17 9.485402081706328067e-17
1.741006857887125079e+03 -2.026486694876466427e-17 8.811154019999572411e-17
1.742555000751424359e+03 -1.317559856053000016e-16 7.047985707166609486e-17
1.744103143615723639e+03 -4.466100649636201902e-18 8.328678472476719983e-17
1.745651286480022918e+03 2.876468314463581326e-17 9.025178012509934933e-17
1.747199429344322198e+03 -4.474912711699624984e-17 7.374020168006570760e-17
1.748747572208621477e+03 1.869977549129743356e-16 1.022367004578043215e-16
1.750295715072920757e+03 1.024883963876935216e-16 9.043256150195383293e-17
1.751843857937220037e+03 2.072665945408216786e-16 1.015573496164414819e-16
1.753392000801519316e+03 1.462963301079154578e-16 8.887536191695152283e-17
1.754940143665818596e+03 3.762664139064028696e-16 1.140871630944699135e-16
1.756488286530117875e+03 1.674087395354287174e-16 9.748809798839336850e-17
1.758036429394417155e+03 1.070271081306713965e-18 7.611709796508274316e-17
1.759584572258716435e+03 1.407750504393445891e-16 8.913544335441790840e-17
1.761132715123015714e+03 1.975326024704102237e-16 9.264579540803352522e-17
1.762680857987314994e+03 1.750742323735778220e-16 9.280425534963276481e-17
1.764229000851614273e+03 9.249615922630050874e-17 8.153748885999997079e-17
1.765777143715913553e+03 1.373402071677600539e-16 8.734693056791822442e-17
1.767325286580212833e+03 2.247942849969162618e-17 7.602649751018726530e-17
1.768873429444512112e+03 6.652932133909978551e-17 7.970166810897564784e-17
1.770421572308811392e+03 1.294443174594562480e-16 8.485892598447149839e-17
1.771969715173110671e+03 7.000182278299859471e-17 8.243214629088817531e-17
1.773517858037409951e+03 1.758752082746662632e-17 6.802084171068938496e-17
1.775066000901709231e+03 2.721354718664719672e-16 9.241323089373244824e-17
1.776614143766008510e+03 2.331315815942372695e-16 9.172971751847039188e-17
1.778162286630307790e+03 4.375862152055674322e-17 7.472402020457634656e-17
1.779710429494607070e+03 3.149448167303320103e-17 6.719368631870931908e-17
1.781258572358906349e+03 2.173104793771077254e-16 8.588275697621552453e-17
1.782806715223205629e+03 2.062976566266353505e-16 8.621905368411338472e-17
1.784354858087504908e+03 1.472421839477650906e-16 7.976405860128531998e-17
1.785903000951804188e+03 2.019236815443087819e-16 8.187770735955715033e-17
1.787451143816103468e+03 1.945854960700921797e-16 8.492114322293002962e-17
1.788999286680402747e+03 3.297198934398273673e-17 6.757668017282264804e-17
1.790547429544702027e+03 2.339246654138486136e-17 6.979089580073819976e-17
1.792095572409001306e+03 2.763895078834658523e-17 6.167680912132909841e-17
1.793643715273300586e+03 2.085890856158278603e-16 8.323002638796567713e-17
1.795191858137599866e+03 6.207718820032506482e-17 7.022460789512426208e-17
1.796740001001899145e+03 4.187791503320247912e-17 6.685906500301416257e-17
1.798288143866198425e+03 1.614462035772858713e-17 6.409594307716381935e-17
1.799836286730497704e+03 3.872614373309545708e-17 6.545513797652959383e-17
1.801384429594796984e+03 7.155389479745025012e-18 6.313268237730058715e-17
1.802932572459096264e+03 -3.231402607906368786e-17 5.485366788873081472e-17
1.804480715323395543e+03 7.397016315941144848e-17 6.512958030346242677e-17
1.806028858187694823e+03 3.644893603912362554e-17 6.611544780356545628e-17
1.807577001051994102e+03 -7.580641925407338884e-17 5.111926301345605648e-17
1.809125143916293382e+03 -6.025162082698616777e-17 5.174477313895671904e-17
1.810673286780592662e+03 2.733204034715894391e-17 5.669091131184935620e-17
1.812221429644891941e+03 2.358327529175187110e-16 7.606791502743122269e-17
1.813769572509191221e+03 1.743344141612387453e-16 7.457777217978979948e-17
1.815317715373490500e+03 9.813397476733342025e-18 5.681190473682560615e-17
1.816865858237789780e+03 9.805781263264525709e-17 6.625412470649872993e-17
1.818414001102089060e+03 6.291158731685507511e-17 6.179086062437346654e-17
1.819962143966388339e+03 1.143821909134143724e-16 6.355813171269599300e-17
1.821510286830687619e+03 1.837913823013229377e-16 7.107131515020998691e-17
1.823058429694986899e+03 9.722285990960388197e-17 6.441268805188513411e-17
1.824606572559286178e+03 7.148649341882060632e-17 6.144364741257240954e-17
1.826154715423585458e+03 1.219191033570903290e-16 6.259503987090058541e-17
1.827702858287884737e+03 1.276872963096191528e-16 6.641564990961060098e-17
1.829251001152184017e+03 3.197826287207967752e-17 5.522210377310843909e-17
1.830799144016483297e+03 9.155489197283052152e-17 5.928303029782797166e-17
1.832347286880782576e+03 1.025434919321236967e-16 6.235163596852410598e-17
1.833895429745081856e+03 4.152752299828048648e-17 5.628372331906628551e-17
1.835443572609381135e+03 5.298121190100482812e-17 5.724293458844562871e-17
1.836991715473680415e+03 1.673766393341905392e-17 5.276964501890667976e-17
1.838539858337979695e+03 4.971124104179060073e-17 5.551203766965686779e-17
1.840088001202278974e+03 6.875921033910546926e-17 5.577495913391614384e-17
1.841636144066578254e+03 4.092856858091902856e-17 5.310173506669013279e-17
1.843184286930877533e+03 3.599467086552490169e-17 5.214033131704422557e-17
1.844732429795176813e+03 7.507331629174181017e-17 5.576691201759539048e-17
1.846280572659476093e+03 6.553909376838366777e-17 5.584575444287780581e-17
1.847828715523775372e+03 -5.008744976917603351e-17 4.623876133816175903e-17
1.849376858388074652e+03 -1.141308061782230209e-16 3.584529843209178701e-17
1.850925001252373931e+03 -1.784314529488963994e-17 4.474805994420248558e-17
1.852473144116673211e+03 3.850518836884176806e-17 5.242989437015120138e-17
1.854021286980972491e+03 2.796867300720842971e-17 5.050442171990647610e-17
1.855569429845271770e+03 4.557790898896568348e-17 5.261617475262204279e-17
1.857117572709571050e+03 9.787925194565362653e-18 4.755622064696650888e-17
1.858665715573870330e+03 1.454595556408282792e-17 4.936134479805787041e-17
1.860213858438169609e+03 1.207753156777398925e-17 4.784416052450273310e-17
1.861762001302468889e+03 5.438763482897889546e-17 5.158790239898167018e-17
1.863310144166768168e+03 2.446097453206225040e-17 4.928138566115797561e-17
1.864858287031067448e+03 -3.487893034350906914e-17 4.275923335840020814e-17
1.866406429895366728e+03 -3.374920959464763297e-17 4.350935477714822040e-17
1.867954572759666007e+03 4.324572372023096530e-17 4.847784552897453246e-17
1.869502715623965287e+03 1.042829049948488098e-16 5.543409988000467592e-17
1.871050858488264566e+03 2.631852845498573222e-17 4.795425476256627769e-17
1.872599001352563846e+03 1.557648231022867508e-17 4.639089510482289986e-17
1.874147144216863126e+03 -6.525031476211989898e-18 4.407877329837787603e-17
1.875695287081162405e+03 -1.170654086583854919e-18 4.409068920675086279e-17
1.877243429945461685e+03 2.031447474445096483e-17 4.599539213150279427e-17
1.878791572809760964e+03 1.247386527073151414e-17 4.566378881751244280e-17
1.880339715674060244e+03 3.662989563872673163e-17 4.690791171252794669e-17
1.881887858538359524e+03 5.228650676978493274e-17 4.905921470146574284e-17
1.883436001402658803e+03 3.222141301938338944e-17 4.582330824669837333e-17
1.884984144266958083e+03 2.038887371501706905e-17 4.607346065895678423e-17
1.886532287131257362e+03 -7.740383659809175911e-18 4.192136846371179456e-17
1.888080429995556642e+03 9.268853775481967429e-17 5.015560791637404241e-17
1.889628572859855922e+03 1.104716897256675582e-16 5.207317074788514982e-17
1.891176715724155201e+03 7.966190047335370567e-17 4.899036433338900894e-17
1.892724858588454481e+03 9.055876388516944211e-17 5.024287509918360879e-17
1.894273001452753761e+03 3.389911585185364150e-17 4.600330366642947944e-17
1.895821144317053040e+03 8.298834404913482332e-19 4.200687989521655968e-17
1.897369287181352320e+03 5.133024454485596421e-17 4.675583952036538764e-17
1.898917430045651599e+03 3.975494695030156382e-17 4.422321158415542901e-17
1.900465572909950879e+03 3.887067464179832864e-17 4.526271039812228470e-17
1.902013715774250159e+03 4.678058001325548196e-17 4.489257522407650646e-17
1.903561858638549438e+03 8.007264942250052352e-17 4.679793901196070659e-17
1.905110001502848718e+03 4.807429734182570991e-17 4.449601356081169090e-17
1.906658144367147997e+03 8.570174484414056186e-18 4.118924118678572669e-17
1.908206287231447277e+03 -2.019582149791450862e-18 4.053458097061272959e-17
1.909754430095746557e+03 1.914606094789730792e-17 4.198694233356752639e-17
1.911302572960045836e+03 4.777165780354100038e-17 4.475776324191120885e-17
1.912850715824345116e+03 4.881954664169609958e-17 4.385663401178953864e-17
1.914398858688644395e+03 5.594013897476364749e-18 4.106522942393536867e-17
1.915947001552943675e+03 -3.615767910942360727e-17 3.640342058658605241e-17
1.917495144417242955e+03 -1.236339785461095939e-17 3.844031486683306919e-17
1.919043287281542234e+03 4.647894384661779611e-17 4.264883172857395097e-17
1.920591430145841514e+03 6.986426058474118607e-17 4.562842841131997539e-17
1.922139573010140793e+03 -5.633681971179232455e-18 3.816024158861220806e-17
1.923687715874440073e+03 2.356746838739350268e-17 4.011096687073973048e-17
1.925235858738739353e+03 4.804140993997029102e-17 4.190857625555594448e-17
1.926784001603038632e+03 1.017988036318284611e-17 3.859935260151988478e-17
1.928332144467337912e+03 -2.704845036354137004e-17 3.497822879107756686e-17
1.929880287331637192e+03 5.793381814923770397e-17 4.123066344548813893e-17
1.931428430195936471e+03 7.789638256484716854e-17 4.336637760645096288e-17
1.932976573060235751e+03 1.664292476233674235e-17 3.888227699655077541e-17
1.934524715924535030e+03 3.768901359794799819e-17 4.085474231875473000e-17
1.936072858788834310e+03 -6.353800138842274210e-18 3.676014228942380326e-17
1.937621001653133590e+03 -1.789351713742610913e-17 3.506158789403006320e-17
1.939169144517432869e+03 1.013430524815163886e-16 4.523528748739058911e-17
1.940717287381732149e+03 4.679833914345459546e-17 4.189561384897328846e-17
1.942265430246031428e+03 -8.042780318500817673e-18 3.643951837039685430e-17
1.943813573110330708e+03 1.059622674194657558e-16 4.553170868317249673e-17
1.945361715974629988e+03 5.205544266240459687e-17 4.075013844707642871e-17
1.946909858838929267e+03 3.809645529291393592e-17 3.960630034149982576e-17
1.948458001703228547e+03 1.470556943617491740e-17 3.792699794663213873e-17
1.950006144567527826e+03 -2.158541386828478063e-17 3.403068262313357791e-17
1.951554287431827106e+03 4.045489978381818051e-17 3.925792025832935987e-17
1.953102430296126386e+03 8.306876155515569931e-18 3.646997028815787564e-17
1.954650573160425665e+03 7.347391253449092406e-18 3.644783437752392453e-17
1.956198716024724945e+03 1.448455483343551693e-17 3.701970174747563648e-17
1.957746858889024224e+03 2.049791300275322390e-17 3.731588632126005786e-17
1.959295001753323504e+03 7.121569482002313490e-17 4.117654381551914856e-17
1.960843144617622784e+03 2.752906511294848146e-17 3.728238051600761399e-17
1.962391287481922063e+03 -1.482451413608595956e-17 3.325477628429775015e-17
1.963939430346221343e+03 -2.877605693723467644e-17 3.201587873579258736e-17
1.965487573210520623e+03 -1.330226372996121899e-17 3.376901639544954790e-17
1.967035716074819902e+03 -8.134059544022229752e-18 3.409225320893493356e-17
1.968583858939119182e+03 -5.678948835752750033e-17 2.952722816214928029e-17
1.970132001803418461e+03 -8.354094609877644902e-18 3.346474931093505969e-17
1.971680144667717741e+03 5.649110951466114688e-17 3.862357441213049019e-17
1.973228287532017021e+03 3.245513962136611232e-17 3.684746289224236624e-17
1.974776430396316300e+03 3.874459876679786673e-18 3.385446032688216288e-17
1.976324573260615580e+03 2.930595808344989121e-17 3.602181581585645034e-17
1.977872716124914859e+03 7.438615575790956995e-18 3.388452763460711407e-17
1.979420858989214139e+03 3.033113955071541030e-17 3.651859014197691257e-17
1.980969001853513419e+03 4.480777275570981869e-17 3.710971485836422398e-17
1.982517144717812698e+03 7.341431865598350079e-18 3.374824532764885493e-17
1.984065287582111978e+03 -6.945723141071244845e-18 3.203130593166568840e-17
1.985613430446411257e+03 5.087561071069731155e-18 3.351727691045558518e-17
1.987161573310710537e+03 3.345602787009159097e-17 3.566752250911742449e-17
1.988709716175009817e+03 4.061304573099364595e-18 3.263679152579180329e-17
1.990257859039309096e+03 -8.520961867762722239e-18 3.133684862863621030e-17
1.991806001903608376e+03 1.884440695688174971e-17 3.351596491522790971e-17
1.993354144767907655e+03 4.778995181348746632e-17 3.608827368118817566e-17
1.994902287632206935e+03 6.260552296214225366e-18 3.232449477670777334e-17
1.996450430496506215e+03 -5.246821179091013342e-17 2.684241378730568095e-17
1.997998573360805494e+03 -5.332818015639368050e-17 2.616444051147065566e-17
1.999546716225104774e+03 1.219936467747253959e-17 3.251628204608635995e-17
2.001094859089404054e+03 1.385233279085038433e-17 3.212052984653394738e-17
2.002643001953703333e+03 -2.501282461050315593e-18 3.053314355398261692e-17
2.004191144818002613e+03 5.068248479703340545e-17 3.465199620882994495e-17
2.005739287682301892e+03 2.303774695365508018e-17 3.165896984465401000e-17
2.007287430546601172e+03 -1.998625197047690686e-17 2.824747829170484231e-17
2.008835573410900452e+03 -1.751870234185329663e-17 2.820401749874207986e-17
2.010383716275199731e+03 -8.883189705410953743e-18 2.928651145702724159e-17
2.011931859139499011e+03 -1.794954654989816505e-17 2.816648489822574040e-17
2.013480002003798290e+03 -1.672393289582373617e-17 2.778907661225457038e-17
2.015028144868097570e+03 5.957065039595441450e-17 3.450570241129838671e-17
2.016576287732396850e+03 6.800297854343581221e-17 3.465967423091547602e-17
2.018124430596696129e+03 2.462195118556442064e-17 3.172161796620955879e-17
2.019672573460995409e+03 2.541536705761476466e-17 3.126702654851640502e-17
2.021220716325294688e+03 2.671513382835675924e-17 3.113082144968788004e-17
2.022768859189593968e+03 2.716839774921710577e-18 2.884219621064882277e-17
2.024317002053893248e+03 -2.928386809937727838e-17 2.532415031122039917e-17
2.025865144918192527e+03 -2.104163557097207556e-17 2.658278195812100113e-17
2.027413287782491807e+03 2.494298077938554043e-17 3.067437479114990942e-17
2.028961430646791086e+03 2.287711244495915996e-17 3.000479699747885208e-17
2.030509573511090366e+03 -2.341660101590900503e-18 2.768428950241340094e-17
2.032057716375389646e+03 -8.321126330878658660e-18 2.702644248435987245e-17
2.033605859239688925e+03 3.498554493469441226e-17 3.173085461880765028e-17
2.035154002103988205e+03 3.997400431477421010e-17 3.107298262786336828e-17
2.036702144968287485e+03 5.973697276299279276e-18 2.803663919920278155e-17
2.038250287832586764e+03 -3.569683746854017294e-20 2.779942715086435805e-17
2.039798430696886044e+03 1.913194126943610689e-17 2.935406578194352589e-17
2.041346573561185323e+03 4.293555283765950658e-18 2.745446432842828532e-17
2.042894716425484603e+03 -2.453299197877054935e-17 2.536758408313315648e-17
2.044442859289783883e+03 -5.801757176410435501e-18 2.719458164687316235e-17
2.045991002154083162e+03 3.091499404379269392e-17 2.990196719971399482e-17
2.047539145018382442e+03 2.650385138902282078e-17 2.915390500768200379e-17
2.049087287882681721e+03 2.366233477583874878e-18 2.684348128577496302e-17
2.050635430746981001e+03 2.697123887514677618e-17 2.927901717230122297e-17
2.052183573611280281e+03 5.837475011591590529e-18 2.662004501503740186e-17
2.053731716475579560e+03 -1.808327241630387503e-17 2.493984781525094695e-17
2.055279859339878840e+03 2.384934998318146214e-19 2.652633848655015658e-17
2.056828002204178119e+03 -1.215882929326063933e-17 2.479015934824069527e-17
2.058376145068477399e+03 1.252218253081801873e-17 2.765104953095556286e-17
2.059924287932776679e+03 2.580664864291216288e-17 2.832695461596063505e-17
2.061472430797075958e+03 2.268332392430588175e-17 2.802603266339567664e-17
2.063020573661375238e+03 1.029286394555362535e-17 2.640856872868524264e-17
2.064568716525674517e+03 7.731564705825941353e-18 2.656787039280827207e-17
2.066116859389973797e+03 8.048142921475209461e-19 2.562873666562369026e-17
2.067665002254273077e+03 -3.236140895225270735e-18 2.562204031773003394e-17
2.069213145118572356e+03 5.191935136216262472e-18 2.591446647331999740e-17
2.070761287982871636e+03 1.537675594488381968e-17 2.674498743052683792e-17
2.072309430847170916e+03 1.576930652734765867e-17 2.634337370887798417e-17
2.073857573711470195e+03 1.723594818288851556e-18 2.477256135081023708e-17
2.075405716575769475e+03 -1.584144750801731726e-18 2.511991212427971563e-17
2.076953859440068754e+03 -8.849257367671277448e-18 2.387073952014923508e-17
2.078502002304368034e+03 5.037226810915413945e-18 2.543562744457153141e-17
2.080050145168667314e+03 -1.381392262522559116e-17 2.278754167330451681e-17
2.081598288032966593e+03 -6.414561378232729572e-18 2.398535069244828678e-17
2.083146430897265873e+03 2.392643172418212673e-17 2.621153485462250875e-17
2.084694573761565152e+03 7.400798886481204400e-18 2.411263869409358925e-17
2.086242716625864432e+03 -1.205946248254601823e-17 2.307238418451863553e-17
2.087790859490163712e+03 3.529709279927435624e-19 2.407833230318809685e-17
2.089339002354462991e+03 1.107323817971439997e-17 2.485253865105966476e-17
2.090887145218762271e+03 1.500346075470410915e-17 2.471059047931701703e-17
2.092435288083061550e+03 2.481568202335479557e-18 2.278830986552083118e-17
2.093983430947360830e+03 6.328429503761311533e-17 2.956687263630886715e-17
2.095531573811660110e+03 2.889988438049134813e-17 2.416797994642682901e-17
2.097079716675959389e+03 4.661953135112249982e-17 2.781416034146747674e-17
2.098627859540258669e+03 3.086542927680462827e-17 2.486145137154682478e-17
2.100176002404557948e+03 4.824479187802298502e-17 2.727440797718367070e-17
2.101724145268857228e+03 6.183727201131111723e-17 2.764488926021958459e-17
2.103272288133156508e+03 2.285063642412676866e-17 2.391036353908984858e-17
2.104820430997455787e+03 1.424313275272764674e-17 2.379812912992937490e-17
2.106368573861755067e+03 3.942787942409773535e-17 2.581539002295448805e-17
2.107916716726054347e+03 2.372228094204373334e-17 2.385898841329204483e-17
2.109464859590353626e+03 4.510488472649448455e-18 2.253034106662066954e-17
2.111013002454652906e+03 -3.260833480827448515e-18 2.154868737514800057e-17
2.112561145318952185e+03 3.061510998829014667e-17 2.452747835786565863e-17
2.114109288183251465e+03 3.419279787622379179e-17 2.410514536968303330e-17
2.115657431047550745e+03 4.903195433741513940e-17 2.603979289558410362e-17
2.117205573911850024e+03 7.075670190139627046e-18 2.097367572405967601e-17
2.118753716776149304e+03 -1.712034077652669695e-17 1.999921162111637899e-17
2.120301859640448583e+03 -4.189467940502626939e-18 2.101337651228032341e-17
2.121850002504747863e+03 5.625326639719689905e-18 2.213787618960451744e-17
2.123398145369047143e+03 -1.445756287623093832e-17 1.907423645998605486e-17
2.124946288233346422e+03 7.809496758690770790e-18 2.251957853389155109e-17
2.126494431097645702e+03 1.631794139675743364e-17 2.220670434380517328e-17
2.128042573961944981e+03 4.059253745308198275e-17 2.445644646209171285e-17
2.129590716826244261e+03 5.535318342256185464e-17 2.573817834648303599e-17
2.131138859690543541e+03 2.753858598646640388e-17 2.287601784542357567e-17
2.132687002554842820e+03 3.218860018108130583e-17 2.393884480395339607e-17
2.134235145419142100e+03 -3.435009657009054610e-18 1.956354866488445327e-17
2.135783288283441379e+03 3.283499929017831191e-17 2.421934828726453055e-17
2.137331431147740659e+03 6.666781863044314264e-17 2.616638712330947801e-17
2.138879574012039939e+03 2.322783976493891397e-17 2.175035653552083643e-17
2.140427716876339218e+03 -3.436532567894756806e-18 2.002137331252762212e-17
2.141975859740638498e+03 -1.614337952967509521e-18 2.046265355131389977e-17
2.143524002604937778e+03 1.444910764769080659e-17 2.192528918089446372e-17
2.145072145469237057e+03 1.652288031255260157e-17 2.160593446702776124e-17
2.146620288333536337e+03 -1.486833697455351128e-18 1.978071328700467149e-17
2.148168431197835616e+03 -6.196740013061206262e-18 2.005284001152503964e-17
2.149716574062134896e+03 2.080158235869029718e-17 2.230042269368495452e-17
2.151264716926434176e+03 4.801357223230334320e-18 1.994636203876619384e-17
2.152812859790733455e+03 -1.270666717047980991e-17 1.806439155589862622e-17
2.154361002655032735e+03 1.559114291602547236e-17 2.161980996072756214e-17
2.155909145519332014e+03 3.227589484214495498e-17 2.210689058343616303e-17
2.157457288383631294e+03 -4.298444733476709277e-18 1.843544320850981198e-17
2.159005431247930574e+03 -2.431963008646991152e-18 1.996373896853672245e-17
2.160553574112229853e+03 8.691480242724991791e-18 2.001149951363608748e-17
2.162101716976529133e+03 1.454187580330301890e-17 2.074639003923809963e-17
2.163649859840828412e+03 3.417918344508224810e-17 2.198714430592272345e-17
2.165198002705127692e+03 4.988306799941090214e-17 2.347997222165795478e-17
2.166746145569426972e+03 9.437184567451097180e-18 1.934200461669581711e-17
2.168294288433726251e+03 1.957760245806625822e-17 2.096305581328294280e-17
2.169842431298025531e+03 1.666735255930653250e-17 2.013866712165156340e-17
2.171390574162324810e+03 1.231268652783621007e-17 2.032415923986125489e-17
2.172938717026624090e+03 -1.591476970526966767e-18 1.865265803021407355e-17
2.174486859890923370e+03 -2.371284755607818639e-17 1.625088336147844546e-17
2.176035002755222649e+03 -1.394818518956186176e-17 1.787972731032037380e-17
2.177583145619521929e+03 1.368144085495999340e-18 1.887790102093422813e-17
2.179131288483821209e+03 1.031301161578470066e-17 1.982250183364255603e-17
2.180679431348120488e+03 3.885156751172482910e-18 1.876488359623722073e-17
2.182227574212419768e+03 5.563726452964718485e-17 2.384115083058702994e-17
2.183775717076719047e+03 5.423557688155017331e-17 2.261890293681287546e-17
2.185323859941018327e+03 2.357697028890126777e-18 1.790653007911933778e-17
2.186872002805317607e+03 6.543315089765238209e-18 1.949958598273996811e-17
2.188420145669616886e+03 1.149617816425620407e-18 1.809373209387272906e-17
2.189968288533916166e+03 5.181545156723706434e-18 1.903565391153183375e-17
2.191516431398215445e+03 4.610728500961211993e-18 1.865595173581553830e-17
2.193064574262514725e+03 1.639052534903137586e-17 2.005521191406852003e-17
2.194612717126814005e+03 -1.478606006686681945e-18 1.757775279483103625e-17
2.196160859991113284e+03 -1.248809271346726358e-17 1.680230034066910616e-17
2.197709002855412564e+03 -1.385227965276601104e-17 1.682176908247180753e-17
2.199257145719711843e+03 5.330984970462378357e-18 1.892394948344234693e-17
2.200805288584011123e+03 2.582461912446697403e-18 1.797842552796291781e-17
2.202353431448310403e+03 -3.379577141211738239e-18 1.729188281522855859e-17
2.203901574312609682e+03 2.716010066298874312e-18 1.806768130414399678e-17
2.205449717176908962e+03 2.682099861160335161e-17 2.064620793781534853e-17
2.206997860041208241e+03 2.868479660327934860e-17 1.979960495547585508e-17
2.208546002905507521e+03 5.600607531643906704e-17 2.273382066377462515e-17
2.210094145769806801e+03 7.638422384670819580e-17 2.394129640321804829e-17
2.211642288634106080e+03 7.710910889608458788e-17 2.381717926425168245e-17
2.213190431498405360e+03 3.474893816625937064e-17 1.993921749980734164e-17
2.214738574362704639e+03 1.867541818485436958e-17 1.951094883255133590e-17
2.216286717227003919e+03 1.263383965373545164e-17 1.805500542401727915e-17
2.217834860091303199e+03 4.441572110035203484e-17 2.164707801712409730e-17
2.219383002955602478e+03 6.432491730301155154e-17 2.265834635134342898e-17
2.220931145819901758e+03 4.224335446655224791e-17 2.051408341850334271e-17
2.222479288684201038e+03 3.707363772377100444e-17 2.024428783180594247e-17
2.224027431548500317e+03 1.535011982325318962e-17 1.809198942406826158e-17
2.225575574412799597e+03 -2.992909221233879278e-17 1.306117716048341888e-17
2.227123717277098876e+03 3.025224183232396479e-18 1.813730514876743438e-17
2.228671860141398156e+03 1.593755508321375627e-18 1.631177282036256588e-17
2.230220003005697436e+03 2.081627740207846793e-17 1.929926398547570186e-17
2.231768145869996715e+03 2.141086635286245822e-17 1.842089008973928105e-17
2.233316288734295995e+03 3.250020875045693284e-17 1.978747245773014795e-17
2.234864431598595274e+03 2.256592131096775627e-17 1.852331876636815540e-17
2.236412574462894554e+03 9.029514229641184803e-18 1.743544446443382043e-17
2.237960717327193834e+03 5.106794863011978160e-17 2.158531363341042815e-17
2.239508860191493113e+03 3.057625527507635079e-17 1.864613622519761931e-17
2.241057003055792393e+03 3.480241915056580162e-17 2.009576216234978743e-17
2.242605145920091672e+03 5.618663332627226071e-17 2.119341654458366858e-17
2.244153288784390952e+03 4.601982873060652653e-17 1.997377337667214908e-17
2.245701431648690232e+03 3.394708578067802929e-17 1.911696745604646737e-17
2.247249574512989511e+03 3.798500403962688729e-17 1.956693727085577612e-17
2.248797717377288791e+03 1.459344703511123888e-17 1.736796971115129911e-17
2.250345860241588070e+03 3.057829883193346049e-17 1.949670298063831091e-17
2.251894003105887350e+03 5.009541111294590431e-17 2.028504808632914799e-17
2.253442145970186630e+03 2.646698496450226906e-17 1.819185254468003583e-17
2.254990288834485909e+03 1.784974665569279096e-17 1.782373732178533095e-17
2.256538431698785189e+03 1.780029119818768122e-17 1.786054648623321650e-17
2.258086574563084469e+03 -3.387736465420722857e-18 1.552861065572627743e-17
2.259634717427383748e+03 1.470149137533556719e-17 1.740999403118707859e-17
2.261182860291683028e+03 3.959241905157642903e-17 1.966791772240342854e-17
2.262731003155982307e+03 1.817778723150690264e-17 1.716230341878996279e-17
2.264279146020281587e+03 2.324110663887613609e-17 1.832746527819723154e-17
2.265827288884580867e+03 3.657991255496741941e-17 1.966699773314387685e-17
2.267375431748880146e+03 9.092779558525895800e-17 2.384109300082897625e-17
2.268923574613179426e+03 7.113014462653127785e-17 2.111953125381532243e-17
2.270471717477478705e+03 2.507621788409426914e-17 1.762621545222660861e-17
2.272019860341777985e+03 6.591473352197654400e-17 2.169589864105926318e-17
2.273568003206077265e+03 4.345258326819428357e-17 1.890212927448425389e-17
2.275116146070376544e+03 1.773530187041020191e-17 1.758227554228750325e-17
2.276664288934675824e+03 2.588958300927076610e-17 1.827418895082377797e-17
2.278212431798975103e+03 5.593040567929461358e-17 2.071015345183231928e-17
2.279760574663274383e+03 8.518780047011559112e-17 2.282641616897752690e-17
2.281308717527573663e+03 3.653757586131441157e-17 1.802329723333924269e-17
2.282856860391872942e+03 4.077960363004484697e-17 1.965210729983652527e-17
2.284405003256172222e+03 7.901117920364334885e-17 2.226945491067539579e-17
2.285953146120471501e+03 7.983843872258854217e-17 2.191051957319933050e-17
2.287501288984770781e+03 1.014304373543294738e-16 2.392226776844060295e-17
2.289049431849070061e+03 7.115374194721040369e-17 2.088808124921230323e-17
2.290597574713369340e+03 9.374927007391149981e-17 2.315509567809776085e-17
2.292145717577668620e+03 1.001709723882580314e-16 2.322913937278071986e-17
2.293693860441967900e+03 1.050554857480155977e-16 2.354273851594217709e-17
2.295242003306267179e+03 1.225322306060749152e-16 2.480772150188948714e-17
2.296790146170566459e+03 9.884898930060887930e-17 2.287290615242328617e-17
2.298338289034865738e+03 8.709032794455623139e-17 2.227035787948976882e-17
2.299886431899165018e+03 9.408597198272542967e-17 2.315100479303163814e-17
2.301434574763464298e+03 7.959153807980763461e-17 2.145924082261793922e-17
2.302982717627763577e+03 1.276266697315170316e-16 2.526848177458141894e-17
2.304530860492062857e+03 2.047214228999665964e-16 2.962174515425338192e-17
2.306079003356362136e+03 2.062010638471819775e-16 2.881904578695266774e-17
2.307627146220661416e+03 1.781973105873231971e-16 2.714223268229460082e-17
2.309175289084960696e+03 2.131729126847726603e-16 3.006969352997446070e-17
2.310723431949259975e+03 1.478812518007159715e-16 2.474889611708285701e-17
2.312271574813559255e+03 1.343532682471995903e-16 2.528304285686999180e-17
2.313819717677858534e+03 1.183541971398089199e-16 2.383672133308256060e-17
2.315367860542157814e+03 1.312211937087941932e-16 2.523961315949983643e-17
2.316916003406457094e+03 1.505992092788085111e-16 2.630213542349494288e-17
2.318464146270756373e+03 1.448083214150224900e-16 2.532049172885623125e-17
2.320012289135055653e+03 1.600703759501381800e-16 2.705060920466829496e-17
2.321560431999354932e+03 1.306516363138095428e-16 2.388049865449032875e-17
2.323108574863654212e+03 1.480812072729593842e-16 2.613871844303307113e-17
2.324656717727953492e+03 1.390548905402482291e-16 2.488967182454574747e-17
2.326204860592252771e+03 1.250263569917044250e-16 2.419884067919592733e-17
2.327753003456552051e+03 1.471110626171066422e-16 2.570945338641825437e-17
2.329301146320851331e+03 1.273443315860554345e-16 2.357970428632643228e-17
2.330849289185150610e+03 9.533523416106340713e-17 2.220563807049769943e-17
2.332397432049449890e+03 1.270293535077004197e-16 2.488022246436446905e-17
2.333945574913749169e+03 1.679451782257008832e-16 2.679297131210119625e-17
2.335493717778048449e+03 1.157398575985150791e-16 2.286872316611249792e-17
2.337041860642347729e+03 1.055475706764670879e-16 2.315791169993263220e-17
2.338590003506647008e+03 1.247450147786894768e-16 2.415631546991494897e-17
2.340138146370946288e+03 1.349661291650766770e-16 2.509649430654628674e-17
2.341686289235245567e+03 1.327003219259954280e-16 2.410572785457262751e-17
2.343234432099544847e+03 1.047708635522894719e-16 2.232744364623209189e-17
2.344782574963844127e+03 8.114213544171214567e-17 2.105223030124738943e-17
2.346330717828143406e+03 7.926029939868599286e-17 2.100538456462642183e-17
2.347878860692442686e+03 7.987270482615794359e-17 2.097531970197089750e-17
2.349427003556741965e+03 1.013730182832140984e-16 2.274137915260175329e-17
2.350975146421041245e+03 1.192766378199045704e-16 2.343126047449058132e-17
2.352523289285340525e+03 9.818520077157773977e-17 2.163754801214840893e-17
2.354071432149639804e+03 8.580958207213026045e-17 2.125833084647696492e-17
2.355619575013939084e+03 7.584202131486245766e-17 2.043609598443135611e-17
2.357167717878238363e+03 8.251244935101776463e-17 2.133523906452274665e-17
2.358715860742537643e+03 9.944492585897834621e-17 2.212468302784647993e-17
2.360264003606836923e+03 1.394279413142334237e-16 2.505364356898563661e-17
2.361812146471136202e+03 9.613443963752010067e-17 2.125151736335370318e-17
2.363360289335435482e+03 1.238577948447074629e-16 2.464001437720279428e-17
2.364908432199734762e+03 1.105669871044794551e-16 2.227880198453493145e-17
2.366456575064034041e+03 8.600941288884147033e-17 2.076803806911362837e-17
2.368004717928333321e+03 1.283225392012318832e-16 2.455873683599477683e-17
2.369552860792632600e+03 1.168363193857318742e-16 2.277916037584008639e-17
2.371101003656931880e+03 8.994077098139056647e-17 2.117625067158490499e-17
2.372649146521231160e+03 9.594312681458287241e-17 2.233339369480702908e-17
2.374197289385530439e+03 9.223335678152901413e-17 2.130060253738880684e-17
2.375745432249829719e+03 4.436738396684788804e-17 1.757333687492922268e-17
2.377293575114128998e+03 5.341604450351832630e-17 1.901341256915989021e-17
2.378841717978428278e+03 9.238181901645653304e-17 2.184125452462888085e-17
2.380389860842727558e+03 9.589265020627761828e-17 2.158979868796427031e-17
2.381938003707026837e+03 1.187641372160013726e-16 2.334076105364686838e-17
2.383486146571326117e+03 5.888837492511495345e-17 1.827022280418620935e-17
2.385034289435625396e+03 2.688112154680433672e-17 1.654911144200082983e-17
2.386582432299924676e+03 6.401260101043009595e-17 2.027623204810933537e-17
2.388130575164223956e+03 5.236629316244422241e-17 1.817455031873068078e-17
2.389678718028523235e+03 6.714485213503427272e-17 1.998839798830604467e-17
2.391226860892822515e+03 6.553040286655303599e-17 1.963124937369618967e-17
2.392775003757121794e+03 7.135965192165608467e-17 1.992625624303525822e-17
2.394323146621421074e+03 7.334714424958385628e-17 1.998121575377749362e-17
2.395871289485720354e+03 1.043374874440719008e-16 2.226052359024652842e-17
2.397419432350019633e+03 8.732427439719328417e-17 2.056749797358125047e-17
2.398967575214318913e+03 5.364788619328647104e-17 1.827886066474092347e-17
2.400515718078618193e+03 6.056434051804694049e-17 1.932469651507717134e-17
2.402063860942917472e+03 6.777989285227633505e-17 1.958078198128654546e-17
2.403612003807216752e+03 5.753884747090511339e-17 1.870159314702924932e-17
2.405160146671516031e+03 7.225682061785052429e-17 1.993426670041559696e-17
2.406708289535815311e+03 5.895174803149293441e-17 1.882613791443346426e-17
2.408256432400114591e+03 7.144446156640108347e-17 2.007278406658748256e-17
2.409804575264413870e+03 7.527973273049817890e-17 1.992241372284046066e-17
2.411352718128713150e+03 9.350604219159654242e-17 2.149510667970343214e-17
2.412900860993012429e+03 8.691835113086531779e-17 2.052577976702666369e-17
2.414449003857311709e+03 6.079290552000802927e-17 1.886483447433198306e-17
2.415997146721610989e+03 5.609246048868363111e-17 1.876023126600051225e-17
2.417545289585910268e+03 5.260796284605535395e-17 1.819138337264972025e-17
2.419093432450209548e+03 5.176171131301585043e-17 1.837996876376964595e-17
2.420641575314508827e+03 6.698488795866601648e-17 1.961037513741696885e-17
2.422189718178808107e+03 5.795251144269451239e-17 1.857165472172147634e-17
2.423737861043107387e+03 7.369160185263585777e-17 2.004084047407836496e-17
2.425286003907406666e+03 6.328822408972834835e-17 1.889944645384860733e-17
2.426834146771705946e+03 7.242095925684967801e-17 1.970328805483468472e-17
2.428382289636005225e+03 8.110414322381793823e-17 2.010409387573063126e-17
2.429930432500304505e+03 7.321954074786786520e-17 1.958136870989033559e-17
2.431478575364603785e+03 2.452221328537685909e-17 1.527263934482038710e-17
2.433026718228903064e+03 4.960300614957596900e-17 1.853961013214459632e-17
2.434574861093202344e+03 7.916306816400923662e-17 2.008078465658284470e-17
2.436123003957501624e+03 6.368793223483807178e-17 1.880723992385439232e-17
2.437671146821800903e+03 5.522601035361815129e-17 1.861237414631620280e-17
2.439219289686100183e+03 3.691019354862031594e-17 1.656038288267320514e-17
2.440767432550399462e+03 4.095547928483760936e-17 1.722333363629935146e-17
2.442315575414698742e+03 4.207366205073479547e-17 1.720421466459961151e-17
2.443863718278998022e+03 6.303267658543267656e-17 1.889182283101702025e-17
2.445411861143297301e+03 5.676547315450080697e-17 1.795860022226065034e-17
2.446960004007596581e+03 5.438963662919029959e-17 1.833161741520130638e-17
2.448508146871895860e+03 5.996430643686939523e-17 1.868347290999774391e-17
2.450056289736195140e+03 7.225289787629462575e-17 1.955552992939018016e-17
2.451604432600494420e+03 6.181968132887281046e-17 1.854810015483425728e-17
2.453152575464793699e+03 7.014438508600600757e-17 1.937761600051568307e-17
2.454700718329092979e+03 4.322518149529804921e-17 1.659174016031419885e-17
2.456248861193392258e+03 5.068806356726021214e-17 1.798943557471941463e-17
2.457797004057691538e+03 4.967167986608574090e-17 1.747853519013194690e-17
2.459345146921990818e+03 5.248482934645174388e-17 1.800713653097738309e-17
2.460893289786290097e+03 4.507321364226255956e-17 1.698627963683187783e-17
2.462441432650589377e+03 4.660800471940577774e-17 1.753862710100957515e-17
2.463989575514888656e+03 7.078093646058559767e-17 1.963144947354870025e-17
2.465537718379187936e+03 4.654720019586441745e-17 1.678945207035257250e-17
2.467085861243487216e+03 5.114635541622591488e-17 1.789958266179991372e-17
2.468634004107786495e+03 8.608562251197624854e-17 2.069279847421429995e-17
2.470182146972085775e+03 7.991234783817280975e-17 1.904736452652687972e-17
2.471730289836385055e+03 8.967409239109359911e-17 2.034750407835378365e-17
2.473278432700684334e+03 9.505947851545897504e-17 2.037218908103749996e-17
2.474826575564983614e+03 9.555706618845806849e-17 2.045488197646752423e-17
2.476374718429282893e+03 1.046218493487702510e-16 2.139403263986154627e-17
2.477922861293582173e+03 8.988677243865675268e-17 1.987823048054461087e-17
2.479471004157881453e+03 1.200222781029642650e-16 2.228378911524795216e-17
2.481019147022180732e+03 9.109546732321951906e-17 1.966244289641660976e-17
2.482567289886480012e+03 7.473827225858456244e-17 1.930761459105817449e-17
2.484115432750779291e+03 4.168444934527700319e-17 1.629450626482955375e-17
2.485663575615078571e+03 5.256680178162376055e-17 1.790154514106296175e-17
2.487211718479377851e+03 1.037374515669297383e-16 2.136508893049433272e-17
2.488759861343677130e+03 1.040768217180613737e-16 2.060666358332646993e-17
2.490308004207976410e+03 9.504238942849507474e-17 2.045576526068502295e-17
2.491856147072275689e+03 7.371894217889120872e-17 1.884907413644597637e-17
2.493404289936574969e+03 4.920438021730462662e-17 1.717362306857186244e-17
2.494952432800874249e+03 8.429420555043990398e-17 2.050847746683922663e-17
2.496500575665173528e+03 7.288543085268764998e-17 1.855814289531939247e-17
2.498048718529472808e+03 7.841772232100059860e-17 1.968516433284015254e-17
2.499596861393772087e+03 7.798761098722960400e-17 1.904173048977689335e-17
2.501145004258071367e+03 6.028049140339505137e-17 1.756122690473949836e-17
2.502693147122370647e+03 4.771197683669810170e-17 1.706166516672806886e-17
2.504241289986669926e+03 2.830398548326713229e-17 1.541405756043636905e-17
2.505789432850969206e+03 3.405549289751384810e-17 1.630830749379057991e-17
2.507337575715268486e+03 8.001876993779212133e-17 1.989893335077403555e-17
2.508885718579567765e+03 6.176748977111889775e-17 1.739270114708534927e-17
2.510433861443867045e+03 7.559496629587521235e-17 1.948863231367834189e-17
2.511982004308166324e+03 7.906762940412286251e-17 1.884176133001261336e-17
2.513530147172465604e+03 5.934229330011257650e-17 1.752083702623344196e-17
2.515078290036764884e+03 6.536326469838393361e-17 1.815412789848337266e-17
2.516626432901064163e+03 6.746025220282300148e-17 1.799514361462652181e-17
2.518174575765363443e+03 9.838855587205189222e-17 2.058211157711711060e-17
2.519722718629662722e+03 8.345814310950720900e-17 1.875001717192257592e-17
2.521270861493962002e+03 7.209883101887790892e-17 1.869554005688046364e-17
2.522819004358261282e+03 7.165609750553960551e-17 1.843496489430912878e-17
2.524367147222560561e+03 6.926716537374396289e-17 1.806802302355806986e-17
2.525915290086859841e+03 5.857873988025786631e-17 1.728784308315240782e-17
2.527463432951159120e+03 5.008771019711497026e-17 1.682477097287363758e-17
2.529011575815458400e+03 4.107901792638206016e-17 1.611484392116394364e-17
2.530559718679757680e+03 8.415479536056052101e-17 1.994569148293287454e-17
2.532107861544056959e+03 7.692265318301621186e-17 1.815691230769859146e-17
2.533656004408356239e+03 5.143918102752513015e-17 1.694934392285385594e-17
2.535204147272655518e+03 6.551200616397730646e-17 1.818244401126815977e-17
2.536752290136954798e+03 8.133611499408169750e-17 1.898135336995999927e-17
2.538300433001254078e+03 7.508560429910896137e-17 1.871020447078183636e-17
2.539848575865553357e+03 8.932505300122406787e-17 1.933605137138977994e-17
2.541396718729852637e+03 1.074811823953223682e-16 2.077164966183730858e-17
2.542944861594151917e+03 1.033177110114450736e-16 2.014780400956805497e-17
2.544493004458451196e+03 7.368675891825513137e-17 1.797908715149866484e-17
2.546041147322750476e+03 1.026755134401888997e-16 2.090721465425772772e-17
2.547589290187049755e+03 5.937527380456080370e-17 1.648497676120349184e-17
2.549137433051349035e+03 4.159132655174403232e-17 1.627410393004274556e-17
2.550685575915648315e+03 8.742424520156313032e-17 1.984891023508347766e-17
2.552233718779947594e+03 9.360651196672102356e-17 1.924233379976639160e-17
2.553781861644246874e+03 9.224095880771839697e-17 1.941010070554136215e-17
2.555330004508546153e+03 8.975684845729853869e-17 1.914282832372679847e-17
2.556878147372845433e+03 9.483717669795917083e-17 1.933236500187061783e-17
2.558426290237144713e+03 8.415873860455269937e-17 1.868570308465955313e-17
2.559974433101443992e+03 7.719695297016846657e-17 1.834613576694975242e-17
2.561522575965743272e+03 9.457484127362917468e-17 1.990857422814854174e-17
2.563070718830042551e+03 1.003883123632843762e-16 1.990203378942144807e-17
2.564618861694341831e+03 9.276740011665787376e-17 1.941213461225869187e-17
2.566167004558641111e+03 7.578815054577389326e-17 1.800126476352005416e-17
2.567715147422940390e+03 1.021278403454062374e-16 2.024390127565917732e-17
2.569263290287239670e+03 1.214871383222355154e-16 2.084447067287107435e-17
2.570811433151538949e+03 1.357842798800825204e-16 2.195935789795671207e-17
2.572359576015838229e+03 9.516437255524374803e-17 1.886781050553864724e-17
2.573907718880137509e+03 9.128585917649553473e-17 1.966969173249892204e-17
2.575455861744436788e+03 1.085439801874101368e-16 2.008158522324251696e-17
2.577004004608736068e+03 1.161309889561729836e-16 2.061052185045082326e-17
2.578552147473035348e+03 9.326406314161745994e-17 1.903142604187277528e-17
2.580100290337334627e+03 7.076374341472735474e-17 1.791947741437733805e-17
2.581648433201633907e+03 1.075496399346141501e-16 2.058932794601412263e-17
2.583196576065933186e+03 1.177842839088606175e-16 2.077228347166526835e-17
2.584744718930232466e+03 1.003030274776227353e-16 1.945752355897315508e-17
2.586292861794531746e+03 8.608740846159585036e-17 1.851038277901105782e-17
2.587841004658831025e+03 9.174406085701232098e-17 1.897859998689479714e-17
2.589389147523130305e+03 1.031147395172999788e-16 1.976193353592187004e-17
2.590937290387429584e+03 1.116338309951839766e-16 2.041106260634035878e-17
2.592485433251728864e+03 1.198455087209422938e-16 2.076400319992681694e-17
2.594033576116028144e+03 8.491592104140110614e-17 1.808389173151613418e-17
2.595581718980327423e+03 9.871641237628157340e-17 1.979011955331422102e-17
2.597129861844626703e+03 7.423899893956966747e-17 1.767830999378339153e-17
2.598678004708925982e+03 6.211710539148048531e-17 1.730094894249467708e-17
2.600226147573225262e+03 4.824694283389782449e-17 1.575865549927147938e-17
2.601774290437524542e+03 4.603724089886008510e-17 1.620549746642357409e-17
2.603322433301823821e+03 5.467748074603601885e-17 1.673390636967500531e-17
2.604870576166123101e+03 3.478106932231316332e-17 1.501098768192399624e-17
2.606418719030422380e+03 5.645165962782625414e-17 1.727618029414063472e-17
2.607966861894721660e+03 8.908969839896431898e-17 1.885510099217344461e-17
2.609515004759020940e+03 7.290514478598549696e-17 1.737055483543522221e-17
2.611063147623320219e+03 6.242284883999077847e-17 1.733665041362599695e-17
2.612611290487619499e+03 6.266358662078932594e-17 1.724490285791102383e-17
2.614159433351918778e+03 6.051981315997401700e-17 1.721170817557910880e-17
2.615707576216218058e+03 6.631292436730060936e-17 1.773559143584493483e-17
2.617255719080517338e+03 7.215588481938429246e-17 1.782994630779315663e-17
2.618803861944816617e+03 5.884045253137981740e-17 1.677084268909376020e-17
2.620352004809115897e+03 6.388912202114740266e-17 1.752356061111308587e-17
2.621900147673415177e+03 1.098277318410350302e-16 2.035638213961382953e-17
2.623448290537714456e+03 8.570315393465976930e-17 1.796278223342150823e-17
2.624996433402013736e+03 6.156412024499218638e-17 1.695613903560375753e-17
2.626544576266313015e+03 7.272334395774605428e-17 1.775238833256573487e-17
2.628092719130612295e+03 7.832379316670885450e-17 1.823729157184426619e-17
2.629640861994911575e+03 6.837167613249064709e-17 1.751911972412711437e-17
2.631189004859210854e+03 6.669656711960226700e-17 1.740926321232025772e-17
2.632737147723510134e+03 5.901106875188263014e-17 1.680947843115964201e-17
2.634285290587809413e+03 6.748828703464121533e-17 1.758118543339573754e-17
2.635833433452108693e+03 5.857657194549170650e-17 1.672110175958253364e-17
2.637381576316407973e+03 6.598032998802418330e-17 1.756557363738503372e-17
2.638929719180707252e+03 8.149858068405394462e-17 1.815886963861560760e-17
2.640477862045006532e+03 7.764421219332951824e-17 1.795500108211330342e-17
2.642026004909305811e+03 5.316619629182439193e-17 1.622556482010447170e-17
2.643574147773605091e+03 6.349363217471617284e-17 1.718920878817796751e-17
2.645122290637904371e+03 5.102140782638339155e-17 1.588056417666452220e-17
2.646670433502203650e+03 5.057053904269260533e-17 1.659623144167743055e-17
2.648218576366502930e+03 4.998197436662574488e-17 1.615657866120069504e-17
2.649766719230802209e+03 3.361762714899612471e-17 1.510351346364765489e-17
2.651314862095101489e+03 9.831092476691215432e-18 1.294770947487069570e-17
2.652863004959400769e+03 4.256917120154949028e-17 1.603314461116445960e-17
2.654411147823700048e+03 6.957742708371544609e-17 1.725655950840603251e-17
2.655959290687999328e+03 6.203851706952935375e-17 1.685135640589582735e-17
2.657507433552298608e+03 5.310198937974601701e-17 1.661815505786680418e-17
2.659055576416597887e+03 2.068066189511005086e-17 1.380855701972594152e-17
2.660603719280897167e+03 3.742131338441390473e-17 1.574705299008584093e-17
2.662151862145196446e+03 3.420949607357273492e-17 1.472863314074706321e-17
2.663700005009495726e+03 2.815129985336774808e-17 1.456781408152101201e-17
2.665248147873795006e+03 4.660926449412685056e-17 1.582638412588514378e-17
2.666796290738094285e+03 4.939842125047912804e-17 1.589495212487322320e-17
2.668344433602393565e+03 7.720147675156070463e-17 1.802449177194406780e-17
2.669892576466692844e+03 8.616207347536017144e-17 1.857147086699003685e-17
2.671440719330992124e+03 7.179820337612200546e-17 1.740978068313361452e-17
2.672988862195291404e+03 6.590295267374164147e-17 1.719258418029342400e-17
2.674537005059590683e+03 6.252605067551889742e-17 1.710576746299091418e-17
2.676085147923889963e+03 5.337161453896911877e-17 1.633160565400817113e-17
2.677633290788189242e+03 2.965038814248644202e-17 1.446472142250963328e-17
2.679181433652488522e+03 3.419921761231543236e-17 1.530678283009311977e-17
2.680729576516787802e+03 3.312656646753204052e-17 1.484327436811431377e-17
2.682277719381087081e+03 4.588806341672457354e-17 1.594690336661146031e-17
2.683825862245386361e+03 5.269014260094019301e-17 1.628643632200787313e-17
2.685374005109685640e+03 4.063666813903076786e-17 1.536970302660078342e-17
2.686922147973984920e+03 5.909023227995757696e-17 1.680489991975446394e-17
2.688470290838284200e+03 7.372240708942997416e-17 1.784823524773304991e-17
2.690018433702583479e+03 7.066857291705797433e-17 1.744869314592904981e-17
2.691566576566882759e+03 6.347358118016959636e-17 1.699204956031604278e-17
2.693114719431182039e+03 8.076010895718182807e-17 1.828250009852655575e-17
2.694662862295481318e+03 6.724612677802724227e-17 1.709534396296480353e-17
2.696211005159780598e+03 5.455949860407062742e-17 1.661589691119531272e-17
2.697759148024079877e+03 7.196942031605747408e-17 1.758427974353340977e-17
2.699307290888379157e+03 1.134461532218641092e-16 2.015730153877657937e-17
2.700855433752678437e+03 1.000367860417351806e-16 1.903997856000718159e-17
2.702403576616977716e+03 1.068344229839627214e-16 1.986508414096096586e-17
2.703951719481276996e+03 1.174508119539156158e-16 2.015755950750588695e-17
2.705499862345576275e+03 1.004985873183740102e-16 1.946889192062804563e-17
2.707048005209875555e+03 9.687362802344496522e-17 1.910369746075949935e-17
2.708596148074174835e+03 1.024221686033810054e-16 1.924784836017182107e-17
2.710144290938474114e+03 1.137779216934127012e-16 2.002267561453353711e-17
2.711692433802773394e+03 1.219401415118006142e-16 2.034751060057878785e-17
2.713240576667072673e+03 1.123525623531363833e-16 1.972473721484258510e-17
2.714788719531371953e+03 1.279133692826243403e-16 2.088973385336205081e-17
2.716336862395671233e+03 1.515820859745324678e-16 2.201382822313428761e-17
2.717885005259970512e+03 1.322345127859588064e-16 2.093344844560778335e-17
2.719433148124269792e+03 1.232030394864181771e-16 2.055968576854894763e-17
2.720981290988569071e+03 1.322995176982339793e-16 2.121066381038357784e-17
2.722529433852868351e+03 1.473095228871089691e-16 2.182121947701842762e-17
2.724077576717167631e+03 1.209025643599898102e-16 2.018418587797006651e-17
2.725625719581466910e+03 1.221859745985866043e-16 2.064637098778656433e-17
2.727173862445766190e+03 1.257884320760316419e-16 2.066256043184003710e-17
2.728722005310065470e+03 8.205593542624941701e-17 1.828282191374544743e-17
2.730270148174364749e+03 9.875510097672201229e-17 1.938044727861386568e-17
2.731818291038664029e+03 1.407481643330999533e-16 2.166578141163421391e-17
2.733366433902963308e+03 1.277040023571862769e-16 2.099602091570713577e-17
2.734914576767262588e+03 1.523257036548502222e-16 2.248195376632139664e-17
2.736462719631561868e+03 1.601546008857972024e-16 2.276037002302248360e-17
2.738010862495861147e+03 1.783029092471590279e-16 2.362876983031637462e-17
2.739559005360160427e+03 2.379686144625982235e-16 2.618091241371646488e-17
2.741107148224459706e+03 2.618799088000513451e-16 2.729368323364405143e-17
2.742655291088758986e+03 2.986860405019717194e-16 2.845029384527514563e-17
2.744203433953058266e+03 3.596907404427247126e-16 3.094607623019296626e-17
2.745751576817357545e+03 3.787137891289730712e-16 3.188712728301354517e-17
2.747299719681656825e+03 4.226386952530413239e-16 3.342769606700250970e-17
2.748847862545956104e+03 4.851442433478493164e-16 3.543902155139804608e-17
2.750396005410255384e+03 5.763452674596512947e-16 3.799786773968101084e-17
2.751944148274554664e+03 5.969780595748925648e-16 3.866182506455754803e-17
2.753492291138853943e+03 5.884260389536824085e-16 3.879277524386503096e-17
2.755040434003153223e+03 6.669683993792465971e-16 4.044552133338548991e-17
2.756588576867452502e+03 7.243526044099626613e-16 4.256618669105839698e-17
2.758136719731751782e+03 7.331811995845514282e-16 4.292280829631382533e-17
2.759684862596051062e+03 7.248437994225484597e-16 4.201338751757826547e-17
2.761233005460350341e+03 7.828184212229485359e-16 4.415200277246812861e-17
2.762781148324649621e+03 8.120865479893640236e-16 4.460618908574249351e-17
2.764329291188948901e+03 7.909686517570648592e-16 4.370885510881667711e-17
2.765877434053248180e+03 7.948199768269822042e-16 4.432010900192914301e-17
2.767425576917547460e+03 7.888439536176266683e-16 4.377789044066367106e-17
2.768973719781846739e+03 7.740591844054701947e-16 4.359267268942987432e-17
2.770521862646146019e+03 7.745171950918604102e-16 4.398197997812329357e-17
2.772070005510445299e+03 7.903614465178385157e-16 4.428539725025674216e-17
2.773618148374744578e+03 7.930766383331248520e-16 4.443633104351987543e-17
2.775166291239043858e+03 7.383236722131738865e-16 4.321660923239660643e-17
2.776714434103343137e+03 7.284239218666236732e-16 4.311529005322716540e-17
2.778262576967642417e+03 7.281828572809306739e-16 4.288288139180675679e-17
2.779810719831941697e+03 7.255517594427890905e-16 4.288559067384553791e-17
2.781358862696240976e+03 7.571379195533102661e-16 4.385869275355159275e-17
2.782907005560540256e+03 7.215908499965557364e-16 4.298466122539993024e-17
2.784455148424839535e+03 6.339956866323778760e-16 4.075011849290867775e-17
2.786003291289138815e+03 6.204502343125708412e-16 3.994990187195682730e-17
2.787551434153438095e+03 6.614959399053523128e-16 4.105250937425252425e-17
2.789099577017737374e+03 6.236916828363265836e-16 4.061811454164175875e-17
2.790647719882036654e+03 5.991036702468428035e-16 3.988349100462577733e-17
2.792195862746335933e+03 5.234249418653812524e-16 3.747426534263490979e-17
2.793744005610635213e+03 4.932997049345784860e-16 3.651485124045542018e-17
2.795292148474934493e+03 4.818225908167159140e-16 3.636654455762430046e-17
2.796840291339233772e+03 3.087057399718796419e-16 3.019228398608259935e-17
2.798388434203533052e+03 1.978404447659131635e-16 2.508283909703578752e-17
2.799936577067832332e+03 2.701001747817692322e-16 2.834928126065001138e-17
2.801484719932131611e+03 3.153590198328074291e-16 3.068173121347253186e-17
2.803032862796430891e+03 2.711058628491744757e-16 2.878274726594999926e-17
2.804581005660730170e+03 2.173074866392846725e-16 2.690282769901255296e-17
2.806129148525029450e+03 1.797659289653765583e-16 2.470168327121054166e-17
2.807677291389328730e+03 2.315261047411106899e-16 2.680981020376747280e-17
2.809225434253628009e+03 3.011366015331468988e-16 2.990080922135140932e-17
2.810773577117927289e+03 3.498944575909479097e-16 3.193716509593720801e-17
2.812321719982226568e+03 3.581107182918358813e-16 3.229208331118605501e-17
2.813869862846525848e+03 3.407189324502930732e-16 3.154643290205431627e-17
2.815418005710825128e+03 3.018493758760545178e-16 3.020402834486009951e-17
2.816966148575124407e+03 3.236699985263014725e-16 3.067255623549232082e-17
2.818514291439423687e+03 3.572496387042578541e-16 3.201937657437149576e-17
2.820062434303722966e+03 3.001628802659950269e-16 3.001154481665244200e-17
2.821610577168022246e+03 2.905250748706131631e-16 2.941266014007920360e-17
2.823158720032321526e+03 3.417778451795726456e-16 3.159772584229358005e-17
2.824706862896620805e+03 3.513867344170631213e-16 3.221142795605963067e-17
2.826255005760920085e+03 2.974004598771658539e-16 3.009677641740582400e-17
2.827803148625219364e+03 2.922538985147717894e-16 2.967248600572539889e-17
2.829351291489518644e+03 3.088176419173491965e-16 3.073434149253522073e-17
2.830899434353817924e+03 2.759531653376448421e-16 2.911705988912435328e-17
2.832447577218117203e+03 2.637098137233989532e-16 2.904223141535906155e-17
2.833995720082416483e+03 2.339034513998888320e-16 2.743534788649118528e-17
2.835543862946715763e+03 2.147212129849158503e-16 2.690282778166512459e-17
2.837092005811015042e+03 2.059911074305944085e-16 2.595042675460665712e-17
2.838640148675314322e+03 2.270894713689404583e-16 2.733766715169739556e-17
2.840188291539613601e+03 1.927291271510764306e-16 2.569358395258336314e-17
2.841736434403912881e+03 1.960577540719668583e-16 2.578870808488999502e-17
2.843284577268212161e+03 2.035445914887651828e-16 2.623060790106214574e-17
2.844832720132511440e+03 1.991831290633830489e-16 2.653174999357355909e-17
2.846380862996810720e+03 1.680976154933694816e-16 2.475142013062878861e-17
2.847929005861109999e+03 1.735343386528157773e-16 2.508185382038985946e-17
2.849477148725409279e+03 1.810290889557040565e-16 2.518453129322197026e-17
2.851025291589708559e+03 1.858937993779609456e-16 2.552830149412297240e-17
2.852573434454007838e+03 1.612476994020933314e-16 2.510559169851353748e-17
2.854121577318307118e+03 9.293600045643705745e-17 2.080505208276909720e-17
2.855669720182606397e+03 5.412900545234859998e-17 1.861984370245693860e-17
2.857217863046905677e+03 5.953705575002470586e-17 1.816795215602842507e-17
2.858766005911204957e+03 1.075577053693933120e-16 2.204087112940771484e-17
2.860314148775504236e+03 7.774345355963891637e-17 2.060805014968642485e-17
2.861862291639803516e+03 6.161916152817563305e-17 1.894587746690275336e-17
2.863410434504102795e+03 8.428664900281879904e-17 2.068591563497193111e-17
2.864958577368402075e+03 7.494366849670752001e-17 1.994080744212593733e-17
2.866506720232701355e+03 9.969351015850893562e-17 2.108107617000442197e-17
2.868054863097000634e+03 1.310485602261778033e-16 2.399936715810937699e-17
2.869603005961299914e+03 1.000721548526890992e-16 2.181607998064502607e-17
2.871151148825599194e+03 1.022769650605250809e-16 2.232568185339975423e-17
2.872699291689898473e+03 9.803774431526953379e-17 2.170714294168100437e-17
2.874247434554197753e+03 1.080934127678443828e-16 2.304045771749771373e-17
2.875795577418497032e+03 8.729308121832055088e-17 2.133340596577606254e-17
2.877343720282796312e+03 8.771437026107380153e-17 2.184834758750738979e-17
2.878891863147095592e+03 5.457042531726927637e-17 1.915206969501480687e-17
2.880440006011394871e+03 6.847669480408557713e-17 2.027657528966733345e-17
2.881988148875694151e+03 6.716141773586191096e-17 2.060880470885797760e-17
2.883536291739993430e+03 4.672755939233931571e-17 1.849393094444485762e-17
2.885084434604292710e+03 8.926120029579525476e-17 2.144368779929772715e-17
2.886632577468591990e+03 1.051662109317627703e-16 2.283985895189515538e-17
2.888180720332891269e+03 7.977113115555553220e-17 2.158575885635444224e-17
2.889728863197190549e+03 6.999475757964111493e-17 2.029391411768106692e-17
2.891277006061489828e+03 8.333897855036504227e-17 2.198438422448918307e-17
2.892825148925789108e+03 6.645192899809890962e-17 2.038524419354627281e-17
2.894373291790088388e+03 1.142259929177462386e-16 2.252553924843633493e-17
2.895921434654387667e+03 1.590020064301396209e-16 2.745390372890452593e-17
2.897469577518686947e+03 7.140707422498571861e-17 2.125147991334947078e-17
2.899017720382986226e+03 5.202035883199699651e-17 1.965555806057972976e-17
2.900565863247285506e+03 6.392286983612254073e-17 2.063445178537265465e-17
2.902114006111584786e+03 8.275334761041855195e-17 2.156908936881703367e-17
2.903662148975884065e+03 1.017723181405787721e-16 2.417809346371950284e-17
2.905210291840183345e+03 8.969412213334665261e-17 2.254906289899927639e-17
2.906758434704482625e+03 1.022116608747961066e-16 2.397965887148991047e-17
2.908306577568781904e+03 9.067795762011780317e-17 2.281186966057797419e-17
2.909854720433081184e+03 1.143451566248746980e-16 2.459691870450642718e-17
2.911402863297380463e+03 1.281794739302433428e-16 2.579951023286571515e-17
2.912951006161679743e+03 1.012400389670887646e-16 2.438155196910354011e-17
2.914499149025979023e+03 1.042661089356072877e-16 2.386394422473731206e-17
2.916047291890278302e+03 1.455108623149338867e-16 2.701778332712964907e-17
2.917595434754577582e+03 1.190929222763226268e-16 2.642893179687456250e-17
2.919143577618876861e+03 7.045655341146229675e-17 2.250114463176391949e-17
2.920691720483176141e+03 8.650848133839806624e-17 2.332380424528375706e-17
2.922239863347475421e+03 1.019034349720054214e-16 2.516093388795805045e-17
2.923788006211774700e+03 8.512644623142696142e-17 2.351916879757790203e-17
2.925336149076073980e+03 7.725899129646520779e-17 2.426847727024767964e-17
2.926884291940373259e+03 4.299172112797096004e-17 2.023243096860793873e-17
2.928432434804672539e+03 7.747859627924296044e-17 2.343384893247363750e-17
2.929980577668971819e+03 9.004157411609946714e-17 2.462326177532784188e-17
2.931528720533271098e+03 8.822174183383599425e-17 2.413891840953809184e-17
2.933076863397570378e+03 1.004439385687319588e-16 2.598407641022990640e-17
2.934625006261869657e+03 9.309741983016551473e-17 2.510006591702059560e-17
2.936173149126168937e+03 8.092188159985289461e-17 2.495456248238043606e-17
2.937721291990468217e+03 7.486287236734914194e-17 2.363753168403306477e-17
2.939269434854767496e+03 8.756772127784626202e-17 2.614043726954474449e-17
2.940817577719066776e+03 5.013950794286697655e-17 2.190197203506957657e-17
2.942365720583366056e+03 8.674273037672980123e-17 2.530656725844621510e-17
2.943913863447665335e+03 7.656251542492640652e-17 2.508707275152845207e-17
2.945462006311964615e+03 6.005932997470646294e-17 2.329259853210179201e-17
2.947010149176263894e+03 8.750323727578141240e-17 2.603555297331801882e-17
2.948558292040563174e+03 7.231492679141853395e-17 2.532230761274867968e-17
2.950106434904862454e+03 5.211416854713584460e-17 2.241351115516693498e-17
2.951654577769161733e+03 8.809748025389229576e-17 2.626196043557541486e-17
2.953202720633461013e+03 8.422720988166065775e-17 2.494535168042524750e-17
2.954750863497760292e+03 1.232206336498398522e-16 2.872601861657580973e-17
2.956299006362059572e+03 4.484516466272126826e-17 2.415573804812803558e-17
2.957847149226358852e+03 2.732124595884967000e-17 2.012736236172067081e-17
2.959395292090658131e+03 1.060009675125993241e-16 2.848531997224953733e-17
2.960943434954957411e+03 6.214096388831985377e-17 2.538844946599827628e-17
2.962491577819256690e+03 5.131464887435585141e-17 2.387509574857848529e-17
2.964039720683555970e+03 2.769908090480084455e-17 2.223673130110443884e-17
2.965587863547855250e+03 5.864485939158095897e-17 2.434506110934731396e-17
2.967136006412154529e+03 8.986220578992645139e-17 2.802676611981784635e-17
2.968684149276453809e+03 3.416649015629542056e-17 2.382817535942352268e-17
2.970232292140753088e+03 3.775970437309477170e-17 2.225968800067257631e-17
2.971780435005052368e+03 9.585137618233814855e-17 2.848419502157601050e-17
2.973328577869351648e+03 6.458689499182845838e-17 2.647891799679147988e-17
2.974876720733650927e+03 6.730730294355575052e-17 2.601701236017682080e-17
2.976424863597950207e+03 1.051953400621757135e-16 3.036257356802828487e-17
2.977973006462249487e+03 3.589757938324500143e-17 2.438334850534368263e-17
2.979521149326548766e+03 3.773331461792197491e-17 2.420437652636319252e-17
2.981069292190848046e+03 6.094111081242763917e-17 2.679906694099373441e-17
2.982617435055147325e+03 4.959899122581367653e-17 2.605516682796314203e-17
2.984165577919446605e+03 3.172207248030181390e-17 2.531037342988954061e-17
2.985713720783745885e+03 9.524231384778068464e-18 2.236887894861769044e-17
2.987261863648045164e+03 4.977569806581035769e-17 2.663723073723286433e-17
2.988810006512344444e+03 5.713290567769355216e-17 2.741736612326673775e-17
2.990358149376643723e+03 5.790767608047286709e-17 2.833662667820031124e-17
2.991906292240943003e+03 1.535564916004844317e-17 2.455622472184114026e-17
2.993454435105242283e+03 2.636055053338850551e-17 2.464815133081593149e-17
2.995002577969541562e+03 8.276898006376229398e-17 3.013513376139517828e-17
2.996550720833840842e+03 1.137421617125856492e-16 3.367956681973004194e-17
2.998098863698140121e+03 7.803653852313584478e-17 3.047578253889551349e-17
2.999647006562439401e+03 3.648079730635066661e-17 2.814580957898290249e-17
3.001195149426738681e+03 8.817469963647049521e-18 2.242937535239375606e-17
3.002743292291037960e+03 1.215432346984271122e-16 3.565781643916895758e-17
3.004291435155337240e+03 2.246135859529173107e-17 2.650632515528550409e-17
3.005839578019636519e+03 3.240594693860411250e-17 2.782473921629426850e-17
3.007387720883935799e+03 3.308308085158359918e-17 2.755383932355048669e-17
3.008935863748235079e+03 5.943818918487814054e-17 3.121232792602386307e-17
3.010484006612534358e+03 2.903379832365521241e-17 2.811324832800383504e-17
3.012032149476833638e+03 1.441977203645302430e-17 2.623491492926152618e-17
3.013580292341132917e+03 3.848717201061699332e-17 2.918167752776678252e-17
3.015128435205432197e+03 4.644266959194027060e-17 2.973937855775828730e-17
3.016676578069731477e+03 5.426087474356010656e-17 3.135915112947171550e-17
3.018224720934030756e+03 3.346829219012715098e-17 2.899918577442549804e-17
3.019772863798330036e+03 3.730224807411634459e-17 3.030387535168696054e-17
3.021321006662629316e+03 3.859730452316185177e-17 3.141748235261808261e-17
3.022869149526928595e+03 2.501679310550806875e-17 2.902876508922346643e-17
3.024417292391227875e+03 1.088153742815593699e-16 3.745228202025648296e-17
3.025965435255527154e+03 9.398960689332539573e-17 3.734818309196253582e-17
3.027513578119826434e+03 2.305686428045139324e-17 2.905066254565864944e-17
3.029061720984125714e+03 5.803912137056400375e-17 3.287006229492852593e-17
3.030609863848424993e+03 6.447525334096990746e-17 3.563290045734693013e-17
3.032158006712724273e+03 1.819049388070675163e-17 3.009237094981797449e-17
3.033706149577023552e+03 3.349835242641348601e-17 3.286668736086145010e-17
3.035254292441322832e+03 4.864822354198198773e-18 2.831746964286133481e-17
3.036802435305622112e+03 6.202163027954238717e-17 3.585392547729629253e-17
3.038350578169921391e+03 1.782068192204234232e-17 3.104917303710794812e-17
3.039898721034220671e+03 8.340641321643238177e-17 3.734010415572971399e-17
3.041446863898519950e+03 1.085438300624466215e-16 4.110801632324029057e-17
3.042995006762819230e+03 1.877771603507364614e-17 3.325343236108644111e-17
3.044543149627118510e+03 9.936222588909759450e-18 3.036034601841867188e-17
3.046091292491417789e+03 6.772837199638126612e-17 3.862701569735441440e-17
3.047639435355717069e+03 -3.217974152669802246e-18 3.047708204582618309e-17
3.049187578220016348e+03 6.463743362398481467e-17 3.889946635322294715e-17
3.050735721084315628e+03 2.599079281510814071e-17 3.571058726747317561e-17
3.052283863948614908e+03 2.051324554029534910e-17 3.410784672886537899e-17
3.053832006812914187e+03 4.774964977024515574e-17 3.718626088480376641e-17
3.055380149677213467e+03 5.970866236155140529e-17 4.012791522208410725e-17
3.056928292541512747e+03 6.793111297507620662e-17 4.108196467734934239e-17
3.058476435405812026e+03 7.130814894906163930e-18 3.525141422654213769e-17
3.060024578270111306e+03 1.584077585564354715e-17 3.645039106149047301e-17
3.061572721134410585e+03 5.887481694119102334e-19 3.445190785221435731e-17
3.063120863998709865e+03 2.019508765969078056e-17 3.787082276219453046e-17
3.064669006863009145e+03 2.232811177318793064e-17 3.778784898580987535e-17
3.066217149727308424e+03 1.568021122109976485e-19 3.508656649969439764e-17
3.067765292591607704e+03 6.140712301799890310e-17 4.389399660962386174e-17
3.069313435455906983e+03 -2.800976575798800512e-17 3.248137254280649463e-17
3.070861578320206263e+03 6.396987698202440612e-17 4.500369759143281617e-17
3.072409721184505543e+03 2.838824452847502089e-18 3.894118466441105832e-17
3.073957864048804822e+03 -4.953245376451741605e-17 3.008125927966590223e-17
3.075506006913104102e+03 6.083917376513715059e-17 4.548932427049060310e-17
3.077054149777403381e+03 1.408154661678718367e-17 4.134549653069864407e-17
3.078602292641702661e+03 5.789614698864001605e-17 4.732890189397481396e-17
3.080150435506001941e+03 2.910733091808188661e-17 4.322645968252038163e-17
3.081698578370301220e+03 -9.125383269742112289e-17 2.696977853208287601e-17
3.083246721234600500e+03 3.857849040992241308e-18 4.139729868134662899e-17
3.084794864098899779e+03 -6.647127618510105706e-18 4.142605610831638792e-17
3.086343006963199059e+03 -2.749070472014969287e-17 3.874014314267961855e-17
3.087891149827498339e+03 -9.211988633882742835e-17 2.753266240087001502e-17
3.089439292691797618e+03 2.950327365049664233e-17 4.618443955092946762e-17
3.090987435556096898e+03 5.402638737328449323e-17 4.943606809769629257e-17
3.092535578420396178e+03 1.401983485687927749e-16 6.075143865558726653e-17
3.094083721284695457e+03 5.619393996457009977e-17 5.192346233381980676e-17
3.095631864148994737e+03 -9.730661884261637719e-17 2.923881307398850633e-17
3.097180007013294016e+03 2.640100095092681607e-17 4.860679879624636613e-17
3.098728149877593296e+03 5.472014421740083549e-17 5.243871115849756379e-17
3.100276292741892576e+03 1.133638399468852369e-16 5.892805021985863711e-17
3.101824435606191855e+03 1.738256414541510663e-16 6.608761004288444254e-17
3.103372578470491135e+03 2.615260972241369443e-17 5.046258885602502608e-17
3.104920721334790414e+03 -2.772023640441497802e-17 4.471846260222744504e-17
3.106468864199089694e+03 1.089877994576530234e-16 6.167429302741996731e-17
3.108017007063388974e+03 -2.200526423870142147e-17 4.728608221998507944e-17
3.109565149927688253e+03 -5.468034951153205238e-17 4.367910722583263337e-17
3.111113292791987533e+03 1.036660587334503500e-16 6.313944992175979121e-17
3.112661435656286812e+03 9.864067924201771120e-17 6.297559599171184664e-17
3.114209578520586092e+03 6.802578285704056636e-17 6.069130035262569954e-17
3.115757721384885372e+03 4.546799906588977118e-17 5.692182537420223501e-17
3.117305864249184651e+03 3.658453157337886511e-17 5.753207269506435181e-17
3.118854007113483931e+03 -8.999112757848248950e-18 5.136571534466717586e-17
3.120402149977783210e+03 -9.205541293383918108e-17 4.191715259335443426e-17
3.121950292842082490e+03 8.109534349277355007e-17 6.458698971829693745e-17
3.123498435706381770e+03 5.994128951395609405e-17 6.070443672316634675e-17
3.125046578570681049e+03 -1.044796276614694530e-16 3.891725690217927208e-17
3.126594721434980329e+03 -1.291836701180104452e-17 5.202381435073856687e-17
3.128142864299279609e+03 2.284134964882059044e-18 5.506963935284158504e-17
3.129691007163578888e+03 -2.974937046157914239e-17 5.151184681785377402e-17
3.131239150027878168e+03 4.864792959812610452e-17 6.268842104928178982e-17
3.132787292892177447e+03 2.019675983500708981e-17 6.055269965536206544e-17
3.134335435756476727e+03 -1.931539010031812548e-17 5.483707539135717749e-17
3.135883578620776007e+03 6.829669199259465649e-17 7.173702050110987769e-17
3.137431721485075286e+03 -6.026630331785080766e-17 5.499238133263346075e-17
3.138979864349374566e+03 2.024058141241481572e-16 8.503476512929891541e-17
3.140528007213673845e+03 5.015223807743484713e-18 5.729471225904997224e-17
