# AT2025NQF ofhg09010 G230LB CCD z=0.0 a2center=114.8 extrsize=7 exptime=2022.0 mode=fixed flags=finder_fail,extended_host
# rest_wvl obs_wvl flux error net dq mask
1668.4537 1668.4537 3.096218e-14 8.158579e-15 3.869168e-02 512 0
1669.8231 1669.8231 -2.560894e-14 8.205400e-15 -7.065941e-02 16400 0
1671.1926 1671.1926 -2.553143e-14 7.629089e-15 -7.309368e-02 16384 0
1672.5621 1672.5621 3.262683e-14 7.244586e-15 5.055125e-02 0 0
1673.9316 1673.9316 3.653297e-14 7.212729e-15 6.307510e-02 0 0
1675.3011 1675.3011 2.575307e-14 6.835124e-15 4.282409e-02 0 0
1676.6707 1676.6707 -1.279040e-14 5.400976e-15 -4.229496e-02 16384 0
1678.0402 1678.0402 -6.931049e-16 5.707418e-15 -5.814249e-03 0 0
1679.4098 1679.4098 -1.435877e-14 6.157591e-15 -5.088909e-02 16400 0
1680.7794 1680.7794 -1.203460e-14 6.881601e-15 -4.411196e-02 16400 0
1682.1490 1682.1490 6.936057e-15 5.081417e-15 1.016369e-02 0 0
1683.5186 1683.5186 3.027177e-15 4.695661e-15 1.973972e-03 0 0
1684.8882 1684.8882 7.979635e-15 4.772444e-15 1.363297e-02 0 0
1686.2579 1686.2579 -3.725547e-15 4.708187e-15 -1.546336e-02 16384 0
1687.6276 1687.6276 -3.015828e-16 6.161194e-15 -5.273198e-03 16 0
1688.9973 1688.9973 -9.295719e-15 5.948311e-15 -4.078300e-02 16400 0
1690.3670 1690.3670 2.858803e-14 5.788306e-15 7.227634e-02 0 0
1691.7367 1691.7367 -2.338379e-15 4.707815e-15 -1.079906e-02 16384 0
1693.1064 1693.1064 2.068538e-14 4.925638e-15 5.307066e-02 0 0
1694.4762 1694.4762 5.621962e-15 3.891182e-15 1.103369e-02 0 0
1695.8459 1695.8459 4.166787e-14 6.605579e-15 1.228914e-01 16 0
1697.2157 1697.2157 3.893892e-14 5.510440e-15 1.167296e-01 0 0
1698.5855 1698.5855 -6.273165e-15 5.361473e-15 -3.244589e-02 16400 0
1699.9554 1699.9554 -1.133662e-14 4.469407e-15 -5.985019e-02 16400 0
1701.3252 1701.3252 1.122428e-14 3.658271e-15 3.060281e-02 0 0
1702.6950 1702.6950 2.679620e-14 4.177240e-15 8.418646e-02 0 0
1704.0649 1704.0649 -5.419145e-14 9.857196e-15 -3.032685e-01 16400 0
1705.4348 1705.4348 1.858373e-15 3.358378e-15 1.844577e-03 0 0
1706.8047 1706.8047 2.710509e-15 3.010852e-15 4.779129e-03 0 0
1708.1746 1708.1746 2.089069e-14 3.139199e-15 6.921433e-02 0 0
1709.5445 1709.5445 2.239646e-15 3.163962e-15 3.559449e-03 0 0
1710.9145 1710.9145 1.875470e-14 4.047250e-15 6.375872e-02 16 0
1712.2844 1712.2844 -1.432419e-15 3.053879e-15 -8.896790e-03 16384 0
1713.6544 1713.6544 7.341379e-15 2.970402e-15 2.254949e-02 0 0
1715.0244 1715.0244 3.405594e-15 3.196363e-15 8.437691e-03 16 0
1716.3944 1716.3944 -2.524969e-14 5.575496e-15 -1.643994e-01 16400 0
1717.7644 1717.7644 6.001700e-14 4.775910e-15 2.569301e-01 0 0
1719.1345 1719.1345 -5.469319e-15 3.605129e-15 -3.669190e-02 16400 0
1720.5045 1720.5045 -7.925404e-15 3.285440e-15 -5.394918e-02 16384 0
1721.8746 1721.8746 4.595223e-15 2.764818e-15 1.425549e-02 0 0
1723.2447 1723.2447 1.303480e-14 3.293187e-15 4.960532e-02 0 0
1724.6148 1724.6148 -8.628973e-15 4.064375e-15 -6.128434e-02 16400 0
1725.9849 1725.9849 1.115973e-14 3.461444e-15 4.301391e-02 16 0
1727.3550 1727.3550 1.391517e-15 1.807500e-14 2.109599e-03 16 0
1728.7252 1728.7252 -1.810423e-15 2.731059e-15 -1.339175e-02 16384 0
1730.0953 1730.0953 -3.960762e-14 5.937776e-15 -2.968851e-01 16400 0
1731.4655 1731.4655 1.401713e-15 2.742199e-15 2.473320e-03 0 0
1732.8357 1732.8357 4.152655e-15 3.140537e-15 1.460675e-02 0 0
1734.2059 1734.2059 2.444333e-15 2.774058e-15 7.271589e-03 0 0
1735.5761 1735.5761 -3.613648e-15 2.565347e-15 -2.852384e-02 16384 0
1736.9464 1736.9464 -8.787914e-15 3.025680e-15 -7.024216e-02 16400 0
1738.3166 1738.3166 -2.424375e-14 4.718147e-15 -1.962050e-01 16400 0
1739.6869 1739.6869 1.443553e-15 2.983721e-15 3.308760e-03 0 0
1741.0572 1741.0572 1.646687e-14 2.787820e-15 7.804647e-02 0 0
1742.4275 1742.4275 6.386589e-15 2.285149e-15 2.737988e-02 0 0
1743.7978 1743.7978 -3.606900e-15 2.030917e-15 -3.064369e-02 16384 0
1745.1681 1745.1681 -5.929601e-16 2.124535e-15 -5.991531e-03 0 0
1746.5385 1746.5385 2.478263e-15 2.173779e-15 8.937841e-03 0 0
1747.9088 1747.9088 -2.380378e-15 2.183815e-15 -2.094931e-02 16384 0
1749.2792 1749.2792 -5.966014e-15 2.724798e-15 -5.311776e-02 16400 0
1750.6496 1750.6496 1.313457e-14 3.185490e-15 6.667076e-02 16 0
1752.0200 1752.0200 7.618136e-15 2.313870e-15 3.684116e-02 0 0
1753.3904 1753.3904 -2.562271e-15 1.841092e-15 -2.356271e-02 16384 0
1754.7609 1754.7609 1.884215e-15 2.028306e-15 6.798679e-03 0 0
1756.1313 1756.1313 1.347073e-14 2.653330e-15 7.188400e-02 0 0
1757.5018 1757.5018 -7.610385e-16 2.216644e-15 -7.219135e-03 16384 0
1758.8722 1758.8722 -8.688843e-15 2.486450e-15 -8.326016e-02 16400 0
1760.2427 1760.2427 4.475523e-15 2.013256e-15 2.167216e-02 0 0
1761.6132 1761.6132 1.506053e-14 2.306437e-15 8.507922e-02 0 0
1762.9838 1762.9838 2.002956e-15 2.061443e-15 8.224538e-03 0 0
1764.3543 1764.3543 1.534144e-15 4.238666e-15 5.720202e-03 16 0
1765.7248 1765.7248 -6.678452e-15 2.368916e-15 -6.722385e-02 16400 0
1767.0954 1767.0954 -5.039999e-15 2.290087e-15 -5.121545e-02 16384 0
1768.4660 1768.4660 4.154863e-15 1.818934e-15 2.139728e-02 0 0
1769.8366 1769.8366 3.971913e-15 2.039804e-15 2.055217e-02 0 0
1771.2072 1771.2072 9.398501e-16 1.689385e-15 2.766383e-03 0 0
1772.5778 1772.5778 -1.782209e-15 1.777943e-15 -1.879228e-02 16384 0
1773.9485 1773.9485 3.630833e-15 1.770479e-15 1.917365e-02 0 0
1775.3191 1775.3191 1.365610e-15 2.464562e-15 5.544230e-03 16 0
1776.6898 1776.6898 4.358288e-16 1.833453e-15 1.432095e-05 0 0
1778.0605 1778.0605 -1.138897e-15 1.810344e-15 -1.243894e-02 16384 0
1779.4311 1779.4311 4.306983e-15 1.900031e-15 2.436202e-02 0 0
1780.8019 1780.8019 -1.023407e-14 2.587407e-15 -1.136883e-01 16400 0
1782.1726 1782.1726 -5.967140e-15 1.922458e-15 -6.684402e-02 16400 0
1783.5433 1783.5433 -6.995485e-15 2.674176e-15 -7.901195e-02 16400 0
1784.9141 1784.9141 9.241531e-16 1.715059e-15 3.376141e-03 0 0
1786.2848 1786.2848 4.200799e-15 1.681220e-15 2.491219e-02 0 0
1787.6556 1787.6556 -2.883060e-15 1.789910e-15 -3.336585e-02 16384 0
1789.0264 1789.0264 3.285788e-15 1.960229e-15 1.921718e-02 16 0
1790.3972 1790.3972 4.664282e-15 1.718909e-15 2.883540e-02 0 0
1791.7680 1791.7680 1.642212e-14 2.286558e-15 1.161361e-01 0 0
1793.1389 1793.1389 3.308971e-15 1.558903e-15 1.996705e-02 0 0
1794.5097 1794.5097 1.079153e-14 1.669533e-15 7.451496e-02 0 0
1795.8806 1795.8806 -1.352295e-15 1.493421e-15 -1.641550e-02 16384 0
1797.2515 1797.2515 6.985960e-15 1.892933e-15 4.713956e-02 16 0
1798.6223 1798.6223 -2.785300e-14 7.780922e-15 -3.434861e-01 16400 0
1799.9932 1799.9932 9.915394e-16 1.474316e-15 4.596137e-03 0 0
1801.3642 1801.3642 3.490187e-15 1.531888e-15 2.249160e-02 0 0
1802.7351 1802.7351 3.999719e-15 1.418976e-15 2.644924e-02 0 0
1804.1060 1804.1060 2.122944e-15 1.661237e-15 1.293864e-02 0 0
1805.4770 1805.4770 -4.348057e-16 1.561279e-15 -5.578837e-03 16384 0
1806.8480 1806.8480 -6.036769e-15 2.084943e-15 -7.807312e-02 16400 0
1808.2190 1808.2190 -2.296733e-15 1.375599e-15 -2.993976e-02 16384 0
1809.5900 1809.5900 -7.497420e-16 1.364102e-15 -9.851132e-03 16384 0
1810.9610 1810.9610 -5.382686e-16 1.489053e-15 -7.128483e-03 16384 0
1812.3320 1812.3320 1.245626e-14 1.857382e-15 9.777317e-02 0 0
1813.7030 1813.7030 -6.350522e-15 2.010597e-15 -8.543297e-02 16400 0
1815.0741 1815.0741 1.445858e-15 1.519086e-15 8.867770e-03 0 0
1816.4452 1816.4452 2.274628e-15 1.544982e-15 1.539209e-02 0 0
1817.8162 1817.8162 5.225212e-16 1.669390e-15 1.956273e-03 0 0
1819.1873 1819.1873 -1.720215e-15 1.301752e-15 -2.386732e-02 16384 0
1820.5584 1820.5584 4.620555e-15 1.343807e-15 3.490499e-02 0 0
1821.9296 1821.9296 3.554256e-16 1.347259e-15 7.886859e-04 0 0
1823.3007 1823.3007 8.174815e-15 1.534562e-15 6.605580e-02 0 0
1824.6718 1824.6718 -6.909147e-16 1.311008e-15 -9.876058e-03 16384 0
1826.0430 1826.0430 -3.062293e-15 1.316997e-15 -4.408972e-02 16384 0
1827.4142 1827.4142 1.800208e-15 1.356080e-15 1.267488e-02 16 0
1828.7853 1828.7853 3.721908e-15 1.343837e-15 2.896059e-02 0 0
1830.1565 1830.1565 2.673458e-15 1.228704e-15 2.024958e-02 0 0
1831.5278 1831.5278 -9.901588e-15 2.021604e-15 -1.466131e-01 16400 0
1832.8990 1832.8990 -6.339614e-15 1.663676e-15 -9.451181e-02 16400 0
1834.2702 1834.2702 3.827340e-15 1.254649e-15 3.081835e-02 0 0
1835.6415 1835.6415 2.177791e-15 1.306417e-15 1.662321e-02 0 0
1837.0127 1837.0127 2.009100e-15 1.314030e-15 1.529550e-02 0 0
1838.3840 1838.3840 6.434664e-15 1.467492e-15 5.541556e-02 0 0
1839.7553 1839.7553 1.318821e-15 1.351386e-15 9.519655e-03 0 0
1841.1266 1841.1266 7.955060e-16 1.201116e-15 5.054457e-03 0 0
1842.4979 1842.4979 4.357735e-15 1.291929e-15 3.711004e-02 0 0
1843.8692 1843.8692 3.637080e-15 1.223104e-15 3.070566e-02 0 0
1845.2406 1845.2406 7.776259e-17 1.424718e-15 -1.068438e-03 0 0
1846.6119 1846.6119 -2.292107e-14 4.319532e-15 -3.645225e-01 16400 0
1847.9833 1847.9833 -7.656551e-15 1.675880e-15 -1.225243e-01 16400 0
1849.3547 1849.3547 -5.697212e-14 1.022732e-14 -9.173717e-01 16400 0
1850.7261 1850.7261 -5.766879e-15 1.715234e-15 -9.343411e-02 16400 0
1852.0975 1852.0975 -2.752186e-14 3.792172e-15 -4.486743e-01 16400 0
1853.4689 1853.4689 4.018191e-15 1.305200e-15 3.594541e-02 0 0
1854.8403 1854.8403 -1.576293e-15 1.174472e-15 -2.601590e-02 16384 0
1856.2118 1856.2118 5.630236e-15 1.434828e-15 5.248317e-02 0 0
1857.5832 1857.5832 3.580801e-15 1.206388e-15 3.238855e-02 0 0
1858.9547 1858.9547 5.500093e-15 1.177909e-15 5.187167e-02 0 0
1860.3261 1860.3261 -4.745821e-16 1.122057e-15 -8.027226e-03 16384 0
1861.6976 1861.6976 -1.403777e-14 2.356349e-15 -2.388968e-01 16400 0
1863.0691 1863.0691 7.004682e-15 2.148149e-15 6.875309e-02 16 0
1864.4407 1864.4407 1.015740e-12 2.376277e-14 1.652760e+01 272 0
1865.8122 1865.8122 5.203385e-15 1.210179e-15 5.053769e-02 0 0
1867.1837 1867.1837 -1.648685e-15 1.257169e-15 -2.875576e-02 16400 0
1868.5553 1868.5553 -6.178841e-15 1.485309e-15 -1.084360e-01 16400 0
1869.9268 1869.9268 -3.258463e-15 1.105889e-15 -5.754022e-02 16384 0
1871.2984 1871.2984 6.150407e-15 1.164656e-15 6.220507e-02 0 0
1872.6700 1872.6700 3.551342e-15 1.235941e-15 3.463086e-02 0 0
1874.0416 1874.0416 4.047984e-15 1.045009e-15 4.016341e-02 0 0
1875.4132 1875.4132 7.071757e-15 1.319180e-15 7.385601e-02 0 0
1876.7848 1876.7848 3.614208e-15 1.198062e-15 3.604088e-02 0 0
1878.1565 1878.1565 1.861351e-15 1.170784e-15 1.761469e-02 0 0
1879.5281 1879.5281 5.424346e-15 1.083730e-15 5.661807e-02 0 0
1880.8998 1880.8998 -1.527421e-15 1.052730e-15 -2.837130e-02 16384 0
1882.2714 1882.2714 -5.430557e-15 1.656254e-15 -1.015196e-01 16400 0
1883.6431 1883.6431 1.518669e-15 1.103836e-15 1.447295e-02 0 0
1885.0148 1885.0148 -5.945411e-15 1.282829e-15 -1.125848e-01 17424 0
1886.3865 1886.3865 7.214087e-15 1.351872e-15 7.981784e-02 1024 0
1887.7582 1887.7582 3.565594e-15 1.165708e-15 3.758496e-02 1024 0
1889.1300 1889.1300 3.067637e-15 1.034847e-15 3.218421e-02 1024 0
1890.5017 1890.5017 4.224574e-15 9.542384e-16 4.574772e-02 1024 0
1891.8735 1891.8735 2.853518e-15 1.123837e-15 3.018678e-02 1040 0
1893.2452 1893.2452 7.504738e-16 9.669010e-16 6.732922e-03 1024 0
1894.6170 1894.6170 2.096342e-15 9.994599e-16 2.190908e-02 1024 0
1895.9888 1895.9888 4.906490e-15 1.033885e-15 5.523594e-02 1024 0
1897.3606 1897.3606 -4.749034e-16 1.038984e-15 -9.520002e-03 17408 0
1898.7324 1898.7324 8.244163e-15 1.043009e-15 9.818125e-02 1024 0
1900.1042 1900.1042 1.250099e-15 9.506437e-16 1.271492e-02 1024 0
1901.4761 1901.4761 -5.316393e-16 8.240371e-16 -1.085199e-02 17664 0
1902.8479 1902.8479 3.009644e-15 1.261385e-15 3.373855e-02 1040 0
1904.2198 1904.2198 -8.442015e-15 1.635118e-15 -1.743509e-01 17424 0
1905.5916 1905.5916 3.132418e-15 8.693793e-16 3.567101e-02 1024 0
1906.9635 1906.9635 -1.031841e-15 9.066184e-16 -2.155643e-02 17408 0
1908.3354 1908.3354 -1.830125e-15 8.647492e-16 -3.845107e-02 17408 0
1909.7073 1909.7073 -1.179982e-15 1.110801e-15 -2.493123e-02 17424 0
1911.0792 1911.0792 1.680207e-15 9.475920e-16 1.861903e-02 0 0
1912.4511 1912.4511 1.552748e-15 8.533364e-16 1.717966e-02 0 0
1913.8231 1913.8231 -1.752031e-15 8.505854e-16 -3.764058e-02 16400 0
1915.1950 1915.1950 7.321389e-15 9.308118e-16 9.299738e-02 16 0
1916.5670 1916.5670 -2.275535e-15 1.012722e-15 -4.942874e-02 16400 0
1917.9389 1917.9389 -1.756799e-15 8.925912e-16 -3.837162e-02 16384 0
1919.3109 1919.3109 6.709746e-15 1.184626e-15 8.611739e-02 16 0
1920.6829 1920.6829 7.098239e-15 1.022261e-15 9.210030e-02 0 0
1922.0549 1922.0549 3.589794e-15 9.443875e-16 4.439483e-02 0 0
1923.4269 1923.4269 -7.258599e-16 1.110464e-15 -1.620696e-02 16384 0
1924.7989 1924.7989 -2.508301e-14 3.066536e-15 -5.631501e-01 16400 0
1926.1710 1926.1710 -2.248764e-15 1.044684e-15 -5.076737e-02 16384 0
1927.5430 1927.5430 -1.805472e-14 1.864385e-15 -4.098597e-01 16400 0
1928.9151 1928.9151 3.977067e-15 9.262839e-16 5.106288e-02 0 0
1930.2871 1930.2871 5.569597e-15 1.088962e-15 7.385025e-02 16 0
1931.6592 1931.6592 -1.334039e-15 8.770337e-16 -3.079807e-02 16384 0
1933.0313 1933.0313 2.146191e-15 1.366907e-15 2.678245e-02 16 0
1934.4034 1934.4034 2.927380e-15 7.890497e-16 3.763649e-02 0 0
1935.7755 1935.7755 9.521143e-15 1.066707e-15 1.358278e-01 0 0
1937.1476 1937.1476 3.428675e-15 8.523417e-16 4.514304e-02 0 0
1938.5198 1938.5198 2.695842e-15 9.473390e-16 3.507848e-02 0 0
1939.8919 1939.8919 1.426107e-16 7.936099e-16 4.999896e-04 0 0
1941.2641 1941.2641 1.055002e-16 1.003034e-15 1.883507e-05 16 0
1942.6362 1942.6362 1.094571e-15 8.542960e-16 1.336228e-02 16 0
1944.0084 1944.0084 1.490722e-15 8.165157e-16 1.892027e-02 0 0
1945.3806 1945.3806 -5.427819e-15 1.804206e-15 -1.325072e-01 16400 0
1946.7528 1946.7528 9.063106e-16 9.232545e-16 1.099744e-02 0 0
1948.1250 1948.1250 2.396346e-15 9.645662e-16 3.221373e-02 0 0
1949.4972 1949.4972 4.051590e-15 1.187772e-15 5.698460e-02 16 0
1950.8694 1950.8694 9.960054e-16 7.329909e-16 1.246835e-02 0 0
1952.2416 1952.2416 3.229879e-15 7.006127e-16 4.523165e-02 0 0
1953.6139 1953.6139 3.833155e-15 8.139333e-16 5.472971e-02 0 0
1954.9861 1954.9861 5.290645e-16 8.496243e-16 6.054345e-03 0 0
1956.3584 1956.3584 5.532339e-15 9.058410e-16 8.240261e-02 0 0
1957.7307 1957.7307 -3.732133e-15 9.661530e-16 -9.603714e-02 16400 0
1959.1029 1959.1029 -3.646291e-16 7.280104e-16 -9.439241e-03 16384 0
1960.4752 1960.4752 -6.442443e-16 9.065898e-16 -1.677822e-02 16400 0
1961.8475 1961.8475 1.500568e-15 6.942522e-16 2.068409e-02 0 0
1963.2199 1963.2199 3.569848e-16 7.170619e-16 3.788587e-03 0 0
1964.5922 1964.5922 -2.862483e-15 8.728325e-16 -7.590404e-02 16400 0
1965.9645 1965.9645 -4.254937e-15 1.321714e-15 -1.135065e-01 16400 0
1967.3369 1967.3369 2.939731e-15 8.683643e-16 4.387515e-02 0 0
1968.7092 1968.7092 -2.847904e-17 6.334502e-16 -1.843793e-03 0 0
1970.0816 1970.0816 7.260278e-16 6.663247e-16 9.531891e-03 0 0
1971.4539 1971.4539 7.343540e-15 8.493457e-16 1.206192e-01 0 0
1972.8263 1972.8263 2.168444e-15 7.929529e-16 3.244812e-02 0 0
1974.1987 1974.1987 1.081232e-15 7.709522e-16 1.527963e-02 0 0
1975.5711 1975.5711 -7.684974e-15 1.274399e-15 -2.139180e-01 16400 0
1976.9435 1976.9435 -6.919239e-16 6.664795e-16 -1.937897e-02 16384 0
1978.3160 1978.3160 -8.300953e-16 6.329059e-16 -2.339430e-02 16384 0
1979.6884 1979.6884 -7.820176e-16 6.427747e-16 -2.217674e-02 16400 0
1981.0608 1981.0608 -1.620269e-16 6.407831e-16 -4.624099e-03 16384 0
1982.4333 1982.4333 -4.097507e-17 6.611498e-16 -2.114244e-03 0 0
1983.8057 1983.8057 2.420849e-15 6.710812e-16 3.851563e-02 0 0
1985.1782 1985.1782 8.450176e-16 7.063900e-16 1.221862e-02 0 0
1986.5507 1986.5507 -8.780870e-15 1.542884e-15 -2.570635e-01 16400 0
1987.9232 1987.9232 2.002429e-15 6.986057e-16 3.203298e-02 0 0
1989.2957 1989.2957 -1.019755e-15 6.336205e-16 -3.024091e-02 16384 0
1990.6682 1990.6682 -4.570866e-16 5.897720e-16 -1.364265e-02 16384 0
1992.0407 1992.0407 -2.482118e-16 6.017350e-16 -7.456928e-03 16384 0
1993.4132 1993.4132 1.737743e-15 6.261182e-16 2.824027e-02 0 0
1994.7858 1994.7858 -1.244737e-15 7.430719e-16 -3.788839e-02 16384 0
1996.1583 1996.1583 -1.279292e-16 6.565984e-16 -3.919723e-03 16384 0
1997.5308 1997.5308 -1.368581e-15 1.057635e-15 -4.221029e-02 16400 0
1998.9034 1998.9034 2.341716e-15 7.889022e-16 4.008133e-02 0 0
2000.2760 2000.2760 -1.034878e-15 7.544849e-16 -3.234243e-02 16384 0
2001.6486 2001.6486 2.089924e-15 5.857925e-16 3.594739e-02 0 0
2003.0212 2003.0212 7.490043e-16 5.498616e-16 1.165287e-02 0 0
2004.3937 2004.3937 -1.021077e-15 7.507711e-16 -3.255199e-02 16400 0
2005.7664 2005.7664 1.833932e-15 5.612405e-16 3.187035e-02 0 0
2007.1390 2007.1390 -6.113233e-16 5.350556e-16 -1.974886e-02 16400 0
2008.5116 2008.5116 1.883147e-15 5.453831e-16 3.325870e-02 0 0
2009.8842 2009.8842 -8.084250e-16 5.423089e-16 -2.646639e-02 16384 0
2011.2569 2011.2569 -9.375113e-17 5.648472e-16 -3.307277e-03 0 0
2012.6295 2012.6295 7.855023e-16 5.644746e-16 1.292751e-02 0 0
2014.0022 2014.0022 3.421280e-15 6.079816e-16 6.523505e-02 0 0
2015.3749 2015.3749 -3.810409e-16 5.745823e-16 -1.281537e-02 16384 0
2016.7475 2016.7475 2.804476e-15 5.825921e-16 5.337811e-02 0 0
2018.1202 2018.1202 -4.686603e-15 1.039696e-15 -1.597741e-01 16400 0
2019.4929 2019.4929 7.666159e-15 1.307080e-15 1.625361e-01 16 0
2020.8656 2020.8656 -5.155050e-16 5.104045e-16 -1.781452e-02 16384 0
2022.2383 2022.2383 -6.991085e-16 5.149930e-16 -2.432569e-02 16384 0
2023.6111 2023.6111 3.890129e-16 5.064137e-16 5.863174e-03 0 0
2024.9838 2024.9838 4.624617e-16 5.061496e-16 7.356762e-03 0 0
2026.3565 2026.3565 1.078065e-15 5.049244e-16 1.982222e-02 0 0
2027.7293 2027.7293 2.169959e-15 6.213550e-16 4.286889e-02 0 0
2029.1020 2029.1020 1.663877e-15 6.482165e-16 3.237659e-02 16 0
2030.4748 2030.4748 -3.351535e-15 7.843754e-16 -1.215626e-01 16400 0
2031.8476 2031.8476 9.903763e-16 5.239660e-16 1.856753e-02 0 0
2033.2203 2033.2203 5.179000e-16 7.024185e-16 8.835039e-03 16 0
2034.5931 2034.5931 2.198883e-15 5.394208e-16 4.511969e-02 16 0
2035.9659 2035.9659 4.527621e-15 5.948470e-16 9.963712e-02 0 0
2037.3387 2037.3387 -3.417283e-16 5.605434e-16 -1.283443e-02 16384 0
2038.7115 2038.7115 6.798752e-16 8.502703e-16 1.255774e-02 16 0
2040.0844 2040.0844 -1.741137e-16 4.719505e-16 -6.630712e-03 16384 0
2041.4572 2041.4572 -7.174013e-16 4.671775e-16 -2.751081e-02 16384 0
2042.8300 2042.8300 2.515797e-15 5.425979e-16 5.456153e-02 0 0
2044.2029 2044.2029 3.563197e-15 5.397693e-16 8.022863e-02 0 0
2045.5757 2045.5757 3.291525e-15 5.321433e-16 7.413466e-02 0 0
2046.9486 2046.9486 1.440268e-15 6.303106e-16 3.040242e-02 0 0
2048.3215 2048.3215 -9.591557e-16 6.255663e-16 -3.806469e-02 16400 0
2049.6943 2049.6943 9.977352e-16 5.188978e-16 2.056072e-02 0 0
2051.0672 2051.0672 4.596115e-15 5.927913e-16 1.100237e-01 16 0
2052.4401 2052.4401 1.428723e-15 5.867387e-16 3.104098e-02 0 0
2053.8130 2053.8130 1.576630e-15 4.527636e-16 3.484116e-02 0 0
2055.1859 2055.1859 -2.065147e-15 8.689671e-16 -8.497806e-02 16400 0
2056.5588 2056.5588 1.752155e-15 4.684815e-16 3.970278e-02 0 0
2057.9318 2057.9318 -3.676686e-15 7.536285e-16 -1.535231e-01 16400 0
2059.3047 2059.3047 1.834962e-15 4.812032e-16 4.239832e-02 0 0
2060.6776 2060.6776 -8.590830e-16 4.412440e-16 -3.639695e-02 16384 0
2062.0506 2062.0506 1.389022e-15 4.702199e-16 3.175953e-02 0 0
2063.4235 2063.4235 -2.156573e-16 4.288969e-16 -9.269649e-03 16384 0
2064.7965 2064.7965 -2.654821e-16 4.432628e-16 -1.149343e-02 16384 0
2066.1695 2066.1695 -1.477105e-15 4.823106e-16 -6.440751e-02 16384 0
2067.5425 2067.5425 2.345809e-15 5.096816e-16 5.798635e-02 0 0
2068.9154 2068.9154 3.828018e-15 4.516535e-16 9.975012e-02 0 0
2070.2884 2070.2884 1.502566e-16 4.686626e-16 1.621253e-03 0 0
2071.6614 2071.6614 8.000558e-16 3.938756e-16 1.809546e-02 0 0
2073.0345 2073.0345 4.856955e-16 4.527988e-16 1.013900e-02 0 0
2074.4075 2074.4075 -8.031146e-16 4.321945e-16 -3.654169e-02 16384 0
2075.7805 2075.7805 1.555351e-15 4.265629e-16 3.874256e-02 0 0
2077.1535 2077.1535 -9.844495e-16 4.614330e-16 -4.542678e-02 16384 0
2078.5266 2078.5266 5.117506e-16 4.686107e-16 1.112659e-02 0 0
2079.8996 2079.8996 -8.621615e-15 1.289478e-15 -4.034570e-01 16400 0
2081.2727 2081.2727 9.447086e-16 4.075995e-16 2.298361e-02 0 0
2082.6457 2082.6457 3.843409e-16 4.154594e-16 7.957075e-03 0 0
2084.0188 2084.0188 6.719671e-16 3.870596e-16 1.581585e-02 0 0
2085.3919 2085.3919 4.747250e-15 5.823696e-16 1.387042e-01 16 0
2086.7649 2086.7649 -5.192342e-16 4.891979e-16 -2.516224e-02 16400 0
2088.1380 2088.1380 -6.191880e-15 8.705780e-16 -3.021664e-01 16400 0
2089.5111 2089.5111 -1.155075e-15 5.105473e-16 -5.676363e-02 16400 0
2090.8842 2090.8842 3.203195e-16 4.913215e-16 6.531359e-03 0 0
2092.2573 2092.2573 1.470540e-15 4.107694e-16 3.980405e-02 0 0
2093.6304 2093.6304 -6.263469e-16 4.664181e-16 -3.143404e-02 16400 0
2095.0036 2095.0036 -9.866306e-16 4.056820e-16 -4.986387e-02 16384 0
2096.3767 2096.3767 -2.055621e-15 4.612101e-16 -1.046231e-01 16400 0
2097.7498 2097.7498 -1.386019e-14 1.474023e-15 -7.104036e-01 16400 0
2099.1230 2099.1230 -1.743638e-14 2.216889e-15 -9.000275e-01 16400 0
2100.4961 2100.4961 -3.281386e-15 7.414403e-16 -1.705758e-01 16400 0
2101.8693 2101.8693 5.882565e-15 5.829792e-16 1.934277e-01 16 0
2103.2424 2103.2424 -8.374049e-16 3.575692e-16 -4.415103e-02 16384 0
2104.6156 2104.6156 -1.386981e-15 5.321506e-16 -7.364629e-02 16400 0
2105.9888 2105.9888 1.092647e-15 3.812370e-16 3.087143e-02 0 0
2107.3620 2107.3620 1.485926e-15 4.188138e-16 4.370168e-02 0 0
2108.7352 2108.7352 1.019130e-15 3.962099e-16 2.898901e-02 16 0
2110.1084 2110.1084 1.051990e-15 3.586088e-16 3.025792e-02 0 0
2111.4816 2111.4816 -9.469895e-17 3.192240e-16 -5.390280e-03 0 0
2112.8548 2112.8548 3.526383e-16 3.537995e-16 8.365436e-03 0 0
2114.2280 2114.2280 3.825419e-16 3.205238e-16 9.369393e-03 0 0
2115.6012 2115.6012 -3.189653e-16 3.267444e-16 -1.790993e-02 16400 0
2116.9744 2116.9744 -2.799565e-16 3.367019e-16 -1.582714e-02 16400 0
2118.3477 2118.3477 -8.961381e-16 4.669421e-16 -5.100521e-02 16400 0
2119.7209 2119.7209 3.000211e-16 3.719159e-16 6.967735e-03 0 0
2121.0942 2121.0942 1.048408e-16 3.277516e-16 7.124306e-04 0 0
2122.4674 2122.4674 3.263186e-16 3.409792e-16 7.925622e-03 0 0
2123.8407 2123.8407 1.749532e-15 3.560910e-16 5.704303e-02 0 0
2125.2139 2125.2139 -3.876806e-16 3.883427e-16 -2.279975e-02 16400 0
2126.5872 2126.5872 -2.528613e-15 5.287735e-16 -1.496485e-01 16400 0
2127.9605 2127.9605 4.608547e-16 3.056928e-16 1.268396e-02 0 0
2129.3338 2129.3338 2.169523e-15 3.534682e-16 7.424001e-02 0 0
2130.7071 2130.7071 -1.023436e-15 3.676721e-16 -6.169544e-02 16384 0
2132.0804 2132.0804 5.182925e-16 3.008113e-16 1.491506e-02 0 0
2133.4537 2133.4537 8.403604e-16 2.837508e-16 2.638279e-02 0 0
2134.8270 2134.8270 1.508365e-15 3.172288e-16 5.102456e-02 0 0
2136.2003 2136.2003 7.248790e-16 3.064318e-16 2.254758e-02 0 0
2137.5736 2137.5736 7.157027e-16 3.125400e-16 2.235161e-02 0 0
2138.9469 2138.9469 1.668701e-15 3.119677e-16 5.810215e-02 0 0
2140.3203 2140.3203 2.120562e-16 3.110408e-16 4.539093e-03 0 0
2141.6936 2141.6936 -2.902615e-16 2.910369e-16 -1.833029e-02 16384 0
2143.0670 2143.0670 -1.017851e-15 3.074344e-16 -6.464138e-02 16384 0
2144.4403 2144.4403 4.838737e-16 2.782054e-16 1.446518e-02 0 0
2145.8137 2145.8137 2.697367e-16 2.994517e-16 6.726284e-03 16 0
2147.1870 2147.1870 -8.750929e-16 2.919945e-16 -5.651762e-02 16384 0
2148.5604 2148.5604 1.318799e-16 2.765305e-16 1.772229e-03 0 0
2149.9338 2149.9338 -3.788304e-16 2.769607e-16 -2.474146e-02 16384 0
2151.3071 2151.3071 1.204595e-17 2.637169e-16 -2.588981e-03 0 0
2152.6805 2152.6805 -3.492696e-16 2.479641e-16 -2.306742e-02 16384 0
2154.0539 2154.0539 -7.226929e-16 2.770635e-16 -4.799787e-02 16384 0
2155.4273 2155.4273 -1.889026e-15 7.377417e-16 -1.261653e-01 16400 0
2156.8007 2156.8007 6.205316e-16 2.725665e-16 2.052566e-02 0 0
2158.1741 2158.1741 -1.925933e-14 7.895603e-16 -1.300772e+00 16400 0
2159.5475 2159.5475 -8.961202e-17 2.771387e-16 -6.495879e-03 0 0
2160.9209 2160.9209 -7.823953e-16 3.147623e-16 -5.343558e-02 16400 0
2162.2944 2162.2944 -2.177417e-16 2.665436e-16 -1.495419e-02 16384 0
2163.6678 2163.6678 -2.059823e-15 4.596838e-16 -1.422527e-01 16400 0
2165.0412 2165.0412 -3.073074e-15 6.404399e-16 -2.134044e-01 16400 0
2166.4147 2166.4147 -4.614887e-15 6.347645e-16 -3.222417e-01 17424 0
2167.7881 2167.7881 -7.182932e-16 3.700180e-16 -5.043155e-02 17424 0
2169.1616 2169.1616 -5.243641e-16 2.531947e-16 -3.701717e-02 17408 0
2170.5350 2170.5350 -1.915265e-16 2.955736e-16 -1.359414e-02 17408 0
2171.9085 2171.9085 -2.132703e-17 2.583770e-16 -4.152921e-03 1024 0
2173.2819 2173.2819 -7.111733e-15 6.376988e-16 -5.102274e-01 17424 0
2174.6554 2174.6554 -8.577703e-16 3.445052e-16 -6.186904e-02 17424 0
2176.0289 2176.0289 -1.532108e-17 2.857257e-16 -3.984058e-03 1024 0
2177.4024 2177.4024 1.500892e-17 2.588251e-16 -2.781567e-03 1024 0
2178.7758 2178.7758 2.625564e-16 3.002186e-16 7.375870e-03 1024 0
2180.1493 2180.1493 2.486303e-15 2.924883e-16 1.079312e-01 1024 0
2181.5228 2181.5228 -3.633724e-16 3.006583e-16 -2.689808e-02 17424 0
2182.8963 2182.8963 -6.949057e-15 1.686421e-15 -5.170134e-01 17424 0
2184.2698 2184.2698 3.676490e-16 2.459394e-16 1.200223e-02 1024 0
2185.6433 2185.6433 -1.183316e-16 2.665824e-16 -8.892797e-03 17408 0
2187.0168 2187.0168 -3.421727e-16 2.860686e-16 -2.584300e-02 16384 0
2188.3904 2188.3904 -1.410637e-15 3.932740e-16 -1.070685e-01 16400 0
2189.7639 2189.7639 2.498763e-15 3.395145e-16 1.127737e-01 0 0
2191.1374 2191.1374 4.327993e-16 2.583829e-16 1.517183e-02 0 0
2192.5109 2192.5109 3.424112e-17 2.941307e-16 -2.141572e-03 16 0
2193.8845 2193.8845 -2.086582e-15 5.382139e-16 -1.614922e-01 16400 0
2195.2580 2195.2580 -1.351233e-16 2.204963e-16 -1.050846e-02 16384 0
2196.6316 2196.6316 9.182209e-16 2.484163e-16 3.777408e-02 0 0
2198.0051 2198.0051 -2.819661e-15 5.624299e-16 -2.213919e-01 16400 0
2199.3787 2199.3787 1.382293e-15 3.041890e-16 6.047997e-02 0 0
2200.7522 2200.7522 -4.566324e-15 8.125132e-16 -3.619570e-01 16400 0
2202.1258 2202.1258 2.259991e-16 2.365509e-16 6.349141e-03 0 0
2203.4993 2203.4993 -9.605728e-17 2.266475e-16 -8.018888e-03 0 0
2204.8729 2204.8729 -3.947589e-16 2.699666e-16 -3.173696e-02 16384 0
2206.2465 2206.2465 -1.205563e-15 3.770881e-16 -9.737729e-02 16400 0
2207.6201 2207.6201 -6.006287e-15 6.775288e-16 -4.874214e-01 16400 0
2208.9937 2208.9937 2.162837e-15 3.041982e-16 1.032528e-01 0 0
2210.3672 2210.3672 8.944938e-16 2.222792e-16 3.851626e-02 0 0
2211.7408 2211.7408 1.417503e-15 2.598612e-16 6.507419e-02 0 0
2213.1144 2213.1144 9.310569e-16 2.681796e-16 4.071291e-02 0 0
2214.4880 2214.4880 3.798208e-15 3.676000e-16 1.982179e-01 16 0
2215.8616 2215.8616 2.091124e-16 2.409303e-16 5.840088e-03 16 0
2217.2352 2217.2352 -1.750684e-16 2.264320e-16 -1.467708e-02 16384 0
2218.6089 2218.6089 -2.488040e-16 2.514496e-16 -2.095574e-02 16384 0
2219.9825 2219.9825 1.861838e-16 2.161698e-16 4.819019e-03 0 0
2221.3561 2221.3561 -1.529917e-16 2.398969e-16 -1.300589e-02 16400 0
2222.7297 2222.7297 6.302146e-16 3.162639e-16 2.678530e-02 0 0
2224.1034 2224.1034 -6.511148e-16 2.504953e-16 -5.586741e-02 16640 0
2225.4770 2225.4770 2.551968e-16 2.624344e-16 8.286663e-03 256 0
2226.8506 2226.8506 1.353175e-16 2.658933e-16 2.437199e-03 0 0
2228.2243 2228.2243 5.894625e-16 2.945838e-16 2.521824e-02 16 0
2229.5979 2229.5979 1.115380e-15 2.302802e-16 5.300643e-02 0 0
2230.9716 2230.9716 4.158591e-16 2.515765e-16 1.655775e-02 0 0
2232.3452 2232.3452 -2.056796e-16 1.963452e-16 -1.814772e-02 16384 0
2233.7189 2233.7189 6.080605e-16 2.232046e-16 2.668448e-02 0 0
2235.0925 2235.0925 8.431787e-16 2.394114e-16 3.930305e-02 0 0
2236.4662 2236.4662 -5.354439e-16 2.058993e-16 -4.791011e-02 16384 0
2237.8398 2237.8398 4.187347e-16 2.468789e-16 1.711083e-02 0 0
2239.2135 2239.2135 -4.056554e-16 3.379508e-16 -3.663749e-02 16400 0
2240.5872 2240.5872 -3.016660e-16 2.033642e-16 -2.737278e-02 16384 0
2241.9609 2241.9609 -1.325823e-16 2.203990e-16 -1.208664e-02 16384 0
2243.3345 2243.3345 -4.476924e-16 3.481167e-16 -4.100361e-02 16400 0
2244.7082 2244.7082 1.320523e-16 2.042720e-16 2.410643e-03 0 0
2246.0819 2246.0819 3.322502e-16 2.024644e-16 1.298483e-02 0 0
2247.4556 2247.4556 -2.799957e-16 1.934933e-16 -2.600461e-02 16384 0
2248.8293 2248.8293 -3.976124e-16 2.288326e-16 -3.709976e-02 16400 0
2250.2030 2250.2030 1.196711e-15 2.330233e-16 6.185219e-02 0 0
2251.5767 2251.5767 -2.012461e-16 2.439552e-16 -1.894534e-02 16400 0
2252.9504 2252.9504 -1.419344e-16 2.391562e-16 -1.341885e-02 16384 0
2254.3241 2254.3241 1.473228e-16 2.293047e-16 3.302460e-03 0 0
2255.6978 2255.6978 4.136376e-16 2.220376e-16 1.790220e-02 0 0
2257.0715 2257.0715 -3.908015e-16 1.917473e-16 -3.742211e-02 16384 0
2258.4452 2258.4452 -1.670773e-16 1.707226e-16 -1.606699e-02 16384 0
2259.8190 2259.8190 7.456518e-16 1.794902e-16 3.712873e-02 0 0
2261.1927 2261.1927 6.729104e-16 2.087930e-16 3.306374e-02 0 0
2262.5664 2262.5664 -1.535757e-16 2.227513e-16 -1.495821e-02 16384 0
2263.9401 2263.9401 -1.143714e-15 2.626567e-16 -1.118719e-01 16400 0
2265.3139 2265.3139 -1.729187e-15 5.769371e-16 -1.698631e-01 16400 0
2266.6876 2266.6876 4.996933e-16 2.358408e-16 2.351662e-02 0 0
2268.0613 2268.0613 3.077802e-16 2.014533e-16 1.253511e-02 0 0
2269.4351 2269.4351 8.055901e-16 2.042715e-16 4.192604e-02 0 0
2270.8088 2270.8088 1.721904e-16 2.090712e-16 4.877792e-03 0 0
2272.1826 2272.1826 7.713464e-16 1.972256e-16 4.022956e-02 0 0
2273.5563 2273.5563 3.130404e-16 1.837720e-16 1.306737e-02 0 0
2274.9301 2274.9301 1.943660e-16 1.997425e-16 6.222766e-03 0 0
2276.3038 2276.3038 1.530589e-17 2.499190e-16 -4.039324e-03 16 0
2277.6776 2277.6776 1.392672e-15 2.491897e-16 8.053301e-02 16 0
2279.0513 2279.0513 -6.368299e-16 2.338416e-16 -6.533350e-02 16400 0
2280.4251 2280.4251 -3.146661e-15 5.984946e-16 -3.242515e-01 16400 0
2281.7988 2281.7988 8.471217e-17 1.638783e-16 -7.550512e-05 0 0
2283.1726 2283.1726 1.127203e-16 1.804522e-16 1.570795e-03 0 0
2284.5464 2284.5464 6.960772e-16 2.008658e-16 3.721622e-02 0 0
2285.9201 2285.9201 3.065196e-17 2.166430e-16 -3.264452e-03 16 0
2287.2939 2287.2939 1.948282e-16 1.628518e-16 6.520662e-03 0 0
2288.6677 2288.6677 3.254613e-16 1.733854e-16 1.452137e-02 0 0
2290.0415 2290.0415 -3.576019e-16 1.748485e-16 -3.802323e-02 16384 0
2291.4152 2291.4152 7.038928e-16 2.091592e-16 3.862599e-02 0 0
2292.7890 2292.7890 1.731299e-16 1.746929e-16 5.318655e-03 16 0
2294.1628 2294.1628 -3.343315e-16 2.431633e-16 -3.603119e-02 16400 0
2295.5366 2295.5366 -1.122636e-16 1.654951e-16 -1.215308e-02 16384 0
2296.9104 2296.9104 -2.238762e-16 1.708532e-16 -2.434446e-02 16384 0
2298.2842 2298.2842 1.386254e-16 1.711891e-16 3.276881e-03 0 0
2299.6580 2299.6580 -8.579364e-16 2.135152e-16 -9.412885e-02 16400 0
2301.0318 2301.0318 2.412583e-16 1.851193e-16 9.788682e-03 0 0
2302.4056 2302.4056 -1.916780e-16 1.986917e-16 -2.121752e-02 16400 0
2303.7794 2303.7794 -4.288020e-15 5.850159e-16 -4.767582e-01 16400 0
2305.1532 2305.1532 -2.794516e-15 3.221705e-16 -3.120786e-01 16400 0
2306.5270 2306.5270 9.445883e-16 1.959177e-16 5.731108e-02 0 0
2307.9008 2307.9008 1.347537e-15 2.103970e-16 8.636181e-02 0 0
2309.2746 2309.2746 -8.209974e-16 2.290460e-16 -9.289815e-02 16400 0
2310.6484 2310.6484 -5.189862e-16 1.986756e-16 -5.898056e-02 16400 0
2312.0222 2312.0222 9.256054e-16 1.972705e-16 5.705581e-02 0 0
2313.3960 2313.3960 1.525245e-15 1.983547e-16 1.012928e-01 0 0
2314.7698 2314.7698 9.917561e-17 1.567362e-16 9.028260e-04 0 0
2316.1436 2316.1436 -5.097969e-16 1.574888e-16 -5.894237e-02 16384 0
2317.5175 2317.5175 -9.068416e-18 1.703685e-16 -6.166339e-03 0 0
2318.8913 2318.8913 -7.085413e-17 1.988913e-16 -1.020463e-02 0 0
2320.2651 2320.2651 5.965402e-16 1.636330e-16 3.502753e-02 0 0
2321.6389 2321.6389 -4.696180e-16 1.469094e-16 -5.522255e-02 16384 0
2323.0127 2323.0127 -1.202393e-16 1.774578e-16 -1.419788e-02 16384 0
2324.3866 2324.3866 3.659891e-16 1.858047e-16 1.922358e-02 0 0
2325.7604 2325.7604 -3.711663e-17 1.637119e-16 -8.180834e-03 0 0
2327.1342 2327.1342 -6.745120e-17 1.443220e-16 -1.023105e-02 0 0
2328.5081 2328.5081 9.160576e-16 1.754634e-16 5.954229e-02 0 0
2329.8819 2329.8819 1.152435e-15 1.764794e-16 7.781928e-02 0 0
2331.2557 2331.2557 1.860353e-17 1.461191e-16 -4.536315e-03 0 0
2332.6296 2332.6296 7.914040e-16 1.663488e-16 5.090138e-02 0 0
2334.0034 2334.0034 6.304881e-16 1.691161e-16 3.909320e-02 0 0
2335.3772 2335.3772 4.046989e-16 1.494136e-16 2.268501e-02 0 0
2336.7511 2336.7511 -3.686141e-16 1.780610e-16 -4.528512e-02 16400 0
2338.1249 2338.1249 -1.721185e-16 1.956994e-16 -2.122375e-02 16400 0
2339.4987 2339.4987 5.281022e-16 1.719622e-16 3.206074e-02 0 0
2340.8726 2340.8726 2.435113e-16 1.462634e-16 1.130327e-02 0 0
2342.2464 2342.2464 8.749264e-17 1.766395e-16 1.785383e-04 16 0
2343.6203 2343.6203 -4.956696e-15 5.457455e-16 -6.197971e-01 16400 0
2344.9941 2344.9941 5.170364e-16 1.570468e-16 3.169147e-02 0 0
2346.3680 2346.3680 2.141163e-16 1.401737e-16 9.313273e-03 0 0
2347.7418 2347.7418 -4.703795e-16 1.662341e-16 -5.938474e-02 16400 0
2349.1157 2349.1157 -7.713364e-16 2.313051e-16 -9.767913e-02 16400 0
2350.4895 2350.4895 2.395943e-16 1.545872e-16 1.126906e-02 0 0
2351.8634 2351.8634 2.657482e-17 1.746816e-16 -4.228310e-03 0 0
2353.2372 2353.2372 1.647535e-18 1.448816e-16 -6.036208e-03 0 0
2354.6111 2354.6111 2.813177e-16 1.404810e-16 1.445671e-02 0 0
2355.9849 2355.9849 -6.508129e-16 2.523945e-16 -8.349693e-02 16400 0
2357.3588 2357.3588 -1.485799e-16 1.328307e-16 -1.910562e-02 16384 0
2358.7326 2358.7326 -1.366099e-16 1.394617e-16 -1.760531e-02 16384 0
2360.1065 2360.1065 6.235595e-16 1.930907e-16 4.098254e-02 16 0
2361.4803 2361.4803 -8.906837e-17 1.376578e-16 -1.272051e-02 0 0
2362.8542 2362.8542 5.735303e-16 1.669335e-16 3.720330e-02 0 0
2364.2280 2364.2280 -1.440286e-16 1.383945e-16 -1.871701e-02 16384 0
2365.6019 2365.6019 6.192496e-16 1.529892e-16 4.096933e-02 0 0
2366.9757 2366.9757 -2.763259e-15 6.364934e-16 -3.604510e-01 16400 0
2368.3496 2368.3496 3.316498e-16 1.416180e-16 1.856355e-02 0 0
2369.7235 2369.7235 9.850038e-16 1.738105e-16 7.105981e-02 0 0
2371.0973 2371.0973 5.424850e-16 1.769328e-16 3.513714e-02 0 0
2372.4712 2372.4712 4.736024e-16 1.700777e-16 2.973751e-02 0 0
2373.8450 2373.8450 3.808957e-16 1.729380e-16 2.250252e-02 0 0
2375.2189 2375.2189 -8.093076e-16 1.998146e-16 -1.067120e-01 16400 0
2376.5928 2376.5928 -3.096985e-16 2.671454e-16 -4.090651e-02 16400 0
2377.9666 2377.9666 -1.548286e-16 1.408572e-16 -2.048602e-02 16384 0
2379.3405 2379.3405 -2.975519e-16 1.265486e-16 -3.943962e-02 16384 0
2380.7143 2380.7143 -1.869759e-16 1.323012e-16 -2.482676e-02 16384 0
2382.0882 2382.0882 4.956116e-17 1.900117e-16 -2.888478e-03 16 0
2383.4621 2383.4621 1.461504e-17 1.313984e-16 -5.536773e-03 0 0
2384.8359 2384.8359 -1.030559e-16 1.330433e-16 -1.433755e-02 0 0
2386.2098 2386.2098 -1.755230e-16 1.382863e-16 -2.347153e-02 16384 0
2387.5836 2387.5836 2.039426e-16 1.344839e-16 8.919529e-03 0 0
2388.9575 2388.9575 -5.281170e-17 1.412311e-16 -1.069392e-02 0 0
2390.3314 2390.3314 -1.317347e-15 3.040126e-16 -1.770720e-01 16400 0
2391.7052 2391.7052 3.368054e-16 1.314501e-16 1.942278e-02 0 0
2393.0791 2393.0791 6.155695e-17 1.418917e-16 -2.085800e-03 0 0
2394.4530 2394.4530 6.754100e-16 1.899236e-16 4.713177e-02 16 0
2395.8268 2395.8268 -3.366962e-16 1.663679e-16 -4.556040e-02 16400 0
2397.2007 2397.2007 -2.757933e-16 1.368188e-16 -3.737925e-02 16384 0
2398.5745 2398.5745 -2.092318e-15 2.989890e-16 -2.840368e-01 16400 0
2399.9484 2399.9484 2.252486e-16 1.482959e-16 1.066511e-02 0 0
2401.3223 2401.3223 -3.439626e-16 1.198952e-16 -4.683811e-02 16384 0
2402.6961 2402.6961 4.298284e-16 1.420465e-16 2.717477e-02 0 0
2404.0700 2404.0700 6.746461e-16 1.509112e-16 4.757071e-02 0 0
2405.4438 2405.4438 2.968185e-16 1.418004e-16 1.642942e-02 0 0
2406.8177 2406.8177 -2.323360e-17 1.344391e-16 -8.786273e-03 0 0
2408.1916 2408.1916 1.983483e-16 1.381179e-16 8.557973e-03 0 0
2409.5654 2409.5654 7.159323e-16 1.347475e-16 5.134767e-02 0 0
2410.9393 2410.9393 -5.327933e-16 2.196508e-16 -7.328032e-02 16400 0
2412.3131 2412.3131 -2.078568e-16 1.730029e-16 -2.862859e-02 16400 0
2413.6870 2413.6870 4.692319e-16 1.591359e-16 3.070185e-02 0 0
2415.0608 2415.0608 1.606615e-16 1.315415e-16 5.553463e-03 0 0
2416.4347 2416.4347 -4.175281e-17 1.393434e-16 -1.038800e-02 0 0
2417.8085 2417.8085 -9.301564e-16 2.331004e-16 -1.288122e-01 16400 0
2419.1824 2419.1824 1.400708e-16 1.300994e-16 3.898440e-03 0 0
2420.5563 2420.5563 1.002036e-16 1.453522e-16 7.114243e-04 0 0
2421.9301 2421.9301 -1.012822e-16 1.451018e-16 -1.510741e-02 0 0
2423.3040 2423.3040 -3.194012e-15 4.330596e-16 -4.447239e-01 16400 0
2424.6778 2424.6778 6.522409e-16 1.427534e-16 4.658805e-02 0 0
2426.0517 2426.0517 4.192120e-16 1.577786e-16 2.682205e-02 0 0
2427.4255 2427.4255 1.773324e-15 2.038413e-16 1.495872e-01 16 0
2428.7994 2428.7994 2.782586e-16 1.412803e-16 1.514804e-02 0 0
2430.1732 2430.1732 1.504573e-16 1.318312e-16 4.706658e-03 0 0
2431.5471 2431.5471 -1.128448e-15 2.837709e-16 -1.584026e-01 16400 0
2432.9209 2432.9209 1.249554e-16 1.581349e-16 2.632940e-03 16 0
2434.2947 2434.2947 1.858725e-15 1.607074e-16 1.590344e-01 0 0
2435.6686 2435.6686 7.317016e-16 1.439435e-16 5.404069e-02 0 0
2437.0424 2437.0424 6.712602e-18 1.261127e-16 -6.910542e-03 0 0
2438.4163 2438.4163 5.309061e-16 1.438373e-16 3.665387e-02 0 0
2439.7901 2439.7901 5.984891e-16 1.443081e-16 4.255610e-02 0 0
2441.1639 2441.1639 5.597336e-16 1.519385e-16 3.923611e-02 0 0
2442.5378 2442.5378 2.871462e-16 1.381619e-16 1.601745e-02 0 0
2443.9116 2443.9116 3.351185e-16 1.769673e-16 2.006780e-02 16 0
2445.2855 2445.2855 3.450339e-16 1.444000e-16 2.092398e-02 0 0
2446.6593 2446.6593 6.758827e-16 1.538791e-16 4.962543e-02 16 0
2448.0331 2448.0331 -1.144862e-16 1.234768e-16 -1.674501e-02 0 0
2449.4069 2449.4069 3.249766e-17 1.282442e-16 -4.994313e-03 0 0
2450.7808 2450.7808 -2.088579e-16 1.351622e-16 -2.984278e-02 16384 0
2452.1546 2452.1546 -1.318365e-16 1.240077e-16 -1.886144e-02 16384 0
2453.5284 2453.5284 1.595051e-16 1.484281e-16 5.406404e-03 0 0
2454.9023 2454.9023 -1.587431e-16 1.398722e-16 -2.276628e-02 16384 0
2456.2761 2456.2761 2.072167e-16 1.423285e-16 9.391271e-03 0 0
2457.6499 2457.6499 -1.346145e-16 1.221638e-16 -1.935300e-02 16384 0
2459.0237 2459.0237 -2.250626e-15 3.214180e-16 -3.239275e-01 16400 0
2460.3975 2460.3975 -7.795001e-16 1.897601e-16 -1.123179e-01 16400 0
2461.7714 2461.7714 -4.160447e-16 1.337821e-16 -6.001545e-02 16400 0
2463.1452 2463.1452 -5.194439e-18 2.089920e-16 -8.240280e-03 16 0
2464.5190 2464.5190 -4.136604e-17 1.263989e-16 -1.120827e-02 0 0
2465.8928 2465.8928 5.569111e-16 1.422402e-16 3.975609e-02 0 0
2467.2666 2467.2666 -1.587783e-16 1.511767e-16 -2.300544e-02 16400 0
2468.6404 2468.6404 -2.188906e-16 1.200105e-16 -3.175034e-02 16384 0
2470.0142 2470.0142 1.710581e-16 1.295129e-16 6.349197e-03 0 0
2471.3880 2471.3880 -4.692329e-16 2.175052e-16 -6.820854e-02 16400 0
2472.7618 2472.7618 -8.779857e-16 1.652371e-16 -1.277569e-01 16400 0
2474.1356 2474.1356 -2.696895e-17 1.263690e-16 -1.018526e-02 0 0
2475.5094 2475.5094 1.105080e-15 1.674321e-16 9.080876e-02 0 0
2476.8832 2476.8832 -2.853103e-16 1.559711e-16 -4.164758e-02 16400 0
2478.2570 2478.2570 1.445892e-16 1.274208e-16 4.091153e-03 0 0
2479.6308 2479.6308 4.380339e-16 1.311076e-16 2.953436e-02 0 0
2481.0046 2481.0046 1.682091e-16 1.411935e-16 6.093435e-03 0 0
2482.3784 2482.3784 4.369574e-15 2.638315e-16 4.437473e-01 16 0
2483.7522 2483.7522 -1.309120e-16 1.314360e-16 -1.921404e-02 16384 0
2485.1259 2485.1259 -8.011889e-17 1.235350e-16 -1.473741e-02 0 0
2486.4997 2486.4997 -1.488115e-18 1.261341e-16 -8.252545e-03 0 0
2487.8735 2487.8735 -3.586310e-16 1.251533e-16 -5.280446e-02 16384 0
2489.2473 2489.2473 -6.716068e-16 1.944846e-16 -9.899102e-02 16400 0
2490.6211 2490.6211 1.276442e-15 1.752159e-16 1.086741e-01 0 0
2491.9948 2491.9948 2.872905e-16 1.955823e-16 1.642073e-02 16 0
2493.3686 2493.3686 -2.130526e-15 3.439629e-16 -3.149857e-01 16400 0
2494.7424 2494.7424 -3.144192e-16 1.316016e-16 -4.653085e-02 16384 0
2496.1161 2496.1161 -3.205971e-16 1.251467e-16 -4.749041e-02 16384 0
2497.4899 2497.4899 -6.497140e-16 2.066895e-16 -9.633192e-02 16400 0
2498.8636 2498.8636 -1.296746e-16 1.160368e-16 -1.924387e-02 16384 0
2500.2374 2500.2374 2.660302e-15 1.990156e-16 2.547548e-01 0 0
2501.6112 2501.6112 2.315337e-16 1.437125e-16 1.157648e-02 0 0
2502.9849 2502.9849 9.183629e-17 1.266443e-16 -5.266983e-04 0 0
2504.3587 2504.3587 -2.055126e-16 1.235931e-16 -3.059806e-02 16384 0
2505.7324 2505.7324 8.033810e-18 1.254936e-16 -7.691406e-03 0 0
2507.1061 2507.1061 -3.273668e-15 4.654363e-16 -4.881208e-01 16400 0
2508.4799 2508.4799 -5.444559e-16 1.490125e-16 -8.123779e-02 16400 0
2509.8536 2509.8536 -1.435494e-16 1.264224e-16 -2.143382e-02 16384 0
2511.2274 2511.2274 4.901920e-16 1.284042e-16 3.477430e-02 0 0
2512.6011 2512.6011 -2.643088e-16 1.316973e-16 -3.951798e-02 16384 0
2513.9748 2513.9748 -4.386295e-17 1.154890e-16 -1.218221e-02 0 0
2515.3485 2515.3485 3.305358e-16 1.398014e-16 2.036777e-02 0 0
2516.7223 2516.7223 -2.176408e-16 1.300444e-16 -3.260585e-02 16384 0
2518.0960 2518.0960 9.749270e-16 1.670299e-16 8.069867e-02 0 0
2519.4697 2519.4697 3.245738e-16 1.477033e-16 1.985076e-02 0 0
2520.8434 2520.8434 -4.327604e-17 1.236263e-16 -1.222720e-02 0 0
2522.2171 2522.2171 -9.958003e-17 1.210458e-16 -1.699124e-02 0 0
2523.5908 2523.5908 3.611368e-16 1.540026e-16 2.316548e-02 16 0
2524.9645 2524.9645 2.822107e-16 1.276653e-16 1.608006e-02 0 0
2526.3382 2526.3382 -1.405195e-16 1.224913e-16 -2.115698e-02 16384 0
2527.7119 2527.7119 4.604465e-16 1.398869e-16 3.225881e-02 0 0
2529.0856 2529.0856 -1.594170e-16 1.674696e-16 -2.404029e-02 16400 0
2530.4593 2530.4593 8.016851e-16 1.354688e-16 6.441973e-02 0 0
2531.8330 2531.8330 1.746621e-16 1.400296e-16 6.534129e-03 0 0
2533.2067 2533.2067 -2.112270e-16 1.375343e-16 -3.193198e-02 16384 0
2534.5804 2534.5804 2.271703e-16 1.251232e-16 1.119689e-02 0 0
2535.9541 2535.9541 1.675511e-16 1.295033e-16 5.901352e-03 0 0
2537.3277 2537.3277 -1.696153e-15 2.738584e-16 -2.570719e-01 16400 0
2538.7014 2538.7014 -1.699064e-17 1.238935e-16 -1.021428e-02 0 0
2540.0751 2540.0751 1.095203e-16 1.141560e-16 7.733945e-04 0 0
2541.4487 2541.4487 -4.925022e-16 2.080885e-16 -7.483463e-02 16400 0
2542.8224 2542.8224 -1.416798e-16 1.241287e-16 -2.154655e-02 16384 0
2544.1961 2544.1961 2.267578e-16 1.469839e-16 1.118647e-02 0 0
2545.5697 2545.5697 4.601523e-16 1.303953e-16 3.253625e-02 0 0
2546.9434 2546.9434 -5.908677e-16 1.466079e-16 -9.008519e-02 16400 0
2548.3170 2548.3170 1.476957e-16 1.375430e-16 4.123548e-03 0 0
2549.6906 2549.6906 2.600811e-16 1.336491e-16 1.421324e-02 0 0
2551.0643 2551.0643 6.938502e-16 1.446870e-16 5.478488e-02 0 0
2552.4379 2552.4379 -4.881368e-16 1.471829e-16 -7.464440e-02 16400 0
2553.8115 2553.8115 3.711785e-16 1.303564e-16 2.439157e-02 0 0
2555.1852 2555.1852 5.601596e-16 1.215459e-16 4.208893e-02 0 0
2556.5588 2556.5588 -3.020118e-16 1.952423e-16 -4.626610e-02 16400 0
2557.9324 2557.9324 7.411215e-17 1.208598e-16 -2.445903e-03 0 0
2559.3060 2559.3060 7.680653e-17 1.190039e-16 -2.217075e-03 0 0
2560.6796 2560.6796 -5.594283e-17 1.205419e-16 -1.383834e-02 0 0
2562.0532 2562.0532 6.793295e-17 1.242307e-16 -3.020236e-03 0 0
2563.4268 2563.4268 5.584665e-16 2.018465e-16 4.204630e-02 16 0
2564.8004 2564.8004 -1.153901e-16 2.048561e-16 -1.900948e-02 16 0
2566.1740 2566.1740 -3.868071e-16 1.323688e-16 -5.948753e-02 16384 0
2567.5476 2567.5476 1.216998e-16 1.208671e-16 1.726700e-03 0 0
2568.9212 2568.9212 -6.198774e-16 2.533249e-16 -9.542923e-02 16400 0
2570.2948 2570.2948 -1.110182e-16 1.213249e-16 -1.870789e-02 0 0
2571.6684 2571.6684 -9.475644e-17 1.153175e-16 -1.732476e-02 0 0
2573.0420 2573.0420 4.948058e-17 1.251714e-16 -4.731614e-03 0 0
2574.4155 2574.4155 -1.719648e-16 1.286298e-16 -2.652444e-02 16384 0
2575.7891 2575.7891 -1.141340e-16 1.190175e-16 -1.904621e-02 16 0
2577.1626 2577.1626 1.390901e-16 1.196510e-16 3.241926e-03 0 0
2578.5362 2578.5362 6.911144e-16 1.431315e-16 5.503467e-02 0 0
2579.9098 2579.9098 3.803955e-16 1.250177e-16 2.537877e-02 0 0
2581.2833 2581.2833 5.241680e-16 1.298446e-16 3.896659e-02 0 0
2582.6568 2582.6568 -5.016557e-16 2.498635e-16 -7.757894e-02 16400 0
2584.0304 2584.0304 -1.646963e-16 1.224615e-16 -2.548061e-02 16384 0
2585.4039 2585.4039 -2.580990e-16 1.752983e-16 -3.994901e-02 16400 0
2586.7774 2586.7774 1.807504e-16 1.359112e-16 6.976308e-03 0 0
2588.1510 2588.1510 1.409298e-15 1.598131e-16 1.283563e-01 0 0
2589.5245 2589.5245 1.726243e-16 1.319752e-16 6.232329e-03 0 0
2590.8980 2590.8980 -6.590535e-16 1.683449e-16 -1.022073e-01 16400 0
2592.2715 2592.2715 -4.920644e-16 1.490190e-16 -7.635085e-02 16400 0
2593.6450 2593.6450 -3.848235e-18 1.180427e-16 -9.608667e-03 0 0
2595.0185 2595.0185 -1.457614e-16 1.214607e-16 -2.264320e-02 16384 0
2596.3920 2596.3920 -6.170116e-16 1.105618e-16 -9.590933e-02 16384 0
2597.7655 2597.7655 2.087092e-16 1.184489e-16 9.528084e-03 0 0
2599.1390 2599.1390 -2.047679e-16 1.162471e-16 -3.187184e-02 16384 0
2600.5125 2600.5125 -2.043101e-16 1.179709e-16 -3.182348e-02 16384 0
2601.8859 2601.8859 -1.661341e-16 1.224259e-16 -2.589574e-02 16384 0
2603.2594 2603.2594 5.208795e-17 1.202678e-16 -4.689718e-03 0 0
2604.6329 2604.6329 8.858603e-17 1.146770e-16 -1.408409e-03 0 0
2606.0063 2606.0063 -1.408289e-16 1.199910e-16 -2.200529e-02 16400 0
2607.3798 2607.3798 2.511654e-16 1.289937e-16 1.349775e-02 0 0
2608.7532 2608.7532 4.993826e-16 1.564821e-16 3.702684e-02 0 0
2610.1267 2610.1267 1.581763e-16 1.327619e-16 4.927333e-03 0 0
2611.5001 2611.5001 -3.672422e-16 1.477611e-16 -5.757737e-02 16400 0
2612.8736 2612.8736 7.709458e-16 1.260159e-16 6.387202e-02 0 0
2614.2470 2614.2470 -1.652700e-16 1.476204e-16 -2.595383e-02 16384 0
2615.6204 2615.6204 -8.945072e-16 2.248354e-16 -1.405872e-01 16400 0
2616.9938 2616.9938 5.403277e-17 1.572882e-16 -4.568024e-03 0 0
2618.3673 2618.3673 -2.708710e-16 1.352406e-16 -4.263618e-02 16384 0
2619.7407 2619.7407 -1.707898e-15 2.523734e-16 -2.690141e-01 16400 0
2621.1141 2621.1141 8.923714e-17 1.184467e-16 -1.379825e-03 0 0
2622.4875 2622.4875 -2.982079e-16 1.362549e-16 -4.703339e-02 16400 0
2623.8609 2623.8609 9.240950e-17 1.201535e-16 -1.096148e-03 0 0
2625.2342 2625.2342 1.867486e-16 1.113562e-16 7.600816e-03 0 0
2626.6076 2626.6076 -1.278915e-16 1.059362e-16 -2.088861e-02 0 0
2627.9810 2627.9810 5.295889e-16 1.330601e-16 4.034869e-02 0 0
2629.3544 2629.3544 2.069127e-16 1.203272e-16 9.480581e-03 0 0
2630.7277 2630.7277 -2.398333e-15 3.155689e-16 -3.793171e-01 16400 0
2632.1011 2632.1011 5.031717e-16 1.482610e-16 3.780004e-02 0 0
2633.4744 2633.4744 -2.282222e-16 1.151739e-16 -3.611914e-02 17408 0
2634.8478 2634.8478 5.311031e-17 1.269821e-16 -4.724566e-03 1024 0
2636.2211 2636.2211 2.379670e-16 1.260379e-16 1.238745e-02 1024 0
2637.5945 2637.5945 2.708382e-16 1.178218e-16 1.548416e-02 1024 0
2638.9678 2638.9678 1.243006e-16 1.304982e-16 1.791110e-03 1024 0
2640.3411 2640.3411 -7.356783e-16 2.275515e-16 -1.165584e-01 17424 0
2641.7144 2641.7144 -5.146520e-16 1.922214e-16 -8.155347e-02 17424 0
2643.0877 2643.0877 -5.640054e-16 1.240313e-16 -8.939570e-02 17408 0
2644.4611 2644.4611 -2.416474e-16 1.281425e-16 -3.831062e-02 17408 0
2645.8344 2645.8344 2.455986e-16 1.224923e-16 1.309559e-02 1024 0
2647.2076 2647.2076 3.900011e-16 1.256259e-16 2.686396e-02 1024 0
2648.5809 2648.5809 -2.958636e-16 1.232888e-16 -4.694045e-02 17408 0
2649.9542 2649.9542 1.645823e-16 2.249925e-16 5.502382e-03 1040 0
2651.3275 2651.3275 1.957449e-16 1.661103e-16 8.414909e-03 1040 0
2652.7008 2652.7008 3.325593e-16 1.304865e-16 2.137830e-02 1024 0
2654.0740 2654.0740 6.435481e-16 1.446212e-16 5.185612e-02 1024 0
2655.4473 2655.4473 -4.116572e-16 2.047992e-16 -6.546384e-02 17424 0
2656.8205 2656.8205 2.856570e-16 1.229965e-16 1.693571e-02 1024 0
2658.1938 2658.1938 -2.756456e-16 1.198877e-16 -4.388854e-02 17408 0
2659.5670 2659.5670 -2.504502e-16 1.278206e-16 -3.990349e-02 17408 0
2660.9402 2660.9402 5.742025e-16 2.037432e-16 4.510660e-02 1040 0
2662.3135 2662.3135 4.329747e-18 1.382784e-16 -9.270710e-03 1024 0
2663.6867 2663.6867 -6.425995e-16 1.792941e-16 -1.026023e-01 17424 0
2665.0599 2665.0599 -1.132965e-15 1.419768e-16 -1.810369e-01 17424 0
2666.4331 2666.4331 -8.336345e-16 1.820668e-16 -1.333090e-01 17424 0
2667.8063 2667.8063 -3.769764e-16 1.268483e-16 -6.033182e-02 17408 0
2669.1795 2669.1795 -1.919664e-16 1.095363e-16 -3.074684e-02 17408 0
2670.5527 2670.5527 1.001974e-15 1.252867e-16 8.939157e-02 1024 0
2671.9259 2671.9259 3.806376e-16 1.257636e-16 2.630460e-02 1024 0
2673.2990 2673.2990 5.533325e-18 1.172202e-16 -9.191577e-03 1024 0
2674.6722 2674.6722 3.929332e-16 1.308240e-16 2.755989e-02 1024 0
2676.0454 2676.0454 3.090044e-16 1.169709e-16 1.942447e-02 0 0
2677.4185 2677.4185 -1.534495e-16 1.072592e-16 -2.469728e-02 16384 0
2678.7917 2678.7917 -2.073309e-16 1.184773e-16 -3.339630e-02 16384 0
2680.1648 2680.1648 -2.401349e-16 1.153551e-16 -3.871071e-02 16384 0
2681.5379 2681.5379 -6.133471e-16 2.060321e-16 -9.895371e-02 16400 0
2682.9111 2682.9111 -8.082484e-17 1.306141e-16 -1.711745e-02 16 0
2684.2842 2684.2842 7.829964e-16 1.404053e-16 6.720623e-02 0 0
2685.6573 2685.6573 4.942920e-16 1.098593e-16 3.784527e-02 0 0
2687.0304 2687.0304 -2.307405e-16 1.542766e-16 -3.734946e-02 16400 0
2688.4035 2688.4035 -2.616861e-16 2.228246e-16 -4.239555e-02 16400 0
2689.7766 2689.7766 1.045741e-15 1.273035e-16 9.527522e-02 0 0
2691.1497 2691.1497 3.575753e-16 1.202909e-16 2.443224e-02 0 0
2692.5228 2692.5228 3.855180e-16 1.303352e-16 2.722014e-02 0 0
2693.8958 2693.8958 4.653717e-16 1.317982e-16 3.520419e-02 0 0
2695.2689 2695.2689 6.991924e-17 1.172971e-16 -3.200375e-03 0 0
2696.6419 2696.6419 5.170624e-16 1.156806e-16 4.050436e-02 0 0
2698.0150 2698.0150 6.916639e-16 1.272355e-16 5.844489e-02 0 0
2699.3880 2699.3880 1.381008e-16 1.154414e-16 3.293894e-03 0 0
2700.7611 2700.7611 2.676709e-16 1.184781e-16 1.583810e-02 0 0
2702.1341 2702.1341 -1.522801e-16 1.086358e-16 -2.493016e-02 16384 0
2703.5071 2703.5071 -1.877871e-16 1.109610e-16 -3.078327e-02 16384 0
2704.8801 2704.8801 -2.997383e-16 1.308841e-16 -4.919939e-02 16384 0
2706.2531 2706.2531 2.352532e-16 1.218482e-16 1.279608e-02 0 0
2707.6261 2707.6261 7.896152e-17 1.230911e-16 -2.272110e-03 0 0
2708.9991 2708.9991 3.294240e-17 1.191545e-16 -6.636390e-03 256 0
2710.3721 2710.3721 5.100890e-16 1.381071e-16 4.046236e-02 0 0
2711.7451 2711.7451 -3.845225e-16 1.347784e-16 -6.356106e-02 16400 0
2713.1180 2713.1180 4.356270e-17 1.080206e-16 -5.611122e-03 0 0
2714.4910 2714.4910 2.372301e-16 1.186953e-16 1.319008e-02 0 0
2715.8640 2715.8640 3.462943e-16 1.301492e-16 2.409616e-02 0 0
2717.2369 2717.2369 -1.113219e-16 1.181170e-16 -2.020052e-02 0 0
2718.6098 2718.6098 -9.487958e-18 1.131386e-16 -1.064259e-02 0 0
2719.9828 2719.9828 -1.031665e-15 2.016312e-16 -1.720435e-01 16400 0
2721.3557 2721.3557 9.455543e-17 1.083730e-16 -6.441046e-04 0 0
2722.7286 2722.7286 -5.496748e-16 1.207225e-16 -9.193338e-02 16400 0
2724.1015 2724.1015 -2.676243e-16 1.251863e-16 -4.482518e-02 16400 0
2725.4744 2725.4744 1.173855e-16 1.084639e-16 1.629425e-03 0 0
2726.8473 2726.8473 -1.055203e-15 2.664960e-16 -1.772415e-01 16400 0
2728.2202 2728.2202 -4.268647e-16 2.110679e-16 -7.180069e-02 16400 0
2729.5930 2729.5930 2.319231e-16 1.359677e-16 1.304891e-02 0 0
2730.9659 2730.9659 -3.055894e-16 1.300606e-16 -5.154511e-02 16400 0
2732.3388 2732.3388 3.860175e-16 1.186771e-16 2.879778e-02 0 0
2733.7116 2733.7116 6.681998e-16 1.547434e-16 5.857997e-02 16 0
2735.0845 2735.0845 -1.463780e-15 2.560869e-16 -2.479399e-01 16400 0
2736.4573 2736.4573 1.248682e-15 1.329527e-16 1.236357e-01 16 0
2737.8301 2737.8301 -4.327540e-18 1.147781e-16 -1.012817e-02 16 0
2739.2029 2739.2029 4.251795e-16 1.150911e-16 3.317036e-02 0 0
2740.5757 2740.5757 3.028887e-16 1.423006e-16 2.057300e-02 0 0
2741.9485 2741.9485 2.109047e-16 1.349880e-16 1.124529e-02 0 0
2743.3213 2743.3213 -1.305593e-15 3.848283e-16 -2.231028e-01 16400 0
2744.6941 2744.6941 -7.172036e-16 1.700152e-16 -1.227496e-01 16400 0
2746.0669 2746.0669 -2.858028e-16 1.078916e-16 -4.899383e-02 16384 0
2747.4397 2747.4397 -2.247930e-16 1.104716e-16 -3.859869e-02 16384 0
2748.8124 2748.8124 6.004732e-16 1.517311e-16 5.244551e-02 16 0
2750.1852 2750.1852 1.021898e-15 1.186411e-16 9.961718e-02 0 0
2751.5579 2751.5579 1.491987e-16 1.173598e-16 5.237501e-03 0 0
2752.9306 2752.9306 1.983310e-16 1.094210e-16 1.027391e-02 0 0
2754.3034 2754.3034 1.382862e-16 1.220886e-16 4.192490e-03 0 0
2755.6761 2755.6761 7.603851e-17 1.147521e-16 -2.065625e-03 0 0
2757.0488 2757.0488 -4.731535e-16 1.494899e-16 -8.224665e-02 16400 0
2758.4215 2758.4215 -1.287016e-16 1.567523e-16 -2.241462e-02 16400 0
2759.7942 2759.7942 -9.016588e-16 2.392739e-16 -1.573360e-01 16400 0
2761.1669 2761.1669 -3.432981e-16 1.523341e-16 -6.002359e-02 16400 0
2762.5395 2762.5395 -1.056259e-15 2.427657e-16 -1.850507e-01 16400 0
2763.9122 2763.9122 -2.828844e-16 1.020947e-16 -4.966208e-02 16384 0
2765.2849 2765.2849 1.106936e-17 1.046245e-16 -8.493396e-03 0 0
2766.6575 2766.6575 -1.031375e-17 1.096197e-16 -1.063498e-02 0 0
2768.0301 2768.0301 -1.651468e-15 1.960681e-16 -2.917576e-01 16400 0
2769.4028 2769.4028 -1.443779e-16 1.051506e-16 -2.556199e-02 16384 0
2770.7754 2770.7754 -1.529886e-15 2.579068e-16 -2.714527e-01 16400 0
2772.1480 2772.1480 2.258205e-17 1.137270e-16 -7.273225e-03 0 0
2773.5206 2773.5206 -1.516694e-16 1.035220e-16 -2.702957e-02 16384 0
2774.8932 2774.8932 -9.582954e-17 9.456665e-17 -1.922204e-02 0 0
2776.2658 2776.2658 -1.027337e-16 9.688975e-17 -1.992543e-02 0 0
2777.6384 2777.6384 -1.844866e-16 1.002028e-16 -3.309805e-02 16400 0
2779.0109 2779.0109 -3.535707e-16 1.184515e-16 -6.357409e-02 16384 0
2780.3835 2780.3835 -1.549744e-16 9.864157e-17 -2.792738e-02 16384 0
2781.7560 2781.7560 -7.566978e-16 1.697861e-16 -1.366655e-01 16400 0
2783.1286 2783.1286 8.989356e-17 9.864173e-17 -1.386441e-04 0 0
2784.5011 2784.5011 -2.652078e-16 1.090288e-16 -4.811251e-02 16384 0
2785.8736 2785.8736 -1.656590e-16 1.074379e-16 -3.011847e-02 16400 0
2787.2461 2787.2461 2.676946e-17 1.105654e-16 -6.684004e-03 0 0
2788.6186 2788.6186 -6.243082e-16 1.794924e-16 -1.140003e-01 16400 0
2789.9911 2789.9911 -1.294967e-16 1.069566e-16 -2.369781e-02 16384 0
2791.3636 2791.3636 2.080698e-16 1.178300e-16 1.276439e-02 16 0
2792.7361 2792.7361 6.161115e-17 1.085272e-16 -2.936278e-03 16 0
2794.1086 2794.1086 -2.458643e-16 9.787229e-17 -4.528338e-02 16384 0
2795.4810 2795.4810 9.226206e-16 1.593496e-16 9.592824e-02 16 0
2796.8535 2796.8535 1.544918e-16 1.115216e-16 7.141346e-03 16 0
2798.2259 2798.2259 -1.767002e-16 1.490696e-16 -3.274649e-02 16400 0
2799.5983 2799.5983 -1.561679e-16 1.104259e-16 -2.900031e-02 16384 0
2800.9707 2800.9707 7.811734e-16 1.460718e-16 7.959919e-02 16 0
2802.3431 2802.3431 9.015125e-17 1.117120e-16 3.129225e-04 0 0
2803.7155 2803.7155 1.044306e-15 1.122931e-16 1.125041e-01 16 0
2805.0879 2805.0879 8.095071e-16 1.330281e-16 8.362915e-02 0 0
2806.4603 2806.4603 5.006613e-16 1.216329e-16 4.681594e-02 0 0
2807.8327 2807.8327 4.418074e-16 1.412678e-16 4.006317e-02 16 0
2809.2050 2809.2050 6.764929e-17 9.998759e-17 -1.987468e-03 0 0
2810.5774 2810.5774 -7.365067e-17 1.103497e-16 -1.712812e-02 0 0
2811.9497 2811.9497 -8.289225e-16 1.928844e-16 -1.565868e-01 16400 0
2813.3220 2813.3220 -8.638347e-17 1.411693e-16 -1.847806e-02 16 0
2814.6944 2814.6944 -1.784278e-16 1.037178e-16 -3.382847e-02 16384 0
2816.0667 2816.0667 5.935900e-16 1.271908e-16 5.874819e-02 16 0
2817.4390 2817.4390 4.236920e-17 9.948148e-17 -4.600547e-03 0 0
2818.8113 2818.8113 -7.162451e-16 1.301189e-16 -1.365089e-01 16400 0
2820.1835 2820.1835 -3.542787e-15 4.972780e-16 -6.763896e-01 16400 0
2821.5558 2821.5558 -4.922071e-16 1.039477e-16 -9.413894e-02 16384 0
2822.9281 2822.9281 8.676039e-17 9.464149e-17 3.966223e-04 0 0
2824.3003 2824.3003 3.038850e-16 1.055683e-16 2.510681e-02 0 0
2825.6725 2825.6725 1.823600e-16 1.018488e-16 1.121539e-02 0 0
2827.0448 2827.0448 2.851724e-16 1.304564e-16 2.307933e-02 16 0
2828.4170 2828.4170 5.543923e-17 9.726743e-17 -2.969928e-03 0 0
2829.7892 2829.7892 5.116154e-16 1.244758e-16 5.011382e-02 16 0
2831.1614 2831.1614 -6.043022e-16 1.093639e-16 -1.169734e-01 16384 0
2832.5336 2832.5336 -1.902726e-16 1.013873e-16 -3.689467e-02 16384 0
2833.9058 2833.9058 5.220902e-16 1.175398e-16 5.174635e-02 16 0
2835.2779 2835.2779 -1.207883e-15 1.691248e-16 -2.350333e-01 16400 0
2836.6501 2836.6501 -4.528582e-16 1.312849e-16 -8.827360e-02 16400 0
2838.0222 2838.0222 -1.274199e-16 9.634052e-17 -2.488302e-02 16384 0
2839.3944 2839.3944 1.581892e-16 1.001089e-16 8.940939e-03 0 0
2840.7665 2840.7665 1.673750e-16 9.362391e-17 1.005059e-02 0 0
2842.1386 2842.1386 2.987096e-16 9.824811e-17 2.549058e-02 0 0
2843.5107 2843.5107 -1.604801e-15 3.636166e-16 -3.157534e-01 16400 0
2844.8828 2844.8828 -7.638221e-16 1.652218e-16 -1.505769e-01 16400 0
2846.2549 2846.2549 4.255107e-16 1.055514e-16 4.105151e-02 0 0
2847.6269 2847.6269 -1.674183e-16 9.588913e-17 -3.313587e-02 16384 0
2848.9990 2848.9990 -1.104846e-16 8.867524e-17 -2.191226e-02 16384 0
2850.3711 2850.3711 3.686166e-16 1.110084e-16 3.445929e-02 16 0
2851.7431 2851.7431 -1.049146e-16 9.554389e-17 -2.089540e-02 16384 0
2853.1151 2853.1151 -1.173321e-16 9.636581e-17 -2.341935e-02 16384 0
2854.4871 2854.4871 2.344594e-16 9.463192e-17 1.857414e-02 0 0
2855.8591 2855.8591 2.705082e-16 9.586551e-17 2.298395e-02 0 0
2857.2311 2857.2311 1.640032e-16 1.093756e-16 1.034404e-02 256 0
2858.6031 2858.6031 2.067834e-15 1.387821e-16 2.704761e-01 16 0
2859.9751 2859.9751 5.094118e-17 1.064126e-16 -2.803201e-03 0 0
2861.3471 2861.3471 -3.444510e-16 1.718166e-16 -6.971222e-02 16400 0
2862.7190 2862.7190 4.524626e-16 1.038343e-16 4.603218e-02 0 0
2864.0909 2864.0909 -1.118748e-17 1.308776e-16 -9.906550e-03 16 0
2865.4629 2865.4629 1.930699e-16 8.561555e-17 1.423638e-02 0 0
2866.8348 2866.8348 3.492830e-16 9.767044e-17 3.351216e-02 0 0
2868.2067 2868.2067 -1.491890e-17 1.189404e-16 -1.028402e-02 16 0
2869.5786 2869.5786 1.708235e-16 9.087200e-17 1.177154e-02 0 0
2870.9505 2870.9505 -1.245526e-15 2.120985e-16 -2.564896e-01 16400 0
2872.3224 2872.3224 3.376872e-17 9.685756e-17 -4.513438e-03 0 0
2873.6942 2873.6942 4.069833e-16 1.047046e-16 4.149248e-02 16 0
2875.0661 2875.0661 -6.618681e-16 1.281050e-16 -1.373625e-01 16400 0
2876.4379 2876.4379 -1.379801e-16 1.126723e-16 -2.871139e-02 16400 0
2877.8097 2877.8097 -2.205284e-15 2.701541e-16 -4.601134e-01 16400 0
2879.1815 2879.1815 -8.001669e-16 1.708637e-16 -1.673977e-01 16400 0
2880.5534 2880.5534 2.383178e-16 9.615696e-17 2.078070e-02 0 0
2881.9251 2881.9251 -2.204523e-16 9.782905e-17 -4.637073e-02 16400 0
2883.2969 2883.2969 3.273217e-16 9.528591e-17 3.230700e-02 16 0
2884.6687 2884.6687 6.253543e-16 1.121701e-16 7.185826e-02 0 0
2886.0405 2886.0405 -9.011832e-16 2.422691e-16 -1.911200e-01 16400 0
2887.4122 2887.4122 -4.586678e-16 1.959035e-16 -9.754816e-02 16400 0
2888.7839 2888.7839 1.276903e-15 1.034369e-16 1.661201e-01 0 0
2890.1557 2890.1557 5.219002e-16 8.725923e-17 5.880167e-02 0 0
2891.5274 2891.5274 1.115991e-16 1.067239e-16 5.595155e-03 0 0
2892.8991 2892.8991 1.924958e-16 9.148816e-17 1.587201e-02 0 0
2894.2708 2894.2708 2.455582e-16 8.896633e-17 2.278293e-02 0 0
2895.6424 2895.6424 -2.218841e-16 1.433156e-16 -4.801471e-02 16400 0
2897.0141 2897.0141 6.200505e-16 1.059709e-16 7.350247e-02 0 0
2898.3858 2898.3858 4.671805e-16 8.992767e-17 5.268570e-02 0 0
2899.7574 2899.7574 -8.363550e-17 8.848982e-17 -1.826387e-02 16400 0
2901.1290 2901.1290 3.007827e-16 9.364586e-17 3.067074e-02 0 0
2902.5006 2902.5006 -1.889168e-15 3.453625e-16 -4.151068e-01 16400 0
2903.8722 2903.8722 3.357644e-16 1.089452e-16 3.565623e-02 16 0
2905.2438 2905.2438 2.401344e-16 8.932223e-17 2.304299e-02 0 0
2906.6154 2906.6154 -9.373152e-17 7.928036e-17 -2.079358e-02 16384 0
2907.9870 2907.9870 -2.960392e-16 9.566434e-17 -6.588572e-02 16384 0
2909.3585 2909.3585 4.932171e-16 9.091635e-17 5.812959e-02 0 0
2910.7301 2910.7301 1.588587e-17 8.374619e-17 -5.748763e-03 16 0
2912.1016 2912.1016 4.161887e-17 9.036530e-17 -2.419166e-03 0 0
2913.4731 2913.4731 2.485791e-16 9.398787e-17 2.495725e-02 0 0
2914.8447 2914.8447 1.586910e-16 8.079793e-17 1.302170e-02 0 0
2916.2161 2916.2161 2.826150e-19 8.624804e-17 -7.610887e-03 0 0
2917.5876 2917.5876 4.902630e-17 8.434344e-17 -1.268338e-03 0 0
2918.9591 2918.9591 7.440899e-16 9.979493e-17 9.680593e-02 0 0
2920.3306 2920.3306 1.216639e-17 8.177560e-17 -5.978078e-03 0 0
2921.7020 2921.7020 -2.410193e-16 8.568085e-17 -5.541466e-02 16384 0
2923.0734 2923.0734 4.699303e-17 8.020105e-17 -1.334297e-03 0 0
2924.4449 2924.4449 -1.895604e-16 8.615055e-17 -4.385982e-02 16384 0
2925.8163 2925.8163 6.012007e-17 7.685450e-17 5.103331e-04 0 0
2927.1877 2927.1877 1.389563e-16 9.245551e-17 1.119508e-02 0 0
2928.5591 2928.5591 -3.523680e-17 7.633029e-17 -1.198963e-02 0 0
2929.9304 2929.9304 3.798161e-16 9.563562e-17 4.528574e-02 0 0
2931.3018 2931.3018 1.974116e-16 9.046040e-17 1.954202e-02 0 0
2932.6731 2932.6731 -1.426511e-16 7.918273e-17 -3.361066e-02 16400 0
2934.0445 2934.0445 7.685470e-16 1.064430e-16 1.046866e-01 16 0
2935.4158 2935.4158 -6.032506e-16 1.145886e-16 -1.429578e-01 16400 0
2936.7871 2936.7871 8.497200e-17 8.165487e-17 4.350245e-03 0 0
2938.1584 2938.1584 4.105336e-17 8.090953e-17 -1.586346e-03 0 0
2939.5297 2939.5297 2.096953e-17 8.665236e-17 -4.266326e-03 0 0
2940.9009 2940.9009 2.094671e-16 1.035490e-16 2.202309e-02 0 0
2942.2722 2942.2722 2.826999e-16 9.537937e-17 3.269478e-02 0 0
2943.6434 2943.6434 -2.307325e-16 8.375550e-17 -5.562234e-02 16384 0
2945.0147 2945.0147 9.367692e-17 8.730764e-17 5.960209e-03 0 0
2946.3859 2946.3859 4.265555e-16 8.547872e-17 5.455265e-02 0 0
2947.7571 2947.7571 -7.712263e-16 2.839838e-16 -1.874801e-01 16400 0
2949.1283 2949.1283 4.824060e-17 9.189461e-17 -1.866492e-04 0 0
2950.4995 2950.4995 -2.245036e-17 7.155605e-17 -9.896949e-03 0 0
2951.8706 2951.8706 1.719329e-17 7.959079e-17 -4.401728e-03 0 0
2953.2418 2953.2418 1.566328e-16 7.901455e-17 1.539664e-02 0 0
2954.6129 2954.6129 -9.076464e-17 7.110400e-17 -2.237727e-02 16384 0
2955.9840 2955.9840 9.113471e-17 8.494285e-17 6.169450e-03 16 0
2957.3552 2957.3552 -1.262291e-16 1.174003e-16 -3.129692e-02 16400 0
2958.7263 2958.7263 -4.744478e-16 1.089859e-16 -1.179613e-01 16400 0
2960.0973 2960.0973 1.287925e-16 9.977563e-17 1.182727e-02 0 0
2961.4684 2961.4684 4.289017e-16 8.766612e-17 5.724186e-02 0 0
2962.8395 2962.8395 1.414451e-16 9.110322e-17 1.384996e-02 0 0
2964.2105 2964.2105 -9.456111e-16 1.525414e-16 -2.376687e-01 16400 0
2965.5815 2965.5815 -6.344940e-17 7.993820e-17 -1.598925e-02 16384 0
2966.9526 2966.9526 3.585097e-17 7.323937e-17 -1.245062e-03 0 0
2968.3236 2968.3236 2.478076e-17 6.923341e-17 -2.781765e-03 0 0
2969.6946 2969.6946 -4.695195e-16 1.235437e-16 -1.192136e-01 16400 0
2971.0655 2971.0655 -1.216633e-16 6.838764e-17 -3.096693e-02 16384 0
2972.4365 2972.4365 -2.031835e-16 7.034525e-17 -5.183955e-02 16384 0
2973.8075 2973.8075 1.077867e-16 7.292907e-17 9.554811e-03 0 0
2975.1784 2975.1784 -1.973183e-16 7.272151e-17 -5.057448e-02 16384 0
2976.5493 2976.5493 1.423034e-16 8.116112e-17 1.485571e-02 0 0
2977.9202 2977.9202 1.522059e-16 7.510887e-17 1.642925e-02 0 0
2979.2911 2979.2911 -1.114118e-16 9.251422e-17 -2.873917e-02 16400 0
2980.6620 2980.6620 1.017710e-17 1.012970e-16 -4.471126e-03 16 0
2982.0329 2982.0329 -5.543146e-16 1.267465e-16 -1.435487e-01 16400 0
2983.4037 2983.4037 2.512826e-17 6.909076e-17 -2.194708e-03 0 0
2984.7746 2984.7746 -2.126992e-16 9.404670e-17 -5.529320e-02 16400 0
2986.1454 2986.1454 -1.329212e-16 7.828711e-17 -3.461858e-02 16384 0
2987.5162 2987.5162 2.314350e-16 7.023576e-17 2.923006e-02 0 0
2988.8870 2988.8870 2.144282e-16 7.946373e-17 2.668352e-02 0 0
2990.2578 2990.2578 -6.907077e-16 2.030693e-16 -1.808578e-01 16400 0
2991.6286 2991.6286 4.123901e-16 7.278771e-17 5.850362e-02 0 0
2992.9993 2992.9993 2.556233e-16 7.458873e-17 3.343916e-02 0 0
2994.3701 2994.3701 4.736062e-17 6.702286e-17 1.516258e-03 0 0
2995.7408 2995.7408 -1.662209e-16 1.069693e-16 -4.382543e-02 16400 0
2997.1115 2997.1115 -3.772374e-16 9.019192e-17 -9.963658e-02 16400 0
2998.4822 2998.4822 3.512541e-16 7.468329e-17 4.924487e-02 0 0
2999.8529 2999.8529 -1.525166e-16 1.093706e-16 -4.042273e-02 16400 0
3001.2236 3001.2236 3.715637e-16 8.509792e-17 5.283556e-02 16 0
3002.5942 3002.5942 2.514314e-16 7.704797e-17 3.353165e-02 0 0
3003.9649 3003.9649 3.068250e-16 7.037648e-17 4.255325e-02 0 0
3005.3355 3005.3355 6.908417e-17 6.892869e-17 5.272278e-03 0 0
3006.7061 3006.7061 1.012161e-16 8.211432e-17 1.025817e-02 0 0
3008.0767 3008.0767 9.441642e-17 6.492353e-17 9.283909e-03 0 0
3009.4473 3009.4473 6.264378e-17 8.134228e-17 4.482337e-03 16 0
3010.8179 3010.8179 -2.302591e-16 8.639774e-17 -6.189920e-02 16400 0
3012.1884 3012.1884 -1.980890e-16 7.190279e-17 -5.334853e-02 16384 0
3013.5590 3013.5590 -4.561846e-17 6.475259e-17 -1.230819e-02 16384 0
3014.9295 3014.9295 3.653903e-18 8.136707e-17 -4.241665e-03 16 0
3016.3000 3016.3000 -5.121872e-17 7.336344e-17 -1.386944e-02 16384 0
3017.6705 3017.6705 -1.442484e-16 6.510220e-17 -3.913183e-02 16384 0
3019.0410 3019.0410 2.170701e-16 7.363197e-17 2.932611e-02 0 0
3020.4115 3020.4115 3.258016e-16 7.268503e-17 4.726022e-02 16 0
3021.7819 3021.7819 -7.725129e-17 8.856321e-17 -2.107334e-02 16400 0
3023.1524 3023.1524 -9.784970e-17 6.993217e-17 -2.674155e-02 16384 0
3024.5228 3024.5228 -9.083652e-17 7.317467e-17 -2.487044e-02 16384 0
3025.8932 3025.8932 1.141975e-17 6.307833e-17 -2.636591e-03 0 0
3027.2636 3027.2636 -2.888256e-16 8.235566e-17 -7.936805e-02 16400 0
3028.6340 3028.6340 1.872047e-17 6.384817e-17 -1.402202e-03 0 0
3030.0044 3030.0044 3.593305e-16 7.405935e-17 5.390431e-02 0 0
3031.3747 3031.3747 3.430225e-17 6.523961e-17 1.126884e-03 0 0
3032.7451 3032.7451 -2.507063e-16 8.489780e-17 -6.938230e-02 16400 0
3034.1154 3034.1154 1.452982e-16 8.809341e-17 1.883747e-02 16 0
3035.4857 3035.4857 2.322510e-16 6.414007e-17 3.313038e-02 0 0
3036.8560 3036.8560 -5.443873e-18 7.218159e-17 -4.793153e-03 0 0
3038.2263 3038.2263 -3.043958e-16 1.167646e-16 -8.482311e-02 16400 0
3039.5965 3039.5965 2.213504e-17 6.377338e-17 -4.003579e-04 0 0
3040.9668 3040.9668 2.066925e-17 6.693303e-17 -5.687969e-04 0 0
3042.3370 3042.3370 -1.191911e-16 6.271795e-17 -3.337793e-02 16384 0
3043.7072 3043.7072 8.335171e-16 8.234810e-17 1.415053e-01 0 0
3045.0774 3045.0774 2.131905e-16 6.736572e-17 3.072142e-02 0 0
3046.4476 3046.4476 -7.379398e-17 6.920695e-17 -2.075923e-02 16384 0
3047.8178 3047.8178 2.884213e-17 6.656518e-17 1.022013e-03 16 0
3049.1879 3049.1879 -1.481471e-16 6.938801e-17 -4.179621e-02 16384 0
3050.5581 3050.5581 8.433955e-16 8.808983e-17 1.446926e-01 0 0
3051.9282 3051.9282 2.446439e-16 7.154635e-17 3.650248e-02 0 0
3053.2983 3053.2983 -7.117666e-17 7.052044e-17 -2.016271e-02 16384 0
3054.6684 3054.6684 2.555960e-17 6.530875e-17 8.193366e-04 0 0
3056.0385 3056.0385 -7.733773e-17 6.418470e-17 -2.196485e-02 16400 0
3057.4085 3057.4085 -3.889003e-16 8.150995e-17 -1.105885e-01 16400 0
3058.7786 3058.7786 5.559227e-17 6.480286e-17 5.802156e-03 0 0
3060.1486 3060.1486 -3.678809e-16 1.023661e-16 -1.048630e-01 16400 0
3061.5186 3061.5186 -1.130449e-16 6.584179e-17 -3.226095e-02 16384 0
3062.8886 3062.8886 2.255372e-16 6.747747e-17 3.200313e-02 0 0
3064.2586 3064.2586 -7.844156e-16 1.599920e-16 -2.243750e-01 16400 0
3065.6286 3065.6286 -6.980507e-17 6.530275e-17 -2.083426e-02 0 0
3066.9985 3066.9985 1.667805e-16 6.610905e-17 1.840298e-02 0 0
3068.3685 3068.3685 1.612661e-16 6.658351e-17 1.756676e-02 16 0
3069.7384 3069.7384 -1.042069e-16 6.681141e-17 -2.994997e-02 16384 0
3071.1083 3071.1083 -8.147904e-16 1.670164e-16 -2.344741e-01 16400 0
3072.4782 3072.4782 -4.867758e-17 7.192921e-17 -1.536909e-02 512 0
