# obs_wvl flux error
2.969000000000000000e+03 3.678816527434329326e-16 5.799946981551868726e-16
2.974493687909407072e+03 -2.034811485439812293e-16 4.114692279251249807e-16
2.979987375818814144e+03 -6.147052251838691350e-16 4.088068503022106464e-16
2.985481063728221216e+03 -8.617699498637850289e-16 3.985026591351907037e-16
2.990974751637628287e+03 1.869960750556094905e-16 3.583434208350803609e-16
2.996468439547035359e+03 3.368191414339361583e-16 3.516880875057725396e-16
3.001962127456442431e+03 -1.001484638258638937e-17 3.765467647716713263e-16
3.007455815365849503e+03 -8.247037112787403401e-17 3.560173742072403411e-16
3.012949503275256575e+03 8.849992640525462696e-17 3.560453616835105077e-16
3.018443191184663647e+03 -3.072782083801875421e-16 3.561683366102116693e-16
3.023936879094070719e+03 -1.163819652676427272e-16 3.067988481159031874e-16
3.029430567003477790e+03 1.875016758488348039e-16 2.971232565025388202e-16
3.034924254912884862e+03 2.784890998953471283e-16 2.895674146901589659e-16
3.040417942822291934e+03 -2.089193674675295151e-16 3.168777131757152280e-16
3.045911630731699006e+03 -5.063187677628088987e-17 2.610335668358515669e-16
3.051405318641106078e+03 1.065416825646274488e-16 2.536059434794491418e-16
3.056899006550513150e+03 -1.072503669125334476e-16 2.533944622954090197e-16
3.062392694459920222e+03 -1.347977588100423488e-16 2.425130501850310363e-16
3.067886382369327293e+03 9.362627917027873431e-17 2.299980707045085929e-16
3.073380070278734365e+03 2.555243479167782065e-16 2.270133412035858943e-16
3.078873758188141437e+03 -3.325773830806883397e-17 2.361655897566065376e-16
3.084367446097548509e+03 6.958338521322177668e-16 2.261734033043418703e-16
3.089861134006955581e+03 1.464464632341032735e-16 2.204348200229130412e-16
3.095354821916362653e+03 -5.670704066023170279e-17 2.221281701660244614e-16
3.100848509825769725e+03 8.908147465892606831e-18 2.090376038135390020e-16
3.106342197735176796e+03 -4.524980740927204683e-17 2.129497611201710301e-16
3.111835885644583868e+03 -2.403050660269096293e-17 2.137298478558254753e-16
3.117329573553990940e+03 5.890867365063471249e-16 2.172857854185375205e-16
3.122823261463398012e+03 -5.702385693783679766e-17 2.366752736665504923e-16
3.128316949372805084e+03 3.045698968100377539e-16 2.040185326688081015e-16
3.133810637282212156e+03 2.062300843457840779e-16 1.996196607997744897e-16
3.139304325191619228e+03 -1.729637790700803017e-16 2.828385104499088203e-16
3.144798013101026299e+03 1.147780027983066697e-16 2.128054746952169106e-16
3.150291701010433371e+03 -2.465041187908885441e-16 1.959595583496607463e-16
3.155785388919840443e+03 2.338519600458905393e-16 1.970757805070247275e-16
3.161279076829247515e+03 -1.032535894543753653e-16 2.674356115143719554e-16
3.166772764738654587e+03 2.495777765716137699e-16 1.878077846592929159e-16
3.172266452648061659e+03 7.742086169893311291e-17 1.828225443899558079e-16
3.177760140557468731e+03 -2.655356732717358807e-16 1.818466955575839125e-16
3.183253828466875802e+03 6.073817746598131978e-17 1.799267120478657746e-16
3.188747516376282874e+03 3.078611613393986236e-16 1.797408508372623365e-16
3.194241204285689946e+03 2.653046768966733991e-16 1.755898142275687928e-16
3.199734892195097018e+03 -9.427986203599805598e-17 1.674973373271000516e-16
3.205228580104504090e+03 1.809615977470467999e-16 1.688358891505054201e-16
3.210722268013911162e+03 9.233231944916758312e-17 1.752208055691875174e-16
3.216215955923318234e+03 9.018806217780750867e-17 1.624170338830331836e-16
3.221709643832725305e+03 9.619087007959739136e-18 1.608075719052875377e-16
3.227203331742132377e+03 1.237860513799432705e-16 1.614892595675780035e-16
3.232697019651539449e+03 -3.116147062089583179e-16 1.786550959214541240e-16
3.238190707560946521e+03 -1.944721029622244920e-16 1.803973300272092131e-16
3.243684395470353593e+03 5.469430391419069991e-16 1.580436155125223289e-16
3.249178083379760665e+03 -1.538430101684853820e-16 1.518627195627788918e-16
3.254671771289167737e+03 -8.710322935337611284e-17 1.627758436534779510e-16
3.260165459198574808e+03 -1.817145539166389450e-16 1.479640560512432425e-16
3.265659147107981880e+03 9.554639636107975308e-17 1.548543756004016089e-16
3.271152835017388952e+03 5.681728320322185769e-17 1.518653514577271819e-16
3.276646522926796024e+03 -9.074623337888046909e-17 1.449198602190659305e-16
3.282140210836203096e+03 3.648703880153606895e-16 1.486011004767987358e-16
3.287633898745610168e+03 1.846433288589918289e-16 1.450512882439240356e-16
3.293127586655017240e+03 -2.702479427793163543e-17 1.430593056607964896e-16
3.298621274564424311e+03 -1.565996321652179707e-16 1.411861537760293382e-16
3.304114962473831383e+03 -5.770091583233859315e-17 1.402754586264974038e-16
3.309608650383238455e+03 -2.220741243972066558e-17 1.389684066816154171e-16
3.315102338292645527e+03 -5.004744382333630515e-17 1.372616194803294626e-16
3.320596026202052599e+03 1.046617851325524904e-16 1.383157898924428989e-16
3.326089714111459671e+03 -1.137016242459923569e-16 1.366311797869045827e-16
3.331583402020866743e+03 1.551919474384262093e-16 1.367969119679280248e-16
3.337077089930273814e+03 3.972173422907749915e-17 1.348569680178627197e-16
3.342570777839680886e+03 1.817771603203910851e-16 1.351916133165804562e-16
3.348064465749087958e+03 2.415438915364447760e-14 4.261704250514316634e-16
3.353558153658495030e+03 -1.583735570972003724e-16 1.309138204995529167e-16
3.359051841567902102e+03 -1.455644665104837959e-16 1.302368236225765820e-16
3.364545529477309174e+03 2.564554758285952621e-17 1.303835923108912854e-16
3.370039217386716246e+03 -8.144869325677584757e-17 1.279199502633242354e-16
3.375532905296123317e+03 1.121074913585544781e-16 1.267006377641269028e-16
3.381026593205530389e+03 1.648462329376789574e-16 1.276044319865370025e-16
3.386520281114937461e+03 -1.096291654798373744e-16 1.382233538220498647e-16
3.392013969024344533e+03 2.278030933807877138e-16 1.375335461724095305e-16
3.397507656933751605e+03 -2.087760085908437291e-16 1.322666147160953901e-16
3.403001344843158677e+03 -1.089443630692784693e-16 1.368890879207551437e-16
3.408495032752565749e+03 1.321337593855560958e-16 1.259622771306425928e-16
3.413988720661972820e+03 9.760357699000386052e-17 1.261691925410847975e-16
3.419482408571379892e+03 -4.788361242202752028e-16 1.672475882220076518e-16
3.424976096480786964e+03 2.374651223089303520e-17 1.175806191195173541e-16
3.430469784390194036e+03 -3.508464601698819162e-17 1.175560450710064827e-16
3.435963472299601108e+03 3.311194406670942801e-17 1.285448369738945426e-16
3.441457160209008180e+03 2.035766778056226091e-17 1.180596077736051254e-16
3.446950848118415252e+03 5.711898364687100666e-18 1.153476106982586054e-16
3.452444536027822323e+03 -3.394375115854962237e-17 1.164731455834195094e-16
3.457938223937229395e+03 -4.097013268847787460e-17 1.114743377657234305e-16
3.463431911846636467e+03 -5.686750132447630272e-17 1.106748357979647411e-16
3.468925599756043539e+03 -2.348765665230422777e-17 1.128341390918294990e-16
3.474419287665450611e+03 7.937508768010356816e-17 1.139025321571291506e-16
3.479912975574857683e+03 -2.038260825879002659e-17 1.086148657461772223e-16
3.485406663484264755e+03 -6.227175926738849157e-17 1.075516149524731740e-16
3.490900351393671826e+03 2.203401044958486124e-16 1.327175542872684482e-16
3.496394039303078898e+03 5.385956364704522087e-17 1.089418378194303187e-16
3.501887727212485970e+03 -1.094069040490033440e-16 1.099715800298893990e-16
3.507381415121893042e+03 8.169062991552060179e-17 1.073802924939693833e-16
3.512875103031300114e+03 1.492783879571047133e-16 1.070123747858055078e-16
3.518368790940707186e+03 4.623183252127407902e-17 1.063101953635416156e-16
3.523862478850114258e+03 -7.164042588762902834e-17 1.059380582288731550e-16
3.529356166759521329e+03 1.442413781010878954e-17 1.099969751962026518e-16
3.534849854668928401e+03 -2.230157620167210033e-17 1.194614864491605092e-16
3.540343542578335473e+03 3.122301825647272835e-16 1.057929527198892583e-16
3.545837230487742545e+03 -1.955306247874333420e-17 1.212128456234151359e-16
3.551330918397149617e+03 1.500681530210698715e-16 1.233079413396479054e-16
3.556824606306556689e+03 1.191653284146084149e-16 1.173884773058689225e-16
3.562318294215963761e+03 -1.239726683806389546e-17 1.068756976338904612e-16
3.567811982125370832e+03 1.679705218681952618e-16 1.030413227384841912e-16
3.573305670034777904e+03 1.529792153356766261e-16 1.119613174549250139e-16
3.578799357944184976e+03 1.685040565028947655e-16 1.050120010361557476e-16
3.584293045853592048e+03 -1.173536244687864523e-16 1.044648581179198633e-16
3.589786733762999120e+03 1.296871149943814318e-16 1.001832352404599571e-16
3.595280421672406192e+03 1.543843206451743703e-16 1.007854742760467259e-16
3.600774109581813264e+03 -7.568509548483481101e-17 1.011458193745794288e-16
3.606267797491220335e+03 9.701556621961844594e-17 1.041082331598116081e-16
3.611761485400627407e+03 -2.711232121885305671e-16 1.354498355966117971e-16
3.617255173310034479e+03 1.581789929831224762e-16 1.003288460513183488e-16
3.622748861219441551e+03 1.472129584658914821e-17 1.008974382164358104e-16
3.628242549128848623e+03 2.188902780264027084e-16 1.024757307208694476e-16
3.633736237038255695e+03 -6.226145284616675644e-17 1.013823691400477511e-16
3.639229924947662766e+03 1.315617110074674937e-17 9.784242116063652883e-17
3.644723612857069838e+03 -1.256581467705234028e-16 9.569363529519836402e-17
3.650217300766476910e+03 -1.100119576967725441e-16 9.972303931840524889e-17
3.655710988675883982e+03 -1.744244977286525522e-16 9.774813394275731323e-17
3.661204676585291054e+03 -7.037212554055306577e-17 9.409615575597115448e-17
3.666698364494698126e+03 3.709501452041264651e-17 9.342074505406195565e-17
3.672192052404105198e+03 3.534988260566810337e-17 1.145921026514626205e-16
3.677685740313512269e+03 1.082540801198702139e-16 1.011582254042437714e-16
3.683179428222919341e+03 1.744467514445190024e-17 9.842202124723044327e-17
3.688673116132326413e+03 -9.307888500393258691e-17 9.274102206822500038e-17
3.694166804041733485e+03 -1.790332846721936554e-16 1.417254003358831461e-16
3.699660491951140557e+03 5.598158688315829767e-15 1.668693015296291426e-16
3.705154179860547629e+03 1.135936648606591533e-16 9.220980644211237737e-17
3.710647867769954701e+03 -7.064215603002031268e-17 8.602505495430791177e-17
3.716141555679361772e+03 9.930332639751304401e-17 8.592472232020584146e-17
3.721635243588768844e+03 1.861329250438377599e-16 8.625486401937178678e-17
3.727128931498175916e+03 -2.541909440987238985e-17 9.509300241310272846e-17
3.732622619407582988e+03 -6.994173207103381324e-17 8.460150552079684529e-17
3.738116307316990060e+03 4.810725910929555035e-17 8.217870808440645988e-17
3.743609995226397132e+03 8.554698905685897105e-17 8.250825085078695781e-17
3.749103683135804204e+03 1.230782024616863801e-16 8.083725439052721029e-17
3.754597371045211275e+03 2.521277039221567501e-16 9.027018707451065270e-17
3.760091058954618347e+03 -1.548335004474942950e-16 8.630725253473896211e-17
3.765584746864025419e+03 8.421361432576559519e-17 8.112324506365685443e-17
3.771078434773432491e+03 2.519673953336903442e-17 7.700298870565642573e-17
3.776572122682839563e+03 1.386769496585980092e-16 8.297973805343571430e-17
3.782065810592246635e+03 2.447202508641272237e-17 9.179465714236409886e-17
3.787559498501653707e+03 9.865779340623290655e-17 7.701181748250082050e-17
3.793053186411060778e+03 -8.676754814215565754e-18 7.589271419602750603e-17
3.798546874320467850e+03 -3.451833309380968714e-17 7.491263088182834851e-17
3.804040562229874922e+03 1.329171011158702787e-16 7.221158737715089247e-17
3.809534250139281994e+03 -3.728096225202009961e-17 7.473438135895186832e-17
3.815027938048689066e+03 8.999258017191096006e-17 8.896692396443330456e-17
3.820521625958096138e+03 1.879917677397525118e-17 6.954820737011919768e-17
3.826015313867503210e+03 -1.146577050927597737e-17 6.849835520939839822e-17
3.831509001776910281e+03 -3.550736640591413262e-17 7.140342062058679116e-17
3.837002689686317353e+03 2.153937815911559529e-17 6.732627355078791467e-17
3.842496377595724425e+03 2.910883161686258128e-17 6.670161338299095346e-17
3.847990065505131497e+03 4.326124389300747556e-17 6.827486607424509072e-17
3.853483753414538569e+03 -4.878127925142648462e-17 6.578622244498352884e-17
3.858977441323945641e+03 -2.022689874791185008e-19 6.386995901648655492e-17
3.864471129233352713e+03 -3.946739436200776698e-17 6.467581194535937931e-17
3.869964817142759784e+03 7.827317846055226097e-17 8.924631596725574054e-17
3.875458505052166856e+03 -2.317654082927373981e-17 6.810684176412462651e-17
3.880952192961573928e+03 1.304318920935511142e-16 7.531202745179626225e-17
3.886445880870981000e+03 9.435775858475940471e-17 6.182201455384861560e-17
3.891939568780388072e+03 9.504653310973245438e-17 6.209475878784805016e-17
3.897433256689795144e+03 8.031089163617736979e-17 6.097746683392535066e-17
3.902926944599202216e+03 1.380327269449312114e-16 6.018810247095891833e-17
3.908420632508609287e+03 2.651476934181948670e-17 6.104566664092279966e-17
3.913914320418016359e+03 -2.302729585710105136e-17 5.882862392974935305e-17
3.919408008327423431e+03 -2.940643670793156203e-17 6.014926963785562446e-17
3.924901696236830503e+03 -3.631694198054952120e-17 5.828270931217646123e-17
3.930395384146237575e+03 1.410221352956198688e-17 5.729063610896607810e-17
3.935889072055644647e+03 -2.835086561599234775e-17 5.639183095078634635e-17
3.941382759965051719e+03 1.433732886999443598e-16 5.715003800179131066e-17
3.946876447874458790e+03 1.202283255887360533e-16 5.634925322034903085e-17
3.952370135783865862e+03 1.090316671377376821e-16 5.578941004378323281e-17
3.957863823693272934e+03 5.825040213687687184e-17 5.506694458284779769e-17
3.963357511602680006e+03 -4.675020028388817157e-18 5.414703100134435030e-17
3.968851199512087078e+03 -6.090961725426114568e-17 5.628953182475366149e-17
3.974344887421494150e+03 8.548336461572902441e-17 5.890314824411132175e-17
3.979838575330901222e+03 6.591763444723229650e-17 5.469633090158864932e-17
3.985332263240308293e+03 1.288671631534192856e-16 5.874196859084947878e-17
3.990825951149715365e+03 1.187515410679637676e-17 5.459154377555298825e-17
3.996319639059122437e+03 4.679991589027421975e-17 5.373095705043631149e-17
4.001813326968529509e+03 -2.799280378354773396e-17 5.191633908733673168e-17
4.007307014877936581e+03 2.940932772549622027e-17 5.168968196391134499e-17
4.012800702787343653e+03 3.415804987974284794e-17 5.386336707173214693e-17
4.018294390696750725e+03 2.262727831789732897e-17 5.228735753421770720e-17
4.023788078606157796e+03 7.586433373582202266e-17 5.454349708457787234e-17
4.029281766515564868e+03 2.087852473534597234e-16 6.846389130040446146e-17
4.034775454424971940e+03 4.201556224794844588e-17 5.064210847282346991e-17
4.040269142334379012e+03 4.406156976741938955e-17 5.108720215809135172e-17
4.045762830243786084e+03 -5.361626121713861033e-18 5.583081754810921257e-17
4.051256518153193156e+03 5.772459622599869984e-17 5.950628507444083018e-17
4.056750206062600228e+03 6.769231688860026860e-17 5.473069883951111143e-17
4.062243893972007299e+03 2.013113762418715379e-17 5.158775551375070687e-17
4.067737581881414371e+03 4.462676058172754179e-17 5.055229748111347655e-17
4.073231269790821443e+03 6.192835260092410649e-17 4.874979765109075382e-17
4.078724957700228515e+03 1.192818809526075434e-16 4.913209284760508878e-17
4.084218645609635587e+03 1.241040863089501101e-16 5.533835809497002784e-17
4.089712333519042659e+03 1.540181853669133251e-16 4.930355050109084094e-17
4.095206021428449731e+03 -4.596560353409184627e-17 5.747338835468939438e-17
4.100699709337856802e+03 -3.633152204563925151e-18 4.815809933910753720e-17
4.106193397247263420e+03 1.132026230098501378e-16 4.858441321842785313e-17
4.111687085156670946e+03 4.214001082021632399e-17 4.797053661655830998e-17
4.117180773066078473e+03 8.719678135259646825e-17 5.100008781829884812e-17
4.122674460975485090e+03 -3.296329037274810176e-17 4.940336542545761262e-17
4.128168148884891707e+03 6.557171858777620015e-17 4.765235139393854701e-17
4.133661836794299234e+03 1.003185880426247693e-16 4.819344242630360629e-17
4.139155524703706760e+03 3.605759338822550712e-17 4.746512889196721072e-17
4.144649212613113377e+03 1.492612944301369249e-17 4.938540134957638566e-17
4.150142900522519994e+03 -6.091578370102657252e-17 4.745940992145776661e-17
4.155636588431927521e+03 3.790305101283409885e-17 4.655903920898134355e-17
4.161130276341335048e+03 2.594407156245900641e-17 5.475575916515684920e-17
4.166623964250741665e+03 -1.494820193573098640e-18 4.846166542294818583e-17
4.172117652160148282e+03 4.617262821926042402e-17 4.672710824906070336e-17
4.177611340069555808e+03 -1.534436783757996761e-17 5.013515307956223773e-17
4.183105027978963335e+03 1.371767282743220256e-17 4.601515959451209893e-17
4.188598715888369952e+03 -3.253632997312184723e-17 4.540921327413719344e-17
4.194092403797776569e+03 1.456063130263152379e-16 4.650336866716557554e-17
4.199586091707184096e+03 9.683894400389658792e-17 4.765108466187402327e-17
4.205079779616591622e+03 1.157799697982387018e-16 4.766148960422734107e-17
4.210573467525998240e+03 -1.064337695211909117e-16 5.208641650255424771e-17
4.216067155435404857e+03 -3.234577946504912710e-18 4.562711394693046937e-17
4.221560843344812383e+03 8.842050240143064493e-18 4.578995818395563262e-17
4.227054531254219910e+03 4.953659417027172232e-18 4.499987210525148466e-17
4.232548219163626527e+03 -1.969943697377061272e-17 4.499429877836478314e-17
4.238041907073033144e+03 -5.844510042077343983e-17 4.576941106049489407e-17
4.243535594982440671e+03 1.265717208808396576e-18 7.001514154773443577e-17
4.249029282891848197e+03 -1.926504659350499347e-18 4.422319210656010898e-17
4.254522970801254814e+03 5.496789813021619370e-17 4.426820284840949632e-17
4.260016658710661432e+03 1.033027655079639375e-18 4.415744977125476362e-17
4.265510346620068958e+03 3.537927214626460400e-17 4.654254928484019716e-17
4.271004034529476485e+03 -1.416234699741052470e-17 4.552926935592283442e-17
4.276497722438883102e+03 -6.333456310834543540e-17 4.281760254447584113e-17
4.281991410348289719e+03 1.581973043827968033e-17 4.366523601185206067e-17
4.287485098257697246e+03 -1.281382462308770185e-16 4.361278764886241491e-17
4.292978786167104772e+03 3.675733124969020400e-17 4.335112726757905632e-17
4.298472474076511389e+03 -9.175352234570748444e-18 4.297648915908873449e-17
4.303966161985918006e+03 3.363158792869683985e-17 4.347150302156665464e-17
4.309459849895325533e+03 -1.946593479662447610e-17 4.267389062868446192e-17
4.314953537804733060e+03 1.070040354382558436e-16 4.971037718024191691e-17
4.320447225714139677e+03 1.252785648753821622e-16 4.599093585340152384e-17
4.325940913623546294e+03 4.673386725801091795e-17 4.178035600163230407e-17
4.331434601532953820e+03 8.549914636204382718e-17 4.382376789424957146e-17
4.336928289442361347e+03 -8.723838634473654525e-17 5.137500652834043240e-17
4.342421977351767964e+03 9.906409778495171385e-18 4.211254200804390623e-17
4.347915665261174581e+03 7.962527663470320520e-17 4.194643635682412034e-17
4.353409353170582108e+03 -3.830351424713450664e-17 4.107774980294728374e-17
4.358903041079989634e+03 1.029748252998514351e-16 4.184174079260580694e-17
4.364396728989396252e+03 2.505732987015850928e-17 4.130721213253921887e-17
4.369890416898802869e+03 6.358517658892530655e-17 4.305091395718540517e-17
4.375384104808210395e+03 7.035523671350212072e-17 4.163369433496222607e-17
4.380877792717617922e+03 3.240693648424772462e-17 4.078000331510161115e-17
4.386371480627024539e+03 3.387904300306845818e-17 4.454485929966037441e-17
4.391865168536431156e+03 3.767306567413471328e-17 4.439385570116733172e-17
4.397358856445838683e+03 -2.054649149002884239e-17 4.071562114411648089e-17
4.402852544355246209e+03 4.970701089522736630e-17 4.023450266223833467e-17
4.408346232264652826e+03 4.169422177103668410e-17 4.062243066337736303e-17
4.413839920174059444e+03 7.336438319310349357e-17 4.002028000939619630e-17
4.419333608083466970e+03 1.344679687535736284e-16 4.198736414509496244e-17
4.424827295992874497e+03 5.334435550771375654e-17 4.219700983034999215e-17
4.430320983902281114e+03 4.753019758855435171e-17 4.574933071824514120e-17
4.435814671811687731e+03 6.317896675481190044e-17 3.973460363483640638e-17
4.441308359721095258e+03 7.867962931050405987e-17 4.268297756758730768e-17
4.446802047630502784e+03 1.229358266641638084e-17 4.283444434916137757e-17
4.452295735539909401e+03 4.125566837196804989e-17 3.934169155693363024e-17
4.457789423449316018e+03 1.380526217769441617e-16 4.173310062056310586e-17
4.463283111358723545e+03 1.857429538632003418e-17 3.874705296838867866e-17
4.468776799268131072e+03 1.006682261207179159e-16 4.047817407162152711e-17
4.474270487177537689e+03 4.796825170508194963e-17 3.873385564334416409e-17
4.479764175086944306e+03 4.137731997434350278e-17 3.874254881123613416e-17
4.485257862996351832e+03 1.138646453535143467e-17 3.857222028897521693e-17
4.490751550905759359e+03 1.417233884171827558e-18 3.861327334102786667e-17
4.496245238815165976e+03 4.724593751339830487e-17 3.899095739377892995e-17
4.501738926724572593e+03 3.008986423633410316e-17 3.964165779937681717e-17
4.507232614633980120e+03 8.964979686714534836e-17 4.103723530256872396e-17
4.512726302543387646e+03 6.724455132475890886e-17 3.871463099216711421e-17
4.518219990452794264e+03 4.292826187201253498e-17 4.210749838707103339e-17
4.523713678362200881e+03 5.601288340213639657e-17 3.974105006536982952e-17
4.529207366271608407e+03 7.046832526775187258e-17 3.909218567748126296e-17
4.534701054181015934e+03 6.964002725167520639e-17 3.922626138169721567e-17
4.540194742090422551e+03 5.891071803102309764e-17 4.138934499665630227e-17
4.545688429999829168e+03 9.935513194602476144e-17 3.896456337462859967e-17
4.551182117909236695e+03 2.209522570919664140e-17 3.811994703308459547e-17
4.556675805818644221e+03 5.694226632683633951e-17 3.820264834122341011e-17
4.562169493728050838e+03 7.432953766874068926e-17 3.819945307783748544e-17
4.567663181637457456e+03 7.267090915028181811e-17 3.880666941893210548e-17
4.573156869546864982e+03 1.347171071923375089e-17 3.825525790926719605e-17
4.578650557456272509e+03 2.617569422921490509e-17 3.845525174829446643e-17
4.584144245365679126e+03 6.478295698297155196e-17 3.821443164533408004e-17
4.589637933275085743e+03 4.019937033190034030e-17 3.824235184911903464e-17
4.595131621184493270e+03 5.796232551985983905e-17 4.054512324563260707e-17
4.600625309093900796e+03 -3.594640485467318200e-17 4.001316116427945883e-17
4.606118997003307413e+03 5.149796137490829332e-17 4.403685730306060556e-17
4.611612684912714030e+03 6.772397744028822663e-17 4.025115239157855940e-17
4.617106372822121557e+03 9.827680388128544904e-17 3.951489679847193156e-17
4.622600060731529084e+03 2.276151047410068466e-17 4.019617873368093567e-17
4.628093748640935701e+03 5.227519751815836183e-17 3.830252382656519059e-17
4.633587436550342318e+03 1.048896548880325245e-16 3.905769374030358306e-17
4.639081124459749844e+03 7.089450574977378576e-16 8.409649127848480981e-17
4.644574812369157371e+03 1.136567791425645452e-16 3.823481686258788010e-17
4.650068500278563988e+03 6.939638727017443554e-17 3.834116675164798074e-17
4.655562188187970605e+03 1.141500611058574667e-16 3.872091688549888683e-17
4.661055876097378132e+03 4.721181168535217574e-17 4.021037127825145595e-17
4.666549564006785658e+03 1.427108361198468283e-16 4.653172856849766696e-17
4.672043251916192276e+03 1.157097012199618189e-16 3.848759246434753600e-17
4.677536939825598893e+03 1.569721216790434775e-16 3.884643229287157193e-17
4.683030627735006419e+03 1.554856024219693218e-16 4.166095626151947909e-17
4.688524315644413946e+03 5.769585073278818007e-17 3.958074485692093456e-17
4.694018003553820563e+03 1.167981296029469410e-16 3.889991846832756588e-17
4.699511691463227180e+03 7.660805121049764941e-17 3.904770997633217023e-17
4.705005379372634707e+03 1.600014118703045558e-16 3.948193750125874968e-17
4.710499067282042233e+03 7.521299699631901347e-17 3.862740557838093091e-17
4.715992755191448850e+03 1.406756937969395278e-16 4.046757738834768402e-17
4.721486443100855467e+03 1.130389550043337056e-16 3.885671037311732798e-17
4.726980131010262994e+03 1.366520905315146383e-16 3.896222935206923242e-17
4.732473818919670521e+03 2.648099899476835616e-17 3.908147503747782431e-17
4.737967506829077138e+03 4.969143292552225965e-17 4.072173973367914098e-17
4.743461194738483755e+03 1.164278718929025220e-16 3.900415811458049932e-17
4.748954882647891282e+03 1.442197906119396118e-16 4.010789658584272972e-17
4.754448570557298808e+03 1.215554942762106233e-16 3.928754969178472595e-17
4.759942258466705425e+03 5.102420484942913515e-17 3.833213186980248209e-17
4.765435946376112042e+03 7.845001314094418088e-17 3.987208130432715820e-17
4.770929634285519569e+03 8.801916931562356145e-17 3.862506816291188996e-17
4.776423322194927096e+03 1.057226683736232163e-16 4.588052141371885897e-17
4.781917010104333713e+03 6.737938924869627803e-17 3.866835781496378031e-17
4.787410698013740330e+03 1.656054403656293326e-17 3.951391251497333627e-17
4.792904385923147856e+03 1.558900096881716195e-16 3.962768128100790442e-17
4.798398073832555383e+03 1.066779592222394154e-16 3.857155761196274524e-17
4.803891761741962000e+03 1.116189425398169608e-16 3.849835601246029673e-17
4.809385449651368617e+03 1.017055703432276620e-16 3.954538594141339270e-17
4.814879137560776144e+03 5.826010222095103325e-17 3.897051072770150119e-17
4.820372825470183670e+03 8.774252488326307970e-17 3.909821749762684487e-17
4.825866513379590288e+03 1.461710922602266940e-17 3.813393648869773870e-17
4.831360201288996905e+03 3.145724691398676328e-17 3.730729232833229608e-17
4.836853889198404431e+03 3.460071302226374028e-17 3.742995751885427514e-17
4.842347577107811958e+03 8.860704840990573240e-17 3.905701713406656922e-17
4.847841265017218575e+03 9.984246738006342278e-17 3.787291574641409193e-17
4.853334952926625192e+03 1.127814753872810419e-16 3.773343674899192205e-17
4.858828640836032719e+03 9.746169910371755070e-17 4.153847386568766260e-17
4.864322328745440245e+03 1.152601615173968224e-16 3.794587386292279714e-17
4.869816016654846862e+03 6.778395354800733793e-17 3.728621072376363739e-17
4.875309704564253479e+03 1.104163385221667947e-17 3.665882159487465140e-17
4.880803392473661006e+03 6.117454721762962845e-17 3.716373970593877420e-17
4.886297080383068533e+03 9.723713903353980758e-17 4.009957855281109844e-17
4.891790768292475150e+03 8.311281706873752732e-17 3.690351264443939808e-17
4.897284456201881767e+03 6.910496145408932113e-17 3.720884441248730813e-17
4.902778144111289294e+03 1.696247301394270489e-17 3.888826712358973685e-17
4.908271832020696820e+03 -1.079732852020398915e-17 4.558323491926852588e-17
4.913765519930103437e+03 6.577263665462004613e-17 3.719719577248294381e-17
4.919259207839510054e+03 1.282609568258986229e-16 3.725413982539236410e-17
4.924752895748917581e+03 1.239433668792286481e-16 3.665231504765443772e-17
4.930246583658325108e+03 1.489351686860161008e-16 3.744213846389521935e-17
4.935740271567731725e+03 1.489099090854635235e-16 4.004716624983867535e-17
4.941233959477138342e+03 1.607253950305624598e-16 4.448309382207978765e-17
4.946727647386545868e+03 1.673630413499280101e-16 3.979663120647361687e-17
4.952221335295953395e+03 1.847918709932692608e-16 3.753725981951602282e-17
4.957715023205360012e+03 1.444109967499226342e-16 3.655408707222513746e-17
4.963208711114766629e+03 5.964694619970499021e-17 3.683625645267713318e-17
4.968702399024174156e+03 7.374581328700038159e-17 4.088021196860184399e-17
4.974196086933581682e+03 3.525448735569024704e-17 3.519399467360926290e-17
4.979689774842988299e+03 1.293084446767809421e-16 3.683510459964285200e-17
4.985183462752394917e+03 1.484776408398941768e-17 3.682467534346988028e-17
4.990677150661802443e+03 9.843822744670079961e-17 3.795809130456827899e-17
4.996170838571209970e+03 1.803649052940941154e-16 3.650556185436463597e-17
5.001664526480616587e+03 1.125500103148382062e-16 3.525505461091620789e-17
5.007158214390023204e+03 1.306458659403618323e-16 3.535504418783789530e-17
5.012651902299430731e+03 1.042714734668340489e-16 3.527711898358222994e-17
5.018145590208838257e+03 2.182021924967406983e-16 3.822213500088266066e-17
5.023639278118244874e+03 1.263975129576032939e-16 3.518219619417453682e-17
5.029132966027651491e+03 1.189436758815941128e-16 3.548311708701221579e-17
5.034626653937059018e+03 1.402130464145964524e-16 3.747055788972167400e-17
5.040120341846466545e+03 5.783834571090793490e-17 3.573702463170269296e-17
5.045614029755873162e+03 7.495269768481584657e-17 3.556298874744578848e-17
5.051107717665279779e+03 8.669194173525608123e-17 3.497899709314687299e-17
5.056601405574687305e+03 2.049360547400117376e-16 3.756110496316855759e-17
5.062095093484094832e+03 1.098277293669171625e-16 3.528855843483511396e-17
5.067588781393501449e+03 1.189232162045242942e-16 3.916799016966334876e-17
5.073082469302908066e+03 1.503758845372359175e-16 3.500558614161786460e-17
5.078576157212315593e+03 9.437661423094260748e-17 3.430080524274221412e-17
5.084069845121723120e+03 2.113036332294919619e-16 3.689387259985000064e-17
5.089563533031129737e+03 1.874670080854816565e-16 3.775963366987891752e-17
5.095057220940536354e+03 1.413426442443715734e-16 3.456589486139395854e-17
5.100550908849943880e+03 5.890364542257646992e-17 3.589786102505512795e-17
5.106044596759351407e+03 6.808858148016606670e-17 3.632744899538740599e-17
5.111538284668758024e+03 6.515833695309438126e-17 3.441926169425298832e-17
5.117031972578164641e+03 1.314450060820483163e-16 3.850187053510337022e-17
5.122525660487572168e+03 8.474145746654414405e-17 3.339404807508179735e-17
5.128019348396979694e+03 1.384574557837014841e-16 5.250249817041527355e-17
5.133513036306386311e+03 9.080464905579288758e-17 3.418893550297842325e-17
5.139006724215792929e+03 1.438777098078038776e-16 3.617639320984296954e-17
5.144500412125200455e+03 1.128728950887187185e-16 3.422217557552692204e-17
5.149994100034607982e+03 2.049050146912985646e-17 3.366636859447964790e-17
5.155487787944014599e+03 5.666233118821278877e-19 3.459511877263584737e-17
5.160981475853421216e+03 1.027673438286286399e-16 3.352704834169542011e-17
5.166475163762828743e+03 8.324103973602824080e-17 3.422832933664671293e-17
5.171968851672236269e+03 1.116755166910501757e-16 3.493796888324339197e-17
5.177462539581642886e+03 -2.839279039193267313e-17 3.473698109021558235e-17
5.182956227491049503e+03 8.357614757687604602e-17 3.575471927027986971e-17
5.188449915400457030e+03 6.215145592496135748e-17 3.457147047422106512e-17
5.193943603309864557e+03 1.029684648709066033e-16 3.617135502230474665e-17
5.199437291219271174e+03 6.322575906453371377e-17 3.327914473191417091e-17
5.204930979128677791e+03 9.077830155758034593e-17 3.339998808359054027e-17
5.210424667038085317e+03 7.628475263107774310e-17 3.340903691895101966e-17
5.215918354947492844e+03 1.083765508509421289e-16 3.560379958308650162e-17
5.221412042856899461e+03 1.071357059245936297e-16 3.375187368638027388e-17
5.226905730766306078e+03 4.186767568806381723e-17 3.352288227365488824e-17
5.232399418675713605e+03 8.439543664043379639e-17 3.328397442268105906e-17
5.237893106585121132e+03 9.814500922994599579e-17 3.319812379546116124e-17
5.243386794494527749e+03 1.404292183198791763e-16 3.358753528679945482e-17
5.248880482403934366e+03 1.443704304349578991e-16 3.384953768840000866e-17
5.254374170313341892e+03 7.531453472421400025e-17 3.303084340634288448e-17
5.259867858222749419e+03 1.367007895181956965e-16 3.393358896465160218e-17
5.265361546132156036e+03 1.308034430274915627e-16 3.390492600297040814e-17
5.270855234041562653e+03 1.295808083923538895e-16 3.388092655757922237e-17
5.276348921950970180e+03 1.033758964742224610e-16 3.886119239747257930e-17
5.281842609860377706e+03 9.008773823816901275e-17 3.384906673051923102e-17
5.287336297769784323e+03 9.972952258928326011e-17 3.342886505256680903e-17
5.291000000000000000e+03 1.315606392875847900e-16 2.520865753099898463e-17
5.292829985679190941e+03 1.527421190351470923e-16 3.343912481726466499e-17
5.298323673588598467e+03 8.707620368756139568e-17 3.178129330256019932e-17
5.300758451580897599e+03 1.003945798768435942e-16 2.347639275151587578e-17
5.303817361498005994e+03 9.676642253896330280e-17 3.106664682489233033e-17
5.309311049407412611e+03 1.381216422551762678e-16 3.205884577594463486e-17
5.310516903161795199e+03 1.177303063180546715e-16 2.664144080285179361e-17
5.314804737316819228e+03 1.871479875060628757e-16 3.091261156266292224e-17
5.320275354742692798e+03 3.916956846649244897e-15 6.128078327967878758e-17
5.320298425226226755e+03 3.923154721367637696e-15 6.144101275414201382e-17
5.325792113135634281e+03 3.621017677366332097e-15 5.384155946468651435e-17
5.330033806323590397e+03 1.137865292707692826e-15 2.989532375287986026e-17
5.331285801045040898e+03 2.096214160365643476e-16 3.341020500594712092e-17
5.336779488954447515e+03 1.608610677986366026e-16 3.513994816775093579e-17
5.339792257904487997e+03 8.725617681674768563e-17 2.491843492383943748e-17
5.342273176863855042e+03 9.058635231012864943e-17 3.201019690542371187e-17
5.347766864773262569e+03 7.409304529123580405e-17 3.616311568138003534e-17
5.349550709485385596e+03 1.016975982453542965e-16 2.760996859887318599e-17
5.353260552682669186e+03 1.644426559947641831e-16 3.253876802952449832e-17
5.358754240592075803e+03 1.281032886687515180e-16 3.436461876906566432e-17
5.359309161066283195e+03 1.307231533374358847e-16 3.140344498330696214e-17
5.364247928501483329e+03 1.708455948529622533e-16 3.161658130455834943e-17
5.369067612647180795e+03 1.640105972368185165e-16 3.228042441635462307e-17
5.369741616410890856e+03 1.618727690021472595e-16 3.601024344945821719e-17
5.375235304320297473e+03 1.341677833972456100e-16 3.194245044237579511e-17
5.378826064228078394e+03 1.617044072991591837e-16 2.744495809100455676e-17
5.380728992229704090e+03 1.782121976426884352e-16 3.678039256220001855e-17
5.386222680139111617e+03 1.501644814080176797e-16 3.455438716879997909e-17
5.388584515808975993e+03 1.078553560162770570e-16 2.506031799658215180e-17
5.391716368048519143e+03 8.127966682824158598e-17 3.193615521850591345e-17
5.397210055957925761e+03 5.430161744336123601e-17 4.013019107923451034e-17
5.398342967389873593e+03 6.787831431202193142e-17 3.349954205256375643e-17
5.402703743867332378e+03 1.574855891245310928e-16 3.199284645417725879e-17
5.408101418970771192e+03 1.542301012632120150e-16 3.295913975207813618e-17
5.408197431776739904e+03 1.542094384625393797e-16 3.347107888187806350e-17
5.413691119686147431e+03 1.123216879744290695e-16 3.170956376288061941e-17
5.417859870551668791e+03 1.074834365472458294e-16 2.894247794214126483e-17
5.419184807595554048e+03 9.883589272200929192e-17 3.553732522366798941e-17
5.424678495504960665e+03 1.777085695851319299e-16 3.304385415711857087e-17
5.427618322132566391e+03 1.658569572643757059e-16 2.491911560641496598e-17
5.430172183414368192e+03 1.328648609142377648e-16 3.301209068747503378e-17
5.435665871323775718e+03 1.039608439527047620e-16 3.386410684777586498e-17
5.437376773713463990e+03 1.063782334423522095e-16 2.644079406588594801e-17
5.441159559233182335e+03 1.207542232396981754e-16 3.158265713655256696e-17
5.446653247142588953e+03 1.674113377523818210e-16 3.368261762300075438e-17
5.447135225294361589e+03 1.590678851213285579e-16 3.125187160146021135e-17
5.452146935051996479e+03 5.183746637410788249e-17 3.118420786763124784e-17
5.456893676875259189e+03 1.454389849130698090e-16 3.080534602995118386e-17
5.457640622961404006e+03 1.533858893836611398e-16 3.460562275237013978e-17
5.463134310870810623e+03 1.179746103740558816e-16 3.165717509793031716e-17
5.466652128456156788e+03 1.095404857387330225e-16 2.541340503339888215e-17
5.468627998780217240e+03 8.739533453676019548e-17 3.283461914417285471e-17
5.474121686689624767e+03 1.534984686358368969e-16 3.334297448581620678e-17
5.476410580037054388e+03 4.248792181242166673e-16 2.925659054382648148e-17
5.479615374599032293e+03 5.424220832278099404e-16 4.070673791173067322e-17
5.485109062508438910e+03 1.706614662271135956e-16 3.367581118064801020e-17
5.486169031617951987e+03 1.514063513710736275e-16 2.888365656235703896e-17
5.490602750417845527e+03 1.010749575544706146e-16 3.014182568768551231e-17
5.495927483198849586e+03 1.646380165306698187e-16 3.303812240769436441e-17
5.496096438327253054e+03 1.670588131814597252e-16 3.384106498273661522e-17
5.501590126236660581e+03 1.837245740725771018e-16 3.075373100233552305e-17
5.505685934779747186e+03 1.814566658758016138e-16 2.755309771114031518e-17
5.507083814146067198e+03 1.752255470462341936e-16 3.336690352031000499e-17
5.512577502055473815e+03 1.162729387730222916e-16 3.215237584286269887e-17
5.515444386360644785e+03 1.342416863051099513e-16 2.616777769147693318e-17
5.518071189964881341e+03 1.270560734278480203e-16 3.469290761493236535e-17
5.523564877874288868e+03 2.000675221968670501e-16 3.398782249849847963e-17
5.525202837941542384e+03 1.778752905516260042e-16 2.741509139932809359e-17
5.529058565783695485e+03 1.137471330956970447e-16 3.115624256987206887e-17
5.534552253693102102e+03 1.860863451720336768e-16 3.375205336241844386e-17
5.534961289522439984e+03 1.858181167163895299e-16 3.188095584179750918e-17
5.540045941602509629e+03 1.864761707306100840e-16 3.055424398993183339e-17
5.544719741103337583e+03 2.259882837236988483e-16 3.045911937191584153e-17
5.545539629511917155e+03 2.314027060361770123e-16 3.417209915710854475e-17
5.551033317421323773e+03 1.634009406443088063e-16 3.526166764909561762e-17
5.554478192684235182e+03 1.838640557454055689e-16 2.766815341803658698e-17
5.556527005330730390e+03 1.907814859546393536e-16 3.399240773361811533e-17
5.562020693240137916e+03 1.956236267407259139e-16 3.538690328946504053e-17
5.564236644265132782e+03 1.994565088157233826e-16 2.706403456914380579e-17
5.567514381149545443e+03 1.794570174749875437e-16 3.151617798685106330e-17
5.573008069058952060e+03 3.112076530147056698e-16 3.643526539398852634e-17
5.573995095846030381e+03 3.017872794923189164e-16 3.191761282644062159e-17
5.578501756968358677e+03 2.410693319983093749e-16 3.120185338702202892e-17
5.583753547426927980e+03 2.906014048767914363e-16 3.427538782467652808e-17
5.583995444877766204e+03 2.916441271986888957e-16 3.541357123134460115e-17
5.589489132787173730e+03 2.090961243797021221e-16 3.107646968276693809e-17
5.593511999007825580e+03 2.303923633149648068e-16 3.177833068471010884e-17
5.594982820696580347e+03 2.626253020451451662e-16 3.863955457646873138e-17
5.600476508605986965e+03 1.558859098165467989e-16 3.289590178653773629e-17
5.603270450588723179e+03 1.874061346616071229e-16 3.174960519432919872e-17
5.605970196515394491e+03 2.326504954622201825e-16 4.167382147279936915e-17
5.611463884424802018e+03 1.377617452632352425e-16 3.461456529060149321e-17
5.613028902169620778e+03 1.501458131912157752e-16 3.190653672480506673e-17
5.616957572334208635e+03 1.080268192334924623e-16 4.046561842171221969e-17
5.622451260243615252e+03 1.791641242019971417e-16 3.583944682300556276e-17
5.622787353750518378e+03 1.834704610533063016e-16 3.434305930213603496e-17
5.627944948153022779e+03 1.838771197454773747e-16 3.306420684891088033e-17
5.632545805331415977e+03 1.843891898874917923e-16 3.387691880130950553e-17
5.633438636062430305e+03 1.722291003024111636e-16 3.777841156128945310e-17
5.638932323971836922e+03 1.119431139993515436e-16 3.152190031035895922e-17
5.642304256912313576e+03 1.232642367649541074e-16 2.810782500418846865e-17
5.644426011881243539e+03 1.605247124735838169e-16 3.625215661248562631e-17
5.649919699790651066e+03 1.218137559197576954e-16 3.496196201036603843e-17
5.652062708493211176e+03 1.073666517776896623e-16 2.734619665041284789e-17
5.655413387700058593e+03 1.219634655064900977e-16 3.196530839509270406e-17
5.660907075609465210e+03 1.724611798470355125e-16 3.609634741826156892e-17
5.661821160074108775e+03 1.645562047708124371e-16 3.201496666328101830e-17
5.666400763518871827e+03 1.507193688189923469e-16 3.075436834175090112e-17
5.671579611655006374e+03 1.397366365478640594e-16 3.359054529654649116e-17
5.671894451428279353e+03 1.402280092946211147e-16 3.495028087171123608e-17
5.677388139337686880e+03 1.186450645277903680e-16 3.105343328079144236e-17
5.681338063235903974e+03 1.273221854726371289e-16 3.042712657588209030e-17
5.682881827247093497e+03 1.176394057465835401e-16 3.682035948762526753e-17
5.688375515156500114e+03 2.152866458525735583e-16 3.641921707557513394e-17
5.691096514816801573e+03 1.827046677374565135e-16 7.024892109219604719e-17
5.700854966397699172e+03 1.487079358440772308e-16 6.130322161133087652e-17
5.710613417978596772e+03 1.664643472596908834e-16 6.110845936794033813e-17
5.720371869559494371e+03 1.702229919811912651e-16 6.080056798046810297e-17
5.730130321140391970e+03 2.156165414268650039e-16 6.918837667693974838e-17
5.739888772721289570e+03 1.607208127579593187e-16 6.023511867434606728e-17
5.749647224302187169e+03 1.882821854410418776e-16 6.052177877742719782e-17
5.759405675883084768e+03 1.355188854730505094e-16 6.000178304720043044e-17
5.769164127463982368e+03 1.913134368082595759e-16 6.034162849656130157e-17
5.778922579044879967e+03 1.539816266444186616e-16 5.861295342180328572e-17
5.788681030625777566e+03 1.195085494108930807e-16 5.769678504471313440e-17
5.798439482206675166e+03 1.239428886420665185e-16 5.790915665291053955e-17
5.808197933787572765e+03 9.411963859590725598e-17 5.709869673720772446e-17
5.817956385368470364e+03 2.027980544860867810e-17 6.264342883914367816e-17
5.827714836949367964e+03 6.800980346822750597e-17 5.751935717046731048e-17
5.837473288530265563e+03 -1.664249666035627368e-17 5.570421883223309432e-17
5.847231740111163163e+03 7.237950057493609726e-17 5.652289443017483081e-17
5.856990191692060762e+03 5.623588868933327175e-17 5.867851540375993594e-17
5.866748643272958361e+03 1.238691132477280866e-16 5.839953070865150859e-17
5.876507094853855961e+03 2.089227114294714576e-16 5.603305742085038020e-17
5.886265546434753560e+03 2.456399900764849317e-16 5.675804244019543591e-17
5.896023998015651159e+03 1.742962987337484478e-16 5.720330155689784983e-17
5.905782449596548759e+03 1.566620385059638016e-16 5.561068902328375676e-17
5.915540901177446358e+03 1.718502701794795847e-16 5.868419560363023428e-17
5.925299352758343957e+03 2.161250503274498778e-16 5.683115809902643869e-17
5.935057804339241557e+03 2.594858025742331606e-16 5.679185436882910426e-17
5.944816255920139156e+03 3.200471798602752396e-16 5.788823922076016446e-17
5.954574707501036755e+03 2.279473343799874972e-16 5.936227084078056491e-17
5.964333159081934355e+03 1.371665359632937064e-16 5.633028476832380977e-17
5.974091610662831954e+03 2.177187349165529590e-16 5.635051266566939362e-17
5.983850062243729553e+03 2.764271803153636164e-16 5.711232204758397507e-17
5.993608513824627153e+03 1.773603359580915379e-16 5.739872254945136215e-17
6.003366965405524752e+03 1.755754524142286976e-16 5.560442112490760121e-17
6.013125416986422351e+03 2.054770717238054868e-16 5.582733834879638560e-17
6.022883868567319951e+03 2.859180408958520168e-16 5.666807281356342762e-17
6.032642320148217550e+03 2.274361830816955800e-16 5.766978688858186479e-17
6.042400771729115149e+03 1.977284765108289831e-16 5.507249113981069650e-17
6.052159223310012749e+03 9.642117406638506109e-17 5.545239682569040626e-17
6.061917674890910348e+03 3.657238861634775042e-15 1.011748922481556944e-16
6.071676126471807947e+03 1.420955455438407771e-16 5.328484856476584121e-17
6.081434578052705547e+03 6.470170171506268957e-17 5.398833966737869138e-17
6.091193029633603146e+03 1.241377550249528208e-16 5.279116450916682212e-17
6.100951481214500745e+03 1.231042141263415261e-16 5.262299462141671727e-17
6.110709932795398345e+03 1.148369474708202972e-16 5.289078616318246923e-17
6.120468384376295944e+03 1.992794416706818038e-16 5.232043182049300378e-17
6.130226835957193543e+03 9.202653849921037790e-17 5.295530617583200270e-17
6.139985287538091143e+03 1.592762817230955149e-16 5.675991217531837329e-17
6.149743739118988742e+03 1.266466954512849897e-16 5.238248939462300933e-17
6.159502190699886341e+03 1.448443285103044043e-16 5.375272754808669304e-17
6.169260642280783941e+03 6.893095318276120294e-17 5.164386547669439625e-17
6.179019093861681540e+03 2.084559858722574532e-16 5.850830553792630739e-17
6.188777545442579139e+03 1.093484447605691544e-16 6.015102451596209914e-17
6.198535997023476739e+03 2.047019410532064433e-16 5.213273020882638747e-17
6.208294448604374338e+03 1.485073754033793406e-16 5.376129079384848383e-17
6.218052900185271938e+03 -7.421669766358926075e-18 5.837028959324547858e-17
6.227811351766169537e+03 1.176980481118679074e-16 5.057353661803462381e-17
6.237569803347067136e+03 1.485672837978431687e-17 5.264414603199582011e-17
6.247328254927964736e+03 1.749746927980980174e-16 5.180297688564386484e-17
6.257086706508862335e+03 1.152891068654707416e-16 5.063184631715685346e-17
6.266845158089759934e+03 1.478817672514961203e-16 5.089319172912126954e-17
6.276603609670657534e+03 1.110491397898791148e-16 5.121576272626088958e-17
6.286362061251555133e+03 1.475578700803614966e-16 5.117257970664921535e-17
6.296120512832452732e+03 1.198442551147226254e-16 5.007410123118082383e-17
6.305878964413350332e+03 2.050826703403880414e-16 5.097560814672101407e-17
6.315637415994247931e+03 2.266409350133278543e-16 5.384412407668029269e-17
6.325395867575145530e+03 1.235346614677624216e-16 4.994826800960660448e-17
6.335154319156043130e+03 1.691298228214898405e-16 5.069185025953642459e-17
6.344912770736940729e+03 2.506272217485422929e-16 4.999121928711003810e-17
6.354671222317838328e+03 2.080581331563993150e-16 4.925132678968551333e-17
6.364429673898735928e+03 2.387386148768351597e-16 4.920436762480298401e-17
6.374188125479633527e+03 1.838120326090822580e-16 4.876722029061517099e-17
6.383946577060531126e+03 1.299089529006778030e-16 4.816698573684849150e-17
6.393705028641428726e+03 1.096742509085376390e-16 5.019027831280668669e-17
6.403463480222326325e+03 6.574065827215855223e-17 4.756684478936575957e-17
6.413221931803223924e+03 1.289544657386277364e-16 4.966486907372496764e-17
6.422980383384121524e+03 3.041392997768862983e-16 5.404250533369794764e-17
6.432738834965019123e+03 1.371807172260445934e-16 4.821832896031377747e-17
6.442497286545916722e+03 9.438472699693918931e-17 4.854184329332629253e-17
6.452255738126814322e+03 1.019685141646962446e-16 4.737348379124151380e-17
6.462014189707711921e+03 1.145468141413112368e-16 5.076515652590063211e-17
6.471772641288609520e+03 7.796327707894623413e-17 4.967034906805301404e-17
6.481531092869507120e+03 1.008480017510363061e-16 4.763530274141747309e-17
6.491289544450404719e+03 1.307327410932033744e-16 4.818075769014078964e-17
6.501047996031302318e+03 7.823466511863082763e-17 4.829364336652591469e-17
6.510806447612199918e+03 1.811764756994131122e-16 4.808817750392904251e-17
6.520564899193097517e+03 2.068170966228320143e-16 4.981737804911276316e-17
6.530323350773995116e+03 1.006854131023743873e-16 5.367713635673136631e-17
6.540081802354892716e+03 1.819179095666653803e-16 4.990391402336223666e-17
6.549840253935790315e+03 1.398470882115210573e-16 4.940724957951756422e-17
6.559598705516687914e+03 2.196614799333288866e-16 4.951489373898489739e-17
6.569357157097585514e+03 1.519820325048287757e-16 4.926541009973206458e-17
6.579115608678483113e+03 1.482314248800618192e-16 4.990289797017114837e-17
6.588874060259380713e+03 1.092376421267703509e-16 4.884798100841199595e-17
6.598632511840278312e+03 5.661293218011570627e-17 5.079379211294004420e-17
6.608390963421175911e+03 5.397612341135356824e-17 5.029626815132177910e-17
6.618149415002073511e+03 1.270675511112134666e-16 4.937012122688783430e-17
6.627907866582971110e+03 1.444437396963203557e-16 5.531381963917196682e-17
6.637666318163868709e+03 1.179265305148952902e-16 5.655435099233958371e-17
6.647424769744766309e+03 1.486817939028526271e-16 5.072164771868906834e-17
6.657183221325663908e+03 2.661388803191687600e-16 5.076488889853117386e-17
6.666941672906561507e+03 2.113942641739205295e-16 4.980840861574368769e-17
6.676700124487459107e+03 1.514070985669331999e-16 5.757125191961086133e-17
6.686458576068356706e+03 1.330864681207779415e-15 6.333864298340117590e-17
6.696217027649254305e+03 2.139212585808493911e-16 5.024855718343588500e-17
6.705975479230151905e+03 2.172147505600110659e-16 4.980289787054879100e-17
6.715733930811049504e+03 2.068118972660426457e-16 4.834105420027690655e-17
6.725492382391947103e+03 2.422886370900115216e-16 5.024738448355342292e-17
6.735250833972844703e+03 2.130770085272475954e-16 5.113608192478734169e-17
6.745009285553742302e+03 2.845488104748507556e-16 4.949672659572933052e-17
6.754767737134639901e+03 1.340597766525237652e-16 4.895946500898210806e-17
6.764526188715537501e+03 1.963471820899007878e-16 4.864791518407559410e-17
6.774284640296435100e+03 1.446702881945602404e-16 4.874884340272077635e-17
6.784043091877332699e+03 1.367522588958344388e-16 5.033150896854754340e-17
6.793801543458230299e+03 7.255326376003012692e-17 4.978018046670843105e-17
6.803559995039127898e+03 1.538253545735834071e-16 4.851208469848712429e-17
6.813318446620025497e+03 2.027545369701219452e-16 4.836831150047075114e-17
6.823076898200923097e+03 6.230312547575081793e-18 5.308781143781121840e-17
6.832835349781820696e+03 1.046677053815150881e-16 5.352338650299829181e-17
6.842593801362718295e+03 9.664409222255116704e-17 5.151388141806213981e-17
6.852352252943615895e+03 1.298897336656650254e-16 4.876857748553754693e-17
6.862110704524513494e+03 1.320917200780370333e-16 4.993473960146653573e-17
6.871869156105411093e+03 1.630300982322173304e-16 4.950184435407947432e-17
6.881627607686308693e+03 2.565989130891189249e-16 4.958224006326555995e-17
6.891386059267206292e+03 2.614958381936626692e-16 5.278155859137865422e-17
6.901144510848103891e+03 1.450512926924273329e-16 4.865399958022864200e-17
6.910902962429001491e+03 1.529441246486945498e-16 4.882571357998957066e-17
6.920661414009899090e+03 1.898240322636813920e-16 4.907827527368755356e-17
6.930419865590796690e+03 2.051871883056410868e-16 4.939932697226995474e-17
6.940178317171694289e+03 1.817889593425455047e-16 4.874411101526982506e-17
6.949936768752591888e+03 6.374643607108242823e-17 4.816691244433627651e-17
6.959695220333489488e+03 8.103219524888071628e-17 4.907718473422032020e-17
6.969453671914387087e+03 3.585694015008159569e-17 4.880367195042469582e-17
6.979212123495284686e+03 8.616129885427088669e-17 4.844222530298388258e-17
6.988970575076182286e+03 1.858249510713823678e-16 5.463496523741035746e-17
6.998729026657079885e+03 1.470716267855363393e-16 4.967077023046432523e-17
7.008487478237977484e+03 1.975564607406392392e-16 5.284476159578762387e-17
7.018245929818875084e+03 1.203143345774048318e-16 5.031554093571982331e-17
7.028004381399772683e+03 2.032853739670489059e-16 5.267206843812801170e-17
7.037762832980670282e+03 1.209235929012178559e-16 4.864065498277133866e-17
7.047521284561567882e+03 1.972369235768159055e-16 4.838538559792574613e-17
7.057279736142465481e+03 2.642340221154568556e-16 5.018584449204544765e-17
7.067038187723363080e+03 1.391937987481638336e-16 4.835117852034022163e-17
7.076796639304260680e+03 1.185507335187256692e-16 4.962181696534900265e-17
7.086555090885158279e+03 1.445263617876809055e-16 4.895409824760805996e-17
7.096313542466055878e+03 1.534215894828485724e-16 4.937892684276752222e-17
7.106071994046953478e+03 1.173502981316041407e-16 4.892473749699987486e-17
7.115830445627851077e+03 1.677927422495279952e-16 4.929355795039399176e-17
7.125588897208748676e+03 2.485618794364648832e-16 5.413117470953868643e-17
7.135347348789646276e+03 2.317842512100880413e-16 5.986962812280075932e-17
7.145105800370543875e+03 1.740389373761200523e-16 5.046075220050582469e-17
7.154864251951441474e+03 2.302379740437633603e-16 4.999983199133241631e-17
7.164622703532339074e+03 2.247502146012510904e-16 5.033248335936654978e-17
7.174381155113236673e+03 2.118425432447233415e-16 5.087883240269098241e-17
7.184139606694134272e+03 1.878607335615657577e-16 4.967509596951727798e-17
7.193898058275031872e+03 3.125153088138936948e-16 5.294770762153839685e-17
7.203656509855929471e+03 2.250639743319454283e-16 5.130112867589484095e-17
7.213414961436827070e+03 1.586212232480690100e-16 5.054672042664294241e-17
7.223173413017724670e+03 4.657144853521581424e-17 5.081611456385937361e-17
7.232931864598622269e+03 1.992748424007190424e-16 5.201717750034687873e-17
7.242690316179519868e+03 1.662365552381252269e-16 5.181603546382760241e-17
7.252448767760417468e+03 2.389909076928029286e-16 5.202604715500999434e-17
7.262207219341315067e+03 2.430042663380982360e-16 5.258260955564895701e-17
7.271965670922212666e+03 8.641432345413631824e-17 5.843031730235865262e-17
7.281724122503110266e+03 1.255196980975172166e-16 5.301495613570597907e-17
7.291482574084007865e+03 1.635750508646326384e-16 5.262164752863916800e-17
7.301241025664905465e+03 1.467148949284556435e-16 5.469632952407722829e-17
7.310999477245803064e+03 2.072478168758107408e-16 5.748379071353911725e-17
7.320757928826700663e+03 1.773940018941121064e-16 5.545123806688067176e-17
7.330516380407598263e+03 2.091038572525713429e-16 5.509828945771617446e-17
7.340274831988495862e+03 2.124489500209963688e-16 5.896626669536739254e-17
7.350033283569393461e+03 1.954023960945279573e-16 5.782042309618689838e-17
7.359791735150291061e+03 2.056876297449037350e-16 5.505427706483818987e-17
7.369550186731188660e+03 2.180900076827617252e-16 5.713011102663515203e-17
7.379308638312086259e+03 1.822615060351493961e-16 5.604898447137166489e-17
7.389067089892983859e+03 1.201741048948639848e-16 5.864317217016336228e-17
7.398825541473881458e+03 1.109459602542358512e-16 5.470804537758284887e-17
7.408583993054779057e+03 1.281828172843227216e-16 5.565561763478865830e-17
7.418342444635676657e+03 7.503959323240980385e-17 5.504017310772824437e-17
7.428100896216574256e+03 1.972130002519229579e-16 5.616321832656304243e-17
7.437859347797471855e+03 1.617242171379940951e-16 5.792271572748942917e-17
7.447617799378369455e+03 1.064950274926842153e-16 5.573927924229992735e-17
7.457376250959267054e+03 1.201462503727536146e-16 5.627981619644358773e-17
7.467134702540164653e+03 1.439701777024323510e-16 5.638188186474683952e-17
7.476893154121062253e+03 1.233127112776665165e-16 5.590688911425867844e-17
7.486651605701959852e+03 7.169500173236114079e-17 5.761895493866370130e-17
7.496410057282857451e+03 2.143755996718156684e-16 5.903638401504738286e-17
7.506168508863755051e+03 1.594410237936090902e-16 6.008975834588232340e-17
7.515926960444652650e+03 1.195396476109432089e-16 5.704333724923941150e-17
7.525685412025550249e+03 1.202521005517916600e-16 5.636381088725796361e-17
7.535443863606447849e+03 2.749484870151810139e-16 5.856697169376056145e-17
7.545202315187345448e+03 1.246910787447189596e-16 5.802934553846296720e-17
7.554960766768243047e+03 3.362491476295364301e-16 6.240606773212249930e-17
7.564719218349140647e+03 2.179948443609873491e-16 5.841331487789593430e-17
7.574477669930038246e+03 1.000207965272015567e-16 5.718353960855488342e-17
7.584236121510935845e+03 1.954948392567019886e-16 5.786465140569257678e-17
7.593994573091833445e+03 6.380142004502912915e-17 6.060738630937716838e-17
7.603753024672731044e+03 8.602146390012857321e-17 5.809283874352369104e-17
7.613511476253628643e+03 8.947717287686566857e-17 5.869404499925115859e-17
7.623269927834526243e+03 1.159698249825888929e-17 5.923045574612452095e-17
7.633028379415423842e+03 1.576605877387797648e-16 5.891616898253306245e-17
7.642786830996321441e+03 6.587142383727432069e-17 5.953591198266313096e-17
7.652545282577219041e+03 4.647617609398730279e-17 6.950410719748818244e-17
7.662303734158116640e+03 1.162253741723131969e-16 6.001481981060565937e-17
7.672062185739014240e+03 1.281251998298597124e-16 6.003471052557281079e-17
7.681820637319911839e+03 1.127440261778607643e-16 6.007303878226755715e-17
7.691579088900809438e+03 6.632369932783886086e-17 6.264564485037436092e-17
7.701337540481707038e+03 4.701136939084594011e-17 6.069118975998686455e-17
7.711095992062604637e+03 1.032639820854888080e-16 6.164399428061875593e-17
7.720854443643502236e+03 1.464779058652107816e-16 6.231336632919376469e-17
7.730612895224399836e+03 1.559533755757955737e-16 6.655446026626042726e-17
7.740371346805297435e+03 1.835263518772405745e-16 6.382728085539171126e-17
7.750129798386195034e+03 5.151807956963396018e-17 6.355086785685591940e-17
7.759888249967092634e+03 2.372184172089972250e-16 6.565636748937210028e-17
7.769646701547990233e+03 1.165423577878616167e-16 6.513413657036639029e-17
7.779405153128887832e+03 1.982212914863169745e-16 6.872833310592798248e-17
7.789163604709785432e+03 1.444332773842119958e-16 6.849514608795429074e-17
7.798922056290683031e+03 1.177303138828321806e-16 6.691031205324227563e-17
7.808680507871580630e+03 5.221696456001480119e-17 7.275950080608087773e-17
7.818438959452478230e+03 2.164908987708747923e-16 7.321669420809923212e-17
7.828197411033375829e+03 1.867359928444552613e-16 6.848079667475739422e-17
7.837955862614273428e+03 1.695758013839232180e-16 7.139046766203134171e-17
7.847714314195171028e+03 1.310229713964653288e-16 7.113527787547473697e-17
7.857472765776068627e+03 1.434944827731539324e-16 7.119040123628404425e-17
7.867231217356966226e+03 3.059264466080018640e-16 7.305121031180881269e-17
7.876989668937863826e+03 1.460446167369812260e-16 7.219617174863306798e-17
7.886748120518761425e+03 1.844167788038817737e-16 7.330620328561059656e-17
7.896506572099659024e+03 8.700643277050069696e-17 7.314169800207668001e-17
7.906265023680556624e+03 2.258174062862048825e-16 7.523146108550822771e-17
7.916023475261454223e+03 2.180847254583865843e-16 7.716558872090010212e-17
7.925781926842351822e+03 -4.397474997151501324e-17 7.404826813049120551e-17
7.935540378423249422e+03 2.176531180076576329e-16 7.542686039273903455e-17
7.945298830004147021e+03 2.379998205638780756e-16 7.608407606620502476e-17
7.955057281585044620e+03 2.308046085774405048e-16 7.616748476010836990e-17
7.964815733165942220e+03 1.667146225669865006e-16 7.796676555971620444e-17
7.974574184746839819e+03 2.353869204051408440e-16 7.829447989404650734e-17
7.984332636327737418e+03 2.628877975337245139e-16 7.995587704880190806e-17
7.994091087908635018e+03 1.921113612858356151e-16 7.805210041434542883e-17
8.003849539489532617e+03 9.595970293471809883e-17 7.973789219566642355e-17
8.013607991070430216e+03 1.118895657763677735e-16 7.960605553858604016e-17
8.023366442651327816e+03 1.327242382736312713e-16 7.980943960274606523e-17
8.033124894232225415e+03 1.194985930007503656e-16 9.904572593772027225e-17
8.042883345813123015e+03 2.856321899629349947e-16 8.243737901106396950e-17
8.052641797394020614e+03 1.397354190495176817e-16 8.280923647530276483e-17
8.062400248974918213e+03 1.923940018525004797e-16 8.480088975952618563e-17
8.072158700555815813e+03 6.014526625804963825e-17 8.286912646967573625e-17
8.081917152136713412e+03 1.981137975768870285e-16 8.385263318377682154e-17
8.091675603717611011e+03 1.715424838609914665e-16 8.466470571080779762e-17
8.101434055298508611e+03 1.524890956900750135e-16 8.560645073502309389e-17
8.111192506879406210e+03 5.289816005740940063e-17 8.635899257715531349e-17
8.120950958460303809e+03 2.248108230655162438e-17 8.741759272669324566e-17
8.130709410041201409e+03 1.198527667035794996e-16 8.680219840270611779e-17
8.140467861622099008e+03 -2.792233026620003288e-17 9.048315782634233108e-17
8.150226313202996607e+03 -5.844835833109110017e-17 9.161396910144311594e-17
8.159984764783894207e+03 7.827091922789926544e-17 8.860767129673711142e-17
8.169743216364791806e+03 -1.141668213633628167e-17 8.844062956495928219e-17
8.179501667945689405e+03 4.336176116310718768e-17 9.288328703288410554e-17
8.189260119526587005e+03 1.028822651223726951e-16 9.193245501638348103e-17
8.199018571107484604e+03 7.022239594276682755e-17 9.039857390410852374e-17
8.208777022688382203e+03 9.145218101255162382e-17 9.378589010602862931e-17
8.218535474269279803e+03 1.399935698339487051e-16 9.151551338210889925e-17
8.228293925850177402e+03 1.470696262475892507e-16 9.262716323778152708e-17
8.238052377431075001e+03 9.983724428468403172e-17 9.242043427175815114e-17
8.247810829011972601e+03 7.945767892030957179e-17 9.444544555427099548e-17
8.257569280592870200e+03 -1.451759509454535064e-16 9.184345301863534395e-17
8.267327732173767799e+03 2.482935796701886288e-17 9.476048649047583745e-17
8.277086183754665399e+03 1.673012119650261679e-16 9.696505954847603807e-17
8.286844635335562998e+03 -9.445581887536599595e-17 9.529870173467421984e-17
8.296603086916460597e+03 6.121023897558956115e-17 9.385087094135850606e-17
8.306361538497358197e+03 1.536907805722118403e-16 9.498778112235388339e-17
8.316119990078255796e+03 1.909840410647335623e-16 9.669074068825860967e-17
8.325878441659153395e+03 2.636054172659137055e-16 1.011194852458470327e-16
8.335636893240050995e+03 9.467992384031713482e-17 9.845563657296505164e-17
8.345395344820948594e+03 6.611862868934964015e-17 9.892992107920988999e-17
8.355153796401846193e+03 7.425047164462862187e-16 1.372176579445579699e-16
8.364912247982743793e+03 1.024330939068268718e-16 9.849466618394643014e-17
8.374670699563641392e+03 2.432367888168493753e-16 9.724885904772993381e-17
8.384429151144538992e+03 1.763289838997818417e-16 1.002797276389197482e-16
8.394187602725436591e+03 1.675452362722860856e-16 9.855094686483718740e-17
8.403946054306334190e+03 3.078063634621662806e-16 1.097872664704924944e-16
8.413704505887231790e+03 2.291960680101555831e-16 9.753114441500771706e-17
8.423462957468129389e+03 2.006277523150678098e-16 9.712336148737523491e-17
8.433221409049026988e+03 1.097935282345327559e-16 9.792139656782015596e-17
8.442979860629924588e+03 1.294040631006558516e-16 9.884027747062267848e-17
8.452738312210822187e+03 1.761733753773510912e-16 9.735185414370575395e-17
8.462496763791719786e+03 4.817398749982821812e-17 9.876845493422165453e-17
8.472255215372617386e+03 -3.770815356322351122e-17 9.684917094880171421e-17
8.482013666953514985e+03 1.491208487825450881e-16 9.719470679686203132e-17
8.491772118534412584e+03 1.283146929993542794e-16 9.839124556623206143e-17
8.501530570115310184e+03 -5.339924646687538982e-18 9.713228652426405500e-17
8.511289021696207783e+03 2.717072719076551728e-16 9.886797692278860115e-17
8.521047473277105382e+03 4.364647181366754223e-17 9.738420164441293707e-17
8.530805924858002982e+03 3.028174690495375315e-17 9.843646602973240755e-17
8.540564376438900581e+03 1.740915971436255958e-16 9.824447093722490059e-17
8.550322828019798180e+03 3.476696047308344067e-16 9.952977162866563826e-17
8.560081279600695780e+03 2.624150000477204595e-16 9.899936872417640078e-17
8.569839731181593379e+03 -3.447767864998496681e-17 9.641621324038287668e-17
8.579598182762490978e+03 1.589909692672060710e-16 9.844145796123686357e-17
8.589356634343388578e+03 3.240931024827800812e-17 9.687001065726598368e-17
8.599115085924286177e+03 6.748478701121888886e-17 1.031282229982838784e-16
8.608873537505183776e+03 1.313484405410993566e-16 9.784457192703365337e-17
8.618631989086081376e+03 2.177946701487757966e-16 9.855517183833800960e-17
8.628390440666978975e+03 1.926983606125905324e-16 9.887857046847296431e-17
8.638148892247876574e+03 1.881093774946511557e-16 9.852769473232962573e-17
8.647907343828774174e+03 1.970951363043051364e-16 9.877820135309331361e-17
8.657665795409671773e+03 6.816062691837076422e-17 1.032968072619280701e-16
8.667424246990569372e+03 3.206018351706427801e-16 1.003329312286917183e-16
8.677182698571466972e+03 9.168395282427384373e-17 9.890793363336441663e-17
8.686941150152364571e+03 7.082939686475562481e-17 1.005516073017314555e-16
8.696699601733262170e+03 2.655043397065293726e-17 9.964260042072481679e-17
8.706458053314159770e+03 1.409165799029370797e-16 1.041031849466006731e-16
8.716216504895057369e+03 3.275614629213460660e-16 1.011396130958179257e-16
8.725974956475954968e+03 1.980748651538372380e-16 1.037122620505772647e-16
8.735733408056852568e+03 2.280702341461156899e-16 9.921113810172049879e-17
8.745491859637750167e+03 3.571302083873412250e-16 1.034754983285078136e-16
8.755250311218647767e+03 2.481256655562404107e-16 1.003863673843088432e-16
8.765008762799545366e+03 1.320274440076357489e-16 9.893892208356049640e-17
8.774767214380442965e+03 1.335741873256512427e-16 9.910653759330398238e-17
8.784525665961340565e+03 3.624403596751595165e-16 1.005436574104633357e-16
8.794284117542238164e+03 2.061680832172184122e-16 1.082047652671704430e-16
8.804042569123135763e+03 2.703750713657118111e-16 9.933994250471574985e-17
8.813801020704033363e+03 2.522720615252741259e-16 9.976243079833620863e-17
8.823559472284930962e+03 1.886535893642329246e-16 1.022451326196820556e-16
8.833317923865828561e+03 4.150396217330092692e-17 1.062451292650978981e-16
8.843076375446726161e+03 2.031170496987978429e-16 9.929884378589885834e-17
8.852834827027623760e+03 2.257653319780760869e-16 9.910079943756855407e-17
8.862593278608521359e+03 2.740141504191280424e-16 9.851166862317733950e-17
8.872351730189418959e+03 1.937435672167477747e-16 1.041847133606205011e-16
8.882110181770316558e+03 2.602166252333712926e-17 1.080997520612409673e-16
8.891868633351214157e+03 3.251313651972313689e-16 1.090715835189333113e-16
8.901627084932111757e+03 1.475874216518084901e-16 1.021933271892650343e-16
8.911385536513009356e+03 1.527450637318710824e-16 1.109528636012613960e-16
8.921143988093906955e+03 1.610641701273474791e-16 9.825028626478568579e-17
8.930902439674804555e+03 -1.285896046914853817e-17 9.924339120717436076e-17
8.940660891255702154e+03 -1.024441180919890261e-17 1.067090001149719361e-16
8.950419342836599753e+03 2.831380847101441059e-16 9.833323376544626328e-17
8.960177794417497353e+03 2.107901456583140328e-16 9.899959497357685041e-17
8.969936245998394952e+03 -1.701773644894175355e-18 1.014325039918218309e-16
8.979694697579292551e+03 2.575477792902323791e-16 1.065471728026587551e-16
8.989453149160190151e+03 6.428415870038466430e-17 1.014707025367267968e-16
8.999211600741087750e+03 2.295153964231870367e-16 1.010437185477414450e-16
9.008970052321985349e+03 -9.389825057525244858e-17 9.702381747129845437e-17
9.018728503902882949e+03 1.638599440763685439e-16 9.870912706535942357e-17
9.028486955483780548e+03 3.425211139701811750e-16 1.028880952202431897e-16
9.038245407064678147e+03 3.628569168493530413e-17 9.699915923987639955e-17
9.048003858645575747e+03 -1.859975419917874379e-17 1.002166736555283469e-16
9.057762310226473346e+03 1.084536360925542010e-16 1.008097360922764358e-16
9.067520761807370945e+03 8.080186100641084499e-17 9.843518605763663270e-17
9.077279213388268545e+03 -2.633705129427522599e-17 9.819014160250425640e-17
9.087037664969166144e+03 -9.571871128540954093e-17 9.757283230301123463e-17
9.096796116550063743e+03 2.806718943698366093e-17 1.064152360389358955e-16
9.106554568130961343e+03 -2.341545621296822006e-16 1.040214780363664776e-16
9.116313019711858942e+03 9.439225912570511736e-17 1.039845138339060970e-16
9.126071471292756542e+03 2.096764811135399857e-16 9.927908724794345901e-17
9.135829922873654141e+03 1.518508794792995224e-16 9.902302555513064120e-17
9.145588374454551740e+03 1.691889834397319386e-16 1.022038036132258981e-16
9.155346826035449340e+03 2.291777014006591981e-16 1.031370633961499666e-16
9.165105277616346939e+03 1.612199577670426964e-16 1.016368709162003806e-16
9.174863729197244538e+03 1.400042432902185915e-16 9.913130158305573850e-17
9.184622180778142138e+03 5.196455718034565718e-17 1.009050058332032169e-16
9.194380632359039737e+03 2.170238446826943553e-16 9.908582636897460736e-17
9.204139083939937336e+03 1.706767212331778057e-16 1.089680977037479521e-16
9.213897535520834936e+03 1.705479456782669999e-16 9.881610424903924654e-17
9.223655987101732535e+03 1.759934691463665813e-16 1.262889025084018395e-16
9.233414438682630134e+03 -5.755076180827581922e-17 9.909990689452275685e-17
9.243172890263527734e+03 7.265428117508630534e-17 1.032001275267095679e-16
9.252931341844425333e+03 2.862140375996252272e-16 9.962113652964590026e-17
9.262689793425322932e+03 3.100458010977000444e-16 1.002282118106522389e-16
9.272448245006220532e+03 2.113988993334134911e-16 1.021159566184948351e-16
9.282206696587118131e+03 5.215528510374223918e-17 9.964207469106011610e-17
9.291965148168015730e+03 -9.469899709502406574e-17 1.020589208386951325e-16
9.301723599748913330e+03 -4.134460203015697847e-17 1.014505090132129161e-16
9.311482051329810929e+03 1.553777714514203277e-16 1.026056465924340417e-16
9.321240502910708528e+03 1.357781215491788534e-16 1.048181735827852439e-16
9.330998954491606128e+03 1.928912430437585805e-16 1.031403455104499123e-16
9.340757406072503727e+03 2.619892171540611094e-16 1.045791860722775281e-16
9.350515857653401326e+03 1.990420456974231528e-16 1.028186917305160465e-16
9.360274309234298926e+03 2.649755529993551955e-16 1.054623837460161727e-16
9.370032760815196525e+03 2.333560582290754834e-16 1.084967485691535947e-16
9.379791212396094124e+03 5.716848521410951011e-17 1.066779132491970613e-16
9.389549663976991724e+03 5.922265705869464961e-17 1.070845859732714221e-16
9.399308115557889323e+03 1.550613906022122690e-16 1.057383721350399148e-16
9.409066567138786922e+03 1.103363909071443668e-16 1.056881774494855438e-16
9.418825018719684522e+03 2.118466701710571302e-16 1.061954186012682675e-16
9.428583470300582121e+03 3.270688831396265773e-16 1.076975125957168658e-16
9.438341921881479720e+03 1.324091013388338534e-16 1.115227479603020235e-16
9.448100373462377320e+03 -9.988582287387101900e-18 1.112279362527483537e-16
9.457858825043274919e+03 2.245212718809070490e-17 1.117003456991289956e-16
9.467617276624172518e+03 -3.574321698880079326e-17 1.189113416333889131e-16
9.477375728205070118e+03 2.200442316250278511e-16 1.110623148789421711e-16
9.487134179785967717e+03 1.772825099266731948e-16 1.179836969730841016e-16
9.496892631366865317e+03 1.416571459816831522e-16 1.131957437582109795e-16
9.506651082947762916e+03 2.841843259210979795e-16 1.182475816014981920e-16
9.516409534528660515e+03 1.869470591022128087e-16 1.193622503243576099e-16
9.526167986109558115e+03 2.394007930871922242e-16 1.155921457257921455e-16
9.535926437690455714e+03 2.957441272201229442e-16 1.168367165780328595e-16
9.545684889271353313e+03 -2.455230984650612994e-16 1.851638160273759223e-16
9.555443340852250913e+03 -6.532168525267313327e-17 1.201523985925977227e-16
9.565201792433148512e+03 5.348869349344110080e-15 1.567633890300800241e-16
9.574960244014046111e+03 7.646959061815272371e-15 1.874044958084523668e-16
9.584718695594943711e+03 5.582676902982585159e-17 1.224366109440920348e-16
9.594477147175841310e+03 3.075687247586605974e-17 1.282734271707575228e-16
9.604235598756738909e+03 2.535981906014689688e-16 1.249958559022856106e-16
9.613994050337636509e+03 5.869576457160549418e-17 1.309104057627981413e-16
9.623752501918534108e+03 -1.077510321294020826e-16 1.436935575908751732e-16
9.633510953499431707e+03 1.292912420865803832e-16 1.293455390073274736e-16
9.643269405080329307e+03 1.085170392587826837e-16 1.305403217582293214e-16
9.653027856661226906e+03 1.148224622394408311e-16 1.378113330270985619e-16
9.662786308242124505e+03 -1.047190065462833593e-16 1.351708050559027399e-16
9.672544759823022105e+03 9.370095441744745881e-17 1.427271428580252868e-16
9.682303211403919704e+03 3.923297597226342880e-17 1.456944661602854045e-16
9.692061662984817303e+03 4.995526878575246787e-17 1.419187780985849628e-16
9.701820114565714903e+03 -1.099761110235203384e-16 1.537932791289811853e-16
9.711578566146612502e+03 3.766175965609620004e-16 1.486084454611073151e-16
9.721337017727510101e+03 2.637840644488393792e-16 1.588255102106305989e-16
9.731095469308407701e+03 4.019871830785404458e-16 1.623322221040496207e-16
9.740853920889305300e+03 2.133807628438975406e-16 1.569013449904763534e-16
9.750612372470202899e+03 2.233331777433148200e-16 1.587111302347773442e-16
9.760370824051100499e+03 1.595135716397056447e-16 1.635454043975690188e-16
9.770129275631998098e+03 1.328052810407145551e-16 1.632223222229159534e-16
9.779887727212895697e+03 8.504070129754314972e-17 1.669325033529488289e-16
9.789646178793793297e+03 1.139785421354399592e-16 1.688646129968795023e-16
9.799404630374690896e+03 2.300382514634153292e-16 1.727370772591041216e-16
9.809163081955588495e+03 1.477197728445558103e-16 1.753331511919006466e-16
9.818921533536486095e+03 9.828249570870877774e-17 1.786127329802730473e-16
9.828679985117383694e+03 2.370401931116050106e-16 1.818752975349709610e-16
9.838438436698281294e+03 1.191915694040645038e-16 1.848714203148643148e-16
9.848196888279178893e+03 6.899152489891426357e-15 3.218843844139102345e-16
9.857955339860076492e+03 2.834362807770979103e-16 2.148835412859339024e-16
9.867713791440974092e+03 7.635126044321168134e-17 2.115010117638177966e-16
9.877472243021871691e+03 2.714344614949523949e-16 2.121531897086127021e-16
9.887230694602769290e+03 7.824047662208654762e-16 2.110941344110297079e-16
9.896989146183666890e+03 1.106493658478897144e-16 2.114469882550092217e-16
9.906747597764564489e+03 1.044435288895194388e-16 2.145648134616552176e-16
9.916506049345462088e+03 3.000396863762410139e-16 2.236061906062420654e-16
9.926264500926359688e+03 -8.562398286992575498e-17 2.296223206942071598e-16
9.936022952507257287e+03 3.398497801094705537e-16 2.340732292520549783e-16
9.945781404088154886e+03 4.290458347970854516e-16 2.360095249237727650e-16
9.955539855669052486e+03 3.168763233362399950e-16 2.420710577822380275e-16
9.965298307249950085e+03 -2.453408841098903234e-16 2.841109652021410410e-16
9.975056758830847684e+03 -1.443817140589062980e-16 2.815941149189833983e-16
9.984815210411745284e+03 5.495999377475382492e-16 2.622370708181331001e-16
9.994573661992642883e+03 3.131909792218016721e-16 2.687241434218057599e-16
1.000433211357354048e+04 2.516677527506816207e-16 2.748606251503733355e-16
1.001409056515443808e+04 -1.468127427656634569e-15 2.888266790423027528e-16
1.002384901673533568e+04 5.982072967684523345e-17 2.913823159338172923e-16
1.003360746831623328e+04 1.408298154399990240e-16 3.027846203917920264e-16
1.004336591989713088e+04 4.264614510781009882e-17 3.087630131502331575e-16
1.005312437147802848e+04 4.368305979613845352e-17 3.331942707264211022e-16
1.006288282305892608e+04 -1.326667219359094964e-16 3.264761986090826467e-16
1.007264127463982368e+04 -9.795934843902984755e-17 3.973210648525455979e-16
1.008239972622072128e+04 -1.001414433975479399e-16 3.491709546170343465e-16
1.009215817780161888e+04 7.574967030358846364e-16 5.031384421684946266e-16
1.010191662938251648e+04 2.255673237284330408e-17 3.911455304777247194e-16
1.011167508096341408e+04 -4.396335337013654545e-17 4.017593179203418405e-16
1.012143353254431167e+04 8.096443834473695646e-16 4.376450549627877792e-16
1.013119198412520927e+04 2.663610081924451119e-16 4.265443684580960511e-16
1.014095043570610687e+04 -1.903930353053290761e-16 4.449853494619201537e-16
1.015070888728700447e+04 2.192801799405571640e-16 4.604527316868822321e-16
1.016046733886790207e+04 -1.821340594572122211e-16 4.807546532775291379e-16
1.017022579044879967e+04 1.305251274904572311e-15 5.170154016917850899e-16
1.017998424202969727e+04 2.697757072358660003e-16 5.302201249568658179e-16
1.018974269361059487e+04 4.243899849863789184e-16 5.604467206266013524e-16
1.019950114519149247e+04 8.335859260586091274e-17 5.888006250655753531e-16
1.020925959677239007e+04 9.347686759080866493e-17 6.290553357072311189e-16
1.021901804835328767e+04 1.205970327196880090e-15 6.787034271276683402e-16
